   0.00000000       190.000000       3.40428352E-02   1.01702809       6.57019485E-03   6.45878975E-11  -8.19397494E-02   1.66049385       3.89727393E-06  -1.46752279E-02   1.32677954E-07 -0.282669753    
   1.00000000       197.000000       3.40447091E-02   1.05104125       6.46291859E-03   6.14752971E-11  -7.48781860E-02   1.54639935       1.40777317E-07  -2.42983121E-02   1.37473918E-07   3.85273173E-02
   2.00000000       200.000000       3.40499915E-02   1.08514261       6.36071200E-03   5.86049542E-11  -2.71513755E-03  0.954455972      -6.32176083E-03  -1.20516913E-02  -2.15118940E-04  0.145701349    
   3.00000000       200.000000       3.40571664E-02   1.11914527       1.04777487E-02   9.36007521E-11  -1.41997952E-02  0.902846038      -3.54330568E-03  -1.43750561E-02  -3.35792429E-04 -0.135785326    
   4.00000000       200.000000       3.40652503E-02   1.15326166       1.53160542E-02   1.32782355E-10  -9.70591605E-03  0.854009926      -1.32317364E-03  -2.13016439E-02  -3.80866404E-04 -0.219951153    
   5.00000000       200.000000       3.40752266E-02   1.18727005       2.13683471E-02   1.79937856E-10  -6.95992913E-03  0.811192870      -1.16311351E-03  -2.93629989E-02  -4.20501863E-04 -0.257990181    
   6.00000000       200.000000       3.40886116E-02   1.22141874       2.82071363E-02   2.30898342E-10  -5.12915896E-03  0.772219062      -4.51787964E-05  -3.88876908E-02  -4.22041776E-04 -0.292190015    
   7.00000000       200.000000       3.41038704E-02   1.25543642       3.56368870E-02   2.83796125E-10  -3.94078903E-03  0.736848116       1.18499366E-03  -4.92885895E-02  -3.81627528E-04 -0.317254037    
   8.00000000       200.000000       3.41209993E-02   1.28956389       4.34683897E-02   3.37007228E-10  -3.14761326E-03  0.704462945       2.07141577E-03  -6.05327450E-02  -3.10946256E-04 -0.338228256    
   9.00000000       200.000000       3.41415480E-02   1.32373023       5.15247434E-02   3.89169946E-10  -2.58669420E-03  0.674711764       2.25789193E-03  -7.23771080E-02  -2.33858344E-04 -0.354103774    
   10.0000000       200.000000       3.41642797E-02   1.35789859       5.96678555E-02   4.39341008E-10  -2.18018843E-03  0.647219539       1.52140914E-03  -8.47199261E-02  -1.81881449E-04 -0.366583705    
   11.0000000       200.000000       3.41873281E-02   1.39207828       6.77849501E-02   4.86857277E-10  -1.87301252E-03  0.621754169       8.78165418E-04  -9.74335298E-02  -1.51859305E-04 -0.375959396    
   2.00000000       200.000000       3.42125520E-02   1.42626679       7.57886395E-02   5.31291400E-10  -1.63662038E-03  0.598062754       2.83569796E-04 -0.110436097      -1.42157471E-04 -0.382838547    
   3.00000000       200.000000       3.42412032E-02   1.46045995       8.36180300E-02   5.72440761E-10  -1.45308417E-03  0.575943470       2.17044380E-05 -0.123640999      -1.41414232E-04 -0.387695670    
   4.00000000       200.000000       3.42717990E-02   1.49468386       9.12382826E-02   6.10294759E-10  -1.30531529E-03  0.555233061       3.50168179E-04 -0.136998996      -1.29412831E-04 -0.391060382    
   5.00000000       200.000000       3.43041234E-02   1.52902329       9.86145809E-02   6.44843401E-10  -1.18291366E-03  0.535803437       5.54499216E-04 -0.150459275      -1.10390829E-04 -0.393111050    
   6.00000000       200.000000       3.43400165E-02   1.56331646      0.105729379       6.76192879E-10  -1.08204805E-03  0.517529547       8.10229860E-04 -0.163984388      -8.25670650E-05 -0.394183338    
   7.00000000       200.000000       3.43780145E-02   1.59766877      0.112576082       7.04497238E-10  -9.96435178E-04  0.500302672       1.09921058E-03 -0.177546591      -4.47787788E-05 -0.394385755    
   8.00000000       400.000000       3.44163403E-02   1.63212323      0.119144768       7.29892535E-10  -9.22743813E-04  0.484028190       1.29042403E-03 -0.191116035      -3.66345205E-07 -0.394001275    
   9.00000000       400.000000       3.44596468E-02   1.66651404      0.125450447       7.52642393E-10  -8.61932465E-04  0.468646049       1.45332620E-03 -0.204684004       4.97131405E-05 -0.393180102    
   10.0000000       400.000000       3.45019177E-02   1.70102203      0.131486192       7.72866215E-10  -8.07348988E-04  0.454086095       1.50602090E-03 -0.218229964       1.01674377E-04 -0.391929984    
   11.0000000       400.000000       3.45477760E-02   1.73553383      0.137259826       7.90753629E-10  -7.60103809E-04  0.440250665       1.21435337E-03 -0.231746748       1.43628262E-04 -0.390367419    
   12.0000000       400.000000       3.45973931E-02   1.77006423      0.142782092       8.06503198E-10  -7.18257448E-04  0.427118808       7.84495263E-04 -0.245221943       1.70768981E-04 -0.388508350    
   13.0000000       400.000000       3.46456654E-02   1.80469894      0.148059174       8.20269130E-10  -6.80719677E-04  0.414612919       4.05694154E-04 -0.258648247       1.84825025E-04 -0.386458039    
   2.00000000       400.000000       3.46989296E-02   1.83938944      0.153101251       8.32214797E-10  -6.47023378E-04  0.402709395       1.30448418E-04 -0.272021383       1.89351398E-04 -0.384216875    
   3.00000000       400.000000       3.47537622E-02   1.87406790      0.157916084       8.42482917E-10  -6.16725243E-04  0.391357332      -9.76581869E-05 -0.285333961       1.85957571E-04 -0.381848544    
   4.00000000       400.000000       3.48123796E-02   1.90886545      0.162515208       8.51222703E-10  -5.89349889E-04  0.380506605      -3.34834389E-04 -0.298585206       1.74301385E-04 -0.379375279    
   5.00000000       400.000000       3.48717459E-02   1.94381344      0.166906551       8.58554894E-10  -5.64132875E-04  0.370170981      -4.80541581E-04 -0.311769307       1.57544448E-04 -0.376676112    
   6.00000000       400.000000       3.49331126E-02   1.97864985      0.171100184       8.64602667E-10  -5.38768189E-04  0.360274345      -5.47162548E-04 -0.324877977       1.38430783E-04 -0.374316484    
   7.00000000       400.000000       3.49960364E-02   2.01366401      0.175110415       8.69503303E-10  -5.13992505E-04  0.350780755      -6.49405294E-04 -0.337944895       1.15704119E-04 -0.372034878    
   8.00000000       400.000000       3.50628383E-02   2.04869795      0.178939328       8.73325523E-10  -4.98180627E-04  0.341706514      -7.90347171E-04 -0.350942105       8.79929357E-05 -0.368880898    
   9.00000000       400.000000       3.51311862E-02   2.08382654      0.182593584       8.76150263E-10  -4.81532741E-04  0.333004594      -8.72739649E-04 -0.363837779       5.73332691E-05 -0.366027057    
   10.0000000       400.000000       3.52015831E-02   2.11898565      0.186087340       8.78096318E-10  -4.61497111E-04  0.324645191      -8.87668342E-04 -0.376685351       2.60865381E-05 -0.363698602    
   11.0000000       400.000000       3.52728553E-02   2.15418029      0.189428657       8.79243456E-10  -4.44296311E-04  0.316605210      -8.09440913E-04 -0.389468700      -2.46532568E-06 -0.361038446    
   12.0000000       400.000000       3.53475511E-02   2.18945503      0.192620754       8.79640916E-10  -4.27441904E-04  0.308899522      -6.20846986E-04 -0.402182728      -2.44114126E-05 -0.358412176    
   13.0000000       400.000000       3.54251340E-02   2.22494793      0.195666164       8.79337159E-10  -4.12667432E-04  0.301491976      -3.49159847E-04 -0.414835662      -3.67807588E-05 -0.355724365    
   2.00000000       400.000000       3.55066359E-02   2.26028228      0.198574886       8.78408624E-10  -3.99760116E-04  0.294355452      -3.03485376E-05 -0.427414715      -3.78583281E-05 -0.352944702    
   3.00000000       400.000000       3.55888382E-02   2.29589605      0.201355025       8.76915984E-10  -3.87920620E-04  0.287474811       2.82595720E-04 -0.439927667      -2.78014559E-05 -0.350262284    
   4.00000000       400.000000       3.56727764E-02   2.33153582      0.204012856       8.74914474E-10  -3.77208838E-04  0.280839384       5.03871532E-04 -0.452374160      -9.82761594E-06 -0.347575516    
   5.00000000       400.000000       3.57585363E-02   2.36718988      0.206553236       8.72444894E-10  -3.67434754E-04  0.274460703       6.01033156E-04 -0.464754403       1.16640340E-05 -0.344893932    
   6.00000000       400.000000       3.58451568E-02   2.40296197      0.208980918       8.69547878E-10  -3.58280930E-04  0.268300474       5.96972764E-04 -0.477069944       3.30634357E-05 -0.342248619    
   7.00000000       400.000000       3.59365791E-02   2.43895650      0.211301073       8.66264616E-10  -3.49671871E-04  0.262344122       5.16626693E-04 -0.489321858       5.16297259E-05 -0.339634955    
   8.00000000       400.000000       3.60317938E-02   2.47496963      0.213519022       8.62629856E-10  -3.41474486E-04  0.256595671       3.73214716E-04 -0.501512885       6.50769434E-05 -0.337053865    
   9.00000000       400.000000       3.61256152E-02   2.51087451      0.215638280       8.58676630E-10  -3.33719217E-04  0.251041800       1.87772632E-04 -0.513643622       7.18603624E-05 -0.334493011    
   10.0000000       400.000000       3.62243615E-02   2.54723430      0.217663854       8.54431526E-10  -3.26378999E-04  0.245671734      -2.38292586E-07 -0.525713801       7.18519077E-05 -0.331949651    
   11.0000000       400.000000       3.63236889E-02   2.58347154      0.219599098       8.49925075E-10  -3.19394341E-04  0.240482643      -1.48371604E-04 -0.537725389       6.64621912E-05 -0.329432994    
   12.0000000       400.000000       3.64281610E-02   2.61973166      0.221448183       8.45181758E-10  -3.12711461E-04  0.235468715      -2.37947403E-04 -0.549680233       5.77945611E-05 -0.326940209    
   13.0000000       400.000000       3.65312435E-02   2.65625191      0.223214403       8.40223724E-10  -3.06301925E-04  0.230591998      -2.73347832E-04 -0.561579525       4.78087459E-05 -0.324471027    
   2.00000000       400.000000       3.66381556E-02   2.69287086      0.224901929       8.35073954E-10  -3.00150743E-04  0.225886762      -2.62164423E-04 -0.573422849       3.82032013E-05 -0.322024316    
   3.00000000       400.000000       3.67491208E-02   2.72951531      0.226513028       8.29749380E-10  -2.94256723E-04  0.221313640      -2.09371938E-04 -0.585210919       3.05090816E-05 -0.319593221    
   4.00000000       400.000000       3.68596762E-02   2.76648116      0.228050858       8.24271651E-10  -2.88602518E-04  0.216881841      -1.20936515E-04 -0.596947193       2.60512879E-05 -0.317178637    
   5.00000000       400.000000       3.69738303E-02   2.80324292      0.229519248       8.18649926E-10  -2.83149508E-04  0.212586895      -1.25909110E-05 -0.608631313       2.55857485E-05 -0.314779669    
   6.00000000       400.000000       3.70923392E-02   2.84031177      0.230919510       8.12908574E-10  -2.77849555E-04  0.208429977       9.25861314E-05 -0.620262146       2.90199114E-05 -0.312403291    
   7.00000000       400.000000       3.72101963E-02   2.87746811      0.232254714       8.07051703E-10  -2.72678037E-04  0.204381511       1.71174266E-04 -0.631842494       3.53893993E-05 -0.310035259    
   8.00000000       400.000000       3.73310633E-02   2.91468883      0.233527347       8.01099020E-10  -2.67569412E-04  0.200444669       2.09027072E-04 -0.643373311       4.31927438E-05 -0.307683229    
   9.00000000       400.000000       3.74547355E-02   2.95214677      0.234739885       7.95058741E-10  -2.62364018E-04  0.196633816       1.97393616E-04 -0.654854000       5.05861935E-05 -0.305371493    
   10.0000000       400.000000       3.75822932E-02   2.98967767      0.235894814       7.88945742E-10  -2.57057429E-04  0.192930445       1.35826514E-04 -0.666287541       5.56909290E-05 -0.303099066    
   11.0000000       400.000000       3.77115831E-02   3.02733731      0.236994594       7.82767740E-10  -2.51698686E-04  0.189324602       4.00848730E-05 -0.677674294       5.72025092E-05 -0.300858080    
   12.0000000       400.000000       3.78417671E-02   3.06507659      0.238041192       7.76534892E-10  -2.46440322E-04  0.185813755      -6.63424362E-05 -0.689016998       5.46920564E-05 -0.298626900    
   13.0000000       400.000000       3.79736088E-02   3.10296249      0.239037618       7.70257358E-10  -2.41331247E-04  0.182401508      -1.57145740E-04 -0.700313568       4.87244870E-05 -0.296405464    
   2.00000000       400.000000       3.81093584E-02   3.14102793      0.239982769       7.63935359E-10  -2.36379201E-04  0.179078877      -2.06971104E-04 -0.711566746       4.08365922E-05 -0.294202060    
   3.00000000       400.000000       3.82481478E-02   3.17926812      0.240881205       7.57586549E-10  -2.31584534E-04  0.175848231      -2.01929550E-04 -0.722776532       3.31130250E-05 -0.292014122    
   4.00000000       400.000000       3.83906849E-02   3.21746230      0.241733238       7.51210538E-10  -2.26950084E-04  0.172701240      -1.46258826E-04 -0.733948886       2.74981412E-05 -0.289840668    
   5.00000000       400.000000       3.85340862E-02   3.25593615      0.242540225       7.44819706E-10  -2.22475603E-04  0.169645682      -5.88218900E-05 -0.745076120       2.52315567E-05 -0.287680149    
   6.00000000       400.000000       3.86794209E-02   3.29459786      0.243304804       7.38411166E-10  -2.18157613E-04  0.166656494       3.34170836E-05 -0.756160259       2.65240669E-05 -0.285534948    
   7.00000000       400.000000       3.88261117E-02   3.33332801      0.244027182       7.31996574E-10  -2.13996449E-04  0.163750902       1.02450984E-04 -0.767207384       3.05019494E-05 -0.283404619    
   8.00000000       400.000000       3.89781781E-02   3.37215042      0.244709164       7.25569882E-10  -2.09993959E-04  0.160912991       1.29133608E-04 -0.778212249       3.55351622E-05 -0.281292439    
   9.00000000       400.000000       3.91310640E-02   3.41121101      0.245351747       7.19151405E-10  -2.06161494E-04  0.158142209       1.09607558E-04 -0.789179206       3.98242264E-05 -0.279193223    
   10.0000000       400.000000       3.92854065E-02   3.45050335      0.245957479       7.12734538E-10  -2.02501469E-04  0.155448690       5.71717610E-05 -0.800107121       4.20702636E-05 -0.277104676    
   11.0000000       400.000000       3.94439995E-02   3.48992372      0.246527016       7.06325720E-10  -1.98980415E-04  0.152808413      -5.54818462E-06 -0.810992658       4.18514064E-05 -0.275028884    
   12.0000000       400.000000       3.96043137E-02   3.52931929      0.247060165       6.99925951E-10  -1.95551431E-04  0.150239691      -5.51385492E-05 -0.821847677       3.96676842E-05 -0.272972822    
   13.0000000       400.000000       3.97699885E-02   3.56905532      0.247559756       6.93542779E-10  -1.92201012E-04  0.147735476      -7.53465574E-05 -0.832662821       3.66712447E-05 -0.270931989    
   2.00000000       400.000000       3.99327539E-02   3.60901117      0.248026446       6.87177426E-10  -1.88925682E-04  0.145287350      -6.08011724E-05 -0.843439400       3.42432140E-05 -0.268905103    
   3.00000000       400.000000       4.01016437E-02   3.64905024      0.248460293       6.80829226E-10  -1.85729848E-04  0.142890573      -2.02897336E-05 -0.854182720       3.34296092E-05 -0.266889185    
   4.00000000       400.000000       4.02740240E-02   3.68916464      0.248863220       6.74503120E-10  -1.82621894E-04  0.140558109       2.77183481E-05 -0.864888251       3.45458902E-05 -0.264884025    
   5.00000000       400.000000       4.04453352E-02   3.72949243      0.249236077       6.68207600E-10  -1.79605762E-04  0.138274699       6.45519031E-05 -0.875564456       3.71567767E-05 -0.262892812    
   6.00000000       400.000000       4.06209007E-02   3.77015471      0.249578923       6.61931510E-10  -1.76698522E-04  0.136045113       7.83847645E-05 -0.886204600       4.03409504E-05 -0.260914624    
   7.00000000       400.000000       4.08019014E-02   3.81062984      0.249893188       6.55685117E-10  -1.73926892E-04  0.133857578       6.60513761E-05 -0.896807313       4.30359905E-05 -0.258942515    
   8.00000000       400.000000       4.09835242E-02   3.85157919      0.250179470       6.49466592E-10  -1.71293199E-04  0.131723240       3.41878076E-05 -0.907381237       4.44371071E-05 -0.256984562    
   9.00000000       400.000000       4.11677249E-02   3.89264297      0.250438958       6.43279319E-10  -1.68807441E-04  0.129638821      -1.70537612E-06 -0.917919457       4.43668978E-05 -0.255025417    
   10.0000000       800.000000       4.13518026E-02   3.93391180      0.250672698       6.37127795E-10  -1.66252299E-04  0.127596065      -2.67302203E-05 -0.928425789       4.32615343E-05 -0.253065199    
   11.0000000       800.000000       4.15420607E-02   3.97551847      0.250882596       6.31010744E-10  -1.63891003E-04  0.125602573      -3.40067891E-05 -0.938898444       4.18487871E-05 -0.251143515    
   12.0000000       800.000000       4.17331755E-02   4.01692963      0.251066625       6.24931107E-10  -1.61531236E-04  0.123649254      -2.36453743E-05 -0.949341238       4.08619781E-05 -0.249239862    
   13.0000000       800.000000       4.19295840E-02   4.05884504      0.251226366       6.18883444E-10  -1.59238130E-04  0.121734783      -2.64187042E-06 -0.959749281       4.07512125E-05 -0.247330442    
   2.00000000       800.000000       4.21275869E-02   4.10084629      0.251363665       6.12874806E-10  -1.56995186E-04  0.119864739       1.67906474E-05 -0.970130265       4.14585047E-05 -0.245431557    
   3.00000000       800.000000       4.23264094E-02   4.14324856      0.251476794       6.06902528E-10  -1.54810128E-04  0.118031643       2.44619823E-05 -0.980476499       4.24939208E-05 -0.243541449    
   4.00000000       800.000000       4.25276794E-02   4.18554831      0.251567334       6.00968608E-10  -1.52678927E-04  0.116238788       1.79756553E-05 -0.990794778       4.32583402E-05 -0.241659492    
   5.00000000       800.000000       4.27326299E-02   4.22826385      0.251637578       5.95074379E-10  -1.50599721E-04  0.114473701       1.65926508E-06  -1.00108385       4.33292153E-05 -0.239787146    
   6.00000000       800.000000       4.29400988E-02   4.27117634      0.251685619       5.89217897E-10  -1.48568506E-04  0.112753622      -1.64327412E-05  -1.01133907       4.26236147E-05 -0.237922549    
   7.00000000       800.000000       4.31519486E-02   4.31416321      0.251712739       5.83401993E-10  -1.46582330E-04  0.111062989      -2.74178874E-05  -1.02156591       4.14404894E-05 -0.236066759    
   8.00000000       800.000000       4.33655083E-02   4.35740662      0.251720101       5.77627335E-10  -1.44637917E-04  0.109407887      -2.67629948E-05  -1.03176308       4.02798541E-05 -0.234218359    
   9.00000000       800.000000       4.35808785E-02   4.40067959      0.251707703       5.71892256E-10  -1.42734702E-04  0.107788108      -1.71803385E-05  -1.04193032       3.95310744E-05 -0.232377768    
   10.0000000       800.000000       4.38009016E-02   4.44439697      0.251677126       5.66199088E-10  -1.40871445E-04  0.106200553      -5.32201784E-06  -1.05206835       3.92979928E-05 -0.230542883    
   11.0000000       800.000000       4.40220647E-02   4.48833799      0.251626521       5.60547164E-10  -1.39047610E-04  0.104642250       2.42473811E-06  -1.06217766       3.94047383E-05 -0.228716031    
   12.0000000       800.000000       4.42490242E-02   4.53246212      0.251556635       5.54937707E-10  -1.37262192E-04  0.103109375       2.40422128E-06  -1.07225728       3.95110728E-05 -0.226895034    
   13.0000000       800.000000       4.44775447E-02   4.57707596      0.251470983       5.49369328E-10  -1.35513881E-04  0.101611368      -3.94162271E-06  -1.08230889       3.93358059E-05 -0.225081071    
   2.00000000       800.000000       4.47068773E-02   4.62136841      0.251366526       5.43843026E-10  -1.33799884E-04  0.100140370      -1.11443496E-05  -1.09232938       3.88375338E-05 -0.223273709    
   3.00000000       800.000000       4.49385233E-02   4.66624355      0.251245171       5.38359579E-10  -1.32117435E-04   9.86945182E-02  -1.43361776E-05  -1.10232294       3.81933423E-05 -0.221472472    
   4.00000000       800.000000       4.51754220E-02   4.71121693      0.251105398       5.32919153E-10  -1.30465065E-04   9.72793698E-02  -1.18766548E-05  -1.11228812       3.76568205E-05 -0.219677433    
   5.00000000       800.000000       4.54156250E-02   4.75678205      0.250952482       5.27516975E-10  -1.28842905E-04   9.58887935E-02  -5.38639597E-06  -1.12222588       3.74121846E-05 -0.217887163    
   6.00000000       800.000000       4.56556603E-02   4.80203438      0.250780851       5.22159205E-10  -1.27248859E-04   9.45260599E-02   1.13218198E-06  -1.13213205       3.74639130E-05 -0.216102228    
   7.00000000       800.000000       4.59001064E-02   4.84787893      0.250593305       5.16845289E-10  -1.25683044E-04   9.31869224E-02   4.12933105E-06  -1.14201450       3.76534226E-05 -0.214322880    
   8.00000000       800.000000       4.61495221E-02   4.89382601      0.250392467       5.11571896E-10  -1.24144310E-04   9.18719098E-02   3.24259258E-06  -1.15186048       3.78031145E-05 -0.212547362    
   9.00000000       800.000000       4.64015417E-02   4.94037914      0.250176430       5.06340747E-10  -1.22630125E-04   9.05789286E-02   6.82428777E-07  -1.16168118       3.78347067E-05 -0.210777909    
   10.0000000       800.000000       4.66544069E-02   4.98703766      0.249943465       5.01152064E-10  -1.21139878E-04   8.93112421E-02  -9.30381191E-07  -1.17147458       3.77913093E-05 -0.209013209    
   11.0000000       800.000000       4.69110720E-02   5.03345490      0.249696985       4.96004959E-10  -1.19670636E-04   8.80702287E-02  -4.39939729E-09  -1.18123865       3.77910910E-05 -0.207252443    
   12.0000000       800.000000       4.71705161E-02   5.08080530      0.249436468       4.90900043E-10  -1.18222080E-04   8.68415907E-02   2.89960144E-06  -1.19097221       3.79279445E-05 -0.205496177    
   13.0000000       800.000000       4.74330559E-02   5.12793064      0.249163002       4.85834761E-10  -1.16795811E-04   8.56444612E-02   5.71138389E-06  -1.20067871       3.81988466E-05 -0.203742996    
   2.00000000       800.000000       4.76989783E-02   5.17558718      0.248874515       4.80813500E-10  -1.15390627E-04   8.44602883E-02   6.82703103E-06  -1.21035480       3.85244639E-05 -0.201994419    
   3.00000000       800.000000       4.79672700E-02   5.22343826      0.248572856       4.75832596E-10  -1.14005306E-04   8.32986608E-02   6.24052018E-06  -1.22000515       3.88237750E-05 -0.200249091    
   4.00000000       800.000000       4.82396744E-02   5.27148342      0.248256251       4.70893546E-10  -1.12638205E-04   8.21572319E-02   4.94714641E-06  -1.22962105       3.90624336E-05 -0.198507100    
   5.00000000       800.000000       4.85143214E-02   5.32006216      0.247929111       4.65995853E-10  -1.11289832E-04   8.10394287E-02   4.13143516E-06  -1.23920882       3.92629045E-05 -0.196769044    
   6.00000000       800.000000       4.87925000E-02   5.36836243      0.247588113       4.61135685E-10  -1.09959088E-04   7.99398273E-02   4.35732318E-06  -1.24876785       3.94754570E-05 -0.195033595    
   7.00000000       800.000000       4.90735136E-02   5.41723442      0.247233942       4.56318233E-10  -1.08646083E-04   7.88564384E-02   5.01776776E-06  -1.25829685       3.97217045E-05 -0.193300679    
   8.00000000       800.000000       4.93605398E-02   5.46674824      0.246868506       4.51540583E-10  -1.07349348E-04   7.77892992E-02   5.19600462E-06  -1.26779497       3.99782075E-05 -0.191571370    
   9.00000000       800.000000       4.96459454E-02   5.51635075      0.246490136       4.46802234E-10  -1.06066691E-04   7.67398775E-02   4.77063804E-06  -1.27726388       4.02150363E-05 -0.189843565    
   10.0000000       800.000000       4.99367975E-02   5.56616688      0.246099249       4.42105380E-10  -1.04799314E-04   7.57132843E-02   3.79782136E-06  -1.28670204       4.04046368E-05 -0.188119560    
   11.0000000       800.000000       5.02316244E-02   5.61612844      0.245697841       4.37446107E-10  -1.03547049E-04   7.46960789E-02   2.70650503E-06  -1.29610503       4.05406645E-05 -0.186396509    
   12.0000000       800.000000       5.05279116E-02   5.66623640      0.245284244       4.32826663E-10  -1.02307153E-04   7.37007931E-02   2.30159321E-06  -1.30548310       4.06569234E-05 -0.184677184    
   13.0000000       800.000000       5.08273505E-02   5.71697474      0.244858891       4.28247243E-10  -1.01085803E-04   7.27231652E-02   1.81609857E-06  -1.31482744       4.07492516E-05 -0.182955682    
   2.00000000       800.000000       5.11321910E-02   5.76780939      0.244423538       4.23706098E-10  -9.98738906E-05   7.17586279E-02   1.17475327E-06  -1.32413566       4.08093183E-05 -0.181240067    
   3.00000000       800.000000       5.14377542E-02   5.81939650      0.243975297       4.19202617E-10  -9.86685336E-05   7.08114952E-02   1.23228438E-06  -1.33341467       4.08726883E-05 -0.179526672    
   4.00000000       800.000000       5.17485440E-02   5.87104797      0.243516520       4.14738938E-10  -9.74840586E-05   6.98737651E-02  -1.77398206E-07  -1.34265709       4.08634951E-05 -0.177810237    
   5.00000000       800.000000       5.20629622E-02   5.92277527      0.243046910       4.10312256E-10  -9.63042112E-05   6.89553544E-02  -6.43380758E-07  -1.35187316       4.08299456E-05 -0.176101625    
   6.00000000       800.000000       5.23787588E-02   5.97483015      0.242567196       4.05920381E-10  -9.51440234E-05   6.80539012E-02  -6.95871165E-07  -1.36105442       4.07936022E-05 -0.174388573    
   7.00000000       800.000000       5.26992045E-02   6.02751064      0.242076442       4.01570110E-10  -9.39981037E-05   6.71644211E-02  -2.01772241E-06  -1.37019777       4.06872277E-05 -0.172677308    
   8.00000000       800.000000       5.30240014E-02   6.08028364      0.241574988       3.97254896E-10  -9.28566951E-05   6.62851185E-02  -1.47234402E-06  -1.37931108       4.06091494E-05 -0.170971513    
   9.00000000       800.000000       5.33496812E-02   6.13364077      0.241065025       3.92976707E-10  -9.17342186E-05   6.54250234E-02  -2.16320677E-06  -1.38838458       4.04937673E-05 -0.169260830    
   10.0000000       800.000000       5.36804311E-02   6.18732548      0.240542561       3.88735322E-10  -9.06172791E-05   6.45751804E-02  -2.56757426E-06  -1.39743078       4.03559497E-05 -0.167555347    
   11.0000000       800.000000       5.40157408E-02   6.24103832      0.240012065       3.84529936E-10  -8.95115809E-05   6.37371615E-02  -2.48333913E-06  -1.40642989       4.02218502E-05 -0.165848985    
   12.0000000       800.000000       5.43518029E-02   6.29508209      0.239471048       3.80362020E-10  -8.84142210E-05   6.29158691E-02  -2.95442101E-06  -1.41539562       4.00611898E-05 -0.164143324    
   13.0000000       800.000000       5.46922497E-02   6.34962225      0.238920107       3.76227605E-10  -8.73240133E-05   6.21042587E-02  -2.72647458E-06  -1.42433286       3.99120981E-05 -0.162439913    
   2.00000000       800.000000       5.50380871E-02   6.40445566      0.238359004       3.72129189E-10  -8.62452362E-05   6.13087378E-02  -2.82673727E-06  -1.43322384       3.97565273E-05 -0.160734370    
   3.00000000       800.000000       5.53847216E-02   6.45976830      0.237788662       3.68066633E-10  -8.51730001E-05   6.05204552E-02  -2.72433294E-06  -1.44207633       3.96056457E-05 -0.159030318    
   4.00000000       800.000000       5.57359010E-02   6.51546860      0.237209678       3.64036384E-10  -8.41114015E-05   5.97480349E-02  -2.61621881E-06  -1.45088887       3.94597992E-05 -0.157326728    
   5.00000000       800.000000       5.60912378E-02   6.57112312      0.236620203       3.60043967E-10  -8.30569188E-05   5.89850396E-02  -2.46391869E-06  -1.45966566       3.93216105E-05 -0.155622900    
   6.00000000       800.000000       5.64479530E-02   6.62756824      0.236021668       3.56084301E-10  -8.20110654E-05   5.82318157E-02  -2.22372091E-06  -1.46840799       3.91960566E-05 -0.153919250    
   7.00000000       800.000000       5.68098128E-02   6.68420267      0.235414147       3.52159052E-10  -8.09731791E-05   5.74937686E-02  -1.97246959E-06  -1.47710836       3.90840651E-05 -0.152215809    
   8.00000000       800.000000       5.71758151E-02   6.74102211      0.234797955       3.48266055E-10  -7.99425106E-05   5.67626916E-02  -1.68763029E-06  -1.48575699       3.89875568E-05 -0.150511548    
   9.00000000       800.000000       5.75454868E-02   6.79867172      0.234172523       3.44407503E-10  -7.89196420E-05   5.60451858E-02  -1.39520034E-06  -1.49436772       3.89072156E-05 -0.148808464    
   10.0000000       800.000000       5.79212233E-02   6.85620070      0.233538166       3.40583894E-10  -7.79041366E-05   5.53342439E-02  -1.08473284E-06  -1.50294220       3.88444350E-05 -0.147104263    
   11.0000000       800.000000       5.82982525E-02   6.91421032      0.232895002       3.36790124E-10  -7.68949176E-05   5.46402335E-02  -7.64013521E-07  -1.51146555       3.87998771E-05 -0.145399645    
   12.0000000       800.000000       5.86755127E-02   6.97270107      0.232243165       3.33031575E-10  -7.58929527E-05   5.39502725E-02  -4.46682861E-07  -1.51994789       3.87737091E-05 -0.143694818    
   13.0000000       800.000000       5.90622984E-02   7.03143930      0.231582433       3.29302835E-10  -7.48970779E-05   5.32730371E-02  -1.39334603E-07  -1.52838457       3.87654291E-05 -0.141989648    
   2.00000000       800.000000       5.94485030E-02   7.09108067      0.230913579       3.25609595E-10  -7.39077950E-05   5.26032299E-02   1.51955760E-07  -1.53677619       3.87744039E-05 -0.140283361    
   3.00000000       800.000000       5.98436110E-02   7.15043688      0.230236083       3.21946525E-10  -7.29242893E-05   5.19459322E-02   4.24200863E-07  -1.54512250       3.87998698E-05 -0.138577804    
   4.00000000       800.000000       6.02373928E-02   7.21079636      0.229550332       3.18314208E-10  -7.19469681E-05   5.12985550E-02   6.73388683E-07  -1.55342007       3.88404296E-05 -0.136870399    
   5.00000000       800.000000       6.06374219E-02   7.27131176      0.228856072       3.14713144E-10  -7.09750893E-05   5.06579690E-02   8.94219056E-07  -1.56166303       3.88946573E-05 -0.135163128    
   6.00000000       800.000000       6.10392392E-02   7.33202028      0.228153750       3.11143861E-10  -7.00087330E-05   5.00270911E-02   1.08367578E-06  -1.56985641       3.89607485E-05 -0.133454829    
   7.00000000       800.000000       6.14471473E-02   7.39313030      0.227442488       3.07605497E-10  -6.90480083E-05   4.94063310E-02   1.24004339E-06  -1.57801080       3.90370005E-05 -0.131745964    
   8.00000000       800.000000       6.18590638E-02   7.45494413      0.226723924       3.04097525E-10  -6.80924422E-05   4.87912707E-02   1.36211520E-06  -1.58611000       3.91212416E-05 -0.130036026    
   9.00000000       800.000000       6.22721761E-02   7.51700449      0.225997016       3.00619862E-10  -6.71412781E-05   4.81871739E-02   1.44981277E-06  -1.59415269       3.92115398E-05 -0.128324836    
   10.0000000       800.000000       6.26941621E-02   7.57950735      0.225262105       2.97171621E-10  -6.61952508E-05   4.75917570E-02   1.50291123E-06  -1.60214114       3.93056944E-05 -0.126613379    
   11.0000000       800.000000       6.31151870E-02   7.64244461      0.224518865       2.93753855E-10  -6.52538656E-05   4.70026918E-02   1.52228483E-06  -1.61008263       3.94018280E-05 -0.124900788    
   12.0000000       800.000000       6.35424033E-02   7.70559978      0.223768905       2.90365149E-10  -6.43169697E-05   4.64229323E-02   1.50976473E-06  -1.61796904       3.94977542E-05 -0.123187527    
   13.0000000       800.000000       6.39760271E-02   7.76949692      0.223010048       2.87006474E-10  -6.33842283E-05   4.58522402E-02   1.46755917E-06  -1.62579525       3.95916722E-05 -0.121473968    
   2.00000000       800.000000       6.44085407E-02   7.83382225      0.222243994       2.83675916E-10  -6.24557724E-05   4.52879742E-02   1.39803501E-06  -1.63356221       3.96817122E-05 -0.119757511    
   3.00000000       800.000000       6.48498610E-02   7.89831066      0.221469015       2.80374779E-10  -6.15314857E-05   4.47307788E-02   1.30427873E-06  -1.64126921       3.97662770E-05 -0.118042290    
   4.00000000       800.000000       6.52926117E-02   7.96304750      0.220688015       2.77102730E-10  -6.06105423E-05   4.41821739E-02   1.18964988E-06  -1.64891827       3.98439770E-05 -0.116325594    
   5.00000000       800.000000       6.57397360E-02   8.02879810      0.219898969       2.73858269E-10  -5.96937534E-05   4.36404943E-02   1.05754509E-06  -1.65651429       3.99134988E-05 -0.114607617    
   6.00000000       800.000000       6.61928579E-02   8.09504509      0.219101906       2.70642175E-10  -5.87803079E-05   4.31064591E-02   9.11738084E-07  -1.66403985       3.99738310E-05 -0.112886801    
   7.00000000       800.000000       6.66503683E-02   8.16145802      0.218296751       2.67454170E-10  -5.78700237E-05   4.25800160E-02   7.55952101E-07  -1.67150700       4.00242025E-05 -0.111167386    
   8.00000000       800.000000       6.71091229E-02   8.22835445      0.217485845       2.64294003E-10  -5.69633012E-05   4.20608819E-02   5.93742755E-07  -1.67891192       4.00640201E-05 -0.109443471    
   9.00000000       800.000000       6.75772652E-02   8.29508305      0.216667160       2.61161037E-10  -5.60599619E-05   4.15493138E-02   4.28774655E-07  -1.68624949       4.00930148E-05 -0.107722901    
   10.0000000       800.000000       6.80434331E-02   8.36327362      0.215840146       2.58055161E-10  -5.51595440E-05   4.10442613E-02   2.64478103E-07  -1.69352031       4.01110192E-05 -0.105998807    
   11.0000000       800.000000       6.85164854E-02   8.43160915      0.215005711       2.54976568E-10  -5.42618982E-05   4.05430719E-02   1.04123153E-07  -1.70072591       4.01181533E-05 -0.104274169    
   12.0000000       800.000000       6.89990669E-02   8.50011826      0.214165777       2.51924759E-10  -5.33671118E-05   4.00526933E-02  -4.94999064E-08  -1.70785546       4.01147590E-05 -0.102547675    
   13.0000000       800.000000       6.94770738E-02   8.56972027      0.213317409       2.48899512E-10  -5.24748721E-05   3.95660363E-02  -1.93637717E-07  -1.71492434       4.01013422E-05 -0.100821808    
   2.00000000       800.000000       6.99650571E-02   8.63913631      0.212461948       2.45900827E-10  -5.15851098E-05   3.90858017E-02  -3.26041487E-07  -1.72191703       4.00784957E-05  -9.90939140E-02
   3.00000000       800.000000       7.04544336E-02   8.70913506      0.211599246       2.42927956E-10  -5.06977631E-05   3.86127867E-02  -4.44808677E-07  -1.72883606       4.00471581E-05  -9.73656699E-02
   4.00000000       800.000000       7.09533468E-02   8.77987480      0.210729674       2.39981895E-10  -4.98130466E-05   3.81469615E-02  -5.48390403E-07  -1.73568475       4.00082681E-05  -9.56364274E-02
   5.00000000       800.000000       7.14557767E-02   8.85152435      0.209852859       2.37060899E-10  -4.89301747E-05   3.76871563E-02  -6.35630158E-07  -1.74245298       3.99628152E-05  -9.39066559E-02
   6.00000000       800.000000       7.19595850E-02   8.92326069      0.208969265       2.34165909E-10  -4.80493218E-05   3.72314416E-02  -7.05765615E-07  -1.74915516       3.99120363E-05  -9.21745524E-02
   7.00000000       800.000000       7.24673644E-02   8.99552822      0.208078936       2.31296024E-10  -4.71704589E-05   3.67817543E-02  -7.58415695E-07  -1.75577462       3.98570519E-05  -9.04424042E-02
   8.00000000       800.000000       7.29827210E-02   9.06822109      0.207181871       2.28451175E-10  -4.62933531E-05   3.63389477E-02  -7.93535548E-07  -1.76231098       3.97991680E-05  -8.87104496E-02
   9.00000000       800.000000       7.35015273E-02   9.14107132      0.206277847       2.25632388E-10  -4.54183319E-05   3.59034687E-02  -8.11447080E-07  -1.76876128       3.97395233E-05  -8.69770721E-02
   10.0000000       800.000000       7.40236938E-02   9.21487141      0.205366418       2.22837471E-10  -4.45446167E-05   3.54707763E-02  -8.12782844E-07  -1.77513409       3.96793548E-05  -8.52429941E-02
   11.0000000       800.000000       7.45541826E-02   9.28909588      0.204448789       2.20067881E-10  -4.36725022E-05   3.50440219E-02  -7.98462054E-07  -1.78142738       3.96198047E-05  -8.35079402E-02
   12.0000000       800.000000       7.50876293E-02   9.36382198      0.203524783       2.17321716E-10  -4.28019011E-05   3.46240662E-02  -7.69679616E-07  -1.78764117       3.95620445E-05  -8.17732364E-02
   13.0000000       800.000000       7.56227747E-02   9.43945217      0.202593178       2.14600601E-10  -4.19325042E-05   3.42100859E-02  -7.27756344E-07  -1.79375470       3.95070128E-05  -8.00376758E-02
   2.00000000       800.000000       7.61684179E-02   9.51551723      0.201654419       2.11903703E-10  -4.10643370E-05   3.37987915E-02  -6.74248895E-07  -1.79978859       3.94556300E-05  -7.83019513E-02
   3.00000000       800.000000       7.67170042E-02   9.59179592      0.200711533       2.09230785E-10  -4.01974321E-05   3.33944336E-02  -6.10821132E-07  -1.80572999       3.94087510E-05  -7.65659660E-02
   4.00000000       800.000000       7.72694573E-02   9.66848755      0.199759543       2.06581266E-10  -3.93315131E-05   3.29966582E-02  -5.39235941E-07  -1.81157970       3.93670889E-05  -7.48291016E-02
   5.00000000       800.000000       7.78230131E-02   9.74612713      0.198802710       2.03955589E-10  -3.84665655E-05   3.26009020E-02  -4.61328995E-07  -1.81733251       3.93312912E-05  -7.30925724E-02
   6.00000000       800.000000       7.83851892E-02   9.82425022      0.197839454       2.01352962E-10  -3.76024727E-05   3.22117880E-02  -3.78932754E-07  -1.82299256       3.93015216E-05  -7.13563189E-02
   7.00000000       800.000000       7.89523125E-02   9.90284920      0.196868956       1.98774136E-10  -3.67391840E-05   3.18292044E-02  -2.93882493E-07  -1.82855988       3.92783004E-05  -6.96203336E-02
   8.00000000       800.000000       7.95280412E-02   9.98241329      0.195892379       1.96217875E-10  -3.58766083E-05   3.14483978E-02  -2.07914894E-07  -1.83402932       3.92617621E-05  -6.78836852E-02
   9.00000000       800.000000       8.01055804E-02   10.0623922      0.194909647       1.93684679E-10  -3.50146256E-05   3.10743991E-02  -1.22734136E-07  -1.83939719       3.92519178E-05  -6.61480874E-02
   10.0000000       800.000000       8.06882754E-02   10.1425762      0.193920106       1.91174340E-10  -3.41532104E-05   3.07032932E-02  -3.98935178E-08  -1.84466362       3.92487236E-05  -6.44127131E-02
   11.0000000       800.000000       8.12722519E-02   10.2231703      0.192924842       1.88687108E-10  -3.32922282E-05   3.03394627E-02   3.91704944E-08  -1.84982848       3.92518778E-05  -6.26784563E-02
   12.0000000       800.000000       8.18665698E-02   10.3048105      0.191923395       1.86220733E-10  -3.24316534E-05   2.99779363E-02   1.13164006E-07  -1.85488796       3.92611764E-05  -6.09436408E-02
   13.0000000       800.000000       8.24698508E-02   10.3871059      0.190915838       1.83777771E-10  -3.15713842E-05   2.96223294E-02   1.81011046E-07  -1.85984361       3.92761140E-05  -5.92092648E-02
   2.00000000       800.000000       8.30690786E-02   10.4702911      0.189901859       1.81357429E-10  -3.07113187E-05   2.92691290E-02   2.41741759E-07  -1.86469126       3.92962356E-05  -5.74773401E-02
   3.00000000       800.000000       8.36792067E-02   10.5531397      0.188882276       1.78958418E-10  -2.98513896E-05   2.89229918E-02   2.94644451E-07  -1.86942768       3.93207847E-05  -5.57472743E-02
   4.00000000       800.000000       8.42924491E-02   10.6371202      0.187856793       1.76581375E-10  -2.89915915E-05   2.85797026E-02   3.39150773E-07  -1.87405241       3.93494593E-05  -5.40169626E-02
   5.00000000       800.000000       8.49149227E-02   10.7222576      0.186825603       1.74226494E-10  -2.81317753E-05   2.82412749E-02   3.74897979E-07  -1.87856913       3.93812625E-05  -5.22892550E-02
   6.00000000       800.000000       8.55400413E-02   10.8070173      0.185788274       1.71892722E-10  -2.72719190E-05   2.79061254E-02   4.01698628E-07  -1.88296854       3.94156050E-05  -5.05607165E-02
   7.00000000       800.000000       8.61672983E-02   10.8929453      0.184744880       1.69579017E-10  -2.64119462E-05   2.75754314E-02   4.19553487E-07  -1.88724887       3.94517629E-05  -4.88360934E-02
   8.00000000       800.000000       8.68062824E-02   10.9799843      0.183695570       1.67288836E-10  -2.55517862E-05   2.72497702E-02   4.28623707E-07  -1.89141297       3.94889503E-05  -4.71120030E-02
   9.00000000       800.000000       8.74475688E-02   11.0664978      0.182639956       1.65018624E-10  -2.46914497E-05   2.69269664E-02   4.29278543E-07  -1.89545619       3.95265015E-05  -4.53899503E-02
   10.0000000       800.000000       8.80924463E-02   11.1543617      0.181580260       1.62769215E-10  -2.38305929E-05   2.66088545E-02   4.21887876E-07  -1.89937890       3.95636816E-05  -4.36712205E-02
   11.0000000       800.000000       8.87458175E-02   11.2425718      0.180514246       1.60541372E-10  -2.29693778E-05   2.62939241E-02   4.07187144E-07  -1.90318036       3.95998431E-05  -4.19545472E-02
   12.0000000       800.000000       8.94047245E-02   11.3320246      0.179442748       1.58334040E-10  -2.21079954E-05   2.59833578E-02   3.85645933E-07  -1.90685856       3.96343130E-05  -4.02404927E-02
   13.0000000       800.000000       9.00711343E-02   11.4218473      0.178364903       1.56147179E-10  -2.12460764E-05   2.56773792E-02   3.58278470E-07  -1.91040337       3.96665673E-05  -3.85288857E-02
   2.00000000       800.000000       9.07422155E-02   11.5118284      0.177283853       1.53980662E-10  -2.03834516E-05   2.53746063E-02   3.25728138E-07  -1.91382229       3.96961659E-05  -3.68209891E-02
   3.00000000       800.000000       9.14164707E-02   11.6033077      0.176195905       1.51834961E-10  -1.95202265E-05   2.50747278E-02   2.88957523E-07  -1.91711330       3.97225303E-05  -3.51162963E-02
   4.00000000       800.000000       9.20993984E-02   11.6952047      0.175102606       1.49709009E-10  -1.86565085E-05   2.47795023E-02   2.48847925E-07  -1.92026412       3.97454714E-05  -3.34145576E-02
   5.00000000       800.000000       9.27866399E-02   11.7873383      0.174004257       1.47603221E-10  -1.77920392E-05   2.44870447E-02   2.06365314E-07  -1.92328608       3.97645817E-05  -3.17169651E-02
   6.00000000       800.000000       9.34779644E-02   11.8806105      0.172900841       1.45517515E-10  -1.69268478E-05   2.41978765E-02   1.62418345E-07  -1.92617023       3.97797739E-05  -3.00234128E-02
   7.00000000       800.000000       9.41774696E-02   11.9743528      0.171792433       1.43451390E-10  -1.60608961E-05   2.39132773E-02   1.17900200E-07  -1.92892313       3.97908989E-05  -2.83337422E-02
   8.00000000       800.000000       9.48819369E-02   12.0688763      0.170678616       1.41405346E-10  -1.51940994E-05   2.36316267E-02   7.36616670E-08  -1.93152690       3.97979311E-05  -2.66485475E-02
   9.00000000       800.000000       9.55979601E-02   12.1640635      0.169560328       1.39378856E-10  -1.43264324E-05   2.33535767E-02   3.05053440E-08  -1.93399560       3.98007942E-05  -2.49682367E-02
   10.0000000       800.000000       9.63135287E-02   12.2600622      0.168436900       1.37371864E-10  -1.34578931E-05   2.30789054E-02  -1.08341327E-08  -1.93632019       3.97997137E-05  -2.32927725E-02
   11.0000000       800.000000       9.70358253E-02   12.3568468      0.167308629       1.35384134E-10  -1.25883707E-05   2.28076205E-02  -4.96983183E-08  -1.93850613       3.97949225E-05  -2.16225516E-02
   12.0000000       800.000000       9.77677032E-02   12.4544106      0.166175693       1.33415751E-10  -1.17179179E-05   2.25399397E-02  -8.55081481E-08  -1.94053650       3.97865515E-05  -1.99577101E-02
   13.0000000       800.000000       9.85076427E-02   12.5523767      0.165038243       1.31466477E-10  -1.08463946E-05   2.22741924E-02  -1.17779770E-07  -1.94242203       3.97749973E-05  -1.82987358E-02
   2.00000000       800.000000       9.92456749E-02   12.6510534      0.163895920       1.29536423E-10  -9.97387269E-06   2.20116824E-02  -1.46116591E-07  -1.94414914       3.97604454E-05  -1.66456867E-02
   3.00000000       800.000000       9.99961421E-02   12.7503929      0.162749156       1.27624966E-10  -9.10019844E-06   2.17543878E-02  -1.70218698E-07  -1.94573832       3.97434487E-05  -1.49991428E-02
   4.00000000       800.000000      0.100751281       12.8514633      0.161598116       1.25732549E-10  -8.22572383E-06   2.14988757E-02  -1.89874228E-07  -1.94716501       3.97242839E-05  -1.33589264E-02
   5.00000000       800.000000      0.101513669       12.9527330      0.160442755       1.23858798E-10  -7.34969035E-06   2.12469064E-02  -2.04942097E-07  -1.94843793       3.97035292E-05  -1.17259063E-02
   6.00000000       800.000000      0.102282949       13.0543804      0.159283206       1.22003740E-10  -6.47234356E-06   2.09962763E-02  -2.15517787E-07  -1.94955111       3.96814066E-05  -1.01001235E-02
   7.00000000       800.000000      0.103057869       13.1565609      0.158119291       1.20167362E-10  -5.59434739E-06   2.07509771E-02  -2.21581857E-07  -1.95050681       3.96586001E-05  -8.48163012E-03
   8.00000000       800.000000      0.103839546       13.2604132      0.156951189       1.18349358E-10  -4.71495105E-06   2.05070563E-02  -2.23234764E-07  -1.95130944       3.96354080E-05  -6.87109353E-03
   9.00000000       800.000000      0.104626514       13.3645535      0.155779466       1.16549381E-10  -3.83434235E-06   2.02666745E-02  -2.20749314E-07  -1.95194089       3.96123178E-05  -5.26869576E-03
   10.0000000       800.000000      0.105420068       13.4691267      0.154603720       1.14767765E-10  -2.95245559E-06   2.00279821E-02  -2.14384457E-07  -1.95241308       3.95897441E-05  -3.67486035E-03
   11.0000000       800.000000      0.106228657       13.5754204      0.153424025       1.13004280E-10  -2.06934078E-06   1.97942182E-02  -2.04477942E-07  -1.95272088       3.95679890E-05  -2.08975514E-03
   12.0000000       800.000000      0.107034281       13.6821260      0.152240917       1.11258988E-10  -1.18494427E-06   1.95617527E-02  -1.91409313E-07  -1.95285988       3.95474744E-05  -5.13838604E-04
   13.0000000       800.000000      0.107849084       13.7891541      0.151054204       1.09531141E-10  -2.99290747E-07   1.93326846E-02  -1.75594920E-07  -1.95283151       3.95285897E-05   1.05256203E-03
   2.00000000       800.000000      0.108672515       13.8981247      0.149863943       1.07821717E-10   5.87657780E-07   1.91064216E-02  -1.57477473E-07  -1.95263374       3.95115203E-05   2.60911090E-03
   3.00000000       800.000000      0.109497771       14.0066690      0.148670122       1.06130042E-10   1.47587900E-06   1.88824944E-02  -1.37517105E-07  -1.95226264       3.94964300E-05   4.15549986E-03
   4.00000000       800.000000      0.110339761       14.1170921      0.147472873       1.04455951E-10   2.36540086E-06   1.86612420E-02  -1.16180843E-07  -1.95171988       3.94835624E-05   5.69130015E-03
   5.00000000       800.000000      0.111177742       14.2269335      0.146272853       1.02798998E-10   3.25619840E-06   1.84429586E-02  -9.39343394E-08  -1.95100296       3.94731214E-05   7.21618766E-03
   6.00000000       800.000000      0.112030037       14.3394938      0.145069554       1.01159858E-10   4.14830038E-06   1.82265546E-02  -7.12341546E-08  -1.95010924       3.94651979E-05   8.72988719E-03
   7.00000000       800.000000      0.112885214       14.4517355      0.143863589       9.95379681E-11   5.04166383E-06   1.80129819E-02  -4.85187179E-08  -1.94903874       3.94596937E-05   1.02318367E-02
   8.00000000       800.000000      0.113750286       14.5650282      0.142654359       9.79341816E-11   5.93633149E-06   1.78022757E-02  -2.62017270E-08  -1.94779146       3.94567032E-05   1.17218262E-02
   9.00000000       800.000000      0.114624061       14.6793976      0.141442612       9.63466321E-11   6.83222606E-06   1.75933987E-02  -4.66619365E-09  -1.94636405       3.94562121E-05   1.31994300E-02
   10.0000000       800.000000      0.115506783       14.7940674      0.140228644       9.47766587E-11   7.72937801E-06   1.73874088E-02   1.57409428E-08  -1.94475198       3.94579984E-05   1.46643026E-02
   11.0000000       800.000000      0.116393380       14.9101496      0.139011726       9.32234359E-11   8.62781235E-06   1.71843078E-02   3.47129969E-08  -1.94296563       3.94620401E-05   1.61160082E-02
   12.0000000       800.000000      0.117281690       15.0272551      0.137792468       9.16873730E-11   9.52745086E-06   1.69830304E-02   5.19871577E-08  -1.94099092       3.94681374E-05   1.75541602E-02
   13.0000000       800.000000      0.118191823       15.1445360      0.136571154       9.01680883E-11   1.04282872E-05   1.67845953E-02   6.73461784E-08  -1.93882799       3.94760973E-05   1.89783685E-02
   2.00000000       800.000000      0.119099334       15.2630339      0.135347635       8.86658247E-11   1.13303249E-05   1.65874679E-02   8.06206728E-08  -1.93648458       3.94856797E-05   2.03883648E-02
   3.00000000       800.000000      0.120015435       15.3828135      0.134121910       8.71797842E-11   1.22334868E-05   1.63943451E-02   9.16883849E-08  -1.93395329       3.94966883E-05   2.17835698E-02
   4.00000000       800.000000      0.120940529       15.5036430      0.132895067       8.57112714E-11   1.31377828E-05   1.62019655E-02   1.00474608E-07  -1.93123782       3.95088900E-05   2.31637601E-02
   5.00000000       800.000000      0.121867239       15.6249332      0.131666347       8.42584127E-11   1.40431757E-05   1.60128921E-02   1.06950338E-07  -1.92832839       3.95219140E-05   2.45284215E-02
   6.00000000       800.000000      0.122810721       15.7464323      0.130435377       8.28228319E-11   1.49496200E-05   1.58258919E-02   1.11130419E-07  -1.92523742       3.95355200E-05   2.58771032E-02
   7.00000000       800.000000      0.123757191       15.8707790      0.129203588       8.14031897E-11   1.58570801E-05   1.56402532E-02   1.13070108E-07  -1.92194867       3.95495190E-05   2.72097141E-02
   8.00000000       800.000000      0.124716990       15.9948425      0.127970546       8.00000552E-11   1.67655307E-05   1.54571580E-02   1.12863084E-07  -1.91847432       3.95635434E-05   2.85255052E-02
   9.00000000       800.000000      0.125679165       16.1200333      0.126736149       7.86130674E-11   1.76749272E-05   1.52767813E-02   1.10636250E-07  -1.91480327       3.95774659E-05   2.98243463E-02
   10.0000000       800.000000      0.126648560       16.2460766      0.125500724       7.72423306E-11   1.85851914E-05   1.50982728E-02   1.06545642E-07  -1.91095018       3.95909519E-05   3.11056767E-02
   11.0000000       800.000000      0.127627030       16.3736973      0.124264844       7.58876226E-11   1.94963250E-05   1.49217378E-02   1.00773285E-07  -1.90688944       3.96039104E-05   3.23692374E-02
   12.0000000       800.000000      0.128622070       16.5009899      0.123027712       7.45487908E-11   2.04082389E-05   1.47472899E-02   9.35197590E-08  -1.90265870       3.96159085E-05   3.36141773E-02
   13.0000000       800.000000      0.129615709       16.6299458      0.121790618       7.32261057E-11   2.13208823E-05   1.45746320E-02   8.50019930E-08  -1.89822090       3.96269097E-05   3.48412544E-02
   2.00000000       800.000000      0.130617574       16.7607040      0.120552406       7.19191998E-11   2.22342187E-05   1.44042242E-02   7.54472964E-08  -1.89358282       3.96367577E-05   3.60485464E-02
   3.00000000       800.000000      0.131631613       16.8909397      0.119314827       7.06279549E-11   2.31481190E-05   1.42360944E-02   6.50879457E-08  -1.88875651       3.96453615E-05   3.72369587E-02
   4.00000000       800.000000      0.132658064       17.0234966      0.118076406       6.93526209E-11   2.40625832E-05   1.40688755E-02   5.41582672E-08  -1.88374352       3.96525138E-05   3.84052135E-02
   5.00000000       800.000000      0.133689612       17.1564980      0.116838895       6.80929271E-11   2.49775476E-05   1.39045725E-02   4.28885585E-08  -1.87852836       3.96582545E-05   3.95533815E-02
   6.00000000       800.000000      0.134727374       17.2917385      0.115601316       6.68488806E-11   2.58928631E-05   1.37419282E-02   3.15024096E-08  -1.87312520       3.96624819E-05   4.06807922E-02
   7.00000000       800.000000      0.135772675       17.4260139      0.114363864       6.56199331E-11   2.68085478E-05   1.35814501E-02   2.02122745E-08  -1.86752737       3.96652795E-05   4.17876095E-02
   8.00000000       800.000000      0.136831790       17.5625153      0.113127634       6.44067022E-11   2.77244853E-05   1.34226922E-02   9.21636545E-09  -1.86173582       3.96664655E-05   4.28728834E-02
   9.00000000       800.000000      0.137887821       17.6995029      0.111891113       6.32087646E-11   2.86405357E-05   1.32659832E-02  -1.30388256E-09  -1.85574996       3.96663490E-05   4.39366437E-02
   10.0000000       800.000000      0.138969555       17.8388729      0.110656686       6.20259191E-11   2.95567170E-05   1.31108174E-02  -1.11863034E-08  -1.84957695       3.96647665E-05   4.49783988E-02
   11.0000000       800.000000      0.140046909       17.9775219      0.109422810       6.08584849E-11   3.04728455E-05   1.29572693E-02  -2.02898107E-08  -1.84320569       3.96619107E-05   4.59977202E-02
   12.0000000       800.000000      0.141143247       18.1181393      0.108189918       5.97061081E-11   3.13888668E-05   1.28059136E-02  -2.84957906E-08  -1.83663619       3.96578544E-05   4.69942987E-02
   13.0000000       800.000000      0.142242312       18.2606220      0.106959276       5.85686985E-11   3.23046806E-05   1.26559343E-02  -3.57088830E-08  -1.82988656       3.96528412E-05   4.79679108E-02
   2.00000000       800.000000      0.143348306       18.4025784      0.105730101       5.74462145E-11   3.32201889E-05   1.25082945E-02  -4.18575183E-08  -1.82293761       3.96468786E-05   4.89180237E-02
   3.00000000       800.000000      0.144470185       18.5468769      0.104501963       5.63386490E-11   3.41352643E-05   1.23618217E-02  -4.68932981E-08  -1.81580973       3.96400646E-05   4.98444326E-02
   4.00000000       800.000000      0.145599216       18.6916237      0.103276603       5.52460092E-11   3.50498449E-05   1.22171417E-02  -5.07913356E-08  -1.80848455       3.96326468E-05   5.07469438E-02
   5.00000000       800.000000      0.146730632       18.8387299      0.102053389       5.41680034E-11   3.59637634E-05   1.20741706E-02  -5.35486855E-08  -1.80097449       3.96248142E-05   5.16249277E-02
   6.00000000       800.000000      0.147886083       18.9852219      0.100832477       5.31042675E-11   3.68769288E-05   1.19327726E-02  -5.51831754E-08  -1.79327381       3.96166251E-05   5.24782464E-02
   7.00000000       800.000000      0.149040878       19.1336536       9.96137932E-02   5.20554017E-11   3.77892393E-05   1.17934840E-02  -5.57319879E-08  -1.78539324       3.96082614E-05   5.33069186E-02
   8.00000000       800.000000      0.150206983       19.2841053       9.83970314E-02   5.10215724E-11   3.87005239E-05   1.16559425E-02  -5.52502186E-08  -1.77731109       3.95999887E-05   5.41104078E-02
   9.00000000       800.000000      0.151375279       19.4338169       9.71846655E-02   5.00013954E-11   3.96106770E-05   1.15194423E-02  -5.38077281E-08  -1.76906395       3.95919269E-05   5.48882149E-02
   10.0000000       800.000000      0.152559474       19.5859928       9.59753692E-02   4.89958109E-11   4.05195933E-05   1.13847330E-02  -5.14878344E-08  -1.76063299       3.95840398E-05   5.56403361E-02
   11.0000000       800.000000      0.153755501       19.7391071       9.47678238E-02   4.80044615E-11   4.14270871E-05   1.12515409E-02  -4.83850542E-08  -1.75202882       3.95766328E-05   5.63667156E-02
   12.0000000       800.000000      0.154966682       19.8943138       9.35653672E-02   4.70271634E-11   4.23330566E-05   1.11198351E-02  -4.46021211E-08  -1.74323773       3.95696479E-05   5.70668317E-02
   13.0000000       800.000000      0.156182289       20.0499210       9.23663974E-02   4.60642947E-11   4.32373199E-05   1.09900255E-02  -4.02481639E-08  -1.73426557       3.95633797E-05   5.77403717E-02
   2.00000000       800.000000      0.157407701       20.2067699       9.11711231E-02   4.51154530E-11   4.41398370E-05   1.08608184E-02  -3.54358960E-08  -1.72512925       3.95578281E-05   5.83873987E-02
   3.00000000       800.000000      0.158632427       20.3635406       8.99795443E-02   4.41800173E-11   4.50402695E-05   1.07342983E-02  -3.02798036E-08  -1.71581328       3.95529460E-05   5.90078905E-02
   4.00000000       800.000000      0.159881696       20.5234394       8.87918472E-02   4.32582997E-11   4.59386320E-05   1.06086163E-02  -2.48935077E-08  -1.70633972       3.95489660E-05   5.96012995E-02
   5.00000000       800.000000      0.161134437       20.6836548       8.76083151E-02   4.23511434E-11   4.68346043E-05   1.04845753E-02  -1.93879526E-08  -1.69667137       3.95459101E-05   6.01674356E-02
   6.00000000       800.000000      0.162408039       20.8466339       8.64299387E-02   4.14576672E-11   4.77282520E-05   1.03621269E-02  -1.38696645E-08  -1.68686128       3.95436873E-05   6.07069097E-02
   7.00000000       800.000000      0.163673609       21.0080662       8.52565020E-02   4.05772568E-11   4.86192839E-05   1.02405231E-02  -8.43873238E-09  -1.67689192       3.95423231E-05   6.12181947E-02
   8.00000000       800.000000      0.164970547       21.1726456       8.40881020E-02   3.97103565E-11   4.95074237E-05   1.01203984E-02  -3.18772231E-09  -1.66675246       3.95417628E-05   6.17025904E-02
   9.00000000       800.000000      0.166260168       21.3390827       8.29245299E-02   3.88568899E-11   5.03926312E-05   1.00021232E-02   1.79980508E-09  -1.65645707       3.95420175E-05   6.21591695E-02
   10.0000000       800.000000      0.167571649       21.5048828       8.17662477E-02   3.80169472E-11   5.12746083E-05   9.88528039E-03   6.45013998E-09  -1.64599836       3.95431525E-05   6.25879467E-02
   11.0000000       800.000000      0.168884769       21.6747990       8.06142464E-02   3.71901780E-11   5.21534421E-05   9.76940710E-03   1.07002185E-08  -1.63540184       3.95449715E-05   6.29893616E-02
   12.0000000       800.000000      0.170220941       21.8437004       7.94673711E-02   3.63763950E-11   5.30287616E-05   9.65497177E-03   1.44980730E-08  -1.62464464       3.95473835E-05   6.33629858E-02
   13.0000000       800.000000      0.171562597       22.0148487       7.83260614E-02   3.55758756E-11   5.39001776E-05   9.54203401E-03   1.78032202E-08  -1.61374724       3.95504794E-05   6.37086183E-02
   2.00000000       800.000000      0.172911152       22.1867790       7.71911591E-02   3.47881619E-11   5.47678574E-05   9.42995772E-03   2.05864747E-08  -1.60268664       3.95540192E-05   6.40266538E-02
   3.00000000       800.000000      0.174262822       22.3595982       7.60622472E-02   3.40132505E-11   5.56314044E-05   9.31943394E-03   2.28299850E-08  -1.59149075       3.95580028E-05   6.43169582E-02
   4.00000000       800.000000      0.175636902       22.5350342       7.49404356E-02   3.32513218E-11   5.64907277E-05   9.21057910E-03   2.45268659E-08  -1.58018315       3.95622701E-05   6.45794198E-02
   5.00000000       800.000000      0.177029908       22.7109966       7.38248378E-02   3.25022891E-11   5.73454745E-05   9.10283625E-03   2.56803379E-08  -1.56875193       3.95668321E-05   6.48142621E-02
   6.00000000       800.000000      0.178427994       22.8897495       7.27158263E-02   3.17652640E-11   5.81956920E-05   8.99639912E-03   2.63034980E-08  -1.55714524       3.95715288E-05   6.50215372E-02
   7.00000000       800.000000      0.179832757       23.0675335       7.16141686E-02   3.10409858E-11   5.90409145E-05   8.89058318E-03   2.64182454E-08  -1.54543281       3.95762618E-05   6.52014464E-02
   8.00000000       800.000000      0.181247130       23.2492962       7.05190822E-02   3.03290969E-11   5.98810402E-05   8.78669228E-03   2.60541331E-08  -1.53360629       3.95809548E-05   6.53538182E-02
   9.00000000       800.000000      0.182678327       23.4303741       6.94315881E-02   2.96293233E-11   6.07159091E-05   8.68386496E-03   2.52476937E-08  -1.52165484       3.95856114E-05   6.54787272E-02
   10.0000000       800.000000      0.184120178       23.6137962       6.83516562E-02   2.89420606E-11   6.15452009E-05   8.58171657E-03   2.40412632E-08  -1.50958562       3.95900715E-05   6.55769482E-02
   11.0000000       800.000000      0.185574606       23.7995758       6.72791451E-02   2.82666876E-11   6.23688466E-05   8.48149322E-03   2.24815420E-08  -1.49739957       3.95942297E-05   6.56479970E-02
   12.0000000       800.000000      0.187039450       23.9845982       6.62148669E-02   2.76030743E-11   6.31864532E-05   8.38219840E-03   2.06189199E-08  -1.48513043       3.95980387E-05   6.56923503E-02
   13.0000000       800.000000      0.188515589       24.1725788       6.51579797E-02   2.69518331E-11   6.39980208E-05   8.28362349E-03   1.85059150E-08  -1.47274709       3.96015166E-05   6.57102391E-02
   2.00000000       800.000000      0.190003842       24.3626595       6.41096830E-02   2.63120255E-11   6.48030764E-05   8.18645954E-03   1.61964486E-08  -1.46024919       3.96046453E-05   6.57016411E-02
   3.00000000       800.000000      0.191507503       24.5538692       6.30700514E-02   2.56836809E-11   6.56014745E-05   8.09086300E-03   1.37444278E-08  -1.44766247       3.96072501E-05   6.56672567E-02
   4.00000000       800.000000      0.193027228       24.7454605       6.20359890E-02   2.50671740E-11   6.63931787E-05   7.99572468E-03   1.12029905E-08  -1.43498647       3.96094219E-05   6.56068251E-02
   5.00000000       800.000000      0.194553345       24.9383144       6.10124208E-02   2.44617764E-11   6.71775997E-05   7.90214445E-03   8.62349925E-09  -1.42222285       3.96111100E-05   6.55214936E-02
   6.00000000       800.000000      0.196085945       25.1336231       5.99996150E-02   2.38684784E-11   6.79549485E-05   7.80976610E-03   6.05474382E-09  -1.40940702       3.96123032E-05   6.54103681E-02
   7.00000000       800.000000      0.197636858       25.3313236       5.89927733E-02   2.32856599E-11   6.87244537E-05   7.71820592E-03   3.54220475E-09  -1.39651453       3.96130308E-05   6.52748495E-02
   8.00000000       800.000000      0.199212298       25.5304661       5.79970106E-02   2.27145334E-11   6.94864502E-05   7.62748532E-03   1.12743037E-09  -1.38352430       3.96132382E-05   6.51143789E-02
   9.00000000       800.000000      0.200781316       25.7297115       5.70082888E-02   2.21545646E-11   7.02403631E-05   7.53789069E-03  -1.15248489E-09  -1.37042654       3.96130345E-05   6.49304688E-02
   10.0000000       800.000000      0.202371761       25.9304714       5.60303703E-02   2.16040050E-11   7.09865708E-05   7.44993286E-03  -3.26524585E-09  -1.35732639       3.96123032E-05   6.47224933E-02
   11.0000000       800.000000      0.203978211       26.1335907       5.50595820E-02   2.10650906E-11   7.17237126E-05   7.36235641E-03  -5.18370147E-09  -1.34418869       3.96113028E-05   6.44912496E-02
   12.0000000       800.000000      0.205590189       26.3390236       5.40984198E-02   2.05376844E-11   7.24524871E-05   7.27606565E-03  -6.88595048E-09  -1.33086884       3.96098403E-05   6.42374232E-02
   13.0000000       800.000000      0.207215562       26.5462608       5.31475320E-02   2.00195555E-11   7.31722757E-05   7.19069364E-03  -8.35540881E-09  -1.31762278       3.96081523E-05   6.39609396E-02
   2.00000000       800.000000      0.208862230       26.7531796       5.22092395E-02   1.95116093E-11   7.38830931E-05   7.10659986E-03  -9.58083035E-09  -1.30432475       3.96061150E-05   6.36622086E-02
   3.00000000       800.000000      0.210511744       26.9634609       5.12780212E-02   1.90153917E-11   7.45843645E-05   7.02286651E-03  -1.05560627E-08  -1.29094517       3.96038777E-05   6.33422211E-02
   4.00000000       800.000000      0.212182373       27.1744270       5.03549092E-02   1.85285398E-11   7.52761189E-05   6.94070477E-03  -1.12799192E-08  -1.27752018       3.96015021E-05   6.30013049E-02
   5.00000000       800.000000      0.213867262       27.3881035       4.94455174E-02   1.80513694E-11   7.59580798E-05   6.85897376E-03  -1.17557901E-08  -1.26407981       3.95989773E-05   6.26398027E-02
   6.00000000       800.000000      0.215570495       27.6017551       4.85445671E-02   1.75847895E-11   7.66302328E-05   6.77871471E-03  -1.19913857E-08  -1.25063753       3.95964089E-05   6.22583777E-02
   7.00000000       800.000000      0.217280358       27.8196926       4.76520397E-02   1.71277454E-11   7.72920030E-05   6.69918116E-03  -1.19981998E-08  -1.23715150       3.95937896E-05   6.18574694E-02
   8.00000000       800.000000      0.218995273       28.0367794       4.67728637E-02   1.66804487E-11   7.79434922E-05   6.62044343E-03  -1.17911645E-08  -1.22363734       3.95912903E-05   6.14376664E-02
   9.00000000       800.000000      0.220740929       28.2576332       4.59020436E-02   1.62424692E-11   7.85842785E-05   6.54283445E-03  -1.13880123E-08  -1.21011508       3.95887037E-05   6.09998181E-02
   10.0000000       800.000000      0.222490728       28.4788132       4.50411625E-02   1.58144435E-11   7.92139399E-05   6.46595843E-03  -1.08089440E-08  -1.19660687       3.95863099E-05   6.05435707E-02
   11.0000000       800.000000      0.224248633       28.7025547       4.41916510E-02   1.53952129E-11   7.98329347E-05   6.39025262E-03  -1.00759205E-08  -1.18307579       3.95840470E-05   6.00707307E-02
   12.0000000       800.000000      0.226034790       28.9273281       4.33521084E-02   1.49851520E-11   8.04405572E-05   6.31523132E-03  -9.21226739E-09  -1.16954875       3.95819261E-05   5.95813915E-02
   13.0000000       800.000000      0.227838799       29.1540203       4.25237305E-02   1.45844951E-11   8.10366691E-05   6.24099979E-03  -8.24212787E-09  -1.15603173       3.95800635E-05   5.90758771E-02
   2.00000000       800.000000      0.229636580       29.3828106       4.17056754E-02   1.41922767E-11   8.16212050E-05   6.16815872E-03  -7.18991400E-09  -1.14252830       3.95784336E-05   5.85547015E-02
   3.00000000       800.000000      0.231463313       29.6143074       4.08979654E-02   1.38092402E-11   8.21939029E-05   6.09568786E-03  -6.07996586E-09  -1.12903249       3.95770257E-05   5.80191910E-02
   4.00000000       800.000000      0.233298600       29.8444633       4.01006564E-02   1.34345183E-11   8.27547119E-05   6.02404959E-03  -4.93595032E-09  -1.11556387       3.95759416E-05   5.74693456E-02
   5.00000000       800.000000      0.235164225       30.0788250       3.93144488E-02   1.30685558E-11   8.33030936E-05   5.95342275E-03  -3.78072640E-09  -1.10211492       3.95750139E-05   5.69061525E-02
   6.00000000       800.000000      0.237021416       30.3152733       3.85392420E-02   1.27112531E-11   8.38393171E-05   5.88334911E-03  -2.63547761E-09  -1.08869267       3.95743227E-05   5.63301295E-02
   7.00000000       800.000000      0.238909259       30.5545444       3.77742648E-02   1.23617228E-11   8.43629241E-05   5.81441866E-03  -1.52153190E-09  -1.07530141       3.95740281E-05   5.57425581E-02
   8.00000000       800.000000      0.240805298       30.7942753       3.70202884E-02   1.20206076E-11   8.48741765E-05   5.74600790E-03  -4.55082499E-10  -1.06194317       3.95738716E-05   5.51423840E-02
   9.00000000       800.000000      0.242732763       31.0363560       3.62766087E-02   1.16875945E-11   8.53725505E-05   5.67884697E-03   5.51208468E-10  -1.04863703       3.95740535E-05   5.45316413E-02
   10.0000000       800.000000      0.244650185       31.2805672       3.55440229E-02   1.13621092E-11   8.58575368E-05   5.61211025E-03   1.47702184E-09  -1.03537416       3.95743918E-05   5.39103225E-02
   11.0000000       800.000000      0.246601894       31.5240726       3.48224118E-02   1.10447936E-11   8.63298847E-05   5.54634025E-03   2.31522135E-09  -1.02214885       3.95749594E-05   5.32802157E-02
   12.0000000       800.000000      0.248575494       31.7732716       3.41115035E-02   1.07349494E-11   8.67896306E-05   5.48096141E-03   3.05547632E-09  -1.00899208       3.95757233E-05   5.26408963E-02
   13.0000000       800.000000      0.250549018       32.0229034       3.34108658E-02   1.04326053E-11   8.72351156E-05   5.41681098E-03   3.69155928E-09 -0.995879233       3.95766365E-05   5.19930720E-02
   2.00000000       800.000000      0.252544135       32.2734489       3.27214040E-02   1.01375930E-11   8.76668419E-05   5.35298930E-03   4.21908997E-09 -0.982830584       3.95777206E-05   5.13379164E-02
   3.00000000       800.000000      0.254557490       32.5260506       3.20425779E-02   9.84985010E-12   8.80861699E-05   5.29008592E-03   4.63607996E-09 -0.969840825       3.95788520E-05   5.06753400E-02
   4.00000000       800.000000      0.256586730       32.7818604       3.13740410E-02   9.56925077E-12   8.84910114E-05   5.22805424E-03   4.94254992E-09 -0.956928134       3.95802126E-05   5.00070192E-02
   5.00000000       800.000000      0.258610994       33.0395813       3.07164770E-02   9.29562764E-12   8.88827126E-05   5.16681932E-03   5.14062348E-09 -0.944082618       3.95815186E-05   4.93324436E-02
   6.00000000       800.000000      0.260681123       33.2992859       3.00694462E-02   9.02887834E-12   8.92601893E-05   5.10598673E-03   5.23414867E-09 -0.931312323       3.95828392E-05   4.86517623E-02
   7.00000000       800.000000      0.262756377       33.5623474       2.94330604E-02   8.76888492E-12   8.96245911E-05   5.04607987E-03   5.22861487E-09 -0.918616772       3.95841780E-05   4.79687452E-02
   8.00000000       800.000000      0.264846563       33.8261070       2.88071316E-02   8.51546091E-12   8.99739753E-05   4.98680398E-03   5.13110132E-09 -0.906002223       3.95855750E-05   4.72808629E-02
   9.00000000       800.000000      0.266964108       34.0918350       2.81916894E-02   8.26854297E-12   9.03112305E-05   4.92846826E-03   4.94969399E-09 -0.893471181       3.95869138E-05   4.65885587E-02
   10.0000000       800.000000      0.269089431       34.3593788       2.75866389E-02   8.02797238E-12   9.06333735E-05   4.87041846E-03   4.69342476E-09 -0.881028652       3.95882089E-05   4.58946377E-02
   11.0000000       800.000000      0.271236569       34.6304741       2.69919671E-02   7.79363900E-12   9.09412629E-05   4.81320778E-03   4.37166259E-09 -0.868674457       3.95893148E-05   4.51989435E-02
   12.0000000       800.000000      0.273390830       34.9008446       2.64077634E-02   7.56539449E-12   9.12357063E-05   4.75687394E-03   3.99446476E-09 -0.856412292       3.95904026E-05   4.45008986E-02
   13.0000000       800.000000      0.275573671       35.1773834       2.58335900E-02   7.34317902E-12   9.15158016E-05   4.70086467E-03   3.57231533E-09 -0.844246507       3.95913921E-05   4.38023433E-02
   2.00000000       800.000000      0.277770936       35.4531212       2.52697151E-02   7.12678527E-12   9.17821817E-05   4.64560464E-03   3.11601944E-09 -0.832173109       3.95922507E-05   4.31028791E-02
   3.00000000       800.000000      0.279982239       35.7325478       2.47154087E-02   6.91623581E-12   9.20344464E-05   4.59105335E-03   2.63615552E-09 -0.820201576       3.95929783E-05   4.24042083E-02
   4.00000000       800.000000      0.282222867       36.0137329       2.41716765E-02   6.71116548E-12   9.22724576E-05   4.53735888E-03   2.14290163E-09 -0.808338940       3.95936149E-05   4.17068489E-02
   5.00000000       800.000000      0.284471065       36.2968369       2.36376468E-02   6.51171088E-12   9.24980341E-05   4.48411889E-03   1.64593517E-09 -0.796569586       3.95940879E-05   4.10075039E-02
   6.00000000       800.000000      0.286742091       36.5804558       2.31133346E-02   6.31758751E-12   9.27081492E-05   4.43145772E-03   1.15431176E-09 -0.784916818       3.95944335E-05   4.03121375E-02
   7.00000000       800.000000      0.289016098       36.8690605       2.25991458E-02   6.12878932E-12   9.29051021E-05   4.37927712E-03   6.76373180E-10 -0.773359060       3.95946481E-05   3.96191142E-02
   8.00000000       800.000000      0.291324228       37.1585426       2.20944136E-02   5.94509641E-12   9.30883907E-05   4.32782946E-03   2.19645815E-10 -0.761923969       3.95947063E-05   3.89284194E-02
   9.00000000       800.000000      0.293644518       37.4530144       2.15992201E-02   5.76644114E-12   9.32578259E-05   4.27717250E-03  -2.09251103E-10 -0.750580728       3.95946809E-05   3.82401384E-02
   10.0000000       800.000000      0.296003997       37.7481918       2.11134534E-02   5.59272984E-12   9.34135896E-05   4.22675535E-03  -6.04648664E-10 -0.739363909       3.95944444E-05   3.75554748E-02
   11.0000000       800.000000      0.298353791       38.0451622       2.06371006E-02   5.42385754E-12   9.35566713E-05   4.17715404E-03  -9.61877689E-10 -0.728266120       3.95941315E-05   3.68746705E-02
   12.0000000       800.000000      0.300734103       38.3437805       2.01701075E-02   5.25972278E-12   9.36843862E-05   4.12828615E-03  -1.27727695E-09 -0.717277646       3.95937750E-05   3.61979343E-02
   13.0000000       800.000000      0.303147912       38.6467476       1.97121669E-02   5.10014123E-12   9.38007215E-05   4.07980289E-03  -1.54818147E-09 -0.706402361       3.95933421E-05   3.55258957E-02
   2.00000000       800.000000      0.305555582       38.9513550       1.92632694E-02   4.94505391E-12   9.39044767E-05   4.03188355E-03  -1.77290560E-09 -0.695650697       3.95927673E-05   3.48589793E-02
   3.00000000       800.000000      0.307996303       39.2577019       1.88233256E-02   4.79435675E-12   9.39943275E-05   3.98445548E-03  -1.95071270E-09 -0.685018003       3.95921852E-05   3.41969356E-02
   4.00000000       800.000000      0.310469896       39.5681572       1.83922164E-02   4.64794913E-12   9.40690516E-05   3.93772079E-03  -2.08172901E-09 -0.674502373       3.95915013E-05   3.35407257E-02
   5.00000000       800.000000      0.312931180       39.8770142       1.79698709E-02   4.50569920E-12   9.41350372E-05   3.89161846E-03  -2.16693286E-09 -0.664109766       3.95908573E-05   3.28906365E-02
   6.00000000       800.000000      0.315432847       40.1933212       1.75560042E-02   4.36754539E-12   9.41852559E-05   3.84585722E-03  -2.20804175E-09 -0.653836489       3.95901516E-05   3.22465226E-02
   7.00000000       800.000000      0.317947745       40.5082169       1.71507802E-02   4.23335542E-12   9.42265688E-05   3.80064291E-03  -2.20735052E-09 -0.643684506       3.95894676E-05   3.16088274E-02
   8.00000000       800.000000      0.320495814       40.8281288       1.67538617E-02   4.10306034E-12   9.42536208E-05   3.75590357E-03  -2.16784390E-09 -0.633653879       3.95887182E-05   3.09779886E-02
   9.00000000       800.000000      0.323059022       41.1489258       1.63651761E-02   3.97651877E-12   9.42667539E-05   3.71178216E-03  -2.09281548E-09 -0.623745739       3.95880306E-05   3.03543732E-02
   10.0000000       800.000000      0.325634599       41.4749947       1.59846433E-02   3.85369080E-12   9.42722691E-05   3.66843888E-03  -1.98613614E-09 -0.613963068       3.95874195E-05   2.97375415E-02
   11.0000000       800.000000      0.328246117       41.8027420       1.56120826E-02   3.73443941E-12   9.42628685E-05   3.62519966E-03  -1.85188309E-09 -0.604302883       3.95868628E-05   2.91282628E-02
   12.0000000       800.000000      0.330868602       42.1312904       1.52474949E-02   3.61869649E-12   9.42458719E-05   3.58268386E-03  -1.69449332E-09 -0.594765484       3.95862626E-05   2.85265986E-02
   13.0000000       800.000000      0.333499759       42.4624519       1.48906223E-02   3.50633932E-12   9.42148836E-05   3.54065490E-03  -1.51835278E-09 -0.585350335       3.95857387E-05   2.79329345E-02
   2.00000000       800.000000      0.336178690       42.7972488       1.45413987E-02   3.39733580E-12   9.41708859E-05   3.49903130E-03  -1.32792943E-09 -0.576057851       3.95852912E-05   2.73468848E-02
   3.00000000       800.000000      0.338866234       43.1343956       1.41997542E-02   3.29154043E-12   9.41208127E-05   3.45800561E-03  -1.12756060E-09 -0.566889822       3.95848801E-05   2.67689507E-02
   4.00000000       800.000000      0.341564178       43.4764404       1.38654085E-02   3.18890791E-12   9.40590980E-05   3.41731613E-03  -9.21506260E-10 -0.557845294       3.95845782E-05   2.61992756E-02
   5.00000000       800.000000      0.344298780       43.8198090       1.35384835E-02   3.08933066E-12   9.39836536E-05   3.37724457E-03  -7.13785031E-10 -0.548922837       3.95843344E-05   2.56379452E-02
   6.00000000       800.000000      0.347046673       44.1641579       1.32186022E-02   2.99273822E-12   9.39020538E-05   3.33756837E-03  -5.08158238E-10 -0.540121973       3.95841889E-05   2.50848215E-02
   7.00000000       800.000000      0.349838823       44.5138283       1.29057774E-02   2.89903778E-12   9.38049343E-05   3.29839648E-03  -3.08132075E-10 -0.531441867       3.95840907E-05   2.45406721E-02
   8.00000000       800.000000      0.352615893       44.8651733       1.25999125E-02   2.80819790E-12   9.37025834E-05   3.25965765E-03  -1.16829976E-10 -0.522881627       3.95840216E-05   2.40046233E-02
   9.00000000       800.000000      0.355454803       45.2186356       1.23008573E-02   2.72005357E-12   9.35926437E-05   3.22143291E-03   6.30245370E-11 -0.514442980       3.95840289E-05   2.34772637E-02
   10.0000000       800.000000      0.358279139       45.5763397       1.20084211E-02   2.63457940E-12   9.34727068E-05   3.18344566E-03   2.29052638E-10 -0.506125033       3.95841416E-05   2.29587089E-02
   11.0000000       800.000000      0.361149102       45.9357567       1.17225256E-02   2.55173421E-12   9.33408810E-05   3.14616994E-03   3.79323795E-10 -0.497926116       3.95842835E-05   2.24487297E-02
   12.0000000       800.000000      0.364027262       46.2968864       1.14431428E-02   2.47139635E-12   9.32039620E-05   3.10907932E-03   5.12306308E-10 -0.489844888       3.95844545E-05   2.19473820E-02
   13.0000000       800.000000      0.366944253       46.6631355       1.11699179E-02   2.39350488E-12   9.30584138E-05   3.07272980E-03   6.26888208E-10 -0.481881261       3.95846364E-05   2.14549359E-02
   2.00000000       800.000000      0.369876415       47.0312233       1.09029803E-02   2.31800169E-12   9.29030575E-05   3.03652370E-03   7.22350457E-10 -0.474038899       3.95849711E-05   2.09711529E-02
   3.00000000       800.000000      0.372847915       47.4044495       1.06421150E-02   2.24481371E-12   9.27407818E-05   3.00088921E-03   7.98386912E-10 -0.466306925       3.95852621E-05   2.04961058E-02
   4.00000000       800.000000      0.375840873       47.7758026       1.03871897E-02   2.17387870E-12   9.25688364E-05   2.96560512E-03   8.55017113E-10 -0.458691001       3.95855568E-05   2.00297348E-02
   5.00000000       800.000000      0.378836393       48.1548996       1.01381484E-02   2.10512098E-12   9.23925618E-05   2.93074455E-03   8.92617258E-10 -0.451193452       3.95858697E-05   1.95720606E-02
   6.00000000       800.000000      0.381849557       48.5329056       9.89474636E-03   2.03848396E-12   9.22069812E-05   2.89633614E-03   9.11886733E-10 -0.443802923       3.95862771E-05   1.91231258E-02
   7.00000000       800.000000      0.384928495       48.9166336       9.65701602E-03   1.97392406E-12   9.20177918E-05   2.86240014E-03   9.13750464E-10 -0.436527967       3.95866373E-05   1.86826680E-02
   8.00000000       800.000000      0.388007849       49.3037720       9.42476187E-03   1.91134673E-12   9.18185324E-05   2.82868883E-03   8.99449959E-10 -0.429363132       3.95869502E-05   1.82507839E-02
   9.00000000       800.000000      0.391112477       49.6939621       9.19788610E-03   1.85071923E-12   9.16174686E-05   2.79558334E-03   8.70348627E-10 -0.422308594       3.95873321E-05   1.78274121E-02
   10.0000000       800.000000      0.394236952       50.0870171       8.97629093E-03   1.79197163E-12   9.14075354E-05   2.76276725E-03   8.28040525E-10 -0.415363252       3.95876232E-05   1.74124967E-02
   11.0000000       800.000000      0.397388846       50.4830971       8.75990558E-03   1.73505123E-12   9.11900424E-05   2.73028156E-03   7.74201814E-10 -0.408525079       3.95879833E-05   1.70058291E-02
   12.0000000       800.000000      0.400564700       50.8813133       8.54854938E-03   1.67990600E-12   9.09701848E-05   2.69806059E-03   7.10582315E-10 -0.401791662       3.95882271E-05   1.66075025E-02
   13.0000000       800.000000      0.403795749       51.2825050       8.34212732E-03   1.62649245E-12   9.07435824E-05   2.66647199E-03   6.38991526E-10 -0.395163685       3.95884963E-05   1.62173826E-02
   2.00000000       800.000000      0.406995207       51.6878319       8.14054068E-03   1.57474316E-12   9.05133566E-05   2.63503240E-03   5.61246327E-10 -0.388645440       3.95887037E-05   1.58354081E-02
   3.00000000       800.000000      0.410275906       52.0953789       7.94368796E-03   1.52461897E-12   9.02778702E-05   2.60410109E-03   4.79142281E-10 -0.382222950       3.95889110E-05   1.54613974E-02
   4.00000000       800.000000      0.413564175       52.5095062       7.75153330E-03   1.47606298E-12   9.00377636E-05   2.57351343E-03   3.94436594E-10 -0.375903636       3.95890893E-05   1.50952972E-02
   5.00000000       800.000000      0.416869521       52.9231834       7.56388996E-03   1.42904015E-12   8.97941791E-05   2.54335394E-03   3.08813475E-10 -0.369685382       3.95892348E-05   1.47370454E-02
   6.00000000       800.000000      0.420203984       53.3436661       7.38070020E-03   1.38347168E-12   8.95449630E-05   2.51340889E-03   2.23830648E-10 -0.363569707       3.95892748E-05   1.43865179E-02
   7.00000000       800.000000      0.423574746       53.7655487       7.20183877E-03   1.33936731E-12   8.92949029E-05   2.48384685E-03   1.40937900E-10 -0.357549518       3.95892894E-05   1.40436403E-02
   8.00000000       800.000000      0.426962882       54.1887779       7.02727446E-03   1.29663760E-12   8.90401789E-05   2.45473185E-03   6.14487905E-11 -0.351623625       3.95893730E-05   1.37083055E-02
   9.00000000       800.000000      0.430381179       54.6191368       6.85677864E-03   1.25524764E-12   8.87824062E-05   2.42577516E-03  -1.34843473E-11 -0.345798910       3.95893803E-05   1.33802919E-02
   10.0000000       800.000000      0.433835030       55.0515404       6.69041323E-03   1.21517694E-12   8.85220143E-05   2.39719311E-03  -8.28637090E-11 -0.340063095       3.95893585E-05   1.30595881E-02
   11.0000000       800.000000      0.437294513       55.4855461       6.52795797E-03   1.17636890E-12   8.82583190E-05   2.36905436E-03  -1.45866916E-10 -0.334419668       3.95892057E-05   1.27460705E-02
   12.0000000       800.000000      0.440796643       55.9234009       6.36938401E-03   1.13878926E-12   8.79943764E-05   2.34127021E-03  -2.01838574E-10 -0.328869432       3.95891839E-05   1.24395946E-02
   13.0000000       800.000000      0.444335788       56.3692284       6.21468248E-03   1.10239725E-12   8.77278362E-05   2.31364835E-03  -2.50296200E-10 -0.323409945       3.95890893E-05   1.21400207E-02
   2.00000000       800.000000      0.447884768       56.8128738       6.06369739E-03   1.06716394E-12   8.74591642E-05   2.28646700E-03  -2.90922370E-10 -0.318038493       3.95889765E-05   1.18474439E-02
   3.00000000       800.000000      0.451492101       57.2652702       5.91621827E-03   1.03303846E-12   8.71891752E-05   2.25969823E-03  -3.23557486E-10 -0.312755376       3.95887910E-05   1.15614841E-02
   4.00000000       800.000000      0.455087274       57.7184486       5.77235734E-03   9.99997611E-13   8.69174037E-05   2.23303516E-03  -3.48192503E-10 -0.307557523       3.95886163E-05   1.12821385E-02
   5.00000000       800.000000      0.458740443       58.1730003       5.63187711E-03   9.68008117E-13   8.66453775E-05   2.20680214E-03  -3.64963726E-10 -0.302444875       3.95884854E-05   1.10093756E-02
   6.00000000       800.000000      0.462410837       58.6358948       5.49488887E-03   9.37029100E-13   8.63731111E-05   2.18090974E-03  -3.74128645E-10 -0.297415197       3.95883362E-05   1.07428534E-02
   7.00000000       800.000000      0.466109008       59.0983734       5.36112580E-03   9.07041261E-13   8.61008593E-05   2.15519336E-03  -3.76065568E-10 -0.292468458       3.95880925E-05   1.04826251E-02
   8.00000000       800.000000      0.469850868       59.5668716       5.23058092E-03   8.77999875E-13   8.58287895E-05   2.12988979E-03  -3.71255193E-10 -0.287604541       3.95879506E-05   1.02285175E-02
   9.00000000       800.000000      0.473630607       60.0369263       5.10319183E-03   8.49893181E-13   8.55571561E-05   2.10475991E-03  -3.60271590E-10 -0.282818317       3.95877723E-05   9.98040009E-03
   10.0000000       800.000000      0.477417022       60.5153427       4.97886073E-03   8.22669949E-13   8.52858939E-05   2.07997137E-03  -3.43755580E-10 -0.278112113       3.95876305E-05   9.73822363E-03
   11.0000000       800.000000      0.481236160       60.9947357       4.85754199E-03   7.96318252E-13   8.50154538E-05   2.05554510E-03  -3.22385563E-10 -0.273483574       3.95874413E-05   9.50184744E-03
   12.0000000       800.000000      0.485106736       61.4788399       4.73915460E-03   7.70804210E-13   8.47468182E-05   2.03132699E-03  -2.96859759E-10 -0.268929154       3.95873176E-05   9.27115418E-03
   13.0000000       800.000000      0.489003509       61.9645309       4.62361705E-03   7.46100284E-13   8.44803653E-05   2.00747466E-03  -2.67915884E-10 -0.264453441       3.95871684E-05   9.04598273E-03
   2.00000000       800.000000      0.492917389       62.4534645       4.51084506E-03   7.22183110E-13   8.42158988E-05   1.98377087E-03  -2.36308029E-10 -0.260048538       3.95871066E-05   8.82625673E-03
   3.00000000       800.000000      0.496857613       62.9518318       4.40081861E-03   6.99029213E-13   8.39533241E-05   1.96040911E-03  -2.02786496E-10 -0.255717069       3.95870011E-05   8.61186069E-03
   4.00000000       800.000000      0.500846684       63.4490204       4.29344689E-03   6.76613821E-13   8.36945110E-05   1.93738728E-03  -1.68079453E-10 -0.251456976       3.95868447E-05   8.40270985E-03
   5.00000000       800.000000      0.504872501       63.9528084       4.18864144E-03   6.54904299E-13   8.34387974E-05   1.91451155E-03  -1.32883204E-10 -0.247265175       3.95867901E-05   8.19868036E-03
   6.00000000       800.000000      0.508909047       64.4573593       4.08641296E-03   6.33890726E-13   8.31866637E-05   1.89205632E-03  -9.78455719E-11 -0.243145749       3.95867719E-05   7.99966976E-03
   7.00000000       800.000000      0.512971818       64.9687729       3.98658542E-03   6.13548275E-13   8.29384007E-05   1.86968897E-03  -6.35751035E-11 -0.239090949       3.95867246E-05   7.80556025E-03
   8.00000000       800.000000      0.517089903       65.4843674       3.88920982E-03   5.93850056E-13   8.26953983E-05   1.84773572E-03  -3.06160132E-11 -0.235104039       3.95866591E-05   7.61623960E-03
   9.00000000       800.000000      0.521240056       66.0012741       3.79415392E-03   5.74783602E-13   8.24572344E-05   1.82594161E-03   5.42285780E-13 -0.231182963       3.95867610E-05   7.43162865E-03
   10.0000000       800.000000      0.525399923       66.5273361       3.70142958E-03   5.56320669E-13   8.22243528E-05   1.80438708E-03   2.94798803E-11 -0.227326572       3.95867100E-05   7.25165475E-03
   11.0000000       800.000000      0.529633105       67.0519409       3.61091085E-03   5.38447108E-13   8.19982306E-05   1.78320159E-03   5.58446830E-11 -0.223532170       3.95867064E-05   7.07617076E-03
   12.0000000       800.000000      0.533852458       67.5886993       3.52258258E-03   5.21144326E-13   8.17784385E-05   1.76209421E-03   7.93557511E-11 -0.219800502       3.95867719E-05   6.90504583E-03
   13.0000000       800.000000      0.538169861       68.1238251       3.43636237E-03   5.04389390E-13   8.15664462E-05   1.74140709E-03   9.98008551E-11 -0.216129377       3.95867937E-05   6.73834281E-03
   2.00000000       800.000000      0.542478204       68.6609192       3.35221412E-03   4.88169347E-13   8.13618972E-05   1.72089646E-03   1.17039670E-10 -0.212516502       3.95868592E-05   6.57576555E-03
   3.00000000       800.000000      0.546837091       69.2043610       3.27006774E-03   4.72456492E-13   8.11664140E-05   1.70055323E-03   1.30996533E-10 -0.208966851       3.95869793E-05   6.41738018E-03
   4.00000000       800.000000      0.551184714       69.7545853       3.18993069E-03   4.57250015E-13   8.09803896E-05   1.68052549E-03   1.41657311E-10 -0.205474854       3.95870265E-05   6.26303395E-03
   5.00000000       800.000000      0.555633724       70.3113556       3.11171031E-03   4.42527688E-13   8.08039476E-05   1.66077085E-03   1.49072088E-10 -0.202032790       3.95870993E-05   6.11259276E-03
   6.00000000       800.000000      0.560065687       70.8701859       3.03535932E-03   4.28270131E-13   8.06386379E-05   1.64112542E-03   1.53340521E-10 -0.198652774       3.95872194E-05   5.96608361E-03
   7.00000000       800.000000      0.564574599       71.4266510       2.96083768E-03   4.14465120E-13   8.04848387E-05   1.62173493E-03   1.54606106E-10 -0.195322692       3.95872921E-05   5.82337566E-03
   8.00000000       800.000000      0.569091976       71.9988251       2.88808928E-03   4.01099943E-13   8.03438743E-05   1.60264911E-03   1.53060897E-10 -0.192052796       3.95873722E-05   5.68439718E-03
   9.00000000       800.000000      0.573642910       72.5662689       2.81705405E-03   3.88150910E-13   8.02162758E-05   1.58373639E-03   1.48929244E-10 -0.188829392       3.95874522E-05   5.54905692E-03
   10.0000000       800.000000      0.578249216       73.1417236       2.74770381E-03   3.75616584E-13   8.01032511E-05   1.56499248E-03   1.42458975E-10 -0.185659498       3.95875286E-05   5.41722402E-03
   11.0000000       800.000000      0.582887828       73.7225037       2.68003042E-03   3.63481353E-13   8.00058988E-05   1.54657592E-03   1.33935474E-10 -0.182539105       3.95876159E-05   5.28892595E-03
   12.0000000       800.000000      0.587557673       74.3115692       2.61394703E-03   3.51724699E-13   7.99253321E-05   1.52827532E-03   1.23652866E-10 -0.179468021       3.95876705E-05   5.16406167E-03
   13.0000000       800.000000      0.592285097       74.9019089       2.54941732E-03   3.40345726E-13   7.98626861E-05   1.51019602E-03   1.11911924E-10 -0.176446214       3.95877541E-05   5.04254410E-03
   2.00000000       800.000000      0.597044110       75.4963303       2.48642685E-03   3.29315324E-13   7.98195179E-05   1.49245944E-03   9.90489288E-11 -0.173470750       3.95878196E-05   4.92433971E-03
   3.00000000       800.000000      0.601813197       76.0937424       2.42490950E-03   3.18638887E-13   7.97970642E-05   1.47481693E-03   8.53495122E-11 -0.170542359       3.95878560E-05   4.80938377E-03
   4.00000000       800.000000      0.606662095       76.6995621       2.36483198E-03   3.08296357E-13   7.97968023E-05   1.45738886E-03   7.11278397E-11 -0.167658970       3.95879433E-05   4.69761482E-03
   5.00000000       800.000000      0.611538589       77.3089294       2.30616215E-03   2.98279739E-13   7.98200199E-05   1.44010084E-03   5.66622582E-11 -0.164819553       3.95879506E-05   4.58895508E-03
   6.00000000       800.000000      0.616429627       77.9216690       2.24885787E-03   2.88575885E-13   7.98692563E-05   1.42310571E-03   4.22321726E-11 -0.162024468       3.95879506E-05   4.48345765E-03
   7.00000000       800.000000      0.621346176       78.5425873       2.19286955E-03   2.79175961E-13   7.99452682E-05   1.40624854E-03   2.80847845E-11 -0.159270063       3.95879906E-05   4.38094046E-03
   8.00000000       800.000000      0.626343310       79.1605453       2.13819928E-03   2.70069367E-13   8.00510461E-05   1.38968753E-03   1.44539242E-11 -0.156557843       3.95880852E-05   4.28159162E-03
   9.00000000       800.000000      0.631355822       79.7936478       2.08478328E-03   2.61248353E-13   8.01874776E-05   1.37324748E-03   1.53931241E-12 -0.153885797       3.95879833E-05   4.18506470E-03
   10.0000000       800.000000      0.636449695       80.4251099       2.03259801E-03   2.52700855E-13   8.03582952E-05   1.35702291E-03  -1.04786518E-11 -0.151252761       3.95879506E-05   4.09177691E-03
   11.0000000       800.000000      0.641569495       81.0633545       1.98160415E-03   2.44418933E-13   8.05636082E-05   1.34088029E-03  -2.14526452E-11 -0.148656115       3.95880015E-05   4.00117738E-03
   12.0000000       800.000000      0.646703839       81.7070923       1.93176954E-03   2.36392936E-13   8.08087207E-05   1.32507423E-03  -3.12652196E-11 -0.146098614       3.95879360E-05   3.91402328E-03
   13.0000000       800.000000      0.651862979       82.3593216       1.88310142E-03   2.28615494E-13   8.10922284E-05   1.30938040E-03  -3.98187455E-11 -0.143573448       3.95878960E-05   3.82936979E-03
   2.00000000       800.000000      0.657104909       83.0148392       1.83547335E-03   2.21081833E-13   8.14233936E-05   1.29385141E-03  -4.70513212E-11 -0.141084924       3.95878924E-05   3.74859036E-03
   3.00000000       800.000000      0.662361264       83.6720734       1.78894249E-03   2.13782930E-13   8.17951659E-05   1.27845944E-03  -5.29657602E-11 -0.138626695       3.95878415E-05   3.66994343E-03
   4.00000000       800.000000      0.667716920       84.3404617       1.74347148E-03   2.06698848E-13   8.22237998E-05   1.26336783E-03  -5.73588364E-11 -0.136204809       3.95878014E-05   3.59600037E-03
   5.00000000       800.000000      0.673070669       85.0116577       1.69904402E-03   1.99846717E-13   8.26967880E-05   1.24835968E-03  -6.05777095E-11 -0.133804947       3.95878196E-05   3.52359354E-03
   6.00000000       800.000000      0.678464949       85.6865540       1.65556045E-03   1.93194446E-13   8.32379737E-05   1.23357389E-03  -6.25002480E-11 -0.131442949       3.95877651E-05   3.45727219E-03
   7.00000000       800.000000      0.683868349       86.3630829       1.61300960E-03   1.86751534E-13   8.38202759E-05   1.21886097E-03  -6.31327352E-11 -0.129097924       3.95876814E-05   3.39139788E-03
   8.00000000       800.000000      0.689361989       87.0500107       1.57147355E-03   1.80501705E-13   8.44904716E-05   1.20447751E-03  -6.26018820E-11 -0.126783729       3.95876377E-05   3.33425519E-03
   9.00000000       800.000000      0.694936693       87.7468338       1.53086102E-03   1.74448794E-13   8.51921432E-05   1.19017286E-03  -6.09950146E-11 -0.124480113       3.95875904E-05   3.27524124E-03
   10.0000000       800.000000      0.700467765       88.4404068       1.49115629E-03   1.68580495E-13   8.60117070E-05   1.17605552E-03  -5.84219825E-11 -0.122212119       3.95875904E-05   3.22978152E-03
   11.0000000       800.000000      0.706084132       89.1438522       1.45230012E-03   1.62896647E-13   8.68387724E-05   1.16205309E-03  -5.49986549E-11 -0.119937748       3.95875213E-05   3.17789498E-03
   12.0000000       800.000000      0.711785257       89.8559036       1.41436548E-03   1.57390133E-13   8.78314386E-05   1.14824076E-03  -5.08506258E-11 -0.117706716       3.95874740E-05   3.14838020E-03
   13.0000000       800.000000      0.717506111       90.5660553       1.37727323E-03   1.52053148E-13   8.87774004E-05   1.13463425E-03  -4.61043564E-11 -0.115437202       3.95874231E-05   3.10346182E-03
   2.00000000       800.000000      0.723254204       91.2924652       1.34104490E-03   1.46886680E-13   8.99788429E-05   1.12122530E-03  -4.08935073E-11 -0.113236733       3.95873722E-05   3.09731835E-03
   3.00000000       800.000000      0.729030788       92.0148239       1.30573753E-03   1.41885296E-13   9.10174058E-05   1.10791763E-03  -3.53456778E-11 -0.110939637       3.95873431E-05   3.05791153E-03
   4.00000000       800.000000      0.734885931       92.7492523       1.27124286E-03   1.37051815E-13   9.24805572E-05   1.09481800E-03  -2.96034239E-11 -0.108760938       3.95873467E-05   3.08828522E-03
   5.00000000       800.000000      0.740812361       93.4854507       1.23767834E-03   1.32383701E-13   9.35410862E-05   1.08187448E-03  -2.38338602E-11 -0.106381603       3.95873067E-05   3.04965489E-03
   6.00000000       800.000000      0.746736884       94.2303009       1.20510021E-03   1.27869368E-13   9.53387425E-05   1.06912933E-03  -1.84679286E-11 -0.104220420       3.95872485E-05   3.14080645E-03
   7.00000000       800.000000      0.752711892       94.9802017       1.17341150E-03   1.23530689E-13   9.63008206E-05   1.05650444E-03  -1.35325371E-11 -0.101672567       3.95872557E-05   3.09013948E-03
   8.00000000       800.000000      0.758787692       95.7357407       1.14272593E-03   1.19348840E-13   9.85860315E-05   1.04427699E-03  -8.22843443E-12  -9.95515361E-02   3.95872303E-05   3.28915403E-03
   9.00000000       800.000000      0.764886141       96.4991150       1.11315842E-03   1.15345979E-13   9.94992079E-05   1.03204185E-03  -2.90841374E-12  -9.66609716E-02   3.95872776E-05   3.19012254E-03
   10.0000000       800.000000      0.770997465       97.2638321       1.08463888E-03   1.11501838E-13   1.02131853E-04   1.02035829E-03   2.65795827E-12  -9.46525037E-02   3.95872594E-05   3.67419445E-03
   11.0000000       800.000000      0.777200460       98.0346756       1.05778803E-03   1.07883422E-13   1.16310868E-04   1.00843667E-03   1.28326412E-11  -9.09716561E-02   3.95872448E-05   3.30007658E-03
   12.0000000       800.000000      0.783445537       98.8157425       1.02573493E-03   1.03787977E-13   5.97643411E-05   9.97539610E-04  -6.70810441E-19  -8.95024016E-02   3.95872448E-05  -1.34305097E-03
   13.0000000       800.000000      0.789714217       99.6048737       1.00181869E-03   1.00566528E-13   5.95350430E-05   9.85702034E-04  -5.13361265E-19  -9.30819362E-02   3.95872448E-05  -4.53582546E-03
