   0.00000000       190.000000       3.40428352E-02   1.01702809       4.44171892E-04   4.36640481E-12  -8.26423541E-02   1.70963037       5.92423949E-15  -1.03010086E-03   2.01682436E-16  -7.48522673E-03
   1.00000000       197.000000       3.40447091E-02   1.05104125       4.36919770E-04   4.15599543E-12  -7.55427778E-02   1.59125638       2.12673558E-14  -1.28492771E-03   9.25743590E-16   1.29480672E-03
   2.00000000       200.000000       3.40499915E-02   1.08514261       4.30010026E-04   3.96193104E-12  -5.59691787E-02   1.28100681      -2.36844793E-02  -9.41930513E-04  -8.06459575E-04   5.07866591E-03
   3.00000000       200.000000       3.40571664E-02   1.11914527       4.91478364E-04   4.39051139E-12   8.07749555E-02   1.16075027       3.36273126E-02  -9.39032645E-04   3.38775950E-04  -3.21818865E-03
   4.00000000       200.000000       3.40652503E-02   1.15326166       5.63043985E-04   4.88129676E-12  0.115603983       1.05231702       9.18151885E-02  -1.16116123E-03   3.46648460E-03  -5.48165431E-03
   5.00000000       200.000000       3.40752266E-02   1.18727005       6.34959200E-04   5.34684103E-12  0.130283624      0.957914770      0.146826118      -1.31256296E-03   8.46976973E-03  -4.54794616E-03
   6.00000000       200.000000       3.40886116E-02   1.22141874       7.10077991E-04   5.81256527E-12  0.136589795      0.881500840      0.196449995      -1.47117674E-03   1.51666300E-02  -4.72329557E-03
   7.00000000       200.000000       3.41038704E-02   1.25543642       7.93450105E-04   6.31868429E-12  0.138989270      0.818492174      0.241766036      -1.63466355E-03   2.34119408E-02  -4.90365224E-03
   8.00000000       200.000000       3.41209993E-02   1.28956389       8.86318740E-04   6.87156105E-12  0.139477536      0.765893400      0.282977939      -1.80573226E-03   3.30677517E-02  -5.20881452E-03
   9.00000000       200.000000       3.41415480E-02   1.32373023       9.90124769E-04   7.47847444E-12  0.139018074      0.721169174      0.320128441      -1.99023704E-03   4.39974554E-02  -5.96677512E-03
   10.0000000       200.000000       3.41642797E-02   1.35789859       1.10849773E-03   8.16200493E-12  0.137943804      0.682416260      0.354321986      -2.21329741E-03   5.61023876E-02  -7.20354589E-03
   11.0000000       200.000000       3.41873281E-02   1.39207828       1.24436722E-03   8.93750091E-12  0.136263937      0.647948325      0.385912001      -2.48260377E-03   6.92955703E-02  -8.59181862E-03
   2.00000000       200.000000       3.42125520E-02   1.42626679       1.40013848E-03   9.81522676E-12  0.134396389      0.617022753      0.415060967      -2.80098780E-03   8.34964961E-02  -1.01461997E-02
   3.00000000       200.000000       3.42412032E-02   1.46045995       1.57935789E-03   1.08121168E-11  0.132478431      0.589285135      0.441585779      -3.17717111E-03   9.86173004E-02  -1.19377216E-02
   4.00000000       200.000000       3.42717990E-02   1.49468386       1.78548403E-03   1.19431253E-11  0.130501419      0.564093351      0.465229660      -3.61889671E-03  0.114561953      -1.40059218E-02
   5.00000000       200.000000       3.43041234E-02   1.52902329       2.02300586E-03   1.32285424E-11  0.128402665      0.540795147      0.486093044      -4.13767295E-03  0.131237552      -1.64333470E-02
   6.00000000       200.000000       3.43400165E-02   1.56331646       2.29617045E-03   1.46851246E-11  0.126281023      0.519367993      0.504180610      -4.74697584E-03  0.148551196      -1.91438533E-02
   7.00000000       200.000000       3.43780145E-02   1.59766877       2.60925014E-03   1.63286017E-11  0.124214321      0.499269247      0.519514561      -5.45319729E-03  0.166411072      -2.28911955E-02
   8.00000000       400.000000       3.44163403E-02   1.63212323       2.97202915E-03   1.82069169E-11  0.121633746      0.479239166      0.531700492      -6.32177712E-03  0.184710518      -2.66275201E-02
   9.00000000       400.000000       3.44596468E-02   1.66651404       3.39014316E-03   2.03392216E-11  0.117912285      0.460635424      0.538094342      -7.28718331E-03  0.203252345      -3.04283202E-02
   10.0000000       400.000000       3.45019177E-02   1.70102203       3.87336360E-03   2.27673071E-11  0.114405841      0.443508208      0.538307309      -8.42012931E-03  0.221825138      -3.56626809E-02
   11.0000000       400.000000       3.45477760E-02   1.73553383       4.42820741E-03   2.55109198E-11  0.111183994      0.427843302      0.531790793      -9.74970870E-03  0.240197971      -4.15102579E-02
   12.0000000       400.000000       3.45973931E-02   1.77006423       5.06365625E-03   2.86020270E-11  0.108258426      0.413326919      0.517108262      -1.12903370E-02  0.258087963      -4.80340458E-02
   13.0000000       400.000000       3.46456654E-02   1.80469894       5.78911975E-03   3.20725668E-11  0.105642870      0.399911135      0.492832929      -1.30757662E-02  0.275163054      -5.51302247E-02
   2.00000000       400.000000       3.46989296E-02   1.83938944       6.60689967E-03   3.59132862E-11  0.103408739      0.387405992      0.460267693      -1.51134273E-02  0.291134000      -6.27943426E-02
   3.00000000       400.000000       3.47537622E-02   1.87406790       7.51977041E-03   4.01180096E-11  0.101409070      0.375618219      0.420437992      -1.74370315E-02  0.305746198      -7.11219013E-02
   4.00000000       400.000000       3.48123796E-02   1.90886545       8.53209011E-03   4.46893772E-11   9.96474996E-02  0.364631683      0.373618901      -2.00611074E-02  0.318752497      -7.99937621E-02
   5.00000000       400.000000       3.48717459E-02   1.94381344       9.64870024E-03   4.96321005E-11   9.81345251E-02  0.354352504      0.320425749      -2.30112057E-02  0.329925835      -8.92204046E-02
   6.00000000       400.000000       3.49331126E-02   1.97864985       1.08711626E-02   5.49341302E-11   9.69054326E-02  0.344730943      0.262408495      -2.62889527E-02  0.339092493      -9.86538902E-02
   7.00000000       400.000000       3.49960364E-02   2.01366401       1.21978540E-02   6.05678979E-11   9.58007425E-02  0.335692346      0.201808721      -2.99099684E-02  0.346155524     -0.108238742    
   8.00000000       400.000000       3.50628383E-02   2.04869795       1.36273215E-02   6.65089095E-11   9.49166641E-02  0.327268422      0.140658394      -3.38719711E-02  0.351086766     -0.117926657    
   9.00000000       400.000000       3.51311862E-02   2.08382654       1.51576605E-02   7.27321120E-11   9.41532254E-02  0.319365770       8.05294141E-02  -3.81874293E-02  0.353914827     -0.127780482    
   10.0000000       400.000000       3.52015831E-02   2.11898565       1.67867318E-02   7.92122409E-11   9.34891850E-02  0.311949611       2.27706358E-02  -4.28589843E-02  0.354716808     -0.137642890    
   11.0000000       400.000000       3.52728553E-02   2.15418029       1.85134299E-02   8.59310886E-11   9.28338096E-02  0.304871410      -3.14955227E-02  -4.78878170E-02  0.353606045     -0.147529066    
   12.0000000       400.000000       3.53475511E-02   2.18945503       2.03351397E-02   9.28645910E-11   9.22444686E-02  0.298156142      -8.10105428E-02  -5.32777235E-02  0.350742668     -0.157427371    
   13.0000000       400.000000       3.54251340E-02   2.22494793       2.22484991E-02   9.99864011E-11   9.17521790E-02  0.291753083     -0.124655895      -5.90296648E-02  0.346326411     -0.167205110    
   2.00000000       400.000000       3.55066359E-02   2.26028228       2.42502540E-02   1.07272483E-10   9.13405493E-02  0.285619050     -0.161372095      -6.51378185E-02  0.340596974     -0.176849514    
   3.00000000       400.000000       3.55888382E-02   2.29589605       2.63363086E-02   1.14696710E-10   9.09617320E-02  0.279668510     -0.190618187      -7.16024339E-02  0.333813518     -0.186430871    
   4.00000000       400.000000       3.56727764E-02   2.33153582       2.85005774E-02   1.22225341E-10   9.06736180E-02  0.273951113     -0.211656287      -7.84226805E-02  0.326263338     -0.195849165    
   5.00000000       400.000000       3.57585363E-02   2.36718988       3.07380948E-02   1.29832617E-10   9.04392675E-02  0.268441558     -0.224255249      -8.55918676E-02  0.318244904     -0.205048263    
   6.00000000       400.000000       3.58451568E-02   2.40296197       3.30460854E-02   1.37501413E-10   9.01916027E-02  0.263060629     -0.228600174      -9.31050628E-02  0.310050398     -0.214135498    
   7.00000000       400.000000       3.59365791E-02   2.43895650       3.54210623E-02   1.45214313E-10   9.00095403E-02  0.257820427     -0.224778846     -0.100963265      0.301971793     -0.223081216    
   8.00000000       400.000000       3.60317938E-02   2.47496963       3.78605686E-02   1.52959270E-10   8.98509249E-02  0.252770633     -0.213641584     -0.109159827      0.294274330     -0.231879205    
   9.00000000       400.000000       3.61256152E-02   2.51087451       4.03630361E-02   1.60726182E-10   8.96208733E-02  0.247845069     -0.195960388     -0.117694996      0.287195116     -0.240571782    
   10.0000000       400.000000       3.62243615E-02   2.54723430       4.29261662E-02   1.68505321E-10   8.93378779E-02  0.243063703     -0.172417521     -0.126565292      0.280949175     -0.249386176    
   11.0000000       400.000000       3.63236889E-02   2.58347154       4.55499962E-02   1.76294424E-10   8.90356153E-02  0.238423213     -0.143824771     -0.135787562      0.275724947     -0.258213371    
   12.0000000       400.000000       3.64281610E-02   2.61973166       4.82302792E-02   1.84076171E-10   8.87024552E-02  0.233918279     -0.110940054     -0.145350695      0.271683872     -0.266978562    
   13.0000000       400.000000       3.65312435E-02   2.65625191       5.09652607E-02   1.91843652E-10   8.83165002E-02  0.229517758      -7.47511238E-02 -0.155266285      0.268952608     -0.275675833    
   2.00000000       400.000000       3.66381556E-02   2.69287086       5.37542887E-02   1.99592717E-10   8.79388973E-02  0.225248367      -3.72484475E-02 -0.165522337      0.267588288     -0.284164071    
   3.00000000       400.000000       3.67491208E-02   2.72951531       5.65946661E-02   2.07314707E-10   8.75005722E-02  0.221082419      -5.03512390E-04 -0.176120520      0.267569393     -0.292562515    
   4.00000000       400.000000       3.68596762E-02   2.76648116       5.94844110E-02   2.15001461E-10   8.70212093E-02  0.217004701       3.33513953E-02 -0.187057257      0.268799156     -0.300876379    
   5.00000000       400.000000       3.69738303E-02   2.80324292       6.24208003E-02   2.22643362E-10   8.65027979E-02  0.213017583       6.23955168E-02 -0.198335692      0.271105766     -0.309174091    
   6.00000000       400.000000       3.70923392E-02   2.84031177       6.54031485E-02   2.30239341E-10   8.59454721E-02  0.209087119       8.52114558E-02 -0.209956810      0.274266750     -0.317382276    
   7.00000000       400.000000       3.72101963E-02   2.87746811       6.84312358E-02   2.37788844E-10   8.53858367E-02  0.205229491      0.100998536     -0.221917868      0.278024942     -0.325408459    
   8.00000000       400.000000       3.73310633E-02   2.91468883       7.15034455E-02   2.45286985E-10   8.47583488E-02  0.201421931      0.109602712     -0.234213710      0.282116383     -0.333312958    
   9.00000000       400.000000       3.74547355E-02   2.95214677       7.46197626E-02   2.52735444E-10   8.41294378E-02  0.197676703      0.111336894     -0.246845603      0.286286563     -0.341173351    
   10.0000000       400.000000       3.75822932E-02   2.98967767       7.77810663E-02   2.60136523E-10   8.34366977E-02  0.193997219      0.106824338     -0.259814769      0.290301323     -0.348815262    
   11.0000000       400.000000       3.77115831E-02   3.02733731       8.09840113E-02   2.67481010E-10   8.26625228E-02  0.190373600       9.68823135E-02 -0.273108691      0.293954790     -0.356102169    
   12.0000000       400.000000       3.78417671E-02   3.06507659       8.42277929E-02   2.74765766E-10   8.18120986E-02  0.186817884       8.24928358E-02 -0.286718428      0.297076374     -0.363089591    
   13.0000000       400.000000       3.79736088E-02   3.10296249       8.75111371E-02   2.81989210E-10   8.08591172E-02  0.183315411       6.48690462E-02 -0.300636739      0.299539566     -0.369637966    
   2.00000000       400.000000       3.81093584E-02   3.14102793       9.08335447E-02   2.89150759E-10   7.98425004E-02  0.179885566       4.51845191E-02 -0.314843208      0.301262051     -0.375879079    
   3.00000000       400.000000       3.82481478E-02   3.17926812       9.41980556E-02   2.96259767E-10   7.87316784E-02  0.176527813       2.45395713E-02 -0.329338342      0.302200615     -0.381992757    
   4.00000000       400.000000       3.83906849E-02   3.21746230       9.76020694E-02   3.03309655E-10   7.74879679E-02  0.173241705       3.99308372E-03 -0.344118118      0.302354038     -0.387587696    
   5.00000000       400.000000       3.85340862E-02   3.25593615      0.101043962       3.10296094E-10   7.61293918E-02  0.170040891      -1.55574447E-02 -0.359153062      0.301754177     -0.392793417    
   6.00000000       400.000000       3.86794209E-02   3.29459786      0.104523875       3.17222526E-10   7.46276230E-02  0.166913480      -3.31463218E-02 -0.374446243      0.300472528     -0.397659510    
   7.00000000       400.000000       3.88261117E-02   3.33332801      0.108043619       3.24091948E-10   7.30013400E-02  0.163864225      -4.74988446E-02 -0.389973849      0.298628509     -0.402325004    
   8.00000000       400.000000       3.89781781E-02   3.37215042      0.111606382       3.30917266E-10   7.12644756E-02  0.160886630      -5.74217439E-02 -0.405749172      0.296390057     -0.407139689    
   9.00000000       400.000000       3.91310640E-02   3.41121101      0.115215935       3.37709277E-10   6.94143996E-02  0.157986358      -6.20805360E-02 -0.421774387      0.293960541     -0.412240237    
   10.0000000       400.000000       3.92854065E-02   3.45050335      0.118878409       3.44484385E-10   6.74188808E-02  0.155156419      -6.14612214E-02 -0.438075453      0.291545987     -0.417838305    
   11.0000000       400.000000       3.94439995E-02   3.48992372      0.122599110       3.51259688E-10   6.52167276E-02  0.152399153      -5.64669184E-02 -0.454670817      0.289318919     -0.424371779    
   12.0000000       400.000000       3.96043137E-02   3.52931929      0.126388326       3.58060914E-10   6.27469867E-02  0.149712220      -4.87076417E-02 -0.471622556      0.287390053     -0.431388617    
   13.0000000       400.000000       3.97699885E-02   3.56905532      0.130251795       3.64903718E-10   6.01727441E-02  0.147095561      -3.99374627E-02 -0.488911957      0.285801291     -0.439286858    
   2.00000000       400.000000       3.99327539E-02   3.60901117      0.134208307       3.71835812E-10   5.74479662E-02  0.144544989      -3.13824937E-02 -0.506634414      0.284548521     -0.448865771    
   3.00000000       400.000000       4.01016437E-02   3.64905024      0.138264805       3.78873516E-10   5.46258911E-02  0.142064124      -2.31005959E-02 -0.524838150      0.283621937     -0.459395260    
   4.00000000       400.000000       4.02740240E-02   3.68916464      0.142442316       3.86068871E-10   5.16226850E-02  0.139650732      -1.49496738E-02 -0.543557882      0.283020020     -0.471627861    
   5.00000000       400.000000       4.04453352E-02   3.72949243      0.146759734       3.93466121E-10   4.83923405E-02  0.137308702      -6.75120857E-03 -0.562906802      0.282746881     -0.485873669    
   6.00000000       400.000000       4.06209007E-02   3.77015471      0.151242375       4.01123496E-10   4.47748564E-02  0.135031730       1.22044096E-03 -0.582946956      0.282796562     -0.503393114    
   7.00000000       400.000000       4.08019014E-02   3.81062984      0.155903205       4.09068196E-10   4.09738943E-02  0.132817030       7.44867465E-03 -0.603896141      0.283100039     -0.523842633    
   8.00000000       400.000000       4.09835242E-02   3.85157919      0.160800993       4.17439805E-10   3.69168408E-02  0.130666614       1.13135949E-02 -0.625789940      0.283563703     -0.547802746    
   9.00000000       400.000000       4.11677249E-02   3.89264297      0.166017145       4.26432889E-10   3.25906798E-02  0.128586754       1.16430512E-02 -0.648896992      0.284043044     -0.584166408    
   10.0000000       800.000000       4.13518026E-02   3.93391180      0.171690241       4.36379766E-10   2.83173174E-02  0.126581863       7.12987315E-03 -0.673994303      0.284338027     -0.638081014    
   11.0000000       800.000000       4.15420607E-02   3.97551847      0.177898377       4.47445275E-10   2.37772427E-02  0.124610126      -3.99385160E-03 -0.701790512      0.284171969     -0.711346686    
   12.0000000       800.000000       4.17331755E-02   4.01692963      0.184561133       4.59390220E-10   2.04149168E-02  0.122640207      -1.96848642E-02 -0.733233213      0.283350348     -0.778321803    
   13.0000000       800.000000       4.19295840E-02   4.05884504      0.191444233       4.71612971E-10   1.77965481E-02  0.120676942      -3.72567810E-02 -0.766907930      0.281788588     -0.788300872    
   2.00000000       800.000000       4.21275869E-02   4.10084629      0.198325455       4.83557472E-10   1.52611481E-02  0.118746489      -4.95028123E-02 -0.799492419      0.279703200     -0.741274655    
   3.00000000       800.000000       4.23264094E-02   4.14324856      0.205176845       4.95164132E-10   1.28400195E-02  0.116861865      -4.72883359E-02 -0.829508483      0.277701974     -0.693852544    
   4.00000000       800.000000       4.25276794E-02   4.18554831      0.211828023       5.06034048E-10   1.09093338E-02  0.115018353      -2.84355320E-02 -0.858370185      0.276492596     -0.647779524    
   5.00000000       800.000000       4.27326299E-02   4.22826385      0.218031481       5.15602006E-10   9.32766218E-03  0.113214172      -1.50001084E-03 -0.884739161      0.276428521     -0.574079931    
   6.00000000       800.000000       4.29400988E-02   4.27117634      0.223734498       5.23781962E-10   7.88650289E-03  0.111455105       1.76256541E-02 -0.907553554      0.277185202     -0.501008689    
   7.00000000       800.000000       4.31519486E-02   4.31416321      0.229036495       5.30844202E-10   6.56001922E-03  0.109742239       1.94483846E-02 -0.927873790      0.278024346     -0.465936840    
   8.00000000       800.000000       4.33655083E-02   4.35740662      0.234188497       5.37396683E-10   5.39691979E-03  0.108072147       6.30822312E-03 -0.947864413      0.278297901     -0.463068068    
   9.00000000       800.000000       4.35808785E-02   4.40067959      0.239279047       5.43655065E-10   4.30163462E-03  0.106443696      -1.04011307E-02 -0.968136072      0.277844280     -0.479172319    
   10.0000000       800.000000       4.38009016E-02   4.44439697      0.244517028       5.50094081E-10   3.25064873E-03  0.104854703      -1.98053028E-02 -0.989737689      0.276976824     -0.501109362    
   11.0000000       800.000000       4.40220647E-02   4.48833799      0.249977559       5.56875213E-10   2.35846057E-03  0.103303246      -1.66265219E-02  -1.01214838      0.276244938     -0.505216420    
   12.0000000       800.000000       4.42490242E-02   4.53246212      0.255705237       5.64089275E-10   1.41590787E-03  0.101786926      -2.29933881E-03  -1.03433514      0.276143700     -0.482765615    
   13.0000000       800.000000       4.44775447E-02   4.57707596      0.261242747       5.70719361E-10   5.63381647E-04  0.100305691       6.56496221E-03  -1.05498087      0.276435286     -0.446298391    
   2.00000000       800.000000       4.47068773E-02   4.62136841      0.265837461       5.75153480E-10  -1.28264423E-04   9.88619477E-02   9.29338206E-03  -1.07413447      0.276850849     -0.426268548    
   3.00000000       800.000000       4.49385233E-02   4.66624355      0.269382149       5.77224379E-10  -5.38792985E-04   9.74502042E-02   1.48432506E-02  -1.09319210      0.277517825     -0.382579148    
   4.00000000       800.000000       4.51754220E-02   4.71121693      0.271601975       5.76415138E-10  -6.23838278E-04   9.60689560E-02   1.17227007E-02  -1.10861039      0.278047532     -0.290577739    
   5.00000000       800.000000       4.54156250E-02   4.75678205      0.272407919       5.72620618E-10  -5.59811830E-04   9.47180688E-02   6.41519809E-03  -1.11951542      0.278338671     -0.208122432    
   6.00000000       800.000000       4.56556603E-02   4.80203438      0.272436529       5.67249858E-10  -4.86364093E-04   9.33955461E-02   3.44244996E-03  -1.12756646      0.278496176     -0.139730215    
   7.00000000       800.000000       4.59001064E-02   4.84787893      0.271772981       5.60524904E-10  -4.28136467E-04   9.21007097E-02   2.96744122E-03  -1.13230884      0.278631985      -7.06811994E-02
   8.00000000       800.000000       4.61495221E-02   4.89382601      0.270460904       5.52574320E-10  -3.97277210E-04   9.08333361E-02   4.06041835E-03  -1.13407362      0.278819382      -1.90067030E-02
   9.00000000       800.000000       4.64015417E-02   4.94037914      0.268674940       5.43783407E-10  -3.92455171E-04   8.95921141E-02   6.00774121E-03  -1.13406742      0.279098272       5.06784255E-03
   10.0000000       800.000000       4.66544069E-02   4.98703766      0.266557634       5.34464362E-10  -4.09735920E-04   8.83762240E-02   7.65680568E-03  -1.13359869      0.279455900       2.13783374E-03
   11.0000000       800.000000       4.69110720E-02   5.03345490      0.264249742       5.24912058E-10  -4.44553123E-04   8.71838182E-02   7.45019130E-03  -1.13386774      0.279804736      -2.35355459E-02
   12.0000000       800.000000       4.71705161E-02   5.08080530      0.261923939       5.15475995E-10  -4.84256016E-04   8.60131234E-02   5.21174958E-03  -1.13581526      0.280050695      -6.21924065E-02
   13.0000000       800.000000       4.74330559E-02   5.12793064      0.259717256       5.06417130E-10  -5.17026754E-04   8.48624781E-02   3.01777548E-03  -1.13975191      0.280193955      -9.91298854E-02
   2.00000000       800.000000       4.76989783E-02   5.17558718      0.257642597       4.97754893E-10  -5.41180314E-04   8.37308690E-02   2.64493539E-03  -1.14524519      0.280320436     -0.125161499    
   3.00000000       800.000000       4.79672700E-02   5.22343826      0.255691022       4.89460805E-10  -5.60129760E-04   8.26168731E-02   3.52178374E-03  -1.15172601      0.280488938     -0.138243049    
   4.00000000       800.000000       4.82396744E-02   5.27148342      0.253817558       4.81440554E-10  -5.80089516E-04   8.15200508E-02   4.21858206E-03  -1.15854454      0.280692965     -0.142288253    
   5.00000000       800.000000       4.85143214E-02   5.32006216      0.252043098       4.73728556E-10  -5.99302701E-04   8.04400593E-02   3.88012896E-03  -1.16549385      0.280881107     -0.141773835    
   6.00000000       800.000000       4.87925000E-02   5.36836243      0.250340223       4.66262529E-10  -6.19307975E-04   7.93763176E-02   3.01807211E-03  -1.17234004      0.281028003     -0.138918281    
   7.00000000       800.000000       4.90735136E-02   5.41723442      0.248694971       4.59015104E-10  -6.40581187E-04   7.83287659E-02   2.41172710E-03  -1.17908931      0.281146705     -0.137049749    
   8.00000000       800.000000       4.93605398E-02   5.46674824      0.247111365       4.51985588E-10  -6.60744496E-04   7.72977099E-02   2.35643238E-03  -1.18583047      0.281263024     -0.136997268    
   9.00000000       800.000000       4.96459454E-02   5.51635075      0.245590046       4.45171844E-10  -6.78942364E-04   7.62817413E-02   2.53736437E-03  -1.19265056      0.281388462     -0.137751028    
   10.0000000       800.000000       4.99367975E-02   5.56616688      0.244116753       4.38543063E-10  -6.95262745E-04   7.52814412E-02   2.44779675E-03  -1.19955027      0.281510621     -0.138476610    
   11.0000000       800.000000       5.02316244E-02   5.61612844      0.242684752       4.32081593E-10  -7.10209948E-04   7.42962733E-02   2.17673159E-03  -1.20652258      0.281620294     -0.138838559    
   12.0000000       800.000000       5.05279116E-02   5.66623640      0.241285443       4.25771696E-10  -7.22583150E-04   7.33260363E-02   1.98621792E-03  -1.21353757      0.281720668     -0.139566928    
   13.0000000       800.000000       5.08273505E-02   5.71697474      0.239936113       4.19637824E-10  -7.27501174E-04   7.23705217E-02   1.77597732E-03  -1.22066832      0.281811297     -0.140497521    
   2.00000000       800.000000       5.11321910E-02   5.76780939      0.238627091       4.13659718E-10  -7.28006940E-04   7.14294389E-02   1.63745915E-03  -1.22786331      0.281894505     -0.140547469    
   3.00000000       800.000000       5.14377542E-02   5.81939650      0.237348944       4.07818057E-10  -7.23454461E-04   7.05022141E-02   1.71275181E-03  -1.23508322      0.281982273     -0.139988020    
   4.00000000       800.000000       5.17485440E-02   5.87104797      0.236097664       4.02102379E-10  -7.14433729E-04   6.95892870E-02   1.45218847E-03  -1.24230790      0.282057852     -0.138743013    
   5.00000000       800.000000       5.20629622E-02   5.92277527      0.234863847       3.96494865E-10  -7.01427693E-04   6.86897114E-02   1.08414656E-03  -1.24948919      0.282114655     -0.136882842    
   6.00000000       800.000000       5.23787588E-02   5.97483015      0.233642459       3.90987187E-10  -6.86110521E-04   6.78036362E-02   1.36923976E-03  -1.25660527      0.282185942     -0.134384438    
   7.00000000       800.000000       5.26992045E-02   6.02751064      0.232425764       3.85560750E-10  -6.69067551E-04   6.69308677E-02   1.29026675E-03  -1.26360846      0.282254368     -0.131430775    
   8.00000000       800.000000       5.30240014E-02   6.08028364      0.231212661       3.80213389E-10  -6.51817652E-04   6.60709739E-02   7.56287482E-04  -1.27049828      0.282294363     -0.128234565    
   9.00000000       800.000000       5.33496812E-02   6.13364077      0.229998276       3.74937220E-10  -6.34408148E-04   6.52237013E-02   9.44775762E-04  -1.27724791      0.282344669     -0.124926373    
   10.0000000       800.000000       5.36804311E-02   6.18732548      0.228785887       3.69734826E-10  -6.18070539E-04   6.43888488E-02   1.17093290E-03  -1.28387058      0.282407910     -0.121705517    
   11.0000000       800.000000       5.40157408E-02   6.24103832      0.227575213       3.64604819E-10  -6.02185202E-04   6.35661781E-02   7.29313295E-04  -1.29035771      0.282446891     -0.118956104    
   12.0000000       800.000000       5.43518029E-02   6.29508209      0.226376429       3.59563240E-10  -5.86578215E-04   6.27554804E-02   6.62991544E-04  -1.29675996      0.282482952     -0.116785176    
   13.0000000       800.000000       5.46922497E-02   6.34962225      0.225188911       3.54605872E-10  -5.70317614E-04   6.19564466E-02   8.36556195E-04  -1.30308998      0.282528758     -0.114831612    
   2.00000000       800.000000       5.50380871E-02   6.40445566      0.224010155       3.49727386E-10  -5.54976868E-04   6.11692257E-02   5.26754244E-04  -1.30936205      0.282557547     -0.113029756    
   3.00000000       800.000000       5.53847216E-02   6.45976830      0.222836748       3.44921591E-10  -5.39903471E-04   6.03931136E-02   3.85846390E-04  -1.31557286      0.282578945     -0.111459129    
   4.00000000       800.000000       5.57359010E-02   6.51546860      0.221672267       3.40193762E-10  -5.25968673E-04   5.96282855E-02   3.23397544E-04  -1.32174540      0.282597154     -0.109913960    
   5.00000000       800.000000       5.60912378E-02   6.57112312      0.220517471       3.35541706E-10  -5.12207800E-04   5.88744245E-02   2.46553187E-04  -1.32786405      0.282611072     -0.108792804    
   6.00000000       800.000000       5.64479530E-02   6.62756824      0.219390035       3.30992983E-10  -4.97410074E-04   5.81312142E-02   2.74471415E-04  -1.33399045      0.282626927     -0.108502880    
   7.00000000       800.000000       5.68098128E-02   6.68420267      0.218295932       3.26551425E-10  -4.79507959E-04   5.73986210E-02   3.08995077E-04  -1.34015131      0.282643616     -0.108631887    
   8.00000000       800.000000       5.71758151E-02   6.74102211      0.217234433       3.22216198E-10  -4.59384930E-04   5.66766001E-02   3.02306493E-04  -1.34637153      0.282661349     -0.108376883    
   9.00000000       800.000000       5.75454868E-02   6.79867172      0.216188028       3.17958049E-10  -4.38438583E-04   5.59646040E-02   2.80699460E-04  -1.35258615      0.282677859     -0.107540995    
   10.0000000       800.000000       5.79212233E-02   6.85620070      0.215155229       3.13774312E-10  -4.18278534E-04   5.52628078E-02   2.67884665E-04  -1.35879076      0.282692552     -0.106436126    
   11.0000000       800.000000       5.82982525E-02   6.91421032      0.214129657       3.09653858E-10  -3.98637290E-04   5.45708761E-02   2.26940319E-04  -1.36495626      0.282706141     -0.105316572    
   12.0000000       800.000000       5.86755127E-02   6.97270107      0.213114604       3.05601849E-10  -3.80076090E-04   5.38887344E-02   2.33938015E-04  -1.37111020      0.282720119     -0.104209706    
   13.0000000       800.000000       5.90622984E-02   7.03143930      0.212106124       3.01609765E-10  -3.62047314E-04   5.32162227E-02   2.06734592E-04  -1.37722588      0.282731593     -0.103111163    
   2.00000000       800.000000       5.94485030E-02   7.09108067      0.211108744       2.97682629E-10  -3.44959582E-04   5.25530837E-02   1.95173387E-04  -1.38333011      0.282743663     -0.102075636    
   3.00000000       800.000000       5.98436110E-02   7.15043688      0.210117981       2.93814473E-10  -3.28174559E-04   5.18992022E-02   1.74016124E-04  -1.38940215      0.282754004     -0.101065300    
   4.00000000       800.000000       6.02373928E-02   7.21079636      0.209138542       2.90009711E-10  -3.11957847E-04   5.12545332E-02   1.85393248E-04  -1.39546537      0.282765657     -0.100132443    
   5.00000000       800.000000       6.06374219E-02   7.27131176      0.208167925       2.86264068E-10  -2.95790902E-04   5.06188497E-02   1.55948612E-04  -1.40150607      0.282774478      -9.91648585E-02
   6.00000000       800.000000       6.10392392E-02   7.33202028      0.207207382       2.82578905E-10  -2.79924017E-04   4.99918461E-02   1.67697654E-04  -1.40753269      0.282784164      -9.81650725E-02
   7.00000000       800.000000       6.14471473E-02   7.39313030      0.206252456       2.78946505E-10  -2.64576462E-04   4.93734889E-02   1.76550442E-04  -1.41352880      0.282795668      -9.69069749E-02
   8.00000000       800.000000       6.18590638E-02   7.45494413      0.205299094       2.75361428E-10  -2.50560377E-04   4.87636700E-02   1.80875009E-04  -1.41948009      0.282806844      -9.53091905E-02
   9.00000000       800.000000       6.22721761E-02   7.51700449      0.204342961       2.71815515E-10  -2.38557215E-04   4.81622368E-02   1.75204157E-04  -1.42535973      0.282817900      -9.32566449E-02
   10.0000000       800.000000       6.26941621E-02   7.57950735      0.203375608       2.68298411E-10  -2.29520185E-04   4.75689955E-02   1.86293735E-04  -1.43113482      0.282829344      -9.06378180E-02
   11.0000000       800.000000       6.31151870E-02   7.64244461      0.202390462       2.64801125E-10  -2.25168289E-04   4.69838753E-02   1.64390804E-04  -1.43676281      0.282840014      -8.74332413E-02
   12.0000000       800.000000       6.35424033E-02   7.70559978      0.201383814       2.61318162E-10  -2.25403666E-04   4.64066006E-02   1.57046394E-04  -1.44220901      0.282849401      -8.45138580E-02
   13.0000000       800.000000       6.39760271E-02   7.76949692      0.200368494       2.57867644E-10  -2.29062047E-04   4.58372124E-02   1.39779324E-04  -1.44753933      0.282858491      -8.24347585E-02
   2.00000000       800.000000       6.44085407E-02   7.83382225      0.199351624       2.54456012E-10  -2.33435101E-04   4.52753752E-02   1.44737089E-04  -1.45279145      0.282868296      -8.11090022E-02
   3.00000000       800.000000       6.48498610E-02   7.89831066      0.198341385       2.51095561E-10  -2.38018823E-04   4.47210371E-02   1.61929944E-04  -1.45802355      0.282878429      -8.00619796E-02
   4.00000000       800.000000       6.52926117E-02   7.96304750      0.197332442       2.47777049E-10  -2.41929345E-04   4.41741981E-02   1.81710944E-04  -1.46321285      0.282890618      -7.89690167E-02
   5.00000000       800.000000       6.57397360E-02   8.02879810      0.196327701       2.44503390E-10  -2.46153446E-04   4.36345674E-02   1.86432822E-04  -1.46837080      0.282902539      -7.76639730E-02
   6.00000000       800.000000       6.61928579E-02   8.09504509      0.195319563       2.41265952E-10  -2.50475568E-04   4.31021154E-02   1.56401496E-04  -1.47345734      0.282913119      -7.62650222E-02
   7.00000000       800.000000       6.66503683E-02   8.16145802      0.194314405       2.38070369E-10  -2.55258434E-04   4.25767303E-02   1.34999180E-04  -1.47850454      0.282922000      -7.50755146E-02
   8.00000000       800.000000       6.71091229E-02   8.22835445      0.193312883       2.34918252E-10  -2.59136199E-04   4.20583710E-02   9.46711589E-05  -1.48350096      0.282928318      -7.41622746E-02
   9.00000000       800.000000       6.75772652E-02   8.29508305      0.192321539       2.31816316E-10  -2.61954236E-04   4.15467434E-02   8.13604420E-05  -1.48849058      0.282934189      -7.35151097E-02
   10.0000000       800.000000       6.80434331E-02   8.36327362      0.191340476       2.28763883E-10  -2.62739486E-04   4.10419777E-02   6.50625152E-05  -1.49347138      0.282938719      -7.31725246E-02
   11.0000000       800.000000       6.85164854E-02   8.43160915      0.190377861       2.25769556E-10  -2.60851753E-04   4.05437127E-02   6.86833810E-05  -1.49848652      0.282943219      -7.33233914E-02
   12.0000000       800.000000       6.89990669E-02   8.50011826      0.189435139       2.22834598E-10  -2.55280000E-04   4.00521420E-02   6.22222142E-05  -1.50355244      0.282947153      -7.35480264E-02
   13.0000000       800.000000       6.94770738E-02   8.56972027      0.188509151       2.19953084E-10  -2.46919459E-04   3.95671241E-02   5.41363697E-05  -1.50867021      0.282951206      -7.33551681E-02
   2.00000000       800.000000       6.99650571E-02   8.63913631      0.187591270       2.17115756E-10  -2.36881140E-04   3.90883014E-02   4.65083831E-05  -1.51378381      0.282953769      -7.27327392E-02
   3.00000000       800.000000       7.04544336E-02   8.70913506      0.186678961       2.14318563E-10  -2.25886120E-04   3.86158340E-02   3.46723536E-05  -1.51888096      0.282956630      -7.19933957E-02
   4.00000000       800.000000       7.09533468E-02   8.77987480      0.185772195       2.11560158E-10  -2.13997351E-04   3.81496251E-02   2.81430948E-05  -1.52396262      0.282958478      -7.12194294E-02
   5.00000000       800.000000       7.14557767E-02   8.85152435      0.184870631       2.08839099E-10  -2.01437972E-04   3.76894362E-02   1.64114335E-05  -1.52902734      0.282959789      -7.04249069E-02
   6.00000000       800.000000       7.19595850E-02   8.92326069      0.183973402       2.06155829E-10  -1.88183956E-04   3.72352414E-02   1.27953945E-05  -1.53406203      0.282960951      -6.96041360E-02
   7.00000000       800.000000       7.24673644E-02   8.99552822      0.183080018       2.03507877E-10  -1.74495057E-04   3.67871374E-02   1.12883276E-06  -1.53907633      0.282960624      -6.87082782E-02
   8.00000000       800.000000       7.29827210E-02   9.06822109      0.182188496       2.00892664E-10  -1.60626529E-04   3.63446288E-02  -1.99524516E-06  -1.54405630      0.282961190      -6.76020384E-02
   9.00000000       800.000000       7.35015273E-02   9.14107132      0.181294918       1.98305622E-10  -1.47416198E-04   3.59080993E-02  -1.35265791E-05  -1.54897928      0.282960147      -6.61207587E-02
   10.0000000       800.000000       7.40236938E-02   9.21487141      0.180392310       1.95739022E-10  -1.35720999E-04   3.54770496E-02  -2.24697887E-05  -1.55381131      0.282957852      -6.41313866E-02
   11.0000000       800.000000       7.45541826E-02   9.28909588      0.179472476       1.93183664E-10  -1.27248888E-04   3.50516140E-02  -3.23330969E-05  -1.55850744      0.282955855      -6.13042563E-02
   12.0000000       800.000000       7.50876293E-02   9.36382198      0.178523496       1.90626889E-10  -1.24085214E-04   3.46317254E-02  -4.50102125E-05  -1.56298614      0.282952696      -5.76793626E-02
   13.0000000       800.000000       7.56227747E-02   9.43945217      0.177542061       1.88065091E-10  -1.26924031E-04   3.42171565E-02  -4.36614719E-05  -1.56720114      0.282949209      -5.42923398E-02
   2.00000000       800.000000       7.61684179E-02   9.51551723      0.176539525       1.85511467E-10  -1.33681227E-04   3.38078402E-02  -3.57153331E-05  -1.57122529      0.282946527      -5.20448498E-02
   3.00000000       800.000000       7.67170042E-02   9.59179592      0.175530106       1.82980728E-10  -1.41774450E-04   3.34035717E-02  -3.22966807E-05  -1.57516015      0.282944024      -5.05597517E-02
   4.00000000       800.000000       7.72694573E-02   9.66848755      0.174519002       1.80478285E-10  -1.50084641E-04   3.30044478E-02  -2.91450651E-05  -1.57900941      0.282941550      -4.94388230E-02
   5.00000000       800.000000       7.78230131E-02   9.74612713      0.173514590       1.78011800E-10  -1.57213435E-04   3.26103270E-02  -2.66982934E-05  -1.58282554      0.282939464      -4.91429381E-02
   6.00000000       800.000000       7.83851892E-02   9.82425022      0.172529280       1.75593928E-10  -1.61020289E-04   3.22212651E-02  -2.62591366E-05  -1.58668923      0.282937437      -4.96138781E-02
   7.00000000       800.000000       7.89523125E-02   9.90284920      0.171566486       1.73227085E-10  -1.60789903E-04   3.18370014E-02  -2.47782064E-05  -1.59063232      0.282935232      -4.99941930E-02
   8.00000000       800.000000       7.95280412E-02   9.98241329      0.170617640       1.70901501E-10  -1.57721282E-04   3.14577706E-02  -2.38692046E-05  -1.59461081      0.282933801      -4.97864932E-02
   9.00000000       800.000000       8.01055804E-02   10.0623922      0.169676334       1.68610237E-10  -1.53044995E-04   3.10831685E-02  -2.09653990E-05  -1.59858072      0.282932162      -4.92593497E-02
   10.0000000       800.000000       8.06882754E-02   10.1425762      0.168741003       1.66351807E-10  -1.47033919E-04   3.07130869E-02  -1.57410996E-05  -1.60253072      0.282930493      -4.86660451E-02
   11.0000000       800.000000       8.12722519E-02   10.2231703      0.167811528       1.64124880E-10  -1.39833486E-04   3.03480029E-02  -1.03030507E-05  -1.60646009      0.282929808      -4.80461381E-02
   12.0000000       800.000000       8.18665698E-02   10.3048105      0.166886717       1.61928346E-10  -1.31578738E-04   2.99873147E-02  -5.14348267E-06  -1.61037087      0.282929599      -4.73639891E-02
   13.0000000       800.000000       8.24698508E-02   10.3871059      0.165965453       1.59760954E-10  -1.22604863E-04   2.96312273E-02  -6.35588870E-09  -1.61424482      0.282929510      -4.65851352E-02
   2.00000000       800.000000       8.30690786E-02   10.4702911      0.165047631       1.57621485E-10  -1.12965572E-04   2.92796455E-02   4.76345758E-06  -1.61808467      0.282929808      -4.57407869E-02
   3.00000000       800.000000       8.36792067E-02   10.5531397      0.164131135       1.55507635E-10  -1.03113620E-04   2.89322026E-02   8.92676962E-06  -1.62187147      0.282930613      -4.46948633E-02
   4.00000000       800.000000       8.42924491E-02   10.6371202      0.163211644       1.53415392E-10  -9.35761564E-05   2.85893250E-02   1.19261522E-05  -1.62558842      0.282931417      -4.32869606E-02
   5.00000000       800.000000       8.49149227E-02   10.7222576      0.162282810       1.51338747E-10  -8.56897459E-05   2.82508563E-02   1.37665720E-05  -1.62919760      0.282932729      -4.13183048E-02
   6.00000000       800.000000       8.55400413E-02   10.8070173      0.161337033       1.49270013E-10  -8.08986442E-05   2.79164277E-02   1.48693334E-05  -1.63263071      0.282933950      -3.86944748E-02
   7.00000000       800.000000       8.61672983E-02   10.8929453      0.160368130       1.47204277E-10  -8.04061419E-05   2.75861695E-02   1.52725625E-05  -1.63584006      0.282935262      -3.58175002E-02
   8.00000000       800.000000       8.68062824E-02   10.9799843      0.159377307       1.45142551E-10  -8.37646512E-05   2.72599179E-02   1.78165155E-05  -1.63882637      0.282937080      -3.33904512E-02
   9.00000000       800.000000       8.74475688E-02   11.0664978      0.158374265       1.43093676E-10  -8.92727767E-05   2.69376319E-02   2.06659461E-05  -1.64165819      0.282938808      -3.17131281E-02
   10.0000000       800.000000       8.80924463E-02   11.1543617      0.157368630       1.41066422E-10  -9.52785340E-05   2.66194176E-02   2.00644499E-05  -1.64439452      0.282940626      -3.07400003E-02
   11.0000000       800.000000       8.87458175E-02   11.2425718      0.156370968       1.39069464E-10  -9.96621238E-05   2.63049323E-02   1.77723323E-05  -1.64709353      0.282942146      -3.06820273E-02
   12.0000000       800.000000       8.94047245E-02   11.3320246      0.155392379       1.37113237E-10  -1.00385936E-04   2.59944145E-02   1.79664403E-05  -1.64985907      0.282943755      -3.12356874E-02
   13.0000000       800.000000       9.00711343E-02   11.4218473      0.154433802       1.35196521E-10  -9.72293928E-05   2.56876368E-02   1.88229969E-05  -1.65269828      0.282945365      -3.15581523E-02
   2.00000000       800.000000       9.07422155E-02   11.5118284      0.153487548       1.33313124E-10  -9.13486147E-05   2.53845751E-02   1.89684815E-05  -1.65556312      0.282947302      -3.13237458E-02
   3.00000000       800.000000       9.14164707E-02   11.6033077      0.152547970       1.31456651E-10  -8.39990244E-05   2.50853151E-02   1.85705630E-05  -1.65840852      0.282948941      -3.06910761E-02
   4.00000000       800.000000       9.20993984E-02   11.6952047      0.151611075       1.29624284E-10  -7.59024988E-05   2.47896481E-02   1.77371494E-05  -1.66119921      0.282950163      -2.98490934E-02
   5.00000000       800.000000       9.27866399E-02   11.7873383      0.150674954       1.27813884E-10  -6.74791590E-05   2.44976375E-02   1.65130132E-05  -1.66392541      0.282951921      -2.88686398E-02
   6.00000000       800.000000       9.34779644E-02   11.8806105      0.149738535       1.26023580E-10  -5.91394855E-05   2.42091417E-02   1.50932683E-05  -1.66657567      0.282953680      -2.77135894E-02
   7.00000000       800.000000       9.41774696E-02   11.9743528      0.148797646       1.24250776E-10  -5.14503481E-05   2.39244122E-02   1.37060088E-05  -1.66912782      0.282954365      -2.62305383E-02
   8.00000000       800.000000       9.48819369E-02   12.0688763      0.147847265       1.22489727E-10  -4.53319008E-05   2.36429367E-02   1.21166968E-05  -1.67153633      0.282955706      -2.43077949E-02
   9.00000000       800.000000       9.55979601E-02   12.1640635      0.146880448       1.20736060E-10  -4.21339173E-05   2.33648811E-02   1.04939454E-05  -1.67375910      0.282956988      -2.17383672E-02
   10.0000000       800.000000       9.63135287E-02   12.2600622      0.145889074       1.18982629E-10  -4.35116053E-05   2.30901837E-02   8.77633829E-06  -1.67570424      0.282957703      -1.86476372E-02
   11.0000000       800.000000       9.70358253E-02   12.3568468      0.144874379       1.17230545E-10  -4.96483080E-05   2.28188634E-02   6.88126056E-06  -1.67736280      0.282958478      -1.60819199E-02
   12.0000000       800.000000       9.77677032E-02   12.4544106      0.143852785       1.15493642E-10  -5.72454373E-05   2.25507002E-02   5.93032883E-06  -1.67883968      0.282958835      -1.52326105E-02
   13.0000000       800.000000       9.85076427E-02   12.5523767      0.142847925       1.13789971E-10  -6.19076818E-05   2.22859755E-02   5.47989384E-06  -1.68035042      0.282958955      -1.57922879E-02
   2.00000000       800.000000       9.92456749E-02   12.6510534      0.141864270       1.12123338E-10  -6.19992716E-05   2.20240690E-02   4.10767689E-06  -1.68196046      0.282959998      -1.64707862E-02
   3.00000000       800.000000       9.99961421E-02   12.7503929      0.140897885       1.10489638E-10  -5.84189947E-05   2.17653885E-02   2.73791829E-06  -1.68363476      0.282959968      -1.65959671E-02
   4.00000000       800.000000      0.100751281       12.8514633      0.139940113       1.08881487E-10  -5.26305776E-05   2.15100069E-02   1.49007417E-06  -1.68529439      0.282960564      -1.62408259E-02
   5.00000000       800.000000      0.101513669       12.9527330      0.138988197       1.07296415E-10  -4.55653608E-05   2.12576278E-02   2.68797578E-07  -1.68691981      0.282960415      -1.55808395E-02
   6.00000000       800.000000      0.102282949       13.0543804      0.138037726       1.05730882E-10  -3.80806014E-05   2.10084263E-02  -9.22185222E-07  -1.68846905      0.282960325      -1.46140596E-02
   7.00000000       800.000000      0.103057869       13.1565609      0.137085661       1.04181899E-10  -3.08875133E-05   2.07621288E-02  -2.13252156E-06  -1.68991876      0.282959580      -1.34051600E-02
   8.00000000       800.000000      0.103839546       13.2604132      0.136128411       1.02647391E-10  -2.46168820E-05   2.05187052E-02  -3.02027138E-06  -1.69124377      0.282960027      -1.18576484E-02
   9.00000000       800.000000      0.104626514       13.3645535      0.135159910       1.01122215E-10  -2.02007886E-05   2.02783160E-02  -4.23718939E-06  -1.69239259      0.282959282      -9.83714312E-03
   10.0000000       800.000000      0.105420068       13.4691267      0.134174630       9.96025831E-11  -1.89869716E-05   2.00408213E-02  -4.82971609E-06  -1.69330776      0.282958865      -7.36639416E-03
   11.0000000       800.000000      0.106228657       13.5754204      0.133169398       9.80856715E-11  -2.18451787E-05   1.98058859E-02  -5.70700877E-06  -1.69394863      0.282957941      -4.79887938E-03
   12.0000000       800.000000      0.107034281       13.6821260      0.132149726       9.65761429E-11  -2.77912441E-05   1.95738170E-02  -6.45796126E-06  -1.69433284      0.282957613      -3.03968927E-03
   13.0000000       800.000000      0.107849084       13.7891541      0.131132305       9.50857934E-11  -3.34785218E-05   1.93446334E-02  -6.82318159E-06  -1.69460487      0.282956839      -2.76341732E-03
   2.00000000       800.000000      0.108672515       13.8981247      0.130132869       9.36260028E-11  -3.57500903E-05   1.91183072E-02  -6.64135450E-06  -1.69493055      0.282956153      -3.28008365E-03
   3.00000000       800.000000      0.109497771       14.0066690      0.129151016       9.21959870E-11  -3.41281702E-05   1.88943744E-02  -6.84097586E-06  -1.69531786      0.282955229      -3.61881522E-03
   4.00000000       800.000000      0.110339761       14.1170921      0.128182173       9.07919087E-11  -2.94140973E-05   1.86732598E-02  -6.87111105E-06  -1.69572592      0.282954752      -3.57148563E-03
   5.00000000       800.000000      0.111177742       14.2269335      0.127221450       8.94100280E-11  -2.28935132E-05   1.84547249E-02  -6.81887832E-06  -1.69611084      0.282953948      -3.08946194E-03
   6.00000000       800.000000      0.112030037       14.3394938      0.126263216       8.80458484E-11  -1.58638686E-05   1.82389747E-02  -6.77178014E-06  -1.69641531      0.282953382      -2.14315928E-03
   7.00000000       800.000000      0.112885214       14.4517355      0.125301018       8.66948735E-11  -9.50086087E-06   1.80256329E-02  -6.63241417E-06  -1.69659424      0.282951474      -6.73773524E-04
   8.00000000       800.000000      0.113750286       14.5650282      0.124327980       8.53523918E-11  -4.99705993E-06   1.78147815E-02  -6.07734501E-06  -1.69656920      0.282951474       1.25514774E-03
   9.00000000       800.000000      0.114624061       14.6793976      0.123340435       8.40158360E-11  -3.48479898E-06   1.76064782E-02  -5.57731346E-06  -1.69630599      0.282950819       3.42618115E-03
   10.0000000       800.000000      0.115506783       14.7940674      0.122337222       8.26844149E-11  -5.38750055E-06   1.74006037E-02  -4.90204047E-06  -1.69578063      0.282950431       5.62299835E-03
   11.0000000       800.000000      0.116393380       14.9101496      0.121322609       8.13609319E-11  -9.74216982E-06   1.71972867E-02  -4.24421251E-06  -1.69500387      0.282950163       7.12983264E-03
   12.0000000       800.000000      0.117281690       15.0272551      0.120311551       8.00554206E-11  -1.36000481E-05   1.69961695E-02  -3.82219923E-06  -1.69411266      0.282949477       7.37408875E-03
   13.0000000       800.000000      0.118191823       15.1445360      0.119315766       7.87757637E-11  -1.44377946E-05   1.67975184E-02  -3.45197691E-06  -1.69326413      0.282949328       7.07652047E-03
   2.00000000       800.000000      0.119099334       15.2630339      0.118333682       7.75199488E-11  -1.20735294E-05   1.66010670E-02  -2.80161044E-06  -1.69243753      0.282948703       7.00805150E-03
   3.00000000       800.000000      0.120015435       15.3828135      0.117361158       7.62853877E-11  -7.39240568E-06   1.64072067E-02  -2.26872999E-06  -1.69158983      0.282948166       7.29771750E-03
   4.00000000       800.000000      0.120940529       15.5036430      0.116392672       7.50681045E-11  -1.85970532E-06   1.62152909E-02  -1.62568347E-06  -1.69067776      0.282948375       8.10855161E-03
   5.00000000       800.000000      0.121867239       15.6249332      0.115421101       7.38630129E-11   2.98416671E-06   1.60259549E-02  -1.05931372E-06  -1.68962228      0.282948196       9.49917454E-03
   6.00000000       800.000000      0.122810721       15.7464323      0.114440612       7.26665117E-11   5.97848111E-06   1.58386398E-02  -4.61314386E-07  -1.68835032      0.282948375       1.12394979E-02
   7.00000000       800.000000      0.123757191       15.8707790      0.113449328       7.14772269E-11   6.47397337E-06   1.56537239E-02   8.91060523E-08  -1.68685138      0.282947958       1.30049791E-02
   8.00000000       800.000000      0.124716990       15.9948425      0.112448856       7.02968309E-11   4.76702007E-06   1.54709369E-02   6.46643969E-07  -1.68512046      0.282947987       1.45569323E-02
   9.00000000       800.000000      0.125679165       16.1200333      0.111444660       6.91279603E-11   2.03587820E-06   1.52901011E-02   1.23141729E-06  -1.68320394      0.282947719       1.55224148E-02
   10.0000000       800.000000      0.126648560       16.2460766      0.110446088       6.79765133E-11   1.78479965E-07   1.51114669E-02   1.69383316E-06  -1.68120372      0.282947719       1.58260390E-02
   11.0000000       800.000000      0.127627030       16.3736973      0.109457567       6.68449324E-11   4.59532032E-07   1.49349235E-02   1.96947713E-06  -1.67918134      0.282949239       1.58973746E-02
   12.0000000       800.000000      0.128622070       16.5009899      0.108479053       6.57330024E-11   2.89542663E-06   1.47605268E-02   2.30491855E-06  -1.67713201      0.282949567       1.61025003E-02
   13.0000000       800.000000      0.129615709       16.6299458      0.107506275       6.46378784E-11   6.65468178E-06   1.45879881E-02   2.50959965E-06  -1.67502248      0.282949418       1.66741461E-02
   2.00000000       800.000000      0.130617574       16.7607040      0.106534056       6.35560563E-11   1.03785032E-05   1.44179650E-02   2.67209293E-06  -1.67279136      0.282949924       1.77541915E-02
   3.00000000       800.000000      0.131631613       16.8909397      0.105556294       6.24838375E-11   1.29084719E-05   1.42495185E-02   2.75588468E-06  -1.67036748      0.282950312       1.91251263E-02
   4.00000000       800.000000      0.132658064       17.0234966      0.104572356       6.14210488E-11   1.37158349E-05   1.40832989E-02   2.81973280E-06  -1.66773760      0.282950372       2.05234382E-02
   5.00000000       800.000000      0.133689612       17.1564980      0.103583455       6.03678080E-11   1.30968501E-05   1.39189111E-02   2.83539180E-06  -1.66489947      0.282950699       2.17209645E-02
   6.00000000       800.000000      0.134727374       17.2917385      0.102594219       5.93271404E-11   1.21312305E-05   1.37559334E-02   2.86835143E-06  -1.66190898      0.282950819       2.24276632E-02
   7.00000000       800.000000      0.135772675       17.4260139      0.101610623       5.83023421E-11   1.21382427E-05   1.35955364E-02   2.88079741E-06  -1.65883410      0.282951385       2.27872953E-02
   8.00000000       800.000000      0.136831790       17.5625153      0.100633807       5.72937565E-11   1.35093096E-05   1.34365847E-02   2.77144841E-06  -1.65569210      0.282951832       2.31612846E-02
   9.00000000       800.000000      0.137887821       17.6995029       9.96618941E-02   5.63000514E-11   1.58208131E-05   1.32796597E-02   2.66631650E-06  -1.65246952      0.282952845       2.37367470E-02
   10.0000000       800.000000      0.138969555       17.8388729       9.86913964E-02   5.53192700E-11   1.82476688E-05   1.31249111E-02   2.49991785E-06  -1.64912343      0.282953054       2.46013384E-02
   11.0000000       800.000000      0.140046909       17.9775219       9.77187231E-02   5.43490253E-11   1.98807647E-05   1.29714860E-02   2.27040300E-06  -1.64560544      0.282952935       2.57213265E-02
   12.0000000       800.000000      0.141143247       18.1181393       9.67424512E-02   5.33884187E-11   2.03695254E-05   1.28201647E-02   2.08262804E-06  -1.64188790      0.282953620       2.68214568E-02
   13.0000000       800.000000      0.142242312       18.2606220       9.57649648E-02   5.24389490E-11   2.01318253E-05   1.26704136E-02   1.82556312E-06  -1.63800359      0.282953560       2.76907962E-02
   2.00000000       800.000000      0.143348306       18.4025784       9.47891846E-02   5.15019485E-11   1.98700436E-05   1.25222970E-02   1.58040564E-06  -1.63397872      0.282953829       2.83402372E-02
   3.00000000       800.000000      0.144470185       18.5468769       9.38172936E-02   5.05781562E-11   2.01523635E-05   1.23762116E-02   1.34950585E-06  -1.62984848      0.282953769       2.88394801E-02
   4.00000000       800.000000      0.145599216       18.6916237       9.28499326E-02   4.96684187E-11   2.11977040E-05   1.22316014E-02   1.06833932E-06  -1.62561584      0.282954007       2.93208826E-02
   5.00000000       800.000000      0.146730632       18.8387299       9.18862000E-02   4.87713724E-11   2.27573364E-05   1.20887551E-02   8.07404831E-07  -1.62127459      0.282954246       2.99291145E-02
   6.00000000       800.000000      0.147886083       18.9852219       9.09237340E-02   4.78862124E-11   2.42505885E-05   1.19476011E-02   5.41018835E-07  -1.61679864      0.282954454       3.07218526E-02
   7.00000000       800.000000      0.149040878       19.1336536       8.99610370E-02   4.70115474E-11   2.52267801E-05   1.18080741E-02   2.61947946E-07  -1.61215580      0.282954335       3.15786451E-02
   8.00000000       800.000000      0.150206983       19.2841053       8.89984816E-02   4.61476413E-11   2.57248485E-05   1.16701126E-02   3.02463405E-08  -1.60735142      0.282954544       3.23441438E-02
   9.00000000       800.000000      0.151375279       19.4338169       8.80375281E-02   4.52952051E-11   2.61088444E-05   1.15337884E-02  -1.93004112E-07  -1.60240173      0.282954305       3.29745077E-02
   10.0000000       800.000000      0.152559474       19.5859928       8.70797187E-02   4.44548322E-11   2.67722826E-05   1.13987122E-02  -3.67743667E-07  -1.59733045      0.282954156       3.34915556E-02
   11.0000000       800.000000      0.153755501       19.7391071       8.61260071E-02   4.36267029E-11   2.78911539E-05   1.12661682E-02  -5.11742712E-07  -1.59213912      0.282953858       3.39952931E-02
   12.0000000       800.000000      0.154966682       19.8943138       8.51750001E-02   4.28102553E-11   2.92535424E-05   1.11346589E-02  -6.38564813E-07  -1.58683574      0.282953948       3.45922969E-02
   13.0000000       800.000000      0.156182289       20.0499210       8.42257813E-02   4.20046706E-11   3.03834731E-05   1.10039385E-02  -7.39838981E-07  -1.58137763      0.282954067       3.53244133E-02
   2.00000000       800.000000      0.157407701       20.2067699       8.32765773E-02   4.12089737E-11   3.09554598E-05   1.08756926E-02  -8.37854941E-07  -1.57575667      0.282953799       3.60787548E-02
   3.00000000       800.000000      0.158632427       20.3635406       8.23283419E-02   4.04236991E-11   3.10646828E-05   1.07482960E-02  -9.19576337E-07  -1.56997287      0.282953769       3.67478356E-02
   4.00000000       800.000000      0.159881696       20.5234394       8.13823789E-02   3.96491000E-11   3.10029573E-05   1.06232157E-02  -9.88869488E-07  -1.56404889      0.282953501       3.73180807E-02
   5.00000000       800.000000      0.161134437       20.6836548       8.04397091E-02   3.88858355E-11   3.11438962E-05   1.04984846E-02  -1.02864306E-06  -1.55798972      0.282953203       3.77651453E-02
   6.00000000       800.000000      0.162408039       20.8466339       7.95016959E-02   3.81341660E-11   3.17376471E-05   1.03759896E-02  -1.04571814E-06  -1.55182385      0.282953113       3.81686315E-02
   7.00000000       800.000000      0.163673609       21.0080662       7.85677284E-02   3.73936160E-11   3.26962072E-05   1.02549642E-02  -1.04530454E-06  -1.54555452      0.282953024       3.86165045E-02
   8.00000000       800.000000      0.164970547       21.1726456       7.76376799E-02   3.66641752E-11   3.37948404E-05   1.01352381E-02  -1.02943125E-06  -1.53914976      0.282953084       3.91123109E-02
   9.00000000       800.000000      0.166260168       21.3390827       7.67095760E-02   3.59448304E-11   3.48426765E-05   1.00168865E-02  -1.00228431E-06  -1.53258824      0.282952726       3.96374650E-02
   10.0000000       800.000000      0.167571649       21.5048828       7.57846609E-02   3.52356824E-11   3.57856734E-05   9.89916641E-03  -9.70453129E-07  -1.52591002      0.282952636       4.01469208E-02
   11.0000000       800.000000      0.168884769       21.6747990       7.48625472E-02   3.45368664E-11   3.66715358E-05   9.78328474E-03  -9.28610575E-07  -1.51908803      0.282952487       4.06311788E-02
   12.0000000       800.000000      0.170220941       21.8437004       7.39435479E-02   3.38479175E-11   3.75086056E-05   9.66913626E-03  -8.77115326E-07  -1.51212859      0.282952338       4.11066301E-02
   13.0000000       800.000000      0.171562597       22.0148487       7.30278268E-02   3.31692382E-11   3.82670005E-05   9.55591816E-03  -8.18157503E-07  -1.50503886      0.282952338       4.15744931E-02
   2.00000000       800.000000      0.172911152       22.1867790       7.21145868E-02   3.25002941E-11   3.88925982E-05   9.44465958E-03  -7.54055350E-07  -1.49781203      0.282952189       4.20441628E-02
   3.00000000       800.000000      0.174262822       22.3595982       7.12047592E-02   3.18409916E-11   3.93540977E-05   9.33412183E-03  -6.85475868E-07  -1.49044096      0.282952100       4.24934961E-02
   4.00000000       800.000000      0.175636902       22.5350342       7.02978224E-02   3.11915008E-11   3.97389376E-05   9.22445580E-03  -6.15845806E-07  -1.48294389      0.282951981       4.28921767E-02
   5.00000000       800.000000      0.177029908       22.7109966       6.93955123E-02   3.05520609E-11   4.01905709E-05   9.11701284E-03  -5.45038517E-07  -1.47529626      0.282951832       4.32402529E-02
   6.00000000       800.000000      0.178427994       22.8897495       6.84977248E-02   2.99223459E-11   4.07962434E-05   9.01027955E-03  -4.71624901E-07  -1.46755099      0.282951772       4.35594954E-02
   7.00000000       800.000000      0.179832757       23.0675335       6.76035360E-02   2.93029941E-11   4.15578434E-05   8.90493486E-03  -3.96312885E-07  -1.45970535      0.282951653       4.38726693E-02
   8.00000000       800.000000      0.181247130       23.2492962       6.67145625E-02   2.86927478E-11   4.24171885E-05   8.80050473E-03  -3.19552015E-07  -1.45174086      0.282951593       4.41910028E-02
   9.00000000       800.000000      0.182678327       23.4303741       6.58298284E-02   2.80923097E-11   4.33122768E-05   8.69750790E-03  -2.44342118E-07  -1.44362259      0.282951653       4.45061177E-02
   10.0000000       800.000000      0.184120178       23.6137962       6.49485365E-02   2.75009720E-11   4.42117489E-05   8.59589037E-03  -1.69662783E-07  -1.43540430      0.282951504       4.48103957E-02
   11.0000000       800.000000      0.185574606       23.7995758       6.40727058E-02   2.69192862E-11   4.51030573E-05   8.49522650E-03  -9.72220136E-08  -1.42704749      0.282951444       4.51011211E-02
   12.0000000       800.000000      0.187039450       23.9845982       6.31994605E-02   2.63465933E-11   4.59865478E-05   8.39581620E-03  -2.85077810E-08  -1.41861129      0.282951325       4.53749225E-02
   13.0000000       800.000000      0.188515589       24.1725788       6.23325594E-02   2.57830805E-11   4.68666367E-05   8.29709042E-03   3.57896823E-08  -1.41000688      0.282951355       4.56340685E-02
   2.00000000       800.000000      0.190003842       24.3626595       6.14698827E-02   2.52285866E-11   4.77412905E-05   8.20015650E-03   9.47235321E-08  -1.40134192      0.282951474       4.58785594E-02
   3.00000000       800.000000      0.191507503       24.5538692       6.06110133E-02   2.46832416E-11   4.86111494E-05   8.10428709E-03   1.47564776E-07  -1.39251399      0.282951295       4.61079106E-02
   4.00000000       800.000000      0.193027228       24.7454605       5.97574115E-02   2.41467783E-11   4.94750529E-05   8.00907612E-03   1.93853865E-07  -1.38360047      0.282951325       4.63215858E-02
   5.00000000       800.000000      0.194553345       24.9383144       5.89093640E-02   2.36183451E-11   5.03300544E-05   7.91548751E-03   2.33610137E-07  -1.37456393      0.282951355       4.65207435E-02
   6.00000000       800.000000      0.196085945       25.1336231       5.80653138E-02   2.30992950E-11   5.11672479E-05   7.82255735E-03   2.67628820E-07  -1.36541760      0.282951385       4.67077270E-02
   7.00000000       800.000000      0.197636858       25.3313236       5.72268330E-02   2.25885699E-11   5.19608111E-05   7.73098553E-03   2.96773379E-07  -1.35617733      0.282951593       4.68879938E-02
   8.00000000       800.000000      0.199212298       25.5304661       5.63929081E-02   2.20869347E-11   5.26656695E-05   7.64068030E-03   3.22158058E-07  -1.34680533      0.282951593       4.70613763E-02
   9.00000000       800.000000      0.200781316       25.7297115       5.55640422E-02   2.15925906E-11   5.32576851E-05   7.55106425E-03   3.43105938E-07  -1.33733773      0.282951742       4.72194329E-02
   10.0000000       800.000000      0.202371761       25.9304714       5.47399744E-02   2.11072097E-11   5.37447886E-05   7.46221840E-03   3.60514662E-07  -1.32777715      0.282951832       4.73571233E-02
   11.0000000       800.000000      0.203978211       26.1335907       5.39216250E-02   2.06299006E-11   5.41562003E-05   7.37506151E-03   3.72986079E-07  -1.31809914      0.282951832       4.74690609E-02
   12.0000000       800.000000      0.205590189       26.3390236       5.31076156E-02   2.01608071E-11   5.45541843E-05   7.28850253E-03   3.79230215E-07  -1.30832887      0.282951772       4.75497246E-02
   13.0000000       800.000000      0.207215562       26.5462608       5.23007214E-02   1.96998945E-11   5.50068798E-05   7.20299827E-03   3.79406771E-07  -1.29847288      0.282952040       4.76019382E-02
   2.00000000       800.000000      0.208862230       26.7531796       5.14990538E-02   1.92472566E-11   5.55687548E-05   7.11836666E-03   3.73521573E-07  -1.28851604      0.282952160       4.76276912E-02
   3.00000000       800.000000      0.210511744       26.9634609       5.07038943E-02   1.88028378E-11   5.62688656E-05   7.03497929E-03   3.61628196E-07  -1.27849555      0.282952249       4.76384312E-02
   4.00000000       800.000000      0.212182373       27.1744270       4.99149002E-02   1.83661177E-11   5.70572520E-05   6.95242314E-03   3.44683457E-07  -1.26840663      0.282952487       4.76526730E-02
   5.00000000       800.000000      0.213867262       27.3881035       4.91310693E-02   1.79372055E-11   5.78581130E-05   6.87096268E-03   3.23218131E-07  -1.25820112      0.282952547       4.76617739E-02
   6.00000000       800.000000      0.215570495       27.6017551       4.83547710E-02   1.75165108E-11   5.86544120E-05   6.79029664E-03   2.98624371E-07  -1.24793935      0.282952547       4.76534776E-02
   7.00000000       800.000000      0.217280358       27.8196926       4.75833528E-02   1.71026630E-11   5.94575322E-05   6.71069324E-03   2.71656887E-07  -1.23756766      0.282952398       4.76292484E-02
   8.00000000       800.000000      0.218995273       28.0367794       4.68191281E-02   1.66970066E-11   6.02672699E-05   6.63186703E-03   2.42903525E-07  -1.22715688      0.282952547       4.75920811E-02
   9.00000000       800.000000      0.220740929       28.2576332       4.60597873E-02   1.62986690E-11   6.10763745E-05   6.55423244E-03   2.13237996E-07  -1.21665466      0.282952517       4.75406088E-02
   10.0000000       800.000000      0.222490728       28.4788132       4.53080274E-02   1.59076797E-11   6.18805061E-05   6.47731824E-03   1.82890474E-07  -1.20607245      0.282952487       4.74758595E-02
   11.0000000       800.000000      0.224248633       28.7025547       4.45618741E-02   1.55239658E-11   6.26533147E-05   6.40109973E-03   1.52711976E-07  -1.19543219      0.282952458       4.74018715E-02
   12.0000000       800.000000      0.226034790       28.9273281       4.38219383E-02   1.51474614E-11   6.33960371E-05   6.32603187E-03   1.23478827E-07  -1.18471551      0.282952666       4.73064333E-02
   13.0000000       800.000000      0.227838799       29.1540203       4.30892445E-02   1.47781717E-11   6.41441729E-05   6.25208300E-03   9.61882449E-08  -1.17395723      0.282952607       4.71908636E-02
   2.00000000       800.000000      0.229636580       29.3828106       4.23629209E-02   1.44160734E-11   6.49063804E-05   6.17851876E-03   7.10988743E-08  -1.16314936      0.282952607       4.70617637E-02
   3.00000000       800.000000      0.231463313       29.6143074       4.16426882E-02   1.40608792E-11   6.56845150E-05   6.10584579E-03   4.85715006E-08  -1.15226007      0.282952666       4.69176546E-02
   4.00000000       800.000000      0.233298600       29.8444633       4.09305058E-02   1.37124955E-11   6.64713152E-05   6.03406038E-03   2.83503301E-08  -1.14133394      0.282952785       4.67621870E-02
   5.00000000       800.000000      0.235164225       30.0788250       4.02238965E-02   1.33708938E-11   6.72336901E-05   5.96341537E-03   9.96088101E-09  -1.13036180      0.282952756       4.66003045E-02
   6.00000000       800.000000      0.237021416       30.3152733       3.95254567E-02   1.30361876E-11   6.79283403E-05   5.89337712E-03  -6.66141009E-09  -1.11933887      0.282952845       4.64319959E-02
   7.00000000       800.000000      0.238909259       30.5545444       3.88322845E-02   1.27081097E-11   6.85108680E-05   5.82396751E-03  -2.17689209E-08  -1.10825193      0.282952875       4.62568514E-02
   8.00000000       800.000000      0.240805298       30.7942753       3.81464958E-02   1.23863324E-11   6.89433000E-05   5.75553579E-03  -3.53990188E-08  -1.09713900      0.282952875       4.60720435E-02
   9.00000000       800.000000      0.242732763       31.0363560       3.74679118E-02   1.20712286E-11   6.92364410E-05   5.68776717E-03  -4.73674682E-08  -1.08598876      0.282952905       4.58642691E-02
   10.0000000       800.000000      0.244650185       31.2805672       3.67956758E-02   1.17621598E-11   6.94732880E-05   5.62099833E-03  -5.72649306E-08  -1.07478511      0.282952815       4.56267335E-02
   11.0000000       800.000000      0.246601894       31.5240726       3.61309275E-02   1.14597975E-11   6.97566938E-05   5.55506907E-03  -6.49351009E-08  -1.06356609      0.282952726       4.53617238E-02
   12.0000000       800.000000      0.248575494       31.7732716       3.54735851E-02   1.11637964E-11   7.01916870E-05   5.48956636E-03  -7.03832228E-08  -1.05232215      0.282952696       4.50692140E-02
   13.0000000       800.000000      0.250549018       32.0229034       3.48241925E-02   1.08738097E-11   7.08565130E-05   5.42525714E-03  -7.38509343E-08  -1.04107118      0.282952756       4.47553806E-02
   2.00000000       800.000000      0.252544135       32.2734489       3.41830291E-02   1.05906586E-11   7.17710791E-05   5.36150858E-03  -7.59328032E-08  -1.02981853      0.282952785       4.44351397E-02
   3.00000000       800.000000      0.254557490       32.5260506       3.35494243E-02   1.03130672E-11   7.28649029E-05   5.29855350E-03  -7.71156934E-08  -1.01852536      0.282952696       4.41208035E-02
   4.00000000       800.000000      0.256586730       32.7818604       3.29230912E-02   1.00416698E-11   7.40059768E-05   5.23590064E-03  -7.78247440E-08  -1.00724971      0.282952666       4.38165180E-02
   5.00000000       800.000000      0.258610994       33.0395813       3.23035233E-02   9.77587542E-12   7.50563049E-05   5.17458981E-03  -7.85571643E-08 -0.995976388      0.282952666       4.35214192E-02
   6.00000000       800.000000      0.260681123       33.2992859       3.16904299E-02   9.51598002E-12   7.59046743E-05   5.11360541E-03  -7.94163029E-08 -0.984679222      0.282952607       4.32250760E-02
   7.00000000       800.000000      0.262756377       33.5623474       3.10858767E-02   9.26142583E-12   7.65195655E-05   5.05351974E-03  -7.99466306E-08 -0.973315358      0.282952517       4.29170467E-02
   8.00000000       800.000000      0.264846563       33.8261070       3.04883961E-02   9.01240801E-12   7.69149774E-05   4.99418844E-03  -8.02958766E-08 -0.962005913      0.282952607       4.25941572E-02
   9.00000000       800.000000      0.266964108       34.0918350       2.98983417E-02   8.76891875E-12   7.71564810E-05   4.93527669E-03  -8.04037512E-08 -0.950698793      0.282952666       4.22459319E-02
   10.0000000       800.000000      0.269089431       34.3593788       2.93134823E-02   8.53086959E-12   7.73418360E-05   4.87715006E-03  -7.97234563E-08 -0.939396620      0.282952547       4.18779030E-02
   11.0000000       800.000000      0.271236569       34.6304741       2.87387110E-02   8.29799337E-12   7.75192311E-05   4.81987000E-03  -7.81861687E-08 -0.928031802      0.282952487       4.14968356E-02
   12.0000000       800.000000      0.273390830       34.9008446       2.81710196E-02   8.07051995E-12   7.77368477E-05   4.76333918E-03  -7.59144285E-08 -0.916754782      0.282952458       4.10968848E-02
   13.0000000       800.000000      0.275573671       35.1773834       2.76110359E-02   7.84839728E-12   7.80662085E-05   4.70726937E-03  -7.29257863E-08 -0.905480742      0.282952428       4.06814516E-02
   2.00000000       800.000000      0.277770936       35.4531212       2.70587150E-02   7.63150133E-12   7.85357261E-05   4.65181423E-03  -6.94677311E-08 -0.894242108      0.282952338       4.02571857E-02
   3.00000000       800.000000      0.279982239       35.7325478       2.65144799E-02   7.41963782E-12   7.91416023E-05   4.59692115E-03  -6.56534311E-08 -0.883046448      0.282952279       3.98283154E-02
   4.00000000       800.000000      0.282222867       36.0137329       2.59779021E-02   7.21269225E-12   7.98498659E-05   4.54303762E-03  -6.15154434E-08 -0.871857524      0.282952279       3.93976681E-02
   5.00000000       800.000000      0.284471065       36.2968369       2.54494902E-02   7.01077998E-12   8.06289027E-05   4.48961649E-03  -5.72722740E-08 -0.860723794      0.282952458       3.89621295E-02
   6.00000000       800.000000      0.286742091       36.5804558       2.49281768E-02   6.81360263E-12   8.14541127E-05   4.43651062E-03  -5.29195496E-08 -0.849605322      0.282952368       3.85257378E-02
   7.00000000       800.000000      0.289016098       36.8690605       2.44145710E-02   6.62123394E-12   8.22224829E-05   4.38427599E-03  -4.85222813E-08 -0.838532388      0.282952338       3.81005518E-02
   8.00000000       800.000000      0.291324228       37.1585426       2.39083972E-02   6.43319512E-12   8.27920303E-05   4.33276221E-03  -4.40246168E-08 -0.827492297      0.282952398       3.76818031E-02
   9.00000000       800.000000      0.293644518       37.4530144       2.34094802E-02   6.24979669E-12   8.31258658E-05   4.28192411E-03  -3.93569941E-08 -0.816495776      0.282952428       3.72526161E-02
   10.0000000       800.000000      0.296003997       37.7481918       2.29177773E-02   6.07069126E-12   8.32771257E-05   4.23143758E-03  -3.45666358E-08 -0.805533290      0.282952398       3.68094482E-02
   11.0000000       800.000000      0.298353791       38.0451622       2.24339012E-02   5.89608787E-12   8.33185841E-05   4.18162113E-03  -2.98199048E-08 -0.794607759      0.282952458       3.63524184E-02
   12.0000000       800.000000      0.300734103       38.3437805       2.19575372E-02   5.72581088E-12   8.33479571E-05   4.13227780E-03  -2.50472372E-08 -0.783753097      0.282952458       3.58798727E-02
   13.0000000       800.000000      0.303147912       38.6467476       2.14885790E-02   5.55983775E-12   8.34608363E-05   4.08363715E-03  -2.04808561E-08 -0.772950172      0.282952547       3.53943929E-02
   2.00000000       800.000000      0.305555582       38.9513550       2.10278425E-02   5.39799976E-12   8.37422485E-05   4.03569359E-03  -1.62658438E-08 -0.762210786      0.282952487       3.48970070E-02
   3.00000000       800.000000      0.307996303       39.2577019       2.05745324E-02   5.24046388E-12   8.42554800E-05   3.98819055E-03  -1.25392026E-08 -0.751541734      0.282952487       3.43936756E-02
   4.00000000       800.000000      0.310469896       39.5681572       2.01289169E-02   5.08683590E-12   8.49744247E-05   3.94122023E-03  -9.40184641E-09 -0.740942597      0.282952428       3.38959023E-02
   5.00000000       800.000000      0.312931180       39.8770142       1.96911693E-02   4.93732312E-12   8.57839696E-05   3.89478658E-03  -6.67449962E-09 -0.730412126      0.282952368       3.34096104E-02
   6.00000000       800.000000      0.315432847       40.1933212       1.92606766E-02   4.79159160E-12   8.65440670E-05   3.84896249E-03  -4.25098046E-09 -0.719946265      0.282952398       3.29339616E-02
   7.00000000       800.000000      0.317947745       40.5082169       1.88370384E-02   4.64959538E-12   8.71240700E-05   3.80350882E-03  -2.06265716E-09 -0.709551275      0.282952428       3.24667655E-02
   8.00000000       800.000000      0.320495814       40.8281288       1.84204299E-02   4.51120868E-12   8.74632824E-05   3.75870126E-03  -1.05433440E-10 -0.699214458      0.282952398       3.19975279E-02
   9.00000000       800.000000      0.323059022       41.1489258       1.80110112E-02   4.37646794E-12   8.76079866E-05   3.71454493E-03   1.62714786E-09 -0.688954413      0.282952428       3.15180160E-02
   10.0000000       800.000000      0.325634599       41.4749947       1.76088884E-02   4.24525172E-12   8.76634222E-05   3.67070874E-03   3.03249337E-09 -0.678767204      0.282952368       3.10268216E-02
   11.0000000       800.000000      0.328246117       41.8027420       1.72136854E-02   4.11757781E-12   8.77341954E-05   3.62756918E-03   4.03283495E-09 -0.668668509      0.282952338       3.05271987E-02
   12.0000000       800.000000      0.330868602       42.1312904       1.68258827E-02   3.99328487E-12   8.78852588E-05   3.58485593E-03   4.70186956E-09 -0.658638000      0.282952398       3.00239250E-02
   13.0000000       800.000000      0.333499759       42.4624519       1.64456349E-02   3.87253467E-12   8.81518718E-05   3.54261370E-03   5.09294740E-09 -0.648708522      0.282952398       2.95188855E-02
   2.00000000       800.000000      0.336178690       42.7972488       1.60718206E-02   3.75495208E-12   8.85450718E-05   3.50092701E-03   5.30931121E-09 -0.638880074      0.282952398       2.90153585E-02
   3.00000000       800.000000      0.338866234       43.1343956       1.57053228E-02   3.64056138E-12   8.90224765E-05   3.45964939E-03   5.46733325E-09 -0.629137456      0.282952428       2.85184402E-02
   4.00000000       800.000000      0.341564178       43.4764404       1.53456647E-02   3.52936083E-12   8.94946133E-05   3.41892149E-03   5.67782932E-09 -0.619484603      0.282952428       2.80311815E-02
   5.00000000       800.000000      0.344298780       43.8198090       1.49931908E-02   3.42137321E-12   8.98734215E-05   3.37877427E-03   6.05272987E-09 -0.609912813      0.282952458       2.75499895E-02
   6.00000000       800.000000      0.347046673       44.1641579       1.46473767E-02   3.31622013E-12   9.01255044E-05   3.33881890E-03   6.54584964E-09 -0.600425780      0.282952487       2.70705465E-02
   7.00000000       800.000000      0.349838823       44.5138283       1.43077821E-02   3.21398442E-12   9.02537795E-05   3.29963490E-03   7.11226855E-09 -0.591044128      0.282952428       2.65922323E-02
   8.00000000       800.000000      0.352615893       44.8651733       1.39748901E-02   3.11459127E-12   9.02861575E-05   3.26063135E-03   7.69530217E-09 -0.581749976      0.282952458       2.61124112E-02
   9.00000000       800.000000      0.355454803       45.2186356       1.36483116E-02   3.01802919E-12   9.02830943E-05   3.22238519E-03   8.20307555E-09 -0.572554886      0.282952428       2.56306715E-02
   10.0000000       800.000000      0.358279139       45.5763397       1.33284582E-02   2.92422315E-12   9.02887768E-05   3.18432017E-03   8.59818261E-09 -0.563455939      0.282952398       2.51492336E-02
   11.0000000       800.000000      0.361149102       45.9357567       1.30151343E-02   2.83310615E-12   9.03340188E-05   3.14681698E-03   8.88026275E-09 -0.554461479      0.282952428       2.46688519E-02
   12.0000000       800.000000      0.364027262       46.2968864       1.27082039E-02   2.74463568E-12   9.04386543E-05   3.10985371E-03   9.05289532E-09 -0.545566380      0.282952458       2.41918340E-02
   13.0000000       800.000000      0.366944253       46.6631355       1.24075264E-02   2.65869813E-12   9.05961497E-05   3.07314610E-03   9.10316178E-09 -0.536775827      0.282952458       2.37195659E-02
   2.00000000       800.000000      0.369876415       47.0312233       1.21131791E-02   2.57527116E-12   9.07820358E-05   3.03703407E-03   9.02298858E-09 -0.528088152      0.282952458       2.32534595E-02
   3.00000000       800.000000      0.372847915       47.4044495       1.18246358E-02   2.49426998E-12   9.09642549E-05   3.00121331E-03   8.83960993E-09 -0.519507706      0.282952398       2.27935333E-02
   4.00000000       800.000000      0.375840873       47.7758026       1.15423454E-02   2.41563713E-12   9.11240350E-05   2.96592084E-03   8.57531557E-09 -0.511024892      0.282952338       2.23380048E-02
   5.00000000       800.000000      0.378836393       48.1548996       1.12660583E-02   2.33933012E-12   9.12602627E-05   2.93098832E-03   8.25736635E-09 -0.502650261      0.282952338       2.18862742E-02
   6.00000000       800.000000      0.381849557       48.5329056       1.09955315E-02   2.26527130E-12   9.13690164E-05   2.89639249E-03   7.94906718E-09 -0.494373947      0.282952398       2.14405544E-02
   7.00000000       800.000000      0.384928495       48.9166336       1.07307527E-02   2.19340496E-12   9.14241973E-05   2.86239316E-03   7.68466712E-09 -0.486205608      0.282952398       2.10009553E-02
   8.00000000       800.000000      0.388007849       49.3037720       1.04716197E-02   2.12366084E-12   9.14161428E-05   2.82860384E-03   7.47196616E-09 -0.478142500      0.282952398       2.05657221E-02
   9.00000000       800.000000      0.391112477       49.6939621       1.02181230E-02   2.05599123E-12   9.13644399E-05   2.79524783E-03   7.32121519E-09 -0.470184088      0.282952398       2.01342944E-02
   10.0000000       800.000000      0.394236952       50.0870171       9.97015275E-03   1.99037531E-12   9.12952892E-05   2.76236143E-03   7.21570714E-09 -0.462333053      0.282952338       1.97061356E-02
   11.0000000       800.000000      0.397388846       50.4830971       9.72764939E-03   1.92673590E-12   9.12381001E-05   2.72990391E-03   7.12566139E-09 -0.454582930      0.282952338       1.92822106E-02
   12.0000000       800.000000      0.400564700       50.8813133       9.49051138E-03   1.86502745E-12   9.12157702E-05   2.69783265E-03   7.02580349E-09 -0.446946084      0.282952338       1.88630782E-02
   13.0000000       800.000000      0.403795749       51.2825050       9.25869215E-03   1.80518990E-12   9.12264950E-05   2.66599609E-03   6.89537538E-09 -0.439411342      0.282952309       1.84506383E-02
   2.00000000       800.000000      0.406995207       51.6878319       9.03203618E-03   1.74720492E-12   9.12514006E-05   2.63454835E-03   6.72341649E-09 -0.431985795      0.282952309       1.80450827E-02
   3.00000000       800.000000      0.410275906       52.0953789       8.81054159E-03   1.69097906E-12   9.12626565E-05   2.60353740E-03   6.51000231E-09 -0.424664050      0.282952279       1.76470373E-02
   4.00000000       800.000000      0.413564175       52.5095062       8.59394763E-03   1.63647654E-12   9.12389660E-05   2.57298420E-03   6.25432284E-09 -0.417447150      0.282952309       1.72550753E-02
   5.00000000       800.000000      0.416869521       52.9231834       8.38235207E-03   1.58366278E-12   9.11854731E-05   2.54259002E-03   5.96394489E-09 -0.410332233      0.282952338       1.68686248E-02
   6.00000000       800.000000      0.420203984       53.3436661       8.17557611E-03   1.53247413E-12   9.11158641E-05   2.51258141E-03   5.64795899E-09 -0.403328657      0.282952338       1.64878853E-02
   7.00000000       800.000000      0.423574746       53.7655487       7.97356013E-03   1.48288261E-12   9.10371164E-05   2.48301704E-03   5.31848876E-09 -0.396420211      0.282952338       1.61131267E-02
   8.00000000       800.000000      0.426962882       54.1887779       7.77615979E-03   1.43482101E-12   9.09525770E-05   2.45382846E-03   4.98873032E-09 -0.389620155      0.282952309       1.57445893E-02
   9.00000000       800.000000      0.430381179       54.6191368       7.58337276E-03   1.38827708E-12   9.08584625E-05   2.42506433E-03   4.66531569E-09 -0.382927209      0.282952279       1.53825795E-02
   10.0000000       800.000000      0.433835030       55.0515404       7.39502674E-03   1.34315551E-12   9.07439971E-05   2.39647739E-03   4.35154224E-09 -0.376331776      0.282952309       1.50275519E-02
   11.0000000       800.000000      0.437294513       55.4855461       7.21114455E-03   1.29947875E-12   9.06025889E-05   2.36810744E-03   4.04691436E-09 -0.369831800      0.282952279       1.46787036E-02
   12.0000000       800.000000      0.440796643       55.9234009       7.03153852E-03   1.25716711E-12   9.04415938E-05   2.34031701E-03   3.74808273E-09 -0.363437921      0.282952279       1.43355206E-02
   13.0000000       800.000000      0.444335788       56.3692284       6.85616955E-03   1.21618557E-12   9.02802713E-05   2.31269305E-03   3.45398687E-09 -0.357145101      0.282952279       1.39982626E-02
   2.00000000       800.000000      0.447884768       56.8128738       6.68495568E-03   1.17650789E-12   9.01245439E-05   2.28548865E-03   3.16118198E-09 -0.350949496      0.282952279       1.36670079E-02
   3.00000000       800.000000      0.451492101       57.2652702       6.51784241E-03   1.13808171E-12   8.99762235E-05   2.25866493E-03   2.86757973E-09 -0.344851851      0.282952279       1.33426357E-02
   4.00000000       800.000000      0.455087274       57.7184486       6.35463512E-03   1.10088002E-12   8.98318394E-05   2.23206589E-03   2.57852029E-09 -0.338853091      0.282952249       1.30247306E-02
   5.00000000       800.000000      0.458740443       58.1730003       6.19547395E-03   1.06485740E-12   8.96843994E-05   2.20581284E-03   2.30091524E-09 -0.332949638      0.282952279       1.27132712E-02
   6.00000000       800.000000      0.462410837       58.6358948       6.03992911E-03   1.02999044E-12   8.95373523E-05   2.17973394E-03   2.04117812E-09 -0.327142060      0.282952309       1.24079529E-02
   7.00000000       800.000000      0.466109008       59.0983734       5.88833494E-03   9.96236947E-13   8.93987308E-05   2.15401896E-03   1.80835058E-09 -0.321429253      0.282952279       1.21084861E-02
   8.00000000       800.000000      0.469850868       59.5668716       5.74024115E-03   9.63561045E-13   8.92726021E-05   2.12863833E-03   1.60759162E-09 -0.315809548      0.282952279       1.18155209E-02
   9.00000000       800.000000      0.473630607       60.0369263       5.59579208E-03   9.31926845E-13   8.91489181E-05   2.10368447E-03   1.43491574E-09 -0.310280263      0.282952279       1.15294345E-02
   10.0000000       800.000000      0.477417022       60.5153427       5.45489509E-03   9.01313421E-13   8.90139636E-05   2.07889336E-03   1.29108046E-09 -0.304842621      0.282952279       1.12497471E-02
   11.0000000       800.000000      0.481236160       60.9947357       5.31733595E-03   8.71691770E-13   8.88533177E-05   2.05433974E-03   1.16848919E-09 -0.299496055      0.282952279       1.09766973E-02
   12.0000000       800.000000      0.485106736       61.4788399       5.18310349E-03   8.43011804E-13   8.86727576E-05   2.03022524E-03   1.04889541E-09 -0.294235349      0.282952279       1.07087083E-02
   13.0000000       800.000000      0.489003509       61.9645309       5.05216746E-03   8.15254982E-13   8.85050176E-05   2.00620992E-03   9.23187304E-10 -0.289065331      0.282952279       1.04459468E-02
   2.00000000       800.000000      0.492917389       62.4534645       4.92443796E-03   7.88391054E-13   8.83511530E-05   1.98265887E-03   7.88992094E-10 -0.283979744      0.282952279       1.01896003E-02
   3.00000000       800.000000      0.496857613       62.9518318       4.79984609E-03   7.62401698E-13   8.82003005E-05   1.95931387E-03   6.40554332E-10 -0.278980553      0.282952279       9.93935857E-03
   4.00000000       800.000000      0.500846684       63.4490204       4.67828335E-03   7.37260188E-13   8.80434382E-05   1.93612103E-03   4.78594220E-10 -0.274063081      0.282952279       9.69530083E-03
   5.00000000       800.000000      0.504872501       63.9528084       4.55971155E-03   7.12909929E-13   8.78719511E-05   1.91339175E-03   3.15831611E-10 -0.269228160      0.282952279       9.45694651E-03
   6.00000000       800.000000      0.508909047       64.4573593       4.44400869E-03   6.89363009E-13   8.76964332E-05   1.89079379E-03   1.65537486E-10 -0.264475107      0.282952279       9.22376662E-03
   7.00000000       800.000000      0.512971818       64.9687729       4.33118781E-03   6.66577470E-13   8.75393671E-05   1.86856335E-03   4.16850096E-11 -0.259803802      0.282952279       8.99570063E-03
   8.00000000       800.000000      0.517089903       65.4843674       4.22111107E-03   6.44532008E-13   8.74007455E-05   1.84647541E-03  -4.26309786E-11 -0.255208641      0.282952279       8.77341442E-03
   9.00000000       800.000000      0.521240056       66.0012741       4.11377894E-03   6.23200222E-13   8.72643068E-05   1.82472519E-03  -8.50455609E-11 -0.250692338      0.282952279       8.55708774E-03
   10.0000000       800.000000      0.525399923       66.5273361       4.00908291E-03   6.02560590E-13   8.71213779E-05   1.80323794E-03  -8.56049676E-11 -0.246254086      0.282952279       8.34635925E-03
   11.0000000       800.000000      0.529633105       67.0519409       3.90692521E-03   5.82587147E-13   8.69628566E-05   1.78194267E-03  -5.35104530E-11 -0.241888076      0.282952279       8.14099610E-03
   12.0000000       800.000000      0.533852458       67.5886993       3.80725740E-03   5.63261189E-13   8.67961862E-05   1.76095741E-03   3.68757623E-13 -0.237596512      0.282952279       7.94014707E-03
   13.0000000       800.000000      0.538169861       68.1238251       3.71006690E-03   5.44561087E-13   8.66444389E-05   1.74015225E-03   6.03956746E-11 -0.233376160      0.282952279       7.74409343E-03
   2.00000000       800.000000      0.542478204       68.6609192       3.61526827E-03   5.26472691E-13   8.65346883E-05   1.71962450E-03   1.13570278E-10 -0.229227006      0.282952279       7.55240582E-03
   3.00000000       800.000000      0.546837091       69.2043610       3.52281029E-03   5.08969603E-13   8.64778922E-05   1.69940374E-03   1.53630886E-10 -0.225147873      0.282952279       7.36591080E-03
   4.00000000       800.000000      0.551184714       69.7545853       3.43263522E-03   4.92040761E-13   8.64611793E-05   1.67927856E-03   1.78762546E-10 -0.221139893      0.282952279       7.18470896E-03
   5.00000000       800.000000      0.555633724       70.3113556       3.34465178E-03   4.75656244E-13   8.64652029E-05   1.65943825E-03   1.93089364E-10 -0.217198953      0.282952279       7.00886548E-03
   6.00000000       800.000000      0.560065687       70.8701859       3.25881550E-03   4.59801142E-13   8.64573522E-05   1.63985486E-03   2.01693814E-10 -0.213318318      0.282952279       6.83858758E-03
   7.00000000       800.000000      0.564574599       71.4266510       3.17509426E-03   4.44459140E-13   8.63955647E-05   1.62048894E-03   2.10608753E-10 -0.209508806      0.282952279       6.67363591E-03
   8.00000000       800.000000      0.569091976       71.9988251       3.09337582E-03   4.29612021E-13   8.62618399E-05   1.60138053E-03   2.22530272E-10 -0.205751866      0.282952279       6.51315041E-03
   9.00000000       800.000000      0.573642910       72.5662689       3.01357009E-03   4.15237506E-13   8.60758810E-05   1.58246933E-03   2.36096170E-10 -0.202063605      0.282952279       6.35631802E-03
   10.0000000       800.000000      0.578249216       73.1417236       2.93580978E-03   4.01326189E-13   8.58950007E-05   1.56375230E-03   2.49427728E-10 -0.198430702      0.282952279       6.20249705E-03
   11.0000000       800.000000      0.582887828       73.7225037       2.85985810E-03   3.87872216E-13   8.57903724E-05   1.54527486E-03   2.61361544E-10 -0.194861010      0.282952279       6.05178904E-03
   12.0000000       800.000000      0.587557673       74.3115692       2.78578722E-03   3.74852791E-13   8.58076601E-05   1.52703363E-03   2.64529121E-10 -0.191346899      0.282952279       5.90491435E-03
   13.0000000       800.000000      0.592285097       74.9019089       2.71357503E-03   3.62254850E-13   8.59548163E-05   1.50898949E-03   2.53120858E-10 -0.187895730      0.282952279       5.76259336E-03
   2.00000000       800.000000      0.597044110       75.4963303       2.64306227E-03   3.50063647E-13   8.61951776E-05   1.49111124E-03   2.27891858E-10 -0.184496135      0.282952279       5.62543375E-03
   3.00000000       800.000000      0.601813197       76.0937424       2.57425522E-03   3.38268964E-13   8.64783360E-05   1.47347001E-03   1.90684565E-10 -0.181149662      0.282952279       5.49316453E-03
   4.00000000       800.000000      0.606662095       76.6995621       2.50707963E-03   3.26843478E-13   8.67625204E-05   1.45605532E-03   1.44156215E-10 -0.177856684      0.282952279       5.36566414E-03
   5.00000000       800.000000      0.611538589       77.3089294       2.44152127E-03   3.15783261E-13   8.69999130E-05   1.43883575E-03   9.32359051E-11 -0.174613267      0.282952279       5.24282036E-03
   6.00000000       800.000000      0.616429627       77.9216690       2.37743999E-03   3.05077605E-13   8.71609955E-05   1.42176007E-03   4.54370847E-11 -0.171418965      0.282952279       5.12406928E-03
   7.00000000       800.000000      0.621346176       78.5425873       2.31486745E-03   2.94708648E-13   8.72652017E-05   1.40497717E-03   5.87306896E-12 -0.168271050      0.282952279       5.00839064E-03
   8.00000000       800.000000      0.626343310       79.1605453       2.25377991E-03   2.84669884E-13   8.73703539E-05   1.38830196E-03  -2.38936249E-11 -0.165169969      0.282952279       4.89567965E-03
   9.00000000       800.000000      0.631355822       79.7936478       2.19412940E-03   2.74949443E-13   8.75320111E-05   1.37186039E-03  -4.31588827E-11 -0.162113756      0.282952279       4.78590559E-03
   10.0000000       800.000000      0.636449695       80.4251099       2.13587587E-03   2.65538649E-13   8.77712664E-05   1.35560404E-03  -5.36897263E-11 -0.159102544      0.282952279       4.68031457E-03
   11.0000000       800.000000      0.641569495       81.0633545       2.07895041E-03   2.56428505E-13   8.80953594E-05   1.33948261E-03  -5.84681747E-11 -0.156132042      0.282952279       4.57784114E-03
   12.0000000       800.000000      0.646703839       81.7070923       2.02337769E-03   2.47604563E-13   8.85353656E-05   1.32365141E-03  -6.02756109E-11 -0.153205112      0.282952279       4.47964203E-03
   13.0000000       800.000000      0.651862979       82.3593216       1.96908880E-03   2.39061836E-13   8.90829251E-05   1.30791869E-03  -6.08154985E-11 -0.150315210      0.282952279       4.38482082E-03
   2.00000000       800.000000      0.657104909       83.0148392       1.91606802E-03   2.30787964E-13   8.97334321E-05   1.29240926E-03  -6.12635984E-11 -0.147464529      0.282952279       4.29533934E-03
   3.00000000       800.000000      0.662361264       83.6720734       1.86422141E-03   2.22779721E-13   9.04570406E-05   1.27698469E-03  -6.11583215E-11 -0.144647583      0.282952279       4.20860015E-03
   4.00000000       800.000000      0.667716920       84.3404617       1.81360578E-03   2.15016454E-13   9.12617252E-05   1.26181706E-03  -5.90436103E-11 -0.141867548      0.282952279       4.12819022E-03
   5.00000000       800.000000      0.673070669       85.0116577       1.76409609E-03   2.07503163E-13   9.21122555E-05   1.24686956E-03  -5.31296118E-11 -0.139111280      0.282952279       4.04937612E-03
   6.00000000       800.000000      0.678464949       85.6865540       1.71577791E-03   2.00218910E-13   9.30327005E-05   1.23197236E-03  -4.20836872E-11 -0.136394382      0.282952279       3.97886662E-03
   7.00000000       800.000000      0.683868349       86.3630829       1.66852714E-03   1.93166663E-13   9.39709935E-05   1.21736503E-03  -2.62835448E-11 -0.133691534      0.282952279       3.90816154E-03
   8.00000000       800.000000      0.689361989       87.0500107       1.62231701E-03   1.86336664E-13   9.49786117E-05   1.20283826E-03  -7.60855701E-12 -0.131026432      0.282952279       3.84969194E-03
   9.00000000       800.000000      0.694936693       87.7468338       1.57716230E-03   1.79724792E-13   9.59686658E-05   1.18853233E-03   1.17633082E-11 -0.128365025      0.282952279       3.78708239E-03
   10.0000000       800.000000      0.700467765       88.4404068       1.53310504E-03   1.73326116E-13   9.70761394E-05   1.17444654E-03   2.89767325E-11 -0.125743791      0.282952279       3.74374795E-03
   11.0000000       800.000000      0.706084132       89.1438522       1.49001472E-03   1.67127095E-13   9.81544363E-05   1.16043119E-03   4.16863523E-11 -0.123095408      0.282952279       3.68898781E-03
   12.0000000       800.000000      0.711785257       89.8559036       1.44799950E-03   1.61133002E-13   9.94538059E-05   1.14662398E-03   4.86900832E-11 -0.120511487      0.282952279       3.66728916E-03
   13.0000000       800.000000      0.717506111       90.5660553       1.40700408E-03   1.55335759E-13   1.00679375E-04   1.13299582E-03   4.94913277E-11 -0.117853314      0.282952279       3.61954700E-03
   2.00000000       800.000000      0.723254204       91.2924652       1.36702985E-03   1.49731491E-13   1.02257189E-04   1.11961341E-03   4.60125861E-11 -0.115295433      0.282952279       3.63051100E-03
   3.00000000       800.000000      0.729030788       92.0148239       1.32814818E-03   1.44320807E-13   1.03623104E-04   1.10628013E-03   3.90002891E-11 -0.112579428      0.282952279       3.58651043E-03
   4.00000000       800.000000      0.734885931       92.7492523       1.29027828E-03   1.39103383E-13   1.05614352E-04   1.09329971E-03   3.09340505E-11 -0.110045187      0.282952279       3.65113700E-03
   5.00000000       800.000000      0.740812361       93.4854507       1.25356670E-03   1.34078715E-13   1.07016793E-04   1.08033326E-03   2.30640541E-11 -0.107195869      0.282952279       3.60123278E-03
   6.00000000       800.000000      0.746736884       94.2303009       1.21801952E-03   1.29249218E-13   1.09575150E-04   1.06771290E-03   1.56826930E-11 -0.104693167      0.282952279       3.76032293E-03
   7.00000000       800.000000      0.752711892       94.9802017       1.18367723E-03   1.24613278E-13   1.10763678E-04   1.05522294E-03   1.14058641E-11 -0.101559892      0.282952279       3.67983733E-03
   8.00000000       800.000000      0.758787692       95.7357407       1.15061156E-03   1.20179596E-13   1.14045135E-04   1.04310014E-03   6.57574559E-12  -9.91246477E-02  0.282952279       4.01460612E-03
   9.00000000       800.000000      0.764886141       96.4991150       1.11906126E-03   1.15953539E-13   1.14932402E-04   1.03093660E-03   6.74815282E-12  -9.54398289E-02  0.282952279       3.83517519E-03
   10.0000000       800.000000      0.770997465       97.2638321       1.08885800E-03   1.11938108E-13   1.18645490E-04   1.01963955E-03   8.60547310E-12  -9.32365730E-02  0.282952279       4.61982517E-03
   11.0000000       800.000000      0.777200460       98.0346756       1.06089143E-03   1.08198661E-13   1.37619689E-04   1.00779533E-03   1.27136409E-11  -8.82865116E-02  0.282952279       3.99954803E-03
   12.0000000       800.000000      0.783445537       98.8157425       1.02573493E-03   1.03787977E-13   5.97672770E-05   9.97542986E-04  -1.98489468E-20  -8.69955420E-02  0.282952279      -3.05135036E-03
   13.0000000       800.000000      0.789714217       99.6048737       1.00181869E-03   1.00566528E-13   5.95398888E-05   9.85780265E-04  -6.41256179E-21  -9.30891633E-02  0.282952279      -7.71324662E-03
