   0.00000000       190.000000       3.40428352E-02   1.01702809       5.24095551E-04   5.15208275E-12  -8.26423541E-02   1.70963037      -1.52707267E-14  -1.21545454E-03  -5.19870918E-16  -1.01999352E-02
   1.00000000       197.000000       3.40447091E-02   1.05104125       5.15537511E-04   4.90380870E-12  -7.55427778E-02   1.59125638      -7.02037678E-15  -1.56269711E-03  -7.58884928E-16   2.28790450E-03
   2.00000000       200.000000       3.40499915E-02   1.08514261       5.07384597E-04   4.67483127E-12  -3.84284630E-02   1.28310096      -4.82429424E-03  -1.05965906E-03  -1.64267665E-04   7.96668138E-03
   3.00000000       200.000000       3.40571664E-02   1.11914527       5.80445223E-04   5.18527669E-12  0.102142438       1.17130196       4.42271084E-02  -1.02011231E-03   1.34195993E-03  -2.96679977E-03
   4.00000000       200.000000       3.40652503E-02   1.15326166       6.65288186E-04   5.76771443E-12  0.141237110       1.06985795       9.86643508E-02  -1.26176223E-03   4.70300065E-03  -6.15247386E-03
   5.00000000       200.000000       3.40752266E-02   1.18727005       7.49870844E-04   6.31449277E-12  0.159381986      0.979038894      0.149980202      -1.43935310E-03   9.81377438E-03  -5.51169459E-03
   6.00000000       200.000000       3.40886116E-02   1.22141874       8.38926819E-04   6.86731921E-12  0.168408573      0.903373957      0.198641866      -1.63747300E-03   1.65853444E-02  -5.93932904E-03
   7.00000000       200.000000       3.41038704E-02   1.25543642       9.38920595E-04   7.47714477E-12  0.172797635      0.840211272      0.243934080      -1.84438087E-03   2.49045845E-02  -6.14260091E-03
   8.00000000       200.000000       3.41209993E-02   1.28956389       1.05031475E-03   8.14301144E-12  0.174405068      0.786622941      0.286262274      -2.05655838E-03   3.46724354E-02  -6.54483773E-03
   9.00000000       200.000000       3.41415480E-02   1.32373023       1.17684272E-03   8.88875779E-12  0.174318597      0.740346432      0.326015651      -2.29115691E-03   4.58031669E-02  -7.45599344E-03
   10.0000000       200.000000       3.41642797E-02   1.35789859       1.32204522E-03   9.73439038E-12  0.173118770      0.699577093      0.363958657      -2.56584468E-03   5.82372583E-02  -8.79149046E-03
   11.0000000       200.000000       3.41873281E-02   1.39207828       1.48968201E-03   1.06994569E-11  0.171165913      0.663470924      0.400823742      -2.89205858E-03   7.19404668E-02  -1.04481159E-02
   2.00000000       200.000000       3.42125520E-02   1.42626679       1.68369163E-03   1.18029588E-11  0.168879747      0.631282449      0.436467052      -3.28050624E-03   8.68736133E-02  -1.24266930E-02
   3.00000000       200.000000       3.42412032E-02   1.46045995       1.90870464E-03   1.30668159E-11  0.166151211      0.602249146      0.470740587      -3.74274375E-03  0.102992795      -1.47656454E-02
   4.00000000       200.000000       3.42717990E-02   1.49468386       2.16942676E-03   1.45113643E-11  0.163185522      0.575914025      0.503280163      -4.29217424E-03  0.120241545      -1.74825005E-02
   5.00000000       200.000000       3.43041234E-02   1.52902329       2.47134618E-03   1.61602398E-11  0.160145000      0.551819980      0.533427060      -4.94165253E-03  0.138540938      -2.05740780E-02
   6.00000000       200.000000       3.43400165E-02   1.56331646       2.81992438E-03   1.80348202E-11  0.157042876      0.529735982      0.560434401      -5.70449745E-03  0.157786280      -2.40606871E-02
   7.00000000       200.000000       3.43780145E-02   1.59766877       3.22187319E-03   2.01623562E-11  0.153840333      0.508855820      0.583121955      -6.59504998E-03  0.177832991      -2.86789481E-02
   8.00000000       400.000000       3.44163403E-02   1.63212323       3.68728535E-03   2.25887035E-11  0.150338620      0.488475025      0.600916266      -7.67745962E-03  0.198514581      -3.33761871E-02
   9.00000000       400.000000       3.44596468E-02   1.66651404       4.22252622E-03   2.53330915E-11  0.145479292      0.469323456      0.612131298      -8.89386795E-03  0.219607934      -3.82788554E-02
   10.0000000       400.000000       3.45019177E-02   1.70102203       4.83549433E-03   2.84226236E-11  0.140706867      0.451503336      0.617536128      -1.03171896E-02  0.240914240      -4.44843955E-02
   11.0000000       400.000000       3.45477760E-02   1.73553383       5.53177763E-03   3.18685772E-11  0.136171624      0.435124785      0.617109954      -1.19655328E-02  0.262234271      -5.13874963E-02
   12.0000000       400.000000       3.45973931E-02   1.77006423       6.32251846E-03   3.57126967E-11  0.131914422      0.419933885      0.610436022      -1.38703613E-02  0.283353537      -5.91754243E-02
   13.0000000       400.000000       3.46456654E-02   1.80469894       7.21823331E-03   3.99900321E-11  0.127888963      0.405781507      0.597192645      -1.60630122E-02  0.304044157      -6.76568076E-02
   2.00000000       400.000000       3.46989296E-02   1.83938944       8.22412316E-03   4.47039940E-11  0.124054156      0.392520905      0.576788723      -1.85621139E-02  0.324058086      -7.66964257E-02
   3.00000000       400.000000       3.47537622E-02   1.87406790       9.34544206E-03   4.98579823E-11  0.120582804      0.380333781      0.548335552      -2.13898998E-02  0.343115151      -8.61671641E-02
   4.00000000       400.000000       3.48123796E-02   1.90886545       1.05781546E-02   5.54063219E-11  0.117416665      0.369018137      0.512403667      -2.45564040E-02  0.360953301      -9.58110243E-02
   5.00000000       400.000000       3.48717459E-02   1.94381344       1.19240414E-02   6.13364914E-11  0.114505716      0.358383775      0.469315469      -2.80661900E-02  0.377318650     -0.105928659    
   6.00000000       400.000000       3.49331126E-02   1.97864985       1.33894794E-02   6.76597528E-11  0.111783139      0.348529428      0.419624239      -3.19505557E-02  0.391976982     -0.116695441    
   7.00000000       400.000000       3.49960364E-02   2.01366401       1.49757182E-02   7.43614267E-11  0.109151028      0.339250416      0.365125209      -3.62266004E-02  0.404754639     -0.127653420    
   8.00000000       400.000000       3.50628383E-02   2.04869795       1.66788083E-02   8.14020101E-11  0.106695168      0.330634385      0.308253050      -4.08937745E-02  0.415562421     -0.138493866    
   9.00000000       400.000000       3.51311862E-02   2.08382654       1.84922498E-02   8.87327503E-11  0.104457885      0.322591722      0.251486927      -4.59477752E-02  0.424397498     -0.149156705    
   10.0000000       400.000000       3.52015831E-02   2.11898565       2.04087533E-02   9.63036456E-11  0.102442607      0.314917207      0.196599960      -5.13841100E-02  0.431317538     -0.159614503    
   11.0000000       400.000000       3.52728553E-02   2.15418029       2.24212371E-02   1.04069427E-10  0.100680627      0.307632297      0.144803777      -5.71965948E-02  0.436425686     -0.169798732    
   12.0000000       400.000000       3.53475511E-02   2.18945503       2.45242454E-02   1.11994920E-10   9.91193578E-02  0.300671518       9.69044566E-02  -6.33756444E-02  0.439851314     -0.179845333    
   13.0000000       400.000000       3.54251340E-02   2.22494793       2.67153289E-02   1.20060434E-10   9.76754650E-02  0.293947548       5.34673519E-02  -6.99250251E-02  0.441745192     -0.189919040    
   2.00000000       400.000000       3.55066359E-02   2.26028228       2.89932936E-02   1.28253519E-10   9.64500234E-02  0.287479609       1.49609772E-02  -7.68469945E-02  0.442276686     -0.200011253    
   3.00000000       400.000000       3.55888382E-02   2.29589605       3.13577987E-02   1.36565703E-10   9.53538641E-02  0.281208605      -1.82959773E-02  -8.41445178E-02  0.441624999     -0.210227087    
   4.00000000       400.000000       3.56727764E-02   2.33153582       3.38088535E-02   1.44990159E-10   9.43277553E-02  0.275127947      -4.55042422E-02  -9.18275267E-02  0.440003008     -0.220706359    
   5.00000000       400.000000       3.57585363E-02   2.36718988       3.63454632E-02   1.53517019E-10   9.32807177E-02  0.269197673      -6.60399273E-02  -9.99092832E-02  0.437640429     -0.231341124    
   6.00000000       400.000000       3.58451568E-02   2.40296197       3.89655270E-02   1.62131544E-10   9.22681615E-02  0.263459653      -7.95915052E-02 -0.108392447      0.434787512     -0.241886616    
   7.00000000       400.000000       3.59365791E-02   2.43895650       4.16662619E-02   1.70818068E-10   9.12594125E-02  0.257894397      -8.66303891E-02 -0.117272869      0.431674033     -0.252332091    
   8.00000000       400.000000       3.60317938E-02   2.47496963       4.44439687E-02   1.79556120E-10   9.02260616E-02  0.252506167      -8.79544392E-02 -0.126552507      0.428505480     -0.262659609    
   9.00000000       400.000000       3.61256152E-02   2.51087451       4.72948365E-02   1.88328839E-10   8.91969129E-02  0.247293130      -8.43812153E-02 -0.136225745      0.425457150     -0.272827089    
   10.0000000       400.000000       3.62243615E-02   2.54723430       5.02144098E-02   1.97114783E-10   8.81232992E-02  0.242228433      -7.63744339E-02 -0.146291822      0.422690153     -0.282959104    
   11.0000000       400.000000       3.63236889E-02   2.58347154       5.32029420E-02   2.05913744E-10   8.70307237E-02  0.237300530      -6.41516894E-02 -0.156753853      0.420359939     -0.292996645    
   12.0000000       400.000000       3.64281610E-02   2.61973166       5.62600605E-02   2.14722892E-10   8.59212428E-02  0.232536525      -4.76986393E-02 -0.167607561      0.418622792     -0.302962065    
   13.0000000       400.000000       3.65312435E-02   2.65625191       5.93831949E-02   2.23530375E-10   8.48148242E-02  0.227932677      -2.73160785E-02 -0.178857714      0.417624712     -0.313025683    
   2.00000000       400.000000       3.66381556E-02   2.69287086       6.25696331E-02   2.32324895E-10   8.36924165E-02  0.223477513      -3.67487082E-03 -0.190512121      0.417489141     -0.322937101    
   3.00000000       400.000000       3.67491208E-02   2.72951531       6.58149347E-02   2.41089981E-10   8.26264620E-02  0.219176650       2.15500817E-02 -0.202557251      0.418282628     -0.332488656    
   4.00000000       400.000000       3.68596762E-02   2.76648116       6.91155717E-02   2.49811921E-10   8.15831348E-02  0.214993224       4.60227653E-02 -0.214986309      0.419978082     -0.341651082    
   5.00000000       400.000000       3.69738303E-02   2.80324292       7.24663436E-02   2.58474214E-10   8.05365592E-02  0.210921124       6.68233708E-02 -0.227783352      0.422448933     -0.350504518    
   6.00000000       400.000000       3.70923392E-02   2.84031177       7.58650526E-02   2.67068728E-10   7.94778988E-02  0.206962377       8.12475756E-02 -0.240946785      0.425462902     -0.358968228    
   7.00000000       400.000000       3.72101963E-02   2.87746811       7.93065950E-02   2.75578615E-10   7.83610046E-02  0.203103513       8.72190073E-02 -0.254455507      0.428708017     -0.366872847    
   8.00000000       400.000000       3.73310633E-02   2.91468883       8.27867910E-02   2.83993967E-10   7.72595331E-02  0.199340522       8.38696882E-02 -0.268294632      0.431838781     -0.374233574    
   9.00000000       400.000000       3.74547355E-02   2.95214677       8.63011032E-02   2.92299879E-10   7.62125179E-02  0.195672259       7.16517195E-02 -0.282443255      0.434523284     -0.380801439    
   10.0000000       400.000000       3.75822932E-02   2.98967767       8.98439959E-02   3.00481084E-10   7.52171949E-02  0.192075238       5.22144623E-02 -0.296868801      0.436485887     -0.386600822    
   11.0000000       400.000000       3.77115831E-02   3.02733731       9.34109464E-02   3.08525094E-10   7.43074715E-02  0.188552558       2.79087033E-02 -0.311551660      0.437538207     -0.391735911    
   12.0000000       400.000000       3.78417671E-02   3.06507659       9.69968736E-02   3.16420973E-10   7.33994171E-02  0.185084730       8.80229403E-04 -0.326465279      0.437571406     -0.396171927    
   13.0000000       400.000000       3.79736088E-02   3.10296249      0.100599110       3.24163502E-10   7.24997595E-02  0.181675091      -2.74435915E-02 -0.341587722      0.436529338     -0.399966061    
   2.00000000       400.000000       3.81093584E-02   3.14102793      0.104215667       3.31749517E-10   7.15105906E-02  0.178318709      -5.65130375E-02 -0.356897175      0.434375703     -0.403184652    
   3.00000000       400.000000       3.82481478E-02   3.17926812      0.107843578       3.39175160E-10   7.04342127E-02  0.175024107      -8.63297358E-02 -0.372374266      0.431073189     -0.405752152    
   4.00000000       400.000000       3.83906849E-02   3.21746230      0.111482449       3.46444429E-10   6.92218319E-02  0.171795145     -0.116948418     -0.387992948      0.426583141     -0.407882363    
   5.00000000       400.000000       3.85340862E-02   3.25593615      0.115131631       3.53558821E-10   6.78583160E-02  0.168639645     -0.147762150     -0.403749764      0.420889199     -0.409815878    
   6.00000000       400.000000       3.86794209E-02   3.29459786      0.118793741       3.60529911E-10   6.63833171E-02  0.165559918     -0.177192137     -0.419635952      0.414035887     -0.411916137    
   7.00000000       400.000000       3.88261117E-02   3.33332801      0.122476906       3.67386566E-10   6.48270398E-02  0.162560239     -0.203009203     -0.435676157      0.406154245     -0.414624542    
   8.00000000       400.000000       3.89781781E-02   3.37215042      0.126186371       3.74147824E-10   6.31409734E-02  0.159638345     -0.223064497     -0.451894909      0.397459924     -0.418364793    
   9.00000000       400.000000       3.91310640E-02   3.41121101      0.129934877       3.80851711E-10   6.12972304E-02  0.156791508     -0.235909775     -0.468353629      0.388228804     -0.423256159    
   10.0000000       400.000000       3.92854065E-02   3.45050335      0.133730546       3.87522625E-10   5.92825115E-02  0.154021665     -0.241460800     -0.485085338      0.378742397     -0.429211795    
   11.0000000       400.000000       3.94439995E-02   3.48992372      0.137584955       3.94195399E-10   5.70754074E-02  0.151325077     -0.240838662     -0.502145946      0.369242072     -0.436466277    
   12.0000000       400.000000       3.96043137E-02   3.52931929      0.141508907       4.00897648E-10   5.47419749E-02  0.148699194     -0.236016005     -0.519587934      0.359895259     -0.444664270    
   13.0000000       400.000000       3.97699885E-02   3.56905532      0.145515099       4.07662765E-10   5.23805581E-02  0.146140561     -0.229080141     -0.537439883      0.350784957     -0.453972042    
   2.00000000       400.000000       3.99327539E-02   3.60901117      0.149622187       4.14541207E-10   4.99234274E-02  0.143651769     -0.221194476     -0.555770993      0.341951877     -0.464850068    
   3.00000000       400.000000       4.01016437E-02   3.64905024      0.153847098       4.21571722E-10   4.72867750E-02  0.141230211     -0.212146297     -0.574644387      0.333444566     -0.477343857    
   4.00000000       400.000000       4.02740240E-02   3.68916464      0.158211187       4.28806907E-10   4.44088839E-02  0.138874680     -0.201213539     -0.594136953      0.325340867     -0.491893560    
   5.00000000       400.000000       4.04453352E-02   3.72949243      0.162740186       4.36309461E-10   4.11168598E-02  0.136586413     -0.187760904     -0.614350080      0.317746341     -0.508378267    
   6.00000000       400.000000       4.06209007E-02   3.77015471      0.167460412       4.44137310E-10   3.74163240E-02  0.134367809     -0.172359064     -0.635350883      0.310744077     -0.526345730    
   7.00000000       400.000000       4.08019014E-02   3.81062984      0.172404170       4.52363452E-10   3.33647802E-02  0.132220730     -0.156779394     -0.657207191      0.304347843     -0.548718572    
   8.00000000       400.000000       4.09835242E-02   3.85157919      0.177655086       4.61192889E-10   2.90617235E-02  0.130150184     -0.143265978     -0.680227637      0.298476487     -0.578977048    
   9.00000000       400.000000       4.11677249E-02   3.89264297      0.183360025       4.70981643E-10   2.43712887E-02  0.128139749     -0.134216994     -0.704770446      0.292951375     -0.632918835    
   10.0000000       800.000000       4.13518026E-02   3.93391180      0.189588264       4.81871376E-10   2.10909750E-02  0.126149803     -0.129292771     -0.732456028      0.287604541     -0.699490488    
   11.0000000       800.000000       4.15420607E-02   3.97551847      0.196150377       4.93351582E-10   1.82658583E-02  0.124167524     -0.129266679     -0.762755752      0.282234520     -0.763626635    
   12.0000000       800.000000       4.17331755E-02   4.01692963      0.202935711       5.05128495E-10   1.59535334E-02  0.122186005     -0.136171013     -0.796048760      0.276551425     -0.779316485    
   13.0000000       800.000000       4.19295840E-02   4.05884504      0.209700659       5.16586773E-10   1.38091808E-02  0.120230764     -0.145488262     -0.827954292      0.270451218     -0.735921800    
   2.00000000       800.000000       4.21275869E-02   4.10084629      0.216389164       5.27600297E-10   1.17681036E-02  0.118326053     -0.142867163     -0.857906163      0.264433503     -0.694149971    
   3.00000000       800.000000       4.23264094E-02   4.14324856      0.222936243       5.38024070E-10   9.90493223E-03  0.116467945     -0.119503878     -0.886576474      0.259375125     -0.665048480    
   4.00000000       800.000000       4.25276794E-02   4.18554831      0.229187831       5.47504764E-10   8.30024295E-03  0.114646293      -7.82390013E-02 -0.914337873      0.256047517     -0.617786109    
   5.00000000       800.000000       4.27326299E-02   4.22826385      0.235086754       5.55935242E-10   7.01930979E-03  0.112865008      -3.53305489E-02 -0.939249694      0.254537880     -0.550058484    
   6.00000000       800.000000       4.29400988E-02   4.27117634      0.240776822       5.63679436E-10   5.91305736E-03  0.111129209      -5.95581997E-03 -0.961463034      0.254282355     -0.499144822    
   7.00000000       800.000000       4.31519486E-02   4.31416321      0.246214435       5.70658298E-10   4.93027270E-03  0.109439351       5.28831175E-03 -0.982223213      0.254510313     -0.483291268    
   8.00000000       800.000000       4.33655083E-02   4.35740662      0.251457006       5.77023040E-10   4.02161805E-03  0.107790388       2.83459877E-03  -1.00327766      0.254633367     -0.485816926    
   9.00000000       800.000000       4.35808785E-02   4.40067959      0.256538928       5.82869364E-10   3.18895024E-03  0.106179543      -4.93974797E-03  -1.02446437      0.254417986     -0.476036996    
   10.0000000       800.000000       4.38009016E-02   4.44439697      0.261565119       5.88447513E-10   2.39236583E-03  0.104606658      -6.58946997E-03  -1.04487407      0.254129499     -0.467200845    
   11.0000000       800.000000       4.40220647E-02   4.48833799      0.266482592       5.93644522E-10   1.66403782E-03  0.103068776       7.11513078E-03  -1.06549597      0.254442573     -0.491801590    
   12.0000000       800.000000       4.42490242E-02   4.53246212      0.271746486       5.99476524E-10   9.48168861E-04  0.101562552       3.38290483E-02  -1.08828592      0.255939603     -0.508044481    
   13.0000000       800.000000       4.44775447E-02   4.57707596      0.276953816       6.05042849E-10   2.70269782E-04  0.100090101       5.29293977E-02  -1.11057103      0.258293390     -0.476445079    
   2.00000000       800.000000       4.47068773E-02   4.62136841      0.281344771       6.08703976E-10  -3.03210603E-04   9.86544713E-02   6.47122338E-02  -1.13077664      0.261186659     -0.444875985    
   3.00000000       800.000000       4.49385233E-02   4.66624355      0.284847468       6.10362816E-10  -4.95636370E-04   9.72546563E-02   7.59277120E-02  -1.15045071      0.264598787     -0.374938667    
   4.00000000       800.000000       4.51754220E-02   4.71121693      0.285998523       6.06969530E-10  -4.07093612E-04   9.58823413E-02   7.05252662E-02  -1.16456509      0.267784715     -0.263289481    
   5.00000000       800.000000       4.54156250E-02   4.75678205      0.286187351       6.01585781E-10  -2.91938893E-04   9.45371613E-02   6.20847307E-02  -1.17430425      0.270604253     -0.160368264    
   6.00000000       800.000000       4.56556603E-02   4.80203438      0.285635114       5.94731264E-10  -1.95881788E-04   9.32201371E-02   5.72049879E-02  -1.17916775      0.273216277      -6.47699162E-02
   7.00000000       800.000000       4.59001064E-02   4.84787893      0.284403682       5.86575288E-10  -1.34526475E-04   9.19311792E-02   5.56405298E-02  -1.18023455      0.275769979       2.78432202E-03
   8.00000000       800.000000       4.61495221E-02   4.89382601      0.282700837       5.77581261E-10  -1.03827733E-04   9.06702355E-02   5.50392084E-02  -1.17891431      0.278310120       3.62384208E-02
   9.00000000       800.000000       4.64015417E-02   4.94037914      0.280653149       5.68027458E-10  -1.04191728E-04   8.94361362E-02   5.33211939E-02  -1.17688012      0.280784011       3.44943888E-02
   10.0000000       800.000000       4.66544069E-02   4.98703766      0.278372169       5.58152580E-10  -1.34662929E-04   8.82273391E-02   5.02444208E-02  -1.17570424      0.283128470       4.51500900E-03
   11.0000000       800.000000       4.69110720E-02   5.03345490      0.275970221       5.48194379E-10  -1.94643362E-04   8.70416984E-02   4.59564067E-02  -1.17645681      0.285284102      -4.20667157E-02
   12.0000000       800.000000       4.71705161E-02   5.08080530      0.273586035       5.38427136E-10  -2.71846482E-04   8.58770534E-02   4.08555195E-02  -1.17966044      0.287211329      -9.06693861E-02
   13.0000000       800.000000       4.74330559E-02   5.12793064      0.271290004       5.28983857E-10  -3.56255769E-04   8.47313777E-02   3.66633162E-02  -1.18503547      0.288950086     -0.128009379    
   2.00000000       800.000000       4.76989783E-02   5.17558718      0.269119650       5.19928545E-10  -4.40075848E-04   8.36035609E-02   3.44374590E-02  -1.19184005      0.290593237     -0.149270564    
   3.00000000       800.000000       4.79672700E-02   5.22343826      0.267086744       5.11276022E-10  -5.17452776E-04   8.24925825E-02   3.37122828E-02  -1.19931626      0.292210191     -0.156479001    
   4.00000000       800.000000       4.82396744E-02   5.27148342      0.265172124       5.02978270E-10  -5.87226299E-04   8.13982114E-02   3.28232013E-02  -1.20689332      0.293793678     -0.155117065    
   5.00000000       800.000000       4.85143214E-02   5.32006216      0.263350040       4.94979779E-10  -6.51594310E-04   8.03201273E-02   3.02802827E-02  -1.21432602      0.295262635     -0.151117951    
   6.00000000       800.000000       4.87925000E-02   5.36836243      0.261613369       4.87259177E-10  -7.08065345E-04   7.92585537E-02   2.68309452E-02  -1.22159863      0.296571702     -0.148151979    
   7.00000000       800.000000       4.90735136E-02   5.41723442      0.259959728       4.79805251E-10  -7.56642432E-04   7.82129988E-02   2.43426617E-02  -1.22882283      0.297766328     -0.146734223    
   8.00000000       800.000000       4.93605398E-02   5.46674824      0.258363396       4.72565931E-10  -7.98317837E-04   7.71832764E-02   2.33558882E-02  -1.23604119      0.298919648     -0.146241754    
   9.00000000       800.000000       4.96459454E-02   5.51635075      0.256806225       4.65502664E-10  -8.35420040E-04   7.61695877E-02   2.24180203E-02  -1.24330294      0.300031990     -0.146229461    
   10.0000000       800.000000       4.99367975E-02   5.56616688      0.255275816       4.58589333E-10  -8.67715105E-04   7.51709267E-02   2.02529319E-02  -1.25060403      0.301043540     -0.146679655    
   11.0000000       800.000000       5.02316244E-02   5.61612844      0.253776699       4.51831600E-10  -8.94490338E-04   7.41875321E-02   1.77233685E-02  -1.25799465      0.301934093     -0.147644550    
   12.0000000       800.000000       5.05279116E-02   5.66623640      0.252312303       4.45229742E-10  -9.13771393E-04   7.32189566E-02   1.63410492E-02  -1.26548052      0.302759141     -0.148577467    
   13.0000000       800.000000       5.08273505E-02   5.71697474      0.250886828       4.38790448E-10  -9.25981440E-04   7.22651705E-02   1.55958049E-02  -1.27305496      0.303552359     -0.149423897    
   2.00000000       800.000000       5.11321910E-02   5.76780939      0.249510944       4.32526653E-10  -9.29357659E-04   7.13251978E-02   1.41350608E-02  -1.28071594      0.304275066     -0.150046930    
   3.00000000       800.000000       5.14377542E-02   5.81939650      0.248191178       4.26447100E-10  -9.23257670E-04   7.03997687E-02   1.25113381E-02  -1.28844464      0.304918826     -0.150322571    
   4.00000000       800.000000       5.17485440E-02   5.87104797      0.246932641       4.20556645E-10  -9.06596484E-04   6.94876686E-02   1.15839848E-02  -1.29622579      0.305518359     -0.150297984    
   5.00000000       800.000000       5.20629622E-02   5.92277527      0.245726779       4.14834667E-10  -8.80879816E-04   6.85897022E-02   1.06427921E-02  -1.30404592      0.306072086     -0.149650946    
   6.00000000       800.000000       5.23787588E-02   5.97483015      0.244553626       4.09245471E-10  -8.48148135E-04   6.77052587E-02   9.48407594E-03  -1.31185722      0.306568801     -0.147900760    
   7.00000000       800.000000       5.26992045E-02   6.02751064      0.243393660       4.03754141E-10  -8.11371894E-04   6.68339729E-02   8.61252565E-03  -1.31958747      0.307022870     -0.145279735    
   8.00000000       800.000000       5.30240014E-02   6.08028364      0.242239252       3.98345745E-10  -7.72129628E-04   6.59756660E-02   8.14519636E-03  -1.32721496      0.307454497     -0.142451972    
   9.00000000       800.000000       5.33496812E-02   6.13364077      0.241086975       3.93012983E-10  -7.31473789E-04   6.51300997E-02   7.45248049E-03  -1.33474255      0.307852387     -0.139504507    
   10.0000000       800.000000       5.36804311E-02   6.18732548      0.239933386       3.87750915E-10  -6.90401939E-04   6.42970726E-02   6.69708895E-03  -1.34214628      0.308211356     -0.136434212    
   11.0000000       800.000000       5.40157408E-02   6.24103832      0.238781556       3.82558901E-10  -6.49462920E-04   6.34765252E-02   6.41661836E-03  -1.34943461      0.308558524     -0.133469149    
   12.0000000       800.000000       5.43518029E-02   6.29508209      0.237632677       3.77440579E-10  -6.09109644E-04   6.26677722E-02   6.03854703E-03  -1.35660887      0.308886230     -0.130564243    
   13.0000000       800.000000       5.46922497E-02   6.34962225      0.236486405       3.72396003E-10  -5.69720811E-04   6.18710518E-02   5.47147263E-03  -1.36367095      0.309184998     -0.127717257    
   2.00000000       800.000000       5.50380871E-02   6.40445566      0.235346437       3.67425035E-10  -5.31643629E-04   6.10860586E-02   5.28380601E-03  -1.37062609      0.309475750     -0.125025451    
   3.00000000       800.000000       5.53847216E-02   6.45976830      0.234210983       3.62528341E-10  -4.95142245E-04   6.03123531E-02   4.97310935E-03  -1.37747920      0.309751540     -0.122528486    
   4.00000000       800.000000       5.57359010E-02   6.51546860      0.233080804       3.57701924E-10  -4.60621028E-04   5.95497601E-02   4.50591324E-03  -1.38424039      0.310003191     -0.120213643    
   5.00000000       800.000000       5.60912378E-02   6.57112312      0.231954753       3.52945589E-10  -4.28201805E-04   5.87984063E-02   4.40274226E-03  -1.39091909      0.310249805     -0.118093774    
   6.00000000       800.000000       5.64479530E-02   6.62756824      0.230832726       3.48255674E-10  -3.98193864E-04   5.80576435E-02   4.08411352E-03  -1.39752996      0.310480475     -0.116153836    
   7.00000000       800.000000       5.68098128E-02   6.68420267      0.229713455       3.43630985E-10  -3.70757829E-04   5.73275797E-02   3.72259179E-03  -1.40407753      0.310691357     -0.114252552    
   8.00000000       800.000000       5.71758151E-02   6.74102211      0.228596658       3.39069411E-10  -3.46087443E-04   5.66079244E-02   3.56481574E-03  -1.41055369      0.310895711     -0.112398803    
   9.00000000       800.000000       5.75454868E-02   6.79867172      0.227482364       3.34568956E-10  -3.24302120E-04   5.58984727E-02   3.34096234E-03  -1.41696990      0.311088294     -0.110721558    
   10.0000000       800.000000       5.79212233E-02   6.85620070      0.226371869       3.30132699E-10  -3.04764224E-04   5.51990271E-02   3.10408976E-03  -1.42333996      0.311267406     -0.109321900    
   11.0000000       800.000000       5.82982525E-02   6.91421032      0.225269899       3.25764277E-10  -2.87317031E-04   5.45094386E-02   2.91905901E-03  -1.42967558      0.311437875     -0.107964881    
   12.0000000       800.000000       5.86755127E-02   6.97270107      0.224172443       3.21458998E-10  -2.71962839E-04   5.38295582E-02   2.77385814E-03  -1.43596828      0.311600834     -0.106602073    
   13.0000000       800.000000       5.90622984E-02   7.03143930      0.223081648       3.17216087E-10  -2.58812041E-04   5.31590767E-02   2.56031216E-03  -1.44222784      0.311751962     -0.105218098    
   2.00000000       800.000000       5.94485030E-02   7.09108067      0.221993014       3.13030435E-10  -2.47747288E-04   5.24980873E-02   2.36087805E-03  -1.44843471      0.311892450     -0.103598595    
   3.00000000       800.000000       5.98436110E-02   7.15043688      0.220902920       3.08895687E-10  -2.39689922E-04   5.18461615E-02   2.25870847E-03  -1.45458460      0.312027276     -0.101633370    
   4.00000000       800.000000       6.02373928E-02   7.21079636      0.219805911       3.04801684E-10  -2.35157713E-04   5.12033068E-02   2.09759478E-03  -1.46063852      0.312154412      -9.93600786E-02
   5.00000000       800.000000       6.06374219E-02   7.27131176      0.218698114       3.00744013E-10  -2.34822088E-04   5.05691692E-02   1.95156166E-03  -1.46659410      0.312272012      -9.68838632E-02
   6.00000000       800.000000       6.10392392E-02   7.33202028      0.217573419       2.96715208E-10  -2.38601482E-04   4.99438718E-02   1.86993112E-03  -1.47243071      0.312386215      -9.42760631E-02
   7.00000000       800.000000       6.14471473E-02   7.39313030      0.216431722       2.92712965E-10  -2.47099437E-04   4.93269488E-02   1.75672153E-03  -1.47814357      0.312493771      -9.13944170E-02
   8.00000000       800.000000       6.18590638E-02   7.45494413      0.215268597       2.88731900E-10  -2.59953551E-04   4.87184823E-02   1.64587144E-03  -1.48369908      0.312596083      -8.85466188E-02
   9.00000000       800.000000       6.22721761E-02   7.51700449      0.214095905       2.84788276E-10  -2.76057224E-04   4.81180437E-02   1.60029298E-03  -1.48913431      0.312696218      -8.65086094E-02
   10.0000000       800.000000       6.26941621E-02   7.57950735      0.212931231       2.80904133E-10  -2.91968463E-04   4.75259237E-02   1.50695175E-03  -1.49450994      0.312790364      -8.56457204E-02
   11.0000000       800.000000       6.31151870E-02   7.64244461      0.211790755       2.77100370E-10  -3.05352936E-04   4.69415635E-02   1.44300878E-03  -1.49990821      0.312881440      -8.55982155E-02
   12.0000000       800.000000       6.35424033E-02   7.70559978      0.210679665       2.73381234E-10  -3.14628851E-04   4.63652126E-02   1.37045956E-03  -1.50535333      0.312968463      -8.58980492E-02
   13.0000000       800.000000       6.39760271E-02   7.76949692      0.209602207       2.69750861E-10  -3.19320010E-04   4.57964577E-02   1.30399666E-03  -1.51086366      0.313051820      -8.65708590E-02
   2.00000000       800.000000       6.44085407E-02   7.83382225      0.208559901       2.66209693E-10  -3.18650709E-04   4.52352278E-02   1.23372488E-03  -1.51646924      0.313131660      -8.74262080E-02
   3.00000000       800.000000       6.48498610E-02   7.89831066      0.207548082       2.62750377E-10  -3.13000171E-04   4.46816757E-02   1.16565055E-03  -1.52216184      0.313207328      -8.78518894E-02
   4.00000000       800.000000       6.52926117E-02   7.96304750      0.206554487       2.59356370E-10  -3.04185989E-04   4.41357307E-02   1.10415218E-03  -1.52789974      0.313278794      -8.76070857E-02
   5.00000000       800.000000       6.57397360E-02   8.02879810      0.205573887       2.56018512E-10  -2.93220888E-04   4.35970500E-02   1.05388137E-03  -1.53364146      0.313348293      -8.70735869E-02
   6.00000000       800.000000       6.61928579E-02   8.09504509      0.204604059       2.52733889E-10  -2.80564418E-04   4.30654362E-02   9.94638074E-04  -1.53938913      0.313414097      -8.65031257E-02
   7.00000000       800.000000       6.66503683E-02   8.16145802      0.203644872       2.49502030E-10  -2.66185350E-04   4.25410680E-02   9.33872710E-04  -1.54513311      0.313476145      -8.59143287E-02
   8.00000000       800.000000       6.71091229E-02   8.22835445      0.202696145       2.46320769E-10  -2.50154466E-04   4.20237295E-02   8.73234298E-04  -1.55087852      0.313535154      -8.53087232E-02
   9.00000000       800.000000       6.75772652E-02   8.29508305      0.201756760       2.43189385E-10  -2.32897408E-04   4.15133797E-02   7.99838919E-04  -1.55662405      0.313588798      -8.45302790E-02
   10.0000000       800.000000       6.80434331E-02   8.36327362      0.200822368       2.40100190E-10  -2.14954678E-04   4.10097465E-02   7.28348969E-04  -1.56234396      0.313638270      -8.33550319E-02
   11.0000000       800.000000       6.85164854E-02   8.43160915      0.199886113       2.37045411E-10  -1.97706031E-04   4.05127667E-02   6.48127461E-04  -1.56800568      0.313683420      -8.14870894E-02
   12.0000000       800.000000       6.89990669E-02   8.50011826      0.198936164       2.34010644E-10  -1.83256270E-04   4.00223881E-02   5.70402073E-04  -1.57355082      0.313722223      -7.85235465E-02
   13.0000000       800.000000       6.94770738E-02   8.56972027      0.197957888       2.30978472E-10  -1.73989509E-04   3.95385735E-02   4.91501822E-04  -1.57888019      0.313756675      -7.46884421E-02
   2.00000000       800.000000       6.99650571E-02   8.63913631      0.196945593       2.27942359E-10  -1.70979620E-04   3.90612110E-02   4.25217324E-04  -1.58396375      0.313786507      -7.07787052E-02
   3.00000000       800.000000       7.04544336E-02   8.70913506      0.195901915       2.24907329E-10  -1.73589971E-04   3.85897830E-02   3.60770791E-04  -1.58882010      0.313811898      -6.73701912E-02
   4.00000000       800.000000       7.09533468E-02   8.77987480      0.194833890       2.21879584E-10  -1.80140123E-04   3.81245427E-02   3.16640100E-04  -1.59349155      0.313834220      -6.46992400E-02
   5.00000000       800.000000       7.14557767E-02   8.85152435      0.193750471       2.18870547E-10  -1.88877428E-04   3.76651697E-02   2.72931589E-04  -1.59803188      0.313853413      -6.27793446E-02
   6.00000000       800.000000       7.19595850E-02   8.92326069      0.192659080       2.15888987E-10  -1.98213223E-04   3.72119583E-02   2.28855468E-04  -1.60249579      0.313869923      -6.12396896E-02
   7.00000000       800.000000       7.24673644E-02   8.99552822      0.191563129       2.12937695E-10  -2.08072597E-04   3.67645025E-02   1.75701120E-04  -1.60687757      0.313882560      -5.97890913E-02
   8.00000000       800.000000       7.29827210E-02   9.06822109      0.190467328       2.10021792E-10  -2.17442299E-04   3.63226421E-02   1.25153209E-04  -1.61119032      0.313891530      -5.88139445E-02
   9.00000000       800.000000       7.35015273E-02   9.14107132      0.189383611       2.07153281E-10  -2.25067299E-04   3.58864143E-02   6.98252043E-05  -1.61549425      0.313897282      -5.85371405E-02
   10.0000000       800.000000       7.40236938E-02   9.21487141      0.188319296       2.04340309E-10  -2.29213125E-04   3.54558304E-02   2.99467938E-05  -1.61982632      0.313899368      -5.88313714E-02
   11.0000000       800.000000       7.45541826E-02   9.28909588      0.187281430       2.01589259E-10  -2.29004800E-04   3.50304879E-02  -9.56198505E-07  -1.62423253      0.313899100      -5.95198050E-02
   12.0000000       800.000000       7.50876293E-02   9.36382198      0.186270326       1.98898217E-10  -2.24045652E-04   3.46108340E-02  -2.05001106E-05  -1.62873340      0.313897699      -6.02229834E-02
   13.0000000       800.000000       7.56227747E-02   9.43945217      0.185281456       1.96263145E-10  -2.14971369E-04   3.41965221E-02  -3.43534266E-05  -1.63331163      0.313894749      -6.05942085E-02
   2.00000000       800.000000       7.61684179E-02   9.51551723      0.184308782       1.93675478E-10  -2.02867086E-04   3.37876827E-02  -4.77201502E-05  -1.63793004      0.313891470      -6.05169423E-02
   3.00000000       800.000000       7.67170042E-02   9.59179592      0.183346823       1.91129723E-10  -1.88738777E-04   3.33838575E-02  -5.20265748E-05  -1.64256072      0.313887030      -6.01267815E-02
   4.00000000       800.000000       7.72694573E-02   9.66848755      0.182393059       1.88620994E-10  -1.73185646E-04   3.29852588E-02  -5.12732622E-05  -1.64718783      0.313883394      -5.95636256E-02
   5.00000000       800.000000       7.78230131E-02   9.74612713      0.181445047       1.86148250E-10  -1.56646638E-04   3.25916782E-02  -4.93139887E-05  -1.65180302      0.313879877      -5.88433854E-02
   6.00000000       800.000000       7.83851892E-02   9.82425022      0.180501014       1.83706814E-10  -1.39660668E-04   3.22032459E-02  -4.19350217E-05  -1.65638089      0.313876420      -5.78291304E-02
   7.00000000       800.000000       7.89523125E-02   9.90284920      0.179554746       1.81292245E-10  -1.23100384E-04   3.18195224E-02  -3.18723251E-05  -1.66089988      0.313874155      -5.63649349E-02
   8.00000000       800.000000       7.95280412E-02   9.98241329      0.178599596       1.78896453E-10  -1.08398533E-04   3.14409807E-02  -2.33128485E-05  -1.66531646      0.313872337      -5.41205183E-02
   9.00000000       800.000000       8.01055804E-02   10.0623922      0.177622423       1.76506559E-10  -9.76839583E-05   3.10670678E-02  -1.28411912E-05  -1.66953838      0.313870370      -5.08548953E-02
   10.0000000       800.000000       8.06882754E-02   10.1425762      0.176613003       1.74112308E-10  -9.30426249E-05   3.06979399E-02   1.99403303E-06  -1.67349148      0.313870877      -4.69345041E-02
   11.0000000       800.000000       8.12722519E-02   10.2231703      0.175567687       1.71710493E-10  -9.49919413E-05   3.03332955E-02   2.18134737E-05  -1.67713857      0.313872337      -4.31029610E-02
   12.0000000       800.000000       8.18665698E-02   10.3048105      0.174492091       1.69308012E-10  -1.02234037E-04   2.99733318E-02   4.55491754E-05  -1.68052197      0.313877076      -3.99815142E-02
   13.0000000       800.000000       8.24698508E-02   10.3871059      0.173396483       1.66913816E-10  -1.12996437E-04   2.96174753E-02   6.73538525E-05  -1.68371081      0.313882083      -3.76994610E-02
   2.00000000       800.000000       8.30690786E-02   10.4702911      0.172291383       1.64539035E-10  -1.25139559E-04   2.92662606E-02   8.23591618E-05  -1.68676353      0.313889235      -3.62570323E-02
   3.00000000       800.000000       8.36792067E-02   10.5531397      0.171190545       1.62196159E-10  -1.36371717E-04   2.89193336E-02   9.11903480E-05  -1.68975842      0.313896686      -3.60246226E-02
   4.00000000       800.000000       8.42924491E-02   10.6371202      0.170113906       1.59903452E-10  -1.43406782E-04   2.85766497E-02   9.75896546E-05  -1.69281816      0.313904732      -3.71562801E-02
   5.00000000       800.000000       8.49149227E-02   10.7222576      0.169074133       1.57672195E-10  -1.43923098E-04   2.82382835E-02   1.04511571E-04  -1.69604301      0.313913703      -3.88695002E-02
   6.00000000       800.000000       8.55400413E-02   10.8070173      0.168068394       1.55498323E-10  -1.38239542E-04   2.79039163E-02   1.11304333E-04  -1.69944108      0.313923508      -4.00245376E-02
   7.00000000       800.000000       8.61672983E-02   10.8929453      0.167083621       1.53368901E-10  -1.28447573E-04   2.75739189E-02   1.16325813E-04  -1.70291770      0.313933253      -4.02186811E-02
   8.00000000       800.000000       8.68062824E-02   10.9799843      0.166109949       1.51273785E-10  -1.16414318E-04   2.72477064E-02   1.19228564E-04  -1.70639598      0.313943386      -3.98449935E-02
   9.00000000       800.000000       8.74475688E-02   11.0664978      0.165142745       1.49208937E-10  -1.02959501E-04   2.69259270E-02   1.20085904E-04  -1.70985591      0.313954234      -3.92389186E-02
   10.0000000       800.000000       8.80924463E-02   11.1543617      0.164180130       1.47171844E-10  -8.86650014E-05   2.66076587E-02   1.18930620E-04  -1.71328568      0.313964963      -3.84034961E-02
   11.0000000       800.000000       8.87458175E-02   11.2425718      0.163217992       1.45159010E-10  -7.42110933E-05   2.62936968E-02   1.16115967E-04  -1.71665061      0.313974679      -3.71970274E-02
   12.0000000       800.000000       8.94047245E-02   11.3320246      0.162250221       1.43163870E-10  -6.06348112E-05   2.59835385E-02   1.11651978E-04  -1.71991193      0.313985199      -3.53853852E-02
   13.0000000       800.000000       9.00711343E-02   11.4218473      0.161266118       1.41177681E-10  -4.97580804E-05   2.56773140E-02   1.06019514E-04  -1.72300053      0.313994437      -3.26218903E-02
   2.00000000       800.000000       9.07422155E-02   11.5118284      0.160251126       1.39187481E-10  -4.42788842E-05   2.53746510E-02   9.95120281E-05  -1.72580957      0.314003557      -2.86448635E-02
   3.00000000       800.000000       9.14164707E-02   11.6033077      0.159193143       1.37183265E-10  -4.66665770E-05   2.50757951E-02   9.31278337E-05  -1.72821987      0.314011872      -2.38952357E-02
   4.00000000       800.000000       9.20993984E-02   11.6952047      0.158092260       1.35165823E-10  -5.68045034E-05   2.47804634E-02   8.75925616E-05  -1.73019779      0.314020187      -1.99951865E-02
   5.00000000       800.000000       9.27866399E-02   11.7873383      0.156973973       1.33157207E-10  -7.04754275E-05   2.44887080E-02   8.06965254E-05  -1.73191655      0.314027250      -1.83424614E-02
   6.00000000       800.000000       9.34779644E-02   11.8806105      0.155866548       1.31180941E-10  -8.23000737E-05   2.42003333E-02   7.13788540E-05  -1.73361456      0.314033926      -1.87230054E-02
   7.00000000       800.000000       9.41774696E-02   11.9743528      0.154787704       1.29252137E-10  -8.85439586E-05   2.39156652E-02   6.11389260E-05  -1.73543012      0.314040154      -2.01369487E-02
   8.00000000       800.000000       9.48819369E-02   12.0688763      0.153742313       1.27373737E-10  -8.82442400E-05   2.36343555E-02   5.26898402E-05  -1.73741961      0.314044863      -2.16783974E-02
   9.00000000       800.000000       9.55979601E-02   12.1640635      0.152726710       1.25541605E-10  -8.21232679E-05   2.33563334E-02   4.53085049E-05  -1.73956037      0.314049363      -2.26544142E-02
   10.0000000       800.000000       9.63135287E-02   12.2600622      0.151729822       1.23746111E-10  -7.21231627E-05   2.30817813E-02   3.80934835E-05  -1.74176633      0.314053088      -2.27895677E-02
   11.0000000       800.000000       9.70358253E-02   12.3568468      0.150742978       1.21979482E-10  -6.00094827E-05   2.28105113E-02   3.10048272E-05  -1.74396718      0.314056098      -2.23207604E-02
   12.0000000       800.000000       9.77677032E-02   12.4544106      0.149760172       1.20236390E-10  -4.70605155E-05   2.25425307E-02   2.41313774E-05  -1.74611557      0.314058483      -2.14151274E-02
   13.0000000       800.000000       9.85076427E-02   12.5523767      0.148775429       1.18511825E-10  -3.44842956E-05   2.22778786E-02   1.75315272E-05  -1.74816859      0.314060211      -1.99954007E-02
   2.00000000       800.000000       9.92456749E-02   12.6510534      0.147781253       1.16800111E-10  -2.34987929E-05   2.20163781E-02   1.13017522E-05  -1.75007117      0.314060837      -1.79499704E-02
   3.00000000       800.000000       9.99961421E-02   12.7503929      0.146767691       1.15092651E-10  -1.59252377E-05   2.17581131E-02   5.59441105E-06  -1.75174654      0.314061999      -1.49319060E-02
   4.00000000       800.000000      0.100751281       12.8514633      0.145720229       1.13378668E-10  -1.44033420E-05   2.15029400E-02   8.10708087E-08  -1.75306928      0.314061671      -1.08410018E-02
   5.00000000       800.000000      0.101513669       12.9527330      0.144631952       1.11653201E-10  -2.08710499E-05   2.12506987E-02  -4.69184761E-06  -1.75393522      0.314061314      -6.54823799E-03
   6.00000000       800.000000      0.102282949       13.0543804      0.143513724       1.09925138E-10  -3.34419747E-05   2.10016090E-02  -9.08815946E-06  -1.75440156      0.314060271      -3.87815945E-03
   7.00000000       800.000000      0.103057869       13.1565609      0.142398626       1.08219815E-10  -4.58827781E-05   2.07554214E-02  -1.28084148E-05  -1.75473571      0.314059317      -3.99221852E-03
   8.00000000       800.000000      0.103839546       13.2604132      0.141316026       1.06559053E-10  -5.23582530E-05   2.05120873E-02  -1.59991650E-05  -1.75522804      0.314057440      -5.86041017E-03
   9.00000000       800.000000      0.104626514       13.3645535      0.140270799       1.04946302E-10  -5.12773258E-05   2.02715993E-02  -1.84503078E-05  -1.75595474      0.314055711      -7.53141893E-03
   10.0000000       800.000000      0.105420068       13.4691267      0.139251009       1.03370791E-10  -4.46091944E-05   2.00342033E-02  -2.04340522E-05  -1.75680888      0.314053148      -8.24356731E-03
   11.0000000       800.000000      0.106228657       13.5754204      0.138246521       1.01825076E-10  -3.45722801E-05   1.97993666E-02  -2.18733330E-05  -1.75770152      0.314050883      -8.16974137E-03
   12.0000000       800.000000      0.107034281       13.6821260      0.137248114       1.00302218E-10  -2.32675320E-05   1.95677131E-02  -2.27469263E-05  -1.75854993      0.314048499      -7.35969469E-03
   13.0000000       800.000000      0.107849084       13.7891541      0.136247471       9.87950347E-11  -1.24702501E-05   1.93386320E-02  -2.32218754E-05  -1.75928092      0.314046293      -5.88483689E-03
   2.00000000       800.000000      0.108672515       13.8981247      0.135235325       9.72971911E-11  -3.70698672E-06   1.91120654E-02  -2.33410155E-05  -1.75982273      0.314043552      -3.56215984E-03
   3.00000000       800.000000      0.109497771       14.0066690      0.134199575       9.57999444E-11   9.78355615E-07   1.88886486E-02  -2.30054666E-05  -1.76005745      0.314040571      -4.68083570E-04
   4.00000000       800.000000      0.110339761       14.1170921      0.133134574       9.42998318E-11  -1.37501914E-07   1.86676290E-02  -2.22195158E-05  -1.75992858      0.314038634       2.99392710E-03
   5.00000000       800.000000      0.111177742       14.2269335      0.132040799       9.27969160E-11  -7.30844386E-06   1.84492413E-02  -2.10213439E-05  -1.75939584      0.314036369       6.24013832E-03
   6.00000000       800.000000      0.112030037       14.3394938      0.130930230       9.13001341E-11  -1.78725295E-05   1.82333421E-02  -1.95577686E-05  -1.75853729      0.314033985       7.76653923E-03
   7.00000000       800.000000      0.112885214       14.4517355      0.129833966       8.98310940E-11  -2.60755387E-05   1.80200059E-02  -1.76892518E-05  -1.75764930      0.314031988       6.95794169E-03
   8.00000000       800.000000      0.113750286       14.5650282      0.128770500       8.84022786E-11  -2.80040695E-05   1.78092308E-02  -1.55924736E-05  -1.75695848      0.314030230       5.43923583E-03
   9.00000000       800.000000      0.114624061       14.6793976      0.127733558       8.70082062E-11  -2.40021527E-05   1.76010318E-02  -1.34979437E-05  -1.75640678      0.314028352       4.53769416E-03
   10.0000000       800.000000      0.115506783       14.7940674      0.126714200       8.56425625E-11  -1.59871433E-05   1.73952896E-02  -1.14361155E-05  -1.75591254      0.314027727       4.36755223E-03
   11.0000000       800.000000      0.116393380       14.9101496      0.125703067       8.42983947E-11  -6.37700668E-06   1.71916652E-02  -9.22005256E-06  -1.75539303      0.314026743       5.07276412E-03
   12.0000000       800.000000      0.117281690       15.0272551      0.124687761       8.29674246E-11   2.38405801E-06   1.69910230E-02  -7.16053000E-06  -1.75473261      0.314025521       6.82103913E-03
   13.0000000       800.000000      0.118191823       15.1445360      0.123655610       8.16410758E-11   8.15596286E-06   1.67924073E-02  -5.09899337E-06  -1.75378835      0.314024895       9.33074486E-03
   2.00000000       800.000000      0.119099334       15.2630339      0.122602224       8.03164132E-11   9.55100950E-06   1.65960714E-02  -2.90622938E-06  -1.75251412      0.314024419       1.20318783E-02
   3.00000000       800.000000      0.120015435       15.3828135      0.121528953       7.89946095E-11   6.46357785E-06   1.64021626E-02  -7.85222369E-07  -1.75091016      0.314024180       1.45485140E-02
   4.00000000       800.000000      0.120940529       15.5036430      0.120442972       7.76801956E-11   5.15687532E-07   1.62105542E-02   1.36718313E-06  -1.74900877      0.314024866       1.61016881E-02
   5.00000000       800.000000      0.121867239       15.6249332      0.119362622       7.63852800E-11  -4.62100024E-06   1.60211343E-02   3.39658118E-06  -1.74700212      0.314025104       1.60945952E-02
   6.00000000       800.000000      0.122810721       15.7464323      0.118303366       7.51194038E-11  -5.74270098E-06   1.58339366E-02   5.07520281E-06  -1.74507070      0.314025939       1.53509928E-02
   7.00000000       800.000000      0.123757191       15.8707790      0.117264509       7.38811581E-11  -2.41815201E-06   1.56489387E-02   6.62376669E-06  -1.74321747      0.314026386       1.48511762E-02
   8.00000000       800.000000      0.124716990       15.9948425      0.116239332       7.26662897E-11   3.98450584E-06   1.54660596E-02   7.86063720E-06  -1.74137843      0.314027518       1.49845732E-02
   9.00000000       800.000000      0.125679165       16.1200333      0.115217559       7.14681439E-11   1.10473420E-05   1.52855441E-02   8.91947911E-06  -1.73946595      0.314028800       1.60806198E-02
   10.0000000       800.000000      0.126648560       16.2460766      0.114186399       7.02785122E-11   1.62142096E-05   1.51068559E-02   9.69214398E-06  -1.73732352      0.314029425       1.80771668E-02
   11.0000000       800.000000      0.127627030       16.3736973      0.113138959       6.90932034E-11   1.79161925E-05   1.49305230E-02   1.02984632E-05  -1.73486650      0.314031363       2.03467514E-02
   12.0000000       800.000000      0.128622070       16.5009899      0.112077221       6.79133555E-11   1.60693198E-05   1.47559801E-02   1.06470725E-05  -1.73210907      0.314032257       2.23700888E-02
   13.0000000       800.000000      0.129615709       16.6299458      0.111006856       6.67424727E-11   1.20566838E-05   1.45838270E-02   1.08539934E-05  -1.72909045      0.314033926       2.37030480E-02
   2.00000000       800.000000      0.130617574       16.7607040      0.109940082       6.55879795E-11   8.39525364E-06   1.44134471E-02   1.09048669E-05  -1.72594178      0.314035714       2.40330715E-02
   3.00000000       800.000000      0.131631613       16.8909397      0.108887114       6.44555034E-11   7.43407327E-06   1.42449085E-02   1.07565002E-05  -1.72278976      0.314036697       2.37753987E-02
   4.00000000       800.000000      0.132658064       17.0234966      0.107849374       6.33456690E-11   9.74101476E-06   1.40790902E-02   1.05052195E-05  -1.71965766      0.314037710       2.36121174E-02
   5.00000000       800.000000      0.133689612       17.1564980      0.106821403       6.22549096E-11   1.42357185E-05   1.39144277E-02   1.01582837E-05  -1.71650052      0.314039379       2.39715576E-02
   6.00000000       800.000000      0.134727374       17.2917385      0.105795614       6.11785136E-11   1.89738021E-05   1.37519101E-02   9.70040310E-06  -1.71322310      0.314040959       2.50598043E-02
   7.00000000       800.000000      0.135772675       17.4260139      0.104762495       6.01107844E-11   2.20296897E-05   1.35915726E-02   9.07775666E-06  -1.70972049      0.314042270       2.66874339E-02
   8.00000000       800.000000      0.136831790       17.5625153      0.103719726       5.90505700E-11   2.26051488E-05   1.34324189E-02   8.32170826E-06  -1.70594859      0.314043045       2.83308309E-02
   9.00000000       800.000000      0.137887821       17.6995029      0.102670766       5.79998306E-11   2.13232142E-05   1.32755162E-02   7.40118639E-06  -1.70194054      0.314044237       2.95899194E-02
   10.0000000       800.000000      0.138969555       17.8388729      0.101621978       5.69618727E-11   1.96360215E-05   1.31208077E-02   6.41047382E-06  -1.69775808      0.314044952       3.02777886E-02
   11.0000000       800.000000      0.140046909       17.9775219      0.100580059       5.59404571E-11   1.91159143E-05   1.29674729E-02   5.37547658E-06  -1.69348800      0.314045727       3.05161439E-02
   12.0000000       800.000000      0.141143247       18.1181393       9.95476618E-02   5.49366386E-11   2.04039134E-05   1.28160426E-02   4.33245941E-06  -1.68917525      0.314046562       3.07267960E-02
   13.0000000       800.000000      0.142242312       18.2606220       9.85217988E-02   5.39484256E-11   2.28911467E-05   1.26663446E-02   3.38176483E-06  -1.68478334      0.314047039       3.12681198E-02
   2.00000000       800.000000      0.143348306       18.4025784       9.74970013E-02   5.29730496E-11   2.53043327E-05   1.25184571E-02   2.46134391E-06  -1.68024516      0.314047247       3.22331712E-02
   3.00000000       800.000000      0.144470185       18.5468769       9.64686871E-02   5.20076933E-11   2.65604976E-05   1.23723336E-02   1.59144633E-06  -1.67550325      0.314047664       3.34300250E-02
   4.00000000       800.000000      0.145599216       18.6916237       9.54371318E-02   5.10523360E-11   2.64767659E-05   1.22277057E-02   7.45195678E-07  -1.67054558      0.314047784       3.45237032E-02
   5.00000000       800.000000      0.146730632       18.8387299       9.44052339E-02   5.01084486E-11   2.57184311E-05   1.20849479E-02  -8.91426168E-08  -1.66541076      0.314047664       3.53199281E-02
   6.00000000       800.000000      0.147886083       18.9852219       9.33768377E-02   4.91780887E-11   2.52835580E-05   1.19438069E-02  -8.67702056E-07  -1.66014028      0.314047813       3.57828550E-02
   7.00000000       800.000000      0.149040878       19.1336536       9.23553258E-02   4.82628347E-11   2.59234475E-05   1.18042994E-02  -1.60009279E-06  -1.65479040      0.314047456       3.61012332E-02
   8.00000000       800.000000      0.150206983       19.2841053       9.13401768E-02   4.73617673E-11   2.75405255E-05   1.16665270E-02  -2.23497955E-06  -1.64933825      0.314046592       3.65587883E-02
   9.00000000       800.000000      0.151375279       19.4338169       9.03275982E-02   4.64734536E-11   2.94094280E-05   1.15300762E-02  -2.75671118E-06  -1.64376271      0.314046293       3.72592323E-02
   10.0000000       800.000000      0.152559474       19.5859928       8.93157646E-02   4.55963531E-11   3.07940463E-05   1.13951806E-02  -3.17502622E-06  -1.63801503      0.314045757       3.81330401E-02
   11.0000000       800.000000      0.153755501       19.7391071       8.83034840E-02   4.47296748E-11   3.14209647E-05   1.12624029E-02  -3.49404627E-06  -1.63207781      0.314045101       3.89817692E-02
   12.0000000       800.000000      0.154966682       19.8943138       8.72920975E-02   4.38743555E-11   3.15851648E-05   1.11309011E-02  -3.73940884E-06  -1.62597573      0.314044684       3.96807231E-02
   13.0000000       800.000000      0.156182289       20.0499210       8.62836614E-02   4.30309642E-11   3.17956947E-05   1.10005680E-02  -3.90703781E-06  -1.61973631      0.314044118       4.02184352E-02
   2.00000000       800.000000      0.157407701       20.2067699       8.52796510E-02   4.22002849E-11   3.24369976E-05   1.08718947E-02  -4.01003308E-06  -1.61337626      0.314043671       4.06691171E-02
   3.00000000       800.000000      0.158632427       20.3635406       8.42802972E-02   4.13819708E-11   3.34876167E-05   1.07448073E-02  -4.04672710E-06  -1.60688603      0.314042807       4.11683768E-02
   4.00000000       800.000000      0.159881696       20.5234394       8.32835659E-02   4.05752341E-11   3.45803674E-05   1.06196618E-02  -4.00877889E-06  -1.60025191      0.314041972       4.17758971E-02
   5.00000000       800.000000      0.161134437       20.6836548       8.22890550E-02   3.97796449E-11   3.53938194E-05   1.04956552E-02  -3.90229616E-06  -1.59347630      0.314041525       4.24230769E-02
   6.00000000       800.000000      0.162408039       20.8466339       8.12964663E-02   3.89948213E-11   3.59597580E-05   1.03722932E-02  -3.73205262E-06  -1.58653009      0.314040691       4.30045947E-02
   7.00000000       800.000000      0.163673609       21.0080662       8.03076476E-02   3.82216273E-11   3.65118431E-05   1.02515658E-02  -3.51852327E-06  -1.57944918      0.314040363       4.35012579E-02
   8.00000000       800.000000      0.164970547       21.1726456       7.93224722E-02   3.74597124E-11   3.72516624E-05   1.01317158E-02  -3.27432190E-06  -1.57223725      0.314040005       4.39385064E-02
   9.00000000       800.000000      0.166260168       21.3390827       7.83417374E-02   3.67095104E-11   3.82426952E-05   1.00131733E-02  -3.00391662E-06  -1.56489146      0.314039499       4.43686135E-02
   10.0000000       800.000000      0.167571649       21.5048828       7.73646012E-02   3.59703517E-11   3.93254122E-05   9.89571679E-03  -2.70680903E-06  -1.55742419      0.314038664       4.48451228E-02
   11.0000000       800.000000      0.168884769       21.6747990       7.63913542E-02   3.52419517E-11   4.02902770E-05   9.78046190E-03  -2.38371058E-06  -1.54980457      0.314038426       4.53499109E-02
   12.0000000       800.000000      0.170220941       21.8437004       7.54209161E-02   3.45241995E-11   4.10777247E-05   9.66601726E-03  -2.03835771E-06  -1.54204023      0.314038128       4.58316430E-02
   13.0000000       800.000000      0.171562597       22.0148487       7.44536519E-02   3.38169076E-11   4.17728734E-05   9.55250207E-03  -1.67841790E-06  -1.53414285      0.314038038       4.62633520E-02
   2.00000000       800.000000      0.172911152       22.1867790       7.34910145E-02   3.31205410E-11   4.24712598E-05   9.44124907E-03  -1.31301488E-06  -1.52611554      0.314037710       4.66612093E-02
   3.00000000       800.000000      0.174262822       22.3595982       7.25327730E-02   3.24348153E-11   4.32004126E-05   9.33071692E-03  -9.55315727E-07  -1.51794398      0.314037591       4.70417924E-02
   4.00000000       800.000000      0.175636902       22.5350342       7.15782344E-02   3.17595984E-11   4.39179530E-05   9.22158919E-03  -6.09528286E-07  -1.50965989      0.314037591       4.74223346E-02
   5.00000000       800.000000      0.177029908       22.7109966       7.06279650E-02   3.10950259E-11   4.45463957E-05   9.11334436E-03  -2.77961476E-07  -1.50121701      0.314037502       4.78002355E-02
   6.00000000       800.000000      0.178427994       22.8897495       6.96824268E-02   3.04402753E-11   4.51030028E-05   9.00662970E-03   3.55242271E-08  -1.49266863      0.314037502       4.81432565E-02
   7.00000000       800.000000      0.179832757       23.0675335       6.87412173E-02   2.97960198E-11   4.56917551E-05   8.90156720E-03   3.28415354E-07  -1.48396707      0.314037681       4.84433398E-02
   8.00000000       800.000000      0.181247130       23.2492962       6.78057373E-02   2.91621102E-11   4.63880242E-05   8.79713241E-03   5.96044742E-07  -1.47517025      0.314037681       4.87155803E-02
   9.00000000       800.000000      0.182678327       23.4303741       6.68749288E-02   2.85382620E-11   4.71864405E-05   8.69414769E-03   8.33006936E-07  -1.46624589      0.314037770       4.89824526E-02
   10.0000000       800.000000      0.184120178       23.6137962       6.59489110E-02   2.79247198E-11   4.80117997E-05   8.59259628E-03   1.03801017E-06  -1.45719957      0.314038187       4.92537282E-02
   11.0000000       800.000000      0.185574606       23.7995758       6.50275946E-02   2.73209181E-11   4.88010737E-05   8.49165674E-03   1.21141818E-06  -1.44802642      0.314038068       4.95191850E-02
   12.0000000       800.000000      0.187039450       23.9845982       6.41116872E-02   2.67267146E-11   4.95389104E-05   8.39236286E-03   1.35264918E-06  -1.43875444      0.314038157       4.97667603E-02
   13.0000000       800.000000      0.188515589       24.1725788       6.32005557E-02   2.61424736E-11   5.02501389E-05   8.29445291E-03   1.46060188E-06  -1.42934299      0.314038336       4.99916598E-02
   2.00000000       800.000000      0.190003842       24.3626595       6.22953698E-02   2.55676418E-11   5.09612328E-05   8.19725450E-03   1.53570261E-06  -1.41982150      0.314038694       5.01921549E-02
   3.00000000       800.000000      0.191507503       24.5538692       6.13952503E-02   2.50020542E-11   5.16954606E-05   8.10098276E-03   1.57861382E-06  -1.41019022      0.314039379       5.03708385E-02
   4.00000000       800.000000      0.193027228       24.7454605       6.04997352E-02   2.44463130E-11   5.24692368E-05   8.00641626E-03   1.59136425E-06  -1.40045357      0.314039707       5.05293161E-02
   5.00000000       800.000000      0.194553345       24.9383144       5.96113577E-02   2.38998508E-11   5.32916092E-05   7.91220181E-03   1.57730653E-06  -1.39060676      0.314040303       5.06702848E-02
   6.00000000       800.000000      0.196085945       25.1336231       5.87278642E-02   2.33632020E-11   5.41560985E-05   7.81996641E-03   1.54050349E-06  -1.38065851      0.314040452       5.07984348E-02
   7.00000000       800.000000      0.197636858       25.3313236       5.78505769E-02   2.28348798E-11   5.50379118E-05   7.72807514E-03   1.48359175E-06  -1.37060630      0.314040422       5.09156696E-02
   8.00000000       800.000000      0.199212298       25.5304661       5.69793098E-02   2.23161004E-11   5.58964966E-05   7.63743231E-03   1.40900488E-06  -1.36045277      0.314040661       5.10250293E-02
   9.00000000       800.000000      0.200781316       25.7297115       5.61129116E-02   2.18060396E-11   5.66892268E-05   7.54789216E-03   1.31938839E-06  -1.35019529      0.314040780       5.11253662E-02
   10.0000000       800.000000      0.202371761       25.9304714       5.52525111E-02   2.13049699E-11   5.73941470E-05   7.45960558E-03   1.21731750E-06  -1.33983850      0.314041048       5.12090065E-02
   11.0000000       800.000000      0.203978211       26.1335907       5.43983951E-02   2.08127370E-11   5.80200249E-05   7.37193413E-03   1.10510950E-06  -1.32938969      0.314041466       5.12694307E-02
   12.0000000       800.000000      0.205590189       26.3390236       5.35506122E-02   2.03288792E-11   5.86047026E-05   7.28589622E-03   9.85002885E-07  -1.31884420      0.314041436       5.13017178E-02
   13.0000000       800.000000      0.207215562       26.5462608       5.27094007E-02   1.98537124E-11   5.92013057E-05   7.20022945E-03   8.59328225E-07  -1.30820465      0.314041376       5.13051338E-02
   2.00000000       800.000000      0.208862230       26.7531796       5.18734753E-02   1.93872817E-11   5.98554216E-05   7.11576408E-03   7.30875172E-07  -1.29749811      0.314041436       5.12843169E-02
   3.00000000       800.000000      0.210511744       26.9634609       5.10462075E-02   1.89294275E-11   6.05880668E-05   7.03236507E-03   6.02459522E-07  -1.28669870      0.314041555       5.12456410E-02
   4.00000000       800.000000      0.212182373       27.1744270       5.02239838E-02   1.84800057E-11   6.13813609E-05   6.94980379E-03   4.76663672E-07  -1.27582955      0.314041734       5.11967428E-02
   5.00000000       800.000000      0.213867262       27.3881035       4.94096987E-02   1.80387389E-11   6.21917061E-05   6.86835032E-03   3.55197727E-07  -1.26489818      0.314041972       5.11396341E-02
   6.00000000       800.000000      0.215570495       27.6017551       4.86015007E-02   1.76057294E-11   6.29740825E-05   6.78767962E-03   2.39978618E-07  -1.25387383      0.314042062       5.10754287E-02
   7.00000000       800.000000      0.217280358       27.8196926       4.78007719E-02   1.71808730E-11   6.36890763E-05   6.70813303E-03   1.32541189E-07  -1.24277234      0.314042121       5.10002151E-02
   8.00000000       800.000000      0.218995273       28.0367794       4.70063314E-02   1.67638802E-11   6.43341191E-05   6.62932964E-03   3.34136061E-08  -1.23162258      0.314042091       5.09038232E-02
   9.00000000       800.000000      0.220740929       28.2576332       4.62187454E-02   1.63547665E-11   6.49583162E-05   6.55169366E-03  -5.77308974E-08  -1.22039640      0.314042121       5.07794507E-02
   10.0000000       800.000000      0.222490728       28.4788132       4.54389080E-02   1.59535336E-11   6.56143020E-05   6.47469983E-03  -1.40846453E-07  -1.20910382      0.314042121       5.06310575E-02
   11.0000000       800.000000      0.224248633       28.7025547       4.46660779E-02   1.55602371E-11   6.63238679E-05   6.39886223E-03  -2.15776666E-07  -1.19779658      0.314041972       5.04666604E-02
   12.0000000       800.000000      0.226034790       28.9273281       4.39009182E-02   1.51748440E-11   6.70674344E-05   6.32350426E-03  -2.82472087E-07  -1.18638670      0.314041913       5.02917953E-02
   13.0000000       800.000000      0.227838799       29.1540203       4.31422815E-02   1.47965008E-11   6.78114957E-05   6.24924665E-03  -3.39929954E-07  -1.17494953      0.314041853       5.01070395E-02
   2.00000000       800.000000      0.229636580       29.3828106       4.23921756E-02   1.44258910E-11   6.85383056E-05   6.17598137E-03  -3.88948195E-07  -1.16345787      0.314041674       4.99101952E-02
   3.00000000       800.000000      0.231463313       29.6143074       4.16489467E-02   1.40628472E-11   6.92392496E-05   6.10347372E-03  -4.29186628E-07  -1.15194249      0.314041436       4.96987440E-02
   4.00000000       800.000000      0.233298600       29.8444633       4.09131497E-02   1.37068456E-11   6.99251468E-05   6.03171159E-03  -4.60882347E-07  -1.14035857      0.314041406       4.94699515E-02
   5.00000000       800.000000      0.235164225       30.0788250       4.01859246E-02   1.33580829E-11   7.06194915E-05   5.96066471E-03  -4.84176780E-07  -1.12877452      0.314041406       4.92246039E-02
   6.00000000       800.000000      0.237021416       30.3152733       3.94652635E-02   1.30164265E-11   7.13185800E-05   5.89093519E-03  -4.99743692E-07  -1.11711967      0.314041346       4.89678457E-02
   7.00000000       800.000000      0.238909259       30.5545444       3.87528986E-02   1.26819562E-11   7.19965901E-05   5.82157820E-03  -5.08152425E-07  -1.10547614      0.314041227       4.87035178E-02
   8.00000000       800.000000      0.240805298       30.7942753       3.80480997E-02   1.23543129E-11   7.26218714E-05   5.75327827E-03  -5.09945437E-07  -1.09376335      0.314041257       4.84304391E-02
   9.00000000       800.000000      0.242732763       31.0363560       3.73508073E-02   1.20334662E-11   7.31773252E-05   5.68576064E-03  -5.05418257E-07  -1.08203804      0.314041197       4.81449924E-02
   10.0000000       800.000000      0.244650185       31.2805672       3.66616212E-02   1.17194136E-11   7.36724251E-05   5.61899319E-03  -4.94747837E-07  -1.07029128      0.314040989       4.78417017E-02
   11.0000000       800.000000      0.246601894       31.5240726       3.59790884E-02   1.14118420E-11   7.41470940E-05   5.55298151E-03  -4.78280754E-07  -1.05853009      0.314040750       4.75176126E-02
   12.0000000       800.000000      0.248575494       31.7732716       3.53061445E-02   1.11110990E-11   7.46493606E-05   5.48746157E-03  -4.56239803E-07  -1.04677045      0.314040542       4.71748188E-02
   13.0000000       800.000000      0.250549018       32.0229034       3.46411169E-02   1.08166670E-11   7.52076667E-05   5.42329485E-03  -4.29065238E-07  -1.03500581      0.314040542       4.68171760E-02
   2.00000000       800.000000      0.252544135       32.2734489       3.39840874E-02   1.05287090E-11   7.58242386E-05   5.35945687E-03  -3.97431279E-07  -1.02323675      0.314040393       4.64491509E-02
   3.00000000       800.000000      0.254557490       32.5260506       3.33347805E-02   1.02471798E-11   7.64782744E-05   5.29647805E-03  -3.62163291E-07  -1.01145232      0.314040542       4.60737348E-02
   4.00000000       800.000000      0.256586730       32.7818604       3.26940976E-02   9.97176473E-12   7.71426348E-05   5.23394952E-03  -3.24192683E-07 -0.999640048      0.314040363       4.56902422E-02
   5.00000000       800.000000      0.258610994       33.0395813       3.20609733E-02   9.70241682E-12   7.78037429E-05   5.17266802E-03  -2.84443502E-07 -0.987887561      0.314040333       4.52965051E-02
   6.00000000       800.000000      0.260681123       33.2992859       3.14357579E-02   9.43920896E-12   7.84477015E-05   5.11169434E-03  -2.43800912E-07 -0.976145566      0.314040333       4.48960587E-02
   7.00000000       800.000000      0.262756377       33.5623474       3.08193360E-02   9.18187141E-12   7.90445920E-05   5.05161192E-03  -2.03102147E-07 -0.964407086      0.314040363       4.44895774E-02
   8.00000000       800.000000      0.264846563       33.8261070       3.02108135E-02   8.93046314E-12   7.95841770E-05   4.99229040E-03  -1.63117875E-07 -0.952677786      0.314040452       4.40719649E-02
   9.00000000       800.000000      0.266964108       34.0918350       2.96108145E-02   8.68475691E-12   8.00705238E-05   4.93340567E-03  -1.24554489E-07 -0.940958083      0.314040393       4.36447412E-02
   10.0000000       800.000000      0.269089431       34.3593788       2.90182158E-02   8.44469199E-12   8.05101154E-05   4.87538194E-03  -8.80352431E-08 -0.929266453      0.314040333       4.32050899E-02
   11.0000000       800.000000      0.271236569       34.6304741       2.84347907E-02   8.21017473E-12   8.09403427E-05   4.81801527E-03  -5.41422054E-08 -0.917622983      0.314040333       4.27529588E-02
   12.0000000       800.000000      0.273390830       34.9008446       2.78590210E-02   7.98120597E-12   8.13731531E-05   4.76162881E-03  -2.28059331E-08 -0.906003654      0.314040333       4.22940254E-02
   13.0000000       800.000000      0.275573671       35.1773834       2.72913836E-02   7.75765476E-12   8.17977052E-05   4.70543001E-03   5.67312197E-09 -0.894400477      0.314040363       4.18250002E-02
   2.00000000       800.000000      0.277770936       35.4531212       2.67326236E-02   7.53952369E-12   8.22359725E-05   4.65011550E-03   3.11244790E-08 -0.882846117      0.314040333       4.13477868E-02
   3.00000000       800.000000      0.279982239       35.7325478       2.61820704E-02   7.32658292E-12   8.26979085E-05   4.59553162E-03   5.36349205E-08 -0.871344626      0.314040333       4.08638828E-02
   4.00000000       800.000000      0.282222867       36.0137329       2.56394241E-02   7.11875133E-12   8.31774887E-05   4.54139244E-03   7.32141814E-08 -0.859872639      0.314040393       4.03746590E-02
   5.00000000       800.000000      0.284471065       36.2968369       2.51049660E-02   6.91600423E-12   8.36682011E-05   4.48797690E-03   8.99830397E-08 -0.848461509      0.314040393       3.98806483E-02
   6.00000000       800.000000      0.286742091       36.5804558       2.45795231E-02   6.71828045E-12   8.41653527E-05   4.43525705E-03   1.04154402E-07 -0.837104976      0.314040482       3.93808223E-02
   7.00000000       800.000000      0.289016098       36.8690605       2.40617506E-02   6.52525603E-12   8.46660623E-05   4.38303035E-03   1.15944296E-07 -0.825777113      0.314040452       3.88769358E-02
   8.00000000       800.000000      0.291324228       37.1585426       2.35520042E-02   6.33740629E-12   8.51548903E-05   4.33151610E-03   1.25651525E-07 -0.814518869      0.314040393       3.83710973E-02
   9.00000000       800.000000      0.293644518       37.4530144       2.30500773E-02   6.15378278E-12   8.56075421E-05   4.28032782E-03   1.33533590E-07 -0.803350329      0.314040393       3.78624126E-02
   10.0000000       800.000000      0.296003997       37.7481918       2.25568041E-02   5.97510366E-12   8.60155924E-05   4.23019938E-03   1.39903960E-07 -0.792201817      0.314040363       3.73502336E-02
   11.0000000       800.000000      0.298353791       38.0451622       2.20712796E-02   5.80083551E-12   8.63822206E-05   4.18019760E-03   1.44932486E-07 -0.781137943      0.314040422       3.68347131E-02
   12.0000000       800.000000      0.300734103       38.3437805       2.15938874E-02   5.63096705E-12   8.67137715E-05   4.13124030E-03   1.48646819E-07 -0.770138562      0.314040333       3.63145880E-02
   13.0000000       800.000000      0.303147912       38.6467476       2.11244654E-02   5.46552257E-12   8.70238364E-05   4.08260385E-03   1.51013992E-07 -0.759205759      0.314040452       3.57906222E-02
   2.00000000       800.000000      0.305555582       38.9513550       2.06629932E-02   5.30440405E-12   8.73327735E-05   4.03434131E-03   1.51961842E-07 -0.748359025      0.314040512       3.52616310E-02
   3.00000000       800.000000      0.307996303       39.2577019       2.02095639E-02   5.14744454E-12   8.76634149E-05   3.98705341E-03   1.51382480E-07 -0.737570465      0.314040542       3.47290896E-02
   4.00000000       800.000000      0.310469896       39.5681572       1.97639521E-02   4.99461410E-12   8.80162552E-05   3.93993594E-03   1.49265190E-07 -0.726880610      0.314040482       3.41965258E-02
   5.00000000       800.000000      0.312931180       39.8770142       1.93261635E-02   4.84578567E-12   8.83738903E-05   3.89378588E-03   1.45603153E-07 -0.716254711      0.314040393       3.36648822E-02
   6.00000000       800.000000      0.315432847       40.1933212       1.88961029E-02   4.70093279E-12   8.87186761E-05   3.84799414E-03   1.40416802E-07 -0.705719650      0.314040512       3.31336521E-02
   7.00000000       800.000000      0.317947745       40.5082169       1.84738487E-02   4.55989977E-12   8.90358278E-05   3.80255422E-03   1.33777263E-07 -0.695266664      0.314040542       3.26036923E-02
   8.00000000       800.000000      0.320495814       40.8281288       1.80589817E-02   4.42271306E-12   8.93146062E-05   3.75775807E-03   1.25788247E-07 -0.684904516      0.314040661       3.20735686E-02
   9.00000000       800.000000      0.323059022       41.1489258       1.76519118E-02   4.28920484E-12   8.95549383E-05   3.71360756E-03   1.16577276E-07 -0.674628139      0.314040691       3.15440036E-02
   10.0000000       800.000000      0.325634599       41.4749947       1.72522236E-02   4.15928099E-12   8.97627106E-05   3.66980815E-03   1.06296639E-07 -0.664440036      0.314040780       3.10137663E-02
   11.0000000       800.000000      0.328246117       41.8027420       1.68600120E-02   4.03293024E-12   8.99509178E-05   3.62680154E-03   9.51190771E-08 -0.654347956      0.314040720       3.04829869E-02
   12.0000000       800.000000      0.330868602       42.1312904       1.64752360E-02   3.91006411E-12   9.01332678E-05   3.58397490E-03   8.32574258E-08 -0.644348085      0.314040661       2.99528968E-02
   13.0000000       800.000000      0.333499759       42.4624519       1.60977300E-02   3.79060585E-12   9.03193359E-05   3.54192522E-03   7.09639423E-08 -0.634446383      0.314040720       2.94236429E-02
   2.00000000       800.000000      0.336178690       42.7972488       1.57275926E-02   3.67445093E-12   9.05124762E-05   3.50006996E-03   5.85263322E-08 -0.624646723      0.314040780       2.88960896E-02
   3.00000000       800.000000      0.338866234       43.1343956       1.53646683E-02   3.56157942E-12   9.07067442E-05   3.45897698E-03   4.62614658E-08 -0.614940405      0.314040840       2.83720326E-02
   4.00000000       800.000000      0.341564178       43.4764404       1.50088873E-02   3.45188179E-12   9.08941001E-05   3.41826538E-03   3.44693198E-08 -0.605340064      0.314040869       2.78512985E-02
   5.00000000       800.000000      0.344298780       43.8198090       1.46600353E-02   3.34527349E-12   9.10644012E-05   3.37798637E-03   2.34077007E-08 -0.595842123      0.314040899       2.73340587E-02
   6.00000000       800.000000      0.347046673       44.1641579       1.43182632E-02   3.24169662E-12   9.12094038E-05   3.33823613E-03   1.32739810E-08 -0.586444020      0.314040899       2.68210899E-02
   7.00000000       800.000000      0.349838823       44.5138283       1.39832525E-02   3.14106315E-12   9.13317490E-05   3.29904864E-03   4.20683444E-09 -0.577151477      0.314040959       2.63101291E-02
   8.00000000       800.000000      0.352615893       44.8651733       1.36550814E-02   3.04332774E-12   9.14445918E-05   3.26022855E-03  -3.75853970E-09 -0.567960382      0.314040959       2.58031599E-02
   9.00000000       800.000000      0.355454803       45.2186356       1.33336084E-02   2.94842427E-12   9.15187484E-05   3.22182756E-03  -1.05685807E-08 -0.558878064      0.314040899       2.53004096E-02
   10.0000000       800.000000      0.358279139       45.5763397       1.30188698E-02   2.85629528E-12   9.15944111E-05   3.18393833E-03  -1.63454636E-08 -0.549905837      0.314040899       2.48009115E-02
   11.0000000       800.000000      0.361149102       45.9357567       1.27106700E-02   2.76682626E-12   9.16751524E-05   3.14647960E-03  -2.09528608E-08 -0.541035414      0.314040869       2.43069399E-02
   12.0000000       800.000000      0.364027262       46.2968864       1.24088377E-02   2.67996888E-12   9.17177094E-05   3.10938223E-03  -2.46659670E-08 -0.532276332      0.314040840       2.38172077E-02
   13.0000000       800.000000      0.366944253       46.6631355       1.21132974E-02   2.59565850E-12   9.17543948E-05   3.07276309E-03  -2.75297456E-08 -0.523625910      0.314040780       2.33336408E-02
   2.00000000       800.000000      0.369876415       47.0312233       1.18241217E-02   2.51385956E-12   9.17772268E-05   3.03658401E-03  -2.96760891E-08 -0.515084743      0.314040840       2.28546634E-02
   3.00000000       800.000000      0.372847915       47.4044495       1.15411850E-02   2.43447341E-12   9.17975485E-05   3.00089014E-03  -3.12160111E-08 -0.506652117      0.314040720       2.23805718E-02
   4.00000000       800.000000      0.375840873       47.7758026       1.12644779E-02   2.35746275E-12   9.18192745E-05   2.96558533E-03  -3.22535669E-08 -0.498327881      0.314040691       2.19115801E-02
   5.00000000       800.000000      0.378836393       48.1548996       1.09935850E-02   2.28274973E-12   9.18435544E-05   2.93066353E-03  -3.28728831E-08 -0.490113556      0.314040720       2.14488301E-02
   6.00000000       800.000000      0.381849557       48.5329056       1.07285716E-02   2.21028187E-12   9.18620135E-05   2.89628818E-03  -3.31387504E-08 -0.482011676      0.314040720       2.09926777E-02
   7.00000000       800.000000      0.384928495       48.9166336       1.04694348E-02   2.13998524E-12   9.18637743E-05   2.86208116E-03  -3.31048540E-08 -0.474016428      0.314040750       2.05430146E-02
   8.00000000       800.000000      0.388007849       49.3037720       1.02160117E-02   2.07181841E-12   9.18418882E-05   2.82857008E-03  -3.28172796E-08 -0.466134042      0.314040720       2.00998504E-02
   9.00000000       800.000000      0.391112477       49.6939621       9.96823888E-03   2.00571244E-12   9.17933357E-05   2.79521779E-03  -3.23006084E-08 -0.458357334      0.314040661       1.96628626E-02
   10.0000000       800.000000      0.394236952       50.0870171       9.72596649E-03   1.94162525E-12   9.17250800E-05   2.76230113E-03  -3.15851985E-08 -0.450688958      0.314040720       1.92318745E-02
   11.0000000       800.000000      0.397388846       50.4830971       9.48914420E-03   1.87948745E-12   9.16430363E-05   2.72985804E-03  -3.06773451E-08 -0.443132609      0.314040720       1.88067593E-02
   12.0000000       800.000000      0.400564700       50.8813133       9.25760064E-03   1.81926436E-12   9.15568089E-05   2.69758957E-03  -2.96124121E-08 -0.435684800      0.314040661       1.83877852E-02
   13.0000000       800.000000      0.403795749       51.2825050       9.03138332E-03   1.76087422E-12   9.14685734E-05   2.66598933E-03  -2.84025052E-08 -0.428343862      0.314040720       1.79754607E-02
   2.00000000       800.000000      0.406995207       51.6878319       8.81027896E-03   1.70429957E-12   9.13702825E-05   2.63453252E-03  -2.70680243E-08 -0.421110481      0.314040661       1.75702237E-02
   3.00000000       800.000000      0.410275906       52.0953789       8.59427825E-03   1.64947450E-12   9.12608884E-05   2.60353717E-03  -2.56247468E-08 -0.413980603      0.314040661       1.71715766E-02
   4.00000000       800.000000      0.413564175       52.5095062       8.38319305E-03   1.59634144E-12   9.11367752E-05   2.57298863E-03  -2.41021603E-08 -0.406964898      0.314040631       1.67795252E-02
   5.00000000       800.000000      0.416869521       52.9231834       8.17700662E-03   1.54486656E-12   9.09988885E-05   2.54259678E-03  -2.25290222E-08 -0.400047719      0.314040661       1.63946003E-02
   6.00000000       800.000000      0.420203984       53.3436661       7.97561556E-03   1.49498263E-12   9.08531074E-05   2.51281285E-03  -2.09365236E-08 -0.393237054      0.314040601       1.60157736E-02
   7.00000000       800.000000      0.423574746       53.7655487       7.77890673E-03   1.44667373E-12   9.07067224E-05   2.48324638E-03  -1.93526279E-08 -0.386533439      0.314040542       1.56436618E-02
   8.00000000       800.000000      0.426962882       54.1887779       7.58682936E-03   1.39987978E-12   9.05650668E-05   2.45390320E-03  -1.78036892E-08 -0.379933506      0.314040512       1.52781587E-02
   9.00000000       800.000000      0.430381179       54.6191368       7.39924796E-03   1.35455709E-12   9.04297049E-05   2.42509530E-03  -1.63098637E-08 -0.373436838      0.314040482       1.49195762E-02
   10.0000000       800.000000      0.433835030       55.0515404       7.21609732E-03   1.31066089E-12   9.02982356E-05   2.39657587E-03  -1.48855515E-08 -0.367042005      0.314040482       1.45679796E-02
   11.0000000       800.000000      0.437294513       55.4855461       7.03726057E-03   1.26813902E-12   9.01652311E-05   2.36834958E-03  -1.35379885E-08 -0.360746503      0.314040482       1.42234527E-02
   12.0000000       800.000000      0.440796643       55.9234009       6.86269253E-03   1.22697729E-12   9.00238883E-05   2.34042061E-03  -1.22678578E-08 -0.354550093      0.314040482       1.38860941E-02
   13.0000000       800.000000      0.444335788       56.3692284       6.69227540E-03   1.18711312E-12   8.98692888E-05   2.31300131E-03  -1.10692708E-08 -0.348453850      0.314040512       1.35549176E-02
   2.00000000       800.000000      0.447884768       56.8128738       6.52586250E-03   1.14851249E-12   8.96993442E-05   2.28561740E-03  -9.93382887E-09 -0.342456788      0.314040512       1.32313054E-02
   3.00000000       800.000000      0.451492101       57.2652702       6.36351155E-03   1.11114416E-12   8.95137127E-05   2.25877832E-03  -8.85312446E-09 -0.336554646      0.314040512       1.29138250E-02
   4.00000000       800.000000      0.455087274       57.7184486       6.20506285E-03   1.07496043E-12   8.93172546E-05   2.23218207E-03  -7.82117304E-09 -0.330749214      0.314040542       1.26029802E-02
   5.00000000       800.000000      0.458740443       58.1730003       6.05041068E-03   1.03992921E-12   8.91130840E-05   2.20587756E-03  -6.83499035E-09 -0.325038582      0.314040542       1.22984126E-02
   6.00000000       800.000000      0.462410837       58.6358948       5.89947775E-03   1.00602111E-12   8.89047296E-05   2.17998843E-03  -5.89360649E-09 -0.319420278      0.314040512       1.20003959E-02
   7.00000000       800.000000      0.466109008       59.0983734       5.75209176E-03   9.73196025E-13   8.86932539E-05   2.15434143E-03  -4.99562924E-09 -0.313895673      0.314040482       1.17087569E-02
   8.00000000       800.000000      0.469850868       59.5668716       5.60841057E-03   9.41428142E-13   8.84760229E-05   2.12896406E-03  -4.13797352E-09 -0.308461517      0.314040482       1.14235608E-02
   9.00000000       800.000000      0.473630607       60.0369263       5.46820369E-03   9.10673772E-13   8.82522581E-05   2.10383395E-03  -3.31437433E-09 -0.303118050      0.314040482       1.11449454E-02
   10.0000000       800.000000      0.477417022       60.5153427       5.33135049E-03   8.80907814E-13   8.80205334E-05   2.07904237E-03  -2.51536969E-09 -0.297863334      0.314040482       1.08723147E-02
   11.0000000       800.000000      0.481236160       60.9947357       5.19786309E-03   8.52109724E-13   8.77930652E-05   2.05466175E-03  -1.73255754E-09 -0.292694390      0.314040482       1.06058046E-02
   12.0000000       800.000000      0.485106736       61.4788399       5.06762695E-03   8.24225725E-13   8.75609112E-05   2.03038217E-03  -9.49428869E-10 -0.287613750      0.314040482       1.03453603E-02
   13.0000000       800.000000      0.489003509       61.9645309       4.94057033E-03   7.97244866E-13   8.73306126E-05   2.00652890E-03  -1.78669288E-10 -0.282617599      0.314040482       1.00907022E-02
   2.00000000       800.000000      0.492917389       62.4534645       4.81663970E-03   7.71137440E-13   8.71258017E-05   1.98284001E-03   5.87552118E-10 -0.277705759      0.314040482       9.84177925E-03
   3.00000000       800.000000      0.496857613       62.9518318       4.69574612E-03   7.45877372E-13   8.69391370E-05   1.95947848E-03   1.33091183E-09 -0.272877306      0.314040482       9.59881023E-03
   4.00000000       800.000000      0.500846684       63.4490204       4.57784440E-03   7.21426174E-13   8.67700655E-05   1.93643617E-03   2.03302175E-09 -0.268128455      0.314040482       9.36200842E-03
   5.00000000       800.000000      0.504872501       63.9528084       4.46280697E-03   6.97769154E-13   8.66124101E-05   1.91358116E-03   2.66994360E-09 -0.263461471      0.314040452       9.13087092E-03
   6.00000000       800.000000      0.508909047       64.4573593       4.35060775E-03   6.74878718E-13   8.64630711E-05   1.89112616E-03   3.21617311E-09 -0.258871377      0.314040452       8.90562311E-03
   7.00000000       800.000000      0.512971818       64.9687729       4.24112426E-03   6.52721150E-13   8.63135065E-05   1.86875882E-03   3.65071262E-09 -0.254360139      0.314040482       8.68615042E-03
   8.00000000       800.000000      0.517089903       65.4843674       4.13434487E-03   6.31281973E-13   8.61570225E-05   1.84678973E-03   3.96144895E-09 -0.249926552      0.314040542       8.47222656E-03
   9.00000000       800.000000      0.521240056       66.0012741       4.03020903E-03   6.10539126E-13   8.59888678E-05   1.82499515E-03   4.14772927E-09 -0.245563239      0.314040512       8.26375373E-03
   10.0000000       800.000000      0.525399923       66.5273361       3.92856076E-03   5.90464309E-13   8.58083367E-05   1.80344156E-03   4.21964508E-09 -0.241275758      0.314040482       8.06062669E-03
   11.0000000       800.000000      0.529633105       67.0519409       3.82943032E-03   5.71036491E-13   8.56174011E-05   1.78227248E-03   4.19596979E-09 -0.237059534      0.314040512       7.86231458E-03
   12.0000000       800.000000      0.533852458       67.5886993       3.73274810E-03   5.52236208E-13   8.54300088E-05   1.76126452E-03   4.10061674E-09 -0.232914165      0.314040512       7.66882347E-03
   13.0000000       800.000000      0.538169861       68.1238251       3.63841886E-03   5.34046006E-13   8.52650410E-05   1.74045621E-03   3.95795707E-09 -0.228838801      0.314040542       7.47984694E-03
   2.00000000       800.000000      0.542478204       68.6609192       3.54640302E-03   5.16443659E-13   8.51298391E-05   1.71995081E-03   3.78969434E-09 -0.224831626      0.314040512       7.29568349E-03
   3.00000000       800.000000      0.546837091       69.2043610       3.45666241E-03   4.99408674E-13   8.50281940E-05   1.69962586E-03   3.61265240E-09 -0.220891401      0.314040542       7.11634150E-03
   4.00000000       800.000000      0.551184714       69.7545853       3.36908340E-03   4.82930156E-13   8.49590215E-05   1.67958101E-03   3.43851569E-09 -0.217019558      0.314040542       6.94179535E-03
   5.00000000       800.000000      0.555633724       70.3113556       3.28364153E-03   4.66979320E-13   8.49164135E-05   1.65983138E-03   3.27340310E-09 -0.213207394      0.314040542       6.77206274E-03
   6.00000000       800.000000      0.560065687       70.8701859       3.20031447E-03   4.51544211E-13   8.48874479E-05   1.64017442E-03   3.11957993E-09 -0.209460869      0.314040542       6.60723494E-03
   7.00000000       800.000000      0.564574599       71.4266510       3.11904424E-03   4.36606778E-13   8.48548007E-05   1.62080699E-03   2.97625102E-09 -0.205779567      0.314040542       6.44711033E-03
   8.00000000       800.000000      0.569091976       71.9988251       3.03964526E-03   4.22148753E-13   8.48096533E-05   1.60169660E-03   2.84232549E-09 -0.202150375      0.314040542       6.29143417E-03
   9.00000000       800.000000      0.573642910       72.5662689       2.96217971E-03   4.08155443E-13   8.47526317E-05   1.58278563E-03   2.71618261E-09 -0.198588639      0.314040512       6.13982836E-03
   10.0000000       800.000000      0.578249216       73.1417236       2.88665295E-03   3.94611318E-13   8.46885159E-05   1.56406511E-03   2.59667821E-09 -0.195078313      0.314040512       5.99241117E-03
   11.0000000       800.000000      0.582887828       73.7225037       2.81291385E-03   3.81501092E-13   8.46248295E-05   1.54562446E-03   2.48310794E-09 -0.191630229      0.314040512       5.84900426E-03
   12.0000000       800.000000      0.587557673       74.3115692       2.74091586E-03   3.68811860E-13   8.45684990E-05   1.52732234E-03   2.37493092E-09 -0.188233152      0.314040512       5.70965651E-03
   13.0000000       800.000000      0.592285097       74.9019089       2.67068646E-03   3.56530913E-13   8.45199029E-05   1.50924234E-03   2.27202168E-09 -0.184892267      0.314040512       5.57418633E-03
   2.00000000       800.000000      0.597044110       75.4963303       2.60211714E-03   3.44636320E-13   8.44877650E-05   1.49150402E-03   2.17598117E-09 -0.181606099      0.314040512       5.44241862E-03
   3.00000000       800.000000      0.601813197       76.0937424       2.53519276E-03   3.33133965E-13   8.44849346E-05   1.47386244E-03   2.08772666E-09 -0.178368509      0.314040542       5.31441020E-03
   4.00000000       800.000000      0.606662095       76.6995621       2.46985559E-03   3.21988150E-13   8.45182221E-05   1.45642716E-03   2.00671968E-09 -0.175181746      0.314040542       5.19024860E-03
   5.00000000       800.000000      0.611538589       77.3089294       2.40607257E-03   3.11202886E-13   8.45992399E-05   1.43913680E-03   1.92905336E-09 -0.172046199      0.314040542       5.06961253E-03
   6.00000000       800.000000      0.616429627       77.9216690       2.34381738E-03   3.00760366E-13   8.47454357E-05   1.42214145E-03   1.84944171E-09 -0.168957427      0.314040542       4.95255599E-03
   7.00000000       800.000000      0.621346176       78.5425873       2.28299131E-03   2.90649015E-13   8.49697462E-05   1.40525331E-03   1.76145942E-09 -0.165915176      0.314040542       4.83901286E-03
   8.00000000       800.000000      0.626343310       79.1605453       2.22364976E-03   2.80861380E-13   8.52759986E-05   1.38860638E-03   1.65952996E-09 -0.162920088      0.314040571       4.72930912E-03
   9.00000000       800.000000      0.631355822       79.7936478       2.16565887E-03   2.71381442E-13   8.56576953E-05   1.37216260E-03   1.54174995E-09 -0.159966514      0.314040571       4.62321751E-03
   10.0000000       800.000000      0.636449695       80.4251099       2.10902491E-03   2.62202640E-13   8.60958025E-05   1.35590509E-03   1.41112833E-09 -0.157059148      0.314040571       4.52162186E-03
   11.0000000       800.000000      0.641569495       81.0633545       2.05370365E-03   2.53311098E-13   8.65484690E-05   1.33990031E-03   1.27329036E-09 -0.154189557      0.314040571       4.42370912E-03
   12.0000000       800.000000      0.646703839       81.7070923       1.99962780E-03   2.44700636E-13   8.69912838E-05   1.32395048E-03   1.13961784E-09 -0.151359379      0.314040571       4.33027977E-03
   13.0000000       800.000000      0.651862979       82.3593216       1.94680435E-03   2.36355477E-13   8.73937388E-05   1.30824908E-03   1.01881137E-09 -0.148565978      0.314040571       4.23994614E-03
   2.00000000       800.000000      0.657104909       83.0148392       1.89514703E-03   2.28270636E-13   8.77573257E-05   1.29271788E-03   9.16000331E-10 -0.145809039      0.314040571       4.15413361E-03
   3.00000000       800.000000      0.662361264       83.6720734       1.84468459E-03   2.20440758E-13   8.81145315E-05   1.27742568E-03   8.31103075E-10 -0.143084362      0.314040571       4.07002121E-03
   4.00000000       800.000000      0.667716920       84.3404617       1.79536280E-03   2.12851424E-13   8.85483314E-05   1.26220006E-03   7.59319385E-10 -0.140395746      0.314040571       3.99102829E-03
   5.00000000       800.000000      0.673070669       85.0116577       1.74718839E-03   2.05509112E-13   8.90920273E-05   1.24718354E-03   6.92166935E-10 -0.137733817      0.314040571       3.91310174E-03
   6.00000000       800.000000      0.678464949       85.6865540       1.70007150E-03   1.98390824E-13   8.98084327E-05   1.23238890E-03   6.24169549E-10 -0.135108337      0.314040571       3.84278642E-03
   7.00000000       800.000000      0.683868349       86.3630829       1.65403541E-03   1.91495637E-13   9.06751884E-05   1.21778087E-03   5.53044721E-10 -0.132497326      0.314040571       3.77241359E-03
   8.00000000       800.000000      0.689361989       87.0500107       1.60910189E-03   1.84823917E-13   9.17197249E-05   1.20329519E-03   4.80432361E-10 -0.129927740      0.314040571       3.71407671E-03
   9.00000000       800.000000      0.694936693       87.7468338       1.56517699E-03   1.78356177E-13   9.28205482E-05   1.18898170E-03   4.10547624E-10 -0.127359211      0.314040571       3.65266320E-03
   10.0000000       800.000000      0.700467765       88.4404068       1.52224419E-03   1.72102201E-13   9.40171012E-05   1.17486331E-03   3.45373452E-10 -0.124831349      0.314040571       3.61051247E-03
   11.0000000       800.000000      0.706084132       89.1438522       1.48027565E-03   1.66033582E-13   9.51104957E-05   1.16086006E-03   2.86464324E-10 -0.122275889      0.314040571       3.55770974E-03
   12.0000000       800.000000      0.711785257       89.8559036       1.43930595E-03   1.60164674E-13   9.63054335E-05   1.14704587E-03   2.33948694E-10 -0.119787082      0.314040571       3.53594311E-03
   13.0000000       800.000000      0.717506111       90.5660553       1.39929424E-03   1.54484186E-13   9.73438946E-05   1.13344181E-03   1.85601326E-10 -0.117227264      0.314040571       3.48914042E-03
   2.00000000       800.000000      0.723254204       91.2924652       1.36028195E-03   1.48992472E-13   9.86911618E-05   1.12003379E-03   1.40281495E-10 -0.114760078      0.314040571       3.49659729E-03
   3.00000000       800.000000      0.729030788       92.0148239       1.32227142E-03   1.43685031E-13   9.98274991E-05   1.10673544E-03   9.65366467E-11 -0.112145774      0.314040571       3.45262140E-03
   4.00000000       800.000000      0.734885931       92.7492523       1.28531351E-03   1.38570375E-13   1.01616810E-04   1.09364325E-03   5.85078305E-11 -0.109704673      0.314040571       3.50847538E-03
   5.00000000       800.000000      0.740812361       93.4854507       1.24940870E-03   1.33634531E-13   1.02914571E-04   1.08074781E-03   2.73481272E-11 -0.106964678      0.314040571       3.46018188E-03
   6.00000000       800.000000      0.746736884       94.2303009       1.21466990E-03   1.28888531E-13   1.05318053E-04   1.06811523E-03   1.18220078E-11 -0.104553841      0.314040571       3.60178528E-03
   7.00000000       800.000000      0.752711892       94.9802017       1.18093553E-03   1.24323579E-13   1.06506894E-04   1.05549791E-03   5.41006823E-12 -0.101565726      0.314040571       3.52662662E-03
   8.00000000       800.000000      0.758787692       95.7357407       1.14862726E-03   1.19959638E-13   1.09575638E-04   1.04339560E-03   1.44828975E-11  -9.92259756E-02  0.314040571       3.82452528E-03
   9.00000000       800.000000      0.764886141       96.4991150       1.11746928E-03   1.15795665E-13   1.10654684E-04   1.03121914E-03   2.18530142E-11  -9.57393497E-02  0.314040571       3.66130285E-03
   10.0000000       800.000000      0.770997465       97.2638321       1.08771923E-03   1.11824653E-13   1.13929826E-04   1.01977924E-03   4.78400028E-11  -9.36019421E-02  0.314040571       4.36501205E-03
   11.0000000       800.000000      0.777200460       98.0346756       1.06007361E-03   1.08117305E-13   1.31343491E-04   1.00797066E-03   6.34559280E-11  -8.89829993E-02  0.314040571       3.83328670E-03
   12.0000000       800.000000      0.783445537       98.8157425       1.02573493E-03   1.03787977E-13   5.97672770E-05   9.97542986E-04   4.38534681E-20  -8.76206532E-02  0.314040571      -2.60885549E-03
   13.0000000       800.000000      0.789714217       99.6048737       1.00181869E-03   1.00566528E-13   5.95398888E-05   9.85780265E-04   2.22840744E-20  -9.30891633E-02  0.314040571      -6.92220684E-03
