   0.00000000       190.000000       3.40428352E-02   1.01702809       4.08043299E-04   4.01124750E-12  -8.26423541E-02   1.70963037      -2.51754218E-14  -9.46313841E-04  -8.57061764E-16  -7.16745108E-03
   1.00000000       197.000000       3.40447091E-02   1.05104125       4.01381141E-04   3.81794639E-12  -7.55427778E-02   1.59125638      -1.13109773E-15  -1.19032140E-03  -8.95570688E-16   2.42200680E-03
   2.00000000       200.000000       3.40499915E-02   1.08514261       3.95033800E-04   3.63966322E-12  -2.36335583E-02   1.28655994      -8.13197717E-02  -7.81385927E-04  -2.76894798E-03   6.26236526E-03
   3.00000000       200.000000       3.40571664E-02   1.11914527       4.51986270E-04   4.03772111E-12  0.103523090       1.15602458      -4.03352305E-02  -7.63810473E-04  -4.14262945E-03  -2.66225007E-03
   4.00000000       200.000000       3.40652503E-02   1.15326166       5.27421711E-04   4.57249039E-12  0.132817760       1.03663027       4.08560643E-03  -9.62742255E-04  -4.00345447E-03  -5.01405634E-03
   5.00000000       200.000000       3.40752266E-02   1.18727005       6.02509885E-04   5.07358435E-12  0.143261895      0.938591361       4.88680489E-02  -1.10547594E-03  -2.33821222E-03  -4.28698445E-03
   6.00000000       200.000000       3.40886116E-02   1.22141874       6.80706347E-04   5.57215081E-12  0.145919800      0.861255586       9.25067663E-02  -1.25496904E-03   8.15276406E-04  -4.36249189E-03
   7.00000000       200.000000       3.41038704E-02   1.25543642       7.63518037E-04   6.08031030E-12  0.145564467      0.799254537      0.133479536      -1.40297227E-03   5.36754029E-03  -4.63460805E-03
   8.00000000       200.000000       3.41209993E-02   1.28956389       8.56357568E-04   6.63928808E-12  0.143094093      0.747484922      0.171648994      -1.57117331E-03   1.12245549E-02  -5.34704793E-03
   9.00000000       200.000000       3.41415480E-02   1.32373023       9.61450278E-04   7.26188597E-12  0.139701173      0.703132987      0.206965819      -1.76798122E-03   1.82907339E-02  -6.29800651E-03
   10.0000000       200.000000       3.41642797E-02   1.35789859       1.08222314E-03   7.96854770E-12  0.135801151      0.664915383      0.239819884      -2.00135843E-03   2.64837854E-02  -7.48969521E-03
   11.0000000       200.000000       3.41873281E-02   1.39207828       1.22179510E-03   8.77539361E-12  0.131255448      0.631140530      0.270137727      -2.27991189E-03   3.57191265E-02  -8.86502583E-03
   2.00000000       200.000000       3.42125520E-02   1.42626679       1.38320378E-03   9.69650228E-12  0.126562238      0.600846946      0.297754526      -2.60773534E-03   4.59064543E-02  -1.03995521E-02
   3.00000000       200.000000       3.42412032E-02   1.46045995       1.56958296E-03   1.07451929E-11  0.121931307      0.573611438      0.322176635      -2.99182092E-03   5.69384620E-02  -1.22296661E-02
   4.00000000       200.000000       3.42717990E-02   1.49468386       1.78516877E-03   1.19410671E-11  0.117305942      0.548881292      0.342880398      -3.44564905E-03   6.86898902E-02  -1.44137302E-02
   5.00000000       200.000000       3.43041234E-02   1.52902329       2.03451398E-03   1.33037617E-11  0.112782463      0.526148021      0.359192312      -3.98028642E-03   8.10120404E-02  -1.69252660E-02
   6.00000000       200.000000       3.43400165E-02   1.56331646       2.32308661E-03   1.48573116E-11  0.108254477      0.505211830      0.370302707      -4.60749585E-03   9.37283337E-02  -1.97880622E-02
   7.00000000       200.000000       3.43780145E-02   1.59766877       2.65600206E-03   1.66212304E-11  0.103930697      0.485512316      0.375527024      -5.34008211E-03  0.106638081      -2.36772671E-02
   8.00000000       400.000000       3.44163403E-02   1.63212323       3.04143387E-03   1.86321236E-11   9.92871374E-02  0.465633184      0.374994069      -6.23636739E-03  0.119544171      -2.75737178E-02
   9.00000000       400.000000       3.44596468E-02   1.66651404       3.48293874E-03   2.08959204E-11   9.39900130E-02  0.447619468      0.367711842      -7.23922113E-03  0.132215202      -3.15909982E-02
   10.0000000       400.000000       3.45019177E-02   1.70102203       3.98645038E-03   2.34320063E-11   8.94259140E-02  0.431280315      0.354532301      -8.41489434E-03  0.144447193      -3.66142727E-02
   11.0000000       400.000000       3.45477760E-02   1.73553383       4.55748243E-03   2.62556574E-11   8.56513157E-02  0.416429311      0.335062861      -9.76746716E-03  0.156023219      -4.20742966E-02
   12.0000000       400.000000       3.45973931E-02   1.77006423       5.20251039E-03   2.93863198E-11   8.25574994E-02  0.402944088      0.308360279      -1.13241086E-02  0.166691169      -4.80560958E-02
   13.0000000       400.000000       3.46456654E-02   1.80469894       5.92558179E-03   3.28286079E-11   8.00941139E-02  0.390496999      0.274277091      -1.30950492E-02  0.176194400      -5.43580428E-02
   2.00000000       400.000000       3.46989296E-02   1.83938944       6.72883866E-03   3.65761449E-11   7.82331824E-02  0.379235923      0.233685508      -1.50936646E-02  0.184303105      -6.10230714E-02
   3.00000000       400.000000       3.47537622E-02   1.87406790       7.61523703E-03   4.06273452E-11   7.69506916E-02  0.369035333      0.187349200      -1.73333213E-02  0.190814003      -6.81317970E-02
   4.00000000       400.000000       3.48123796E-02   1.90886545       8.58803280E-03   4.49825767E-11   7.60175362E-02  0.359708369      0.136007905      -1.98332835E-02  0.195548773      -7.57451504E-02
   5.00000000       400.000000       3.48717459E-02   1.94381344       9.65175964E-03   4.96479004E-11   7.53464848E-02  0.350897551       8.04783702E-02  -2.26114001E-02  0.198355108      -8.37474242E-02
   6.00000000       400.000000       3.49331126E-02   1.97864985       1.08085098E-02   5.46175015E-11   7.48887211E-02  0.342605233       2.24103723E-02  -2.56791003E-02  0.199137881      -9.19768810E-02
   7.00000000       400.000000       3.49960364E-02   2.01366401       1.20560406E-02   5.98638222E-11   7.46385679E-02  0.334858835      -3.57870050E-02  -2.90432274E-02  0.197885394     -0.100258745    
   8.00000000       400.000000       3.50628383E-02   2.04869795       1.33891869E-02   6.53468182E-11   7.45276809E-02  0.327552855      -9.15099010E-02  -3.27031054E-02  0.194676802     -0.108410493    
   9.00000000       400.000000       3.51311862E-02   2.08382654       1.48037728E-02   7.10338871E-11   7.44503886E-02  0.320593089     -0.142970324      -3.66528109E-02  0.189654514     -0.116520710    
   10.0000000       400.000000       3.52015831E-02   2.11898565       1.62955262E-02   7.68941716E-11   7.44452327E-02  0.313889891     -0.189054236      -4.08980958E-02  0.182999507     -0.124601178    
   11.0000000       400.000000       3.52728553E-02   2.15418029       1.78613905E-02   8.29046970E-11   7.45261461E-02  0.307380885     -0.229142576      -4.54340316E-02  0.174916968     -0.132618934    
   12.0000000       400.000000       3.53475511E-02   2.18945503       1.95005387E-02   8.90531468E-11   7.46867806E-02  0.301064670     -0.262930661      -5.02639785E-02  0.165622696     -0.140720636    
   13.0000000       400.000000       3.54251340E-02   2.22494793       2.12119035E-02   9.53278220E-11   7.48373270E-02  0.294889122     -0.290135384      -5.53935021E-02  0.155344144     -0.148970544    
   2.00000000       400.000000       3.55066359E-02   2.26028228       2.29951981E-02   1.01720604E-10   7.49948919E-02  0.288890064     -0.310293347      -6.08306490E-02  0.144327193     -0.157323003    
   3.00000000       400.000000       3.55888382E-02   2.29589605       2.48491261E-02   1.08220058E-10   7.51152635E-02  0.283009619     -0.322748870      -6.65780157E-02  0.132841498     -0.165694818    
   4.00000000       400.000000       3.56727764E-02   2.33153582       2.67715789E-02   1.14810481E-10   7.52251297E-02  0.277259469     -0.327117264      -7.26379678E-02  0.121172614     -0.174028099    
   5.00000000       400.000000       3.57585363E-02   2.36718988       2.87602711E-02   1.21477980E-10   7.53166974E-02  0.271678329     -0.323830128      -7.90086761E-02  0.109593026     -0.182233647    
   6.00000000       400.000000       3.58451568E-02   2.40296197       3.08119655E-02   1.28205696E-10   7.53408223E-02  0.266200960     -0.313717604      -8.56864825E-02   9.83476266E-02 -0.190346196    
   7.00000000       400.000000       3.59365791E-02   2.43895650       3.29231322E-02   1.34974157E-10   7.53170475E-02  0.260845423     -0.297789127      -9.26725343E-02   8.76457021E-02 -0.198397338    
   8.00000000       400.000000       3.60317938E-02   2.47496963       3.50919180E-02   1.41773718E-10   7.52556026E-02  0.255605072     -0.276843250      -9.99649838E-02   7.76709318E-02 -0.206352293    
   9.00000000       400.000000       3.61256152E-02   2.51087451       3.73165123E-02   1.48595275E-10   7.52059892E-02  0.250466734     -0.251558363     -0.107562274       6.85828626E-02 -0.214169487    
   10.0000000       400.000000       3.62243615E-02   2.54723430       3.95938009E-02   1.55424187E-10   7.50862956E-02  0.245414793     -0.222370327     -0.115460195       6.05277047E-02 -0.221949279    
   11.0000000       400.000000       3.63236889E-02   2.58347154       4.19233590E-02   1.62257915E-10   7.49250576E-02  0.240450338     -0.189604834     -0.123664573       5.36403768E-02 -0.229703620    
   12.0000000       400.000000       3.64281610E-02   2.61973166       4.43031155E-02   1.69087633E-10   7.46839345E-02  0.235595629     -0.153706476     -0.132171676       4.80414070E-02 -0.237247884    
   13.0000000       400.000000       3.65312435E-02   2.65625191       4.67307903E-02   1.75903986E-10   7.43610114E-02  0.230853960     -0.115163118     -0.140973940       4.38342243E-02 -0.244659036    
   2.00000000       400.000000       3.66381556E-02   2.69287086       4.92048450E-02   1.82700313E-10   7.39510581E-02  0.226231664      -7.48665482E-02 -0.150073484       4.10912335E-02 -0.251956105    
   3.00000000       400.000000       3.67491208E-02   2.72951531       5.17226569E-02   1.89467456E-10   7.34458789E-02  0.221725583      -3.44359241E-02 -0.159464389       3.98257338E-02 -0.259034783    
   4.00000000       400.000000       3.68596762E-02   2.76648116       5.42804599E-02   1.96191910E-10   7.28516504E-02  0.217328817       4.10748040E-03 -0.169140682       3.99771743E-02 -0.265833646    
   5.00000000       400.000000       3.69738303E-02   2.80324292       5.68743609E-02   2.02859965E-10   7.21715465E-02  0.213046789       3.85030583E-02 -0.179092303       4.14007492E-02 -0.272280365    
   6.00000000       400.000000       3.70923392E-02   2.84031177       5.95009811E-02   2.09461934E-10   7.14463368E-02  0.208868891       6.68140203E-02 -0.189307675       4.38790321E-02 -0.278379470    
   7.00000000       400.000000       3.72101963E-02   2.87746811       6.21588677E-02   2.15993237E-10   7.07608089E-02  0.204809040       8.80038217E-02 -0.199776188       4.71536629E-02 -0.284252405    
   8.00000000       400.000000       3.73310633E-02   2.91468883       6.48472980E-02   2.22454194E-10   7.01390728E-02  0.200843826      0.102384664     -0.210496545       5.09758815E-02 -0.289932042    
   9.00000000       400.000000       3.74547355E-02   2.95214677       6.75635338E-02   2.28836006E-10   6.95560575E-02  0.196973100      0.111229450     -0.221459776       5.51420711E-02 -0.295337707    
   10.0000000       400.000000       3.75822932E-02   2.98967767       7.03042522E-02   2.35130609E-10   6.89921230E-02  0.193197101      0.116458945     -0.232658118       5.95187619E-02 -0.300386488    
   11.0000000       400.000000       3.77115831E-02   3.02733731       7.30654821E-02   2.41326847E-10   6.84076324E-02  0.189497024      0.119752362     -0.244076923       6.40347451E-02 -0.304782271    
   12.0000000       400.000000       3.78417671E-02   3.06507659       7.58435652E-02   2.47415477E-10   6.77905455E-02  0.185889021      0.121762276     -0.255684793       6.86423704E-02 -0.308527976    
   13.0000000       400.000000       3.79736088E-02   3.10296249       7.86343813E-02   2.53385424E-10   6.70950487E-02  0.182360232      0.122276001     -0.267467797       7.32857957E-02 -0.311858267    
   2.00000000       400.000000       3.81093584E-02   3.14102793       8.14369991E-02   2.59238020E-10   6.63016438E-02  0.178907961      0.120770901     -0.279412508       7.78884962E-02 -0.314661026    
   3.00000000       400.000000       3.82481478E-02   3.17926812       8.42490271E-02   2.64969297E-10   6.53846487E-02  0.175539821      0.116966978     -0.291495532       8.23624358E-02 -0.316892207    
   4.00000000       400.000000       3.83906849E-02   3.21746230       8.70684907E-02   2.70575784E-10   6.43412769E-02  0.172252178      0.111193895     -0.303698778       8.66311267E-02 -0.318659782    
   5.00000000       400.000000       3.85340862E-02   3.25593615       8.98951888E-02   2.76060036E-10   6.31460398E-02  0.169044837      0.104457997     -0.316007704       9.06561613E-02 -0.320189953    
   6.00000000       400.000000       3.86794209E-02   3.29459786       9.27289054E-02   2.81425799E-10   6.18379265E-02  0.165920943       9.85422283E-02 -0.328421474       9.44677144E-02 -0.321599752    
   7.00000000       400.000000       3.88261117E-02   3.33332801       9.55721512E-02   2.86682400E-10   6.04250170E-02  0.162876725       9.52097178E-02 -0.340932876       9.81643572E-02 -0.323226929    
   8.00000000       400.000000       3.89781781E-02   3.37215042       9.84305218E-02   2.91850294E-10   5.89191839E-02  0.159916401       9.57407206E-02 -0.353570282      0.101896055     -0.325378060    
   9.00000000       400.000000       3.91310640E-02   3.41121101      0.101309896       2.96948022E-10   5.72802536E-02  0.157038286      0.100121774     -0.366347939      0.105813809     -0.328084528    
   10.0000000       400.000000       3.92854065E-02   3.45050335      0.104216024       3.01996067E-10   5.54824471E-02  0.154241875      0.107257791     -0.379296958      0.110027567     -0.331436664    
   11.0000000       400.000000       3.94439995E-02   3.48992372      0.107154854       3.07009945E-10   5.35389408E-02  0.151525468      0.115673281     -0.392442226      0.114590272     -0.335395932    
   12.0000000       400.000000       3.96043137E-02   3.52931929      0.110135399       3.12015275E-10   5.15663587E-02  0.148882285      0.124118522     -0.405809939      0.119506031     -0.340358853    
   13.0000000       400.000000       3.97699885E-02   3.56905532      0.113172814       3.17055437E-10   4.95756529E-02  0.146309808      0.132124782     -0.419457644      0.124760292     -0.346598923    
   2.00000000       400.000000       3.99327539E-02   3.60901117      0.116274118       3.22146559E-10   4.74738404E-02  0.143805414      0.139669970     -0.433433771      0.130337939     -0.353947848    
   3.00000000       400.000000       4.01016437E-02   3.64905024      0.119453549       3.27325972E-10   4.50989380E-02  0.141366750      0.146932900     -0.447785467      0.136230037     -0.362499744    
   4.00000000       400.000000       4.02740240E-02   3.68916464      0.122720897       3.32616434E-10   4.23636995E-02  0.138995647      0.154006854     -0.462570995      0.142432541     -0.372606188    
   5.00000000       400.000000       4.04453352E-02   3.72949243      0.126097530       3.38070322E-10   3.93731184E-02  0.136688218      0.160652041     -0.477862418      0.148930505     -0.384317368    
   6.00000000       400.000000       4.06209007E-02   3.77015471      0.129612461       3.43757328E-10   3.61525379E-02  0.134446383      0.166277483     -0.493726999      0.155685157     -0.397888482    
   7.00000000       400.000000       4.08019014E-02   3.81062984      0.133286744       3.49724805E-10   3.27744558E-02  0.132270411      0.169429511     -0.510260046      0.162597999     -0.414106071    
   8.00000000       400.000000       4.09835242E-02   3.85157919      0.137150392       3.56042612E-10   2.92379539E-02  0.130157337      0.168775588     -0.527593493      0.169514939     -0.434691161    
   9.00000000       400.000000       4.11677249E-02   3.89264297      0.141235873       3.62779473E-10   2.60911640E-02  0.128095150      0.162616342     -0.545971096      0.176209047     -0.463032514    
   10.0000000       800.000000       4.13518026E-02   3.93391180      0.145667017       3.70236869E-10   2.30295304E-02  0.126094446      0.151777133     -0.565803587      0.182485759     -0.500522256    
   11.0000000       800.000000       4.15420607E-02   3.97551847      0.150505975       3.78549025E-10   1.95542965E-02  0.124125205      0.136497989     -0.587461650      0.188155949     -0.554789126    
   12.0000000       800.000000       4.17331755E-02   4.01692963      0.155719325       3.87601617E-10   1.68259460E-02  0.122164570      0.116019107     -0.612004042      0.192998126     -0.602066517    
   13.0000000       800.000000       4.19295840E-02   4.05884504      0.161096826       3.96852468E-10   1.46222701E-02  0.120222382       8.75151455E-02 -0.637831569      0.196667463     -0.599242806    
   2.00000000       800.000000       4.21275869E-02   4.10084629      0.166475803       4.05901979E-10   1.25670685E-02  0.118321128       5.80567084E-02 -0.662372947      0.199113011     -0.576024652    
   3.00000000       800.000000       4.23264094E-02   4.14324856      0.171778366       4.14561635E-10   1.08792996E-02  0.116455533       3.99933383E-02 -0.686478257      0.200805813     -0.556661248    
   4.00000000       800.000000       4.25276794E-02   4.18554831      0.176904157       4.22603952E-10   9.16953664E-03  0.114632033       3.93752456E-02 -0.709608912      0.202480271     -0.520589590    
   5.00000000       800.000000       4.27326299E-02   4.22826385      0.181844771       4.30027097E-10   7.55277742E-03  0.112853400       5.05163334E-02 -0.730864525      0.204639345     -0.478229463    
   6.00000000       800.000000       4.29400988E-02   4.27117634      0.186603695       4.36855663E-10   6.19290350E-03  0.111114301       5.73694147E-02 -0.750581026      0.207102403     -0.444309741    
   7.00000000       800.000000       4.31519486E-02   4.31416321      0.191267639       4.43306752E-10   5.10492409E-03  0.109414406       5.03783785E-02 -0.769115567      0.209276751     -0.419325680    
   8.00000000       800.000000       4.33655083E-02   4.35740662      0.195814490       4.49339344E-10   4.16652067E-03  0.107756458       3.16982530E-02 -0.786859453      0.210651189     -0.396084100    
   9.00000000       800.000000       4.35808785E-02   4.40067959      0.200160548       4.54775634E-10   3.32414941E-03  0.106140628       9.02913790E-03 -0.803555608      0.211044535     -0.373579413    
   10.0000000       800.000000       4.38009016E-02   4.44439697      0.204232723       4.59465632E-10   2.50884867E-03  0.104565702      -1.07797943E-02 -0.819504857      0.210572869     -0.377235144    
   11.0000000       800.000000       4.40220647E-02   4.48833799      0.208361536       4.64167815E-10   1.85527548E-03  0.103027090      -2.37044934E-02 -0.836685717      0.209529027     -0.393238127    
   12.0000000       800.000000       4.42490242E-02   4.53246212      0.212635681       4.69076111E-10   1.20298681E-03  0.101522714      -3.07926964E-02 -0.854215562      0.208167121     -0.383833408    
   13.0000000       800.000000       4.44775447E-02   4.57707596      0.216779292       4.73582784E-10   4.94125707E-04  0.100051597      -3.36333886E-02 -0.870739758      0.206670314     -0.377440751    
   2.00000000       800.000000       4.47068773E-02   4.62136841      0.220509231       4.77083373E-10  -8.03254807E-05   9.86147150E-02  -3.32702063E-02 -0.887877226      0.205183253     -0.391553551    
   3.00000000       800.000000       4.49385233E-02   4.66624355      0.223907590       4.79782380E-10  -5.00064809E-04   9.72109959E-02  -3.78347822E-02 -0.905841410      0.203483030     -0.355676323    
   4.00000000       800.000000       4.51754220E-02   4.71121693      0.226006404       4.79648765E-10  -5.98005776E-04   9.58361477E-02  -4.49321531E-02 -0.919929028      0.201453224     -0.245230913    
   5.00000000       800.000000       4.54156250E-02   4.75678205      0.226724654       4.76590323E-10  -5.09394391E-04   9.44913551E-02  -5.21914661E-02 -0.928058267      0.199082866     -0.149100706    
   6.00000000       800.000000       4.56556603E-02   4.80203438      0.226744547       4.72114126E-10  -4.13233007E-04   9.31755453E-02  -5.52616529E-02 -0.933506668      0.196560040     -0.103755914    
   7.00000000       800.000000       4.59001064E-02   4.84787893      0.226285458       4.66708783E-10  -3.23311368E-04   9.18873325E-02  -5.20505570E-02 -0.937558532      0.194170758      -6.45243600E-02
   8.00000000       800.000000       4.61495221E-02   4.89382601      0.225368246       4.60445376E-10  -2.52286700E-04   9.06259790E-02  -4.63598222E-02 -0.939447522      0.192031309      -2.48987321E-02
   9.00000000       800.000000       4.64015417E-02   4.94037914      0.224020526       4.53405202E-10  -2.16386950E-04   8.93907398E-02  -4.23439443E-02 -0.939861417      0.190066531      -8.53863487E-04
   10.0000000       800.000000       4.66544069E-02   4.98703766      0.222256899       4.45638332E-10  -2.30670936E-04   8.81802961E-02  -3.99691202E-02 -0.939525723      0.188201681       6.00162568E-03
   11.0000000       800.000000       4.69110720E-02   5.03345490      0.220174626       4.37360037E-10  -2.95745325E-04   8.69928524E-02  -3.72771323E-02 -0.939300597      0.186453044      -5.07959630E-03
   12.0000000       800.000000       4.71705161E-02   5.08080530      0.217971087       4.28975383E-10  -3.93312250E-04   8.58268663E-02  -3.39378603E-02 -0.940003812      0.184852362      -2.91053336E-02
   13.0000000       800.000000       4.74330559E-02   5.12793064      0.215793803       4.20772028E-10  -5.00126742E-04   8.46804976E-02  -3.08458507E-02 -0.942052662      0.183389246      -5.81967384E-02
   2.00000000       800.000000       4.76989783E-02   5.17558718      0.213751927       4.12960083E-10  -6.00543746E-04   8.35525244E-02  -2.90850177E-02 -0.945539951      0.182001486      -8.50781873E-02
   3.00000000       800.000000       4.79672700E-02   5.22343826      0.211894915       4.05623868E-10  -6.84155966E-04   8.24418515E-02  -2.84275189E-02 -0.950192213      0.180638224     -0.104516447    
   4.00000000       800.000000       4.82396744E-02   5.27148342      0.210238546       3.98780620E-10  -7.47350510E-04   8.13480914E-02  -2.72345692E-02 -0.955596983      0.179324284     -0.113547303    
   5.00000000       800.000000       4.85143214E-02   5.32006216      0.208718166       3.92297000E-10  -7.97368353E-04   8.02707747E-02  -2.45482400E-02 -0.961178899      0.178133383     -0.115539767    
   6.00000000       800.000000       4.87925000E-02   5.36836243      0.207330018       3.86155941E-10  -8.34197912E-04   7.92099908E-02  -2.12839898E-02 -0.966838300      0.177094951     -0.115872987    
   7.00000000       800.000000       4.90735136E-02   5.41723442      0.206042975       3.80292214E-10  -8.59000778E-04   7.81656206E-02  -1.92819610E-02 -0.972518802      0.176148415     -0.116107441    
   8.00000000       800.000000       4.93605398E-02   5.46674824      0.204835981       3.74660664E-10  -8.76170408E-04   7.71371052E-02  -1.88597273E-02 -0.978269935      0.175217792     -0.117342763    
   9.00000000       800.000000       4.96459454E-02   5.51635075      0.203693017       3.69226927E-10  -8.86795693E-04   7.61248246E-02  -1.85883529E-02 -0.984136879      0.174294814     -0.118697390    
   10.0000000       800.000000       4.99367975E-02   5.56616688      0.202590719       3.63943375E-10  -8.93287419E-04   7.51278698E-02  -1.71165559E-02 -0.990087390      0.173440233     -0.121023491    
   11.0000000       800.000000       5.02316244E-02   5.61612844      0.201544940       3.58835822E-10  -8.89580988E-04   7.41463602E-02  -1.48779042E-02 -0.996259332      0.172692642     -0.122811683    
   12.0000000       800.000000       5.05279116E-02   5.66623640      0.200514570       3.53827467E-10  -8.84978159E-04   7.31796920E-02  -1.34933842E-02  -1.00246298      0.172011033     -0.124590293    
   13.0000000       800.000000       5.08273505E-02   5.71697474      0.199534744       3.48977541E-10  -8.71596159E-04   7.22281411E-02  -1.30388243E-02  -1.00888813      0.171348229     -0.124306306    
   2.00000000       800.000000       5.11321910E-02   5.76780939      0.198529944       3.44151430E-10  -8.66860151E-04   7.12907612E-02  -1.23777352E-02  -1.01513493      0.170715317     -0.124009930    
   3.00000000       800.000000       5.14377542E-02   5.81939650      0.197582483       3.39490075E-10  -8.47512507E-04   7.03676790E-02  -1.12964120E-02  -1.02160501      0.170134321     -0.125386536    
   4.00000000       800.000000       5.17485440E-02   5.87104797      0.196652487       3.34922978E-10  -8.26309028E-04   6.94581568E-02  -1.03070196E-02  -1.02807581      0.169600919     -0.124607109    
   5.00000000       800.000000       5.20629622E-02   5.92277527      0.195735082       3.30439481E-10  -8.02633527E-04   6.85625747E-02  -9.33036581E-03  -1.03454244      0.169115007     -0.123435676    
   6.00000000       800.000000       5.23787588E-02   5.97483015      0.194826797       3.26031202E-10  -7.77039502E-04   6.76807538E-02  -8.70783255E-03  -1.04096603      0.168658957     -0.121641152    
   7.00000000       800.000000       5.26992045E-02   6.02751064      0.193922177       3.21688620E-10  -7.50505598E-04   6.68113604E-02  -8.29008128E-03  -1.04732418      0.168222353     -0.119392119    
   8.00000000       800.000000       5.30240014E-02   6.08028364      0.193016723       3.17403354E-10  -7.23591191E-04   6.59552440E-02  -7.40568340E-03  -1.05358744      0.167829350     -0.116830274    
   9.00000000       800.000000       5.33496812E-02   6.13364077      0.192107484       3.13168047E-10  -6.96778880E-04   6.51116967E-02  -6.60909666E-03  -1.05975175      0.167476624     -0.114239484    
   10.0000000       800.000000       5.36804311E-02   6.18732548      0.191196010       3.08986531E-10  -6.70351030E-04   6.42806068E-02  -6.30182307E-03  -1.06581676      0.167138502     -0.111864656    
   11.0000000       800.000000       5.40157408E-02   6.24103832      0.190286741       3.04864134E-10  -6.43210835E-04   6.34617433E-02  -5.79742948E-03  -1.07180035      0.166825473     -0.109731548    
   12.0000000       800.000000       5.43518029E-02   6.29508209      0.189381495       3.00802022E-10  -6.15634955E-04   6.26549125E-02  -5.17449295E-03  -1.07770836      0.166544214     -0.107829884    
   13.0000000       800.000000       5.46922497E-02   6.34962225      0.188483059       2.96804331E-10  -5.86936309E-04   6.18595742E-02  -4.90884250E-03  -1.08355725      0.166275933     -0.106191315    
   2.00000000       800.000000       5.50380871E-02   6.40445566      0.187593132       2.92872976E-10  -5.57344581E-04   6.10759854E-02  -4.51825233E-03  -1.08936024      0.166027054     -0.104693763    
   3.00000000       800.000000       5.53847216E-02   6.45976830      0.186710656       2.89003821E-10  -5.27158671E-04   6.03035428E-02  -4.10145521E-03  -1.09511757      0.165800005     -0.103104018    
   4.00000000       800.000000       5.57359010E-02   6.51546860      0.185832724       2.85191842E-10  -4.97485802E-04   5.95423393E-02  -3.85378976E-03  -1.10081923      0.165585205     -0.101313636    
   5.00000000       800.000000       5.60912378E-02   6.57112312      0.184954777       2.81429158E-10  -4.69334336E-04   5.87921329E-02  -3.56972450E-03  -1.10644698      0.165384993      -9.93094295E-02
   6.00000000       800.000000       5.64479530E-02   6.62756824      0.184074238       2.77711909E-10  -4.43675002E-04   5.80524988E-02  -3.26398364E-03  -1.11199391      0.165200666      -9.72718522E-02
   7.00000000       800.000000       5.68098128E-02   6.68420267      0.183193058       2.74040429E-10  -4.20646102E-04   5.73233888E-02  -2.95652542E-03  -1.11746669      0.165032715      -9.54022035E-02
   8.00000000       800.000000       5.71758151E-02   6.74102211      0.182311967       2.70416661E-10  -4.00130695E-04   5.66045754E-02  -2.85942736E-03  -1.12286675      0.164869308      -9.36749503E-02
   9.00000000       800.000000       5.75454868E-02   6.79867172      0.181431681       2.66840355E-10  -3.82266328E-04   5.58959693E-02  -2.59000645E-03  -1.12821138      0.164720282      -9.20723155E-02
   10.0000000       800.000000       5.79212233E-02   6.85620070      0.180552468       2.63311012E-10  -3.67001106E-04   5.51973581E-02  -2.31641601E-03  -1.13349867      0.164585829      -9.05446485E-02
   11.0000000       800.000000       5.82982525E-02   6.91421032      0.179674357       2.59828492E-10  -3.54520511E-04   5.45082651E-02  -2.28211284E-03  -1.13873482      0.164452955      -8.90944451E-02
   12.0000000       800.000000       5.86755127E-02   6.97270107      0.178796813       2.56390797E-10  -3.44629341E-04   5.38289137E-02  -2.10930803E-03  -1.14391983      0.164329261      -8.77372101E-02
   13.0000000       800.000000       5.90622984E-02   7.03143930      0.177920923       2.52998650E-10  -3.37297679E-04   5.31590357E-02  -1.91473612E-03  -1.14906311      0.164215773      -8.64270553E-02
   2.00000000       800.000000       5.94485030E-02   7.09108067      0.177045271       2.49649690E-10  -3.32495547E-04   5.24982288E-02  -1.84436969E-03  -1.15416431      0.164106458      -8.51032585E-02
   3.00000000       800.000000       5.98436110E-02   7.15043688      0.176167771       2.46340393E-10  -3.30423034E-04   5.18466756E-02  -1.77651807E-03  -1.15921569      0.164000347      -8.36370438E-02
   4.00000000       800.000000       6.02373928E-02   7.21079636      0.175283208       2.43063070E-10  -3.31698480E-04   5.12040667E-02  -1.61504792E-03  -1.16420805      0.163902819      -8.18651989E-02
   5.00000000       800.000000       6.06374219E-02   7.27131176      0.174389914       2.39813697E-10  -3.36720230E-04   5.05701005E-02  -1.55693328E-03  -1.16911209      0.163808435      -8.00943375E-02
   6.00000000       800.000000       6.10392392E-02   7.33202028      0.173496321       2.36605124E-10  -3.44203785E-04   4.99447696E-02  -1.49320788E-03  -1.17395318      0.163717225      -7.90761784E-02
   7.00000000       800.000000       6.14471473E-02   7.39313030      0.172620490       2.33460862E-10  -3.50442802E-04   4.93280627E-02  -1.36707653E-03  -1.17879772      0.163633138      -7.91965201E-02
   8.00000000       800.000000       6.18590638E-02   7.45494413      0.171776041       2.30398214E-10  -3.52614530E-04   4.87195291E-02  -1.31944858E-03  -1.18371797      0.163551584      -7.99892023E-02
   9.00000000       800.000000       6.22721761E-02   7.51700449      0.170965999       2.27417862E-10  -3.50003684E-04   4.81193289E-02  -1.28064561E-03  -1.18872488      0.163471848      -8.07535574E-02
   10.0000000       800.000000       6.26941621E-02   7.57950735      0.170182541       2.24509272E-10  -3.43515683E-04   4.75272052E-02  -1.18847925E-03  -1.19380891      0.163397446      -8.11122358E-02
   11.0000000       800.000000       6.31151870E-02   7.64244461      0.169417292       2.21659774E-10  -3.34504992E-04   4.69431952E-02  -1.17125188E-03  -1.19893253      0.163323432      -8.09714124E-02
   12.0000000       800.000000       6.35424033E-02   7.70559978      0.168663174       2.18859708E-10  -3.24300257E-04   4.63672243E-02  -1.12284999E-03  -1.20406401      0.163252041      -8.05474520E-02
   13.0000000       800.000000       6.39760271E-02   7.76949692      0.167918757       2.16105439E-10  -3.13165219E-04   4.57989201E-02  -1.09133858E-03  -1.20920122      0.163182244      -8.00400153E-02
   2.00000000       800.000000       6.44085407E-02   7.83382225      0.167182863       2.13395968E-10  -3.01134598E-04   4.52383533E-02  -1.06326607E-03  -1.21434164      0.163113937      -7.95380473E-02
   3.00000000       800.000000       6.48498610E-02   7.89831066      0.166456297       2.10729184E-10  -2.88148440E-04   4.46854904E-02  -1.02857954E-03  -1.21948314      0.163047045      -7.90584534E-02
   4.00000000       800.000000       6.52926117E-02   7.96304750      0.165738210       2.08106088E-10  -2.73954938E-04   4.41397652E-02  -9.92003013E-04  -1.22463024      0.162982538      -7.86260143E-02
   5.00000000       800.000000       6.57397360E-02   8.02879810      0.165029243       2.05524556E-10  -2.58692657E-04   4.36016023E-02  -9.53744631E-04  -1.22978628      0.162919775      -7.81840235E-02
   6.00000000       800.000000       6.61928579E-02   8.09504509      0.164328024       2.02983630E-10  -2.42334805E-04   4.30707298E-02  -9.05487046E-04  -1.23494518      0.162859961      -7.76067451E-02
   7.00000000       800.000000       6.66503683E-02   8.16145802      0.163631111       2.00477732E-10  -2.25712734E-04   4.25468571E-02  -8.59735708E-04  -1.24009478      0.162802413      -7.66628310E-02
   8.00000000       800.000000       6.71091229E-02   8.22835445      0.162930161       1.97996411E-10  -2.10389946E-04   4.20300663E-02  -8.04365962E-04  -1.24519932      0.162748203      -7.50399083E-02
   9.00000000       800.000000       6.75772652E-02   8.29508305      0.162215248       1.95527317E-10  -1.98346199E-04   4.15200256E-02  -7.49020954E-04  -1.25020146      0.162697524      -7.27084205E-02
   10.0000000       800.000000       6.80434331E-02   8.36327362      0.161477208       1.93059804E-10  -1.91354804E-04   4.10167687E-02  -6.97238313E-04  -1.25506222      0.162650615      -6.97743148E-02
   11.0000000       800.000000       6.85164854E-02   8.43160915      0.160709679       1.90586061E-10  -1.90770807E-04   4.05202731E-02  -6.38684607E-04  -1.25973058      0.162606612      -6.65239692E-02
   12.0000000       800.000000       6.89990669E-02   8.50011826      0.159913123       1.88107224E-10  -1.96436886E-04   4.00301591E-02  -5.89156174E-04  -1.26420724      0.162565932      -6.37052059E-02
   13.0000000       800.000000       6.94770738E-02   8.56972027      0.159099892       1.85638518E-10  -2.05660763E-04   3.95464748E-02  -5.31263882E-04  -1.26855350      0.162529200      -6.19946904E-02
   2.00000000       800.000000       6.99650571E-02   8.63913631      0.158284336       1.83196944E-10  -2.15114123E-04   3.90687846E-02  -4.77836118E-04  -1.27285397      0.162495792      -6.12107702E-02
   3.00000000       800.000000       7.04544336E-02   8.70913506      0.157474265       1.80790063E-10  -2.23344265E-04   3.85974459E-02  -4.06152714E-04  -1.27714753      0.162467316      -6.07198291E-02
   4.00000000       800.000000       7.09533468E-02   8.77987480      0.156671807       1.78419515E-10  -2.29686673E-04   3.81322280E-02  -3.42344196E-04  -1.28144217      0.162442744      -6.03106543E-02
   5.00000000       800.000000       7.14557767E-02   8.85152435      0.155877128       1.76087048E-10  -2.34588311E-04   3.76731046E-02  -2.73447513E-04  -1.28573871      0.162423328      -5.98183759E-02
   6.00000000       800.000000       7.19595850E-02   8.92326069      0.155087844       1.73787443E-10  -2.38075474E-04   3.72196250E-02  -2.17630848E-04  -1.29001820      0.162407577      -5.91040403E-02
   7.00000000       800.000000       7.24673644E-02   8.99552822      0.154303327       1.71520145E-10  -2.40967915E-04   3.67721543E-02  -1.61951510E-04  -1.29427266      0.162395820      -5.84480092E-02
   8.00000000       800.000000       7.29827210E-02   9.06822109      0.153526604       1.69288056E-10  -2.41780581E-04   3.63304839E-02  -1.24801838E-04  -1.29851854      0.162386775      -5.82449324E-02
   9.00000000       800.000000       7.35015273E-02   9.14107132      0.152764738       1.67098543E-10  -2.39947622E-04   3.58943008E-02  -8.49512944E-05  -1.30280530      0.162380353      -5.83385713E-02
   10.0000000       800.000000       7.40236938E-02   9.21487141      0.152016446       1.64948930E-10  -2.34763982E-04   3.54638733E-02  -5.31736114E-05  -1.30712521      0.162376344      -5.83473966E-02
   11.0000000       800.000000       7.45541826E-02   9.28909588      0.151279226       1.62836009E-10  -2.27316414E-04   3.50389108E-02  -2.28626905E-05  -1.31147254      0.162374824      -5.81728071E-02
   12.0000000       800.000000       7.50876293E-02   9.36382198      0.150550231       1.60756672E-10  -2.17757421E-04   3.46193835E-02  -9.54543555E-09  -1.31582999      0.162374765      -5.78631386E-02
   13.0000000       800.000000       7.56227747E-02   9.43945217      0.149828345       1.58708574E-10  -2.06756595E-04   3.42050679E-02   1.70859439E-05  -1.32019436      0.162376165      -5.74709028E-02
   2.00000000       800.000000       7.61684179E-02   9.51551723      0.149111897       1.56689994E-10  -1.94410663E-04   3.37963440E-02   3.37790007E-05  -1.32455456      0.162378415      -5.69896959E-02
   3.00000000       800.000000       7.67170042E-02   9.59179592      0.148400202       1.54699559E-10  -1.81215786E-04   3.33928205E-02   4.24473074E-05  -1.32890582      0.162381992      -5.63898422E-02
   4.00000000       800.000000       7.72694573E-02   9.66848755      0.147690326       1.52733715E-10  -1.67564591E-04   3.29941772E-02   4.72290230E-05  -1.33323836      0.162385434      -5.55695333E-02
   5.00000000       800.000000       7.78230131E-02   9.74612713      0.146979019       1.50788590E-10  -1.54413297E-04   3.26009803E-02   5.14154599E-05  -1.33752763      0.162389398      -5.43830022E-02
   6.00000000       800.000000       7.83851892E-02   9.82425022      0.146259561       1.48857857E-10  -1.43124955E-04   3.22125591E-02   5.12670194E-05  -1.34173226      0.162393570      -5.26327863E-02
   7.00000000       800.000000       7.89523125E-02   9.90284920      0.145526037       1.46934354E-10  -1.35304756E-04   3.18290852E-02   4.64054283E-05  -1.34580684      0.162397221      -5.04490510E-02
   8.00000000       800.000000       7.95280412E-02   9.98241329      0.144774988       1.45015860E-10  -1.31494409E-04   3.14503200E-02   3.58751204E-05  -1.34972918      0.162400052      -4.83242646E-02
   9.00000000       800.000000       8.01055804E-02   10.0623922      0.144010291       1.43105347E-10  -1.30746877E-04   3.10764611E-02   1.99302667E-05  -1.35352194      0.162401423      -4.65982258E-02
   10.0000000       800.000000       8.06882754E-02   10.1425762      0.143235043       1.41206810E-10  -1.32080662E-04   3.07074282E-02   1.83590475E-06  -1.35722017      0.162402034      -4.50834110E-02
   11.0000000       800.000000       8.12722519E-02   10.2231703      0.142448440       1.39319237E-10  -1.35439026E-04   3.03427000E-02  -1.23464379E-05  -1.36082184      0.162400797      -4.35070135E-02
   12.0000000       800.000000       8.18665698E-02   10.3048105      0.141651750       1.37443251E-10  -1.40714837E-04   2.99826209E-02  -2.28887002E-05  -1.36431730      0.162399203      -4.21676263E-02
   13.0000000       800.000000       8.24698508E-02   10.3871059      0.140853807       1.35587985E-10  -1.46284467E-04   2.96270270E-02  -3.14213867E-05  -1.36775184      0.162396222      -4.15531509E-02
   2.00000000       800.000000       8.30690786E-02   10.4702911      0.140066177       1.33764125E-10  -1.49703410E-04   2.92757973E-02  -4.04692473E-05  -1.37119579      0.162392870      -4.17845324E-02
   3.00000000       800.000000       8.36792067E-02   10.5531397      0.139299273       1.31980288E-10  -1.49014071E-04   2.89286952E-02  -5.00972928E-05  -1.37472153      0.162388921      -4.24728021E-02
   4.00000000       800.000000       8.42924491E-02   10.6371202      0.138551369       1.30235600E-10  -1.44092613E-04   2.85861716E-02  -6.02789223E-05  -1.37833154      0.162383795      -4.29871418E-02
   5.00000000       800.000000       8.49149227E-02   10.7222576      0.137817875       1.28523817E-10  -1.36047456E-04   2.82477923E-02  -6.99276643E-05  -1.38199198      0.162377864      -4.30494547E-02
   6.00000000       800.000000       8.55400413E-02   10.8070173      0.137092128       1.26838942E-10  -1.26123196E-04   2.79136095E-02  -7.80021583E-05  -1.38566911      0.162370935      -4.27525826E-02
   7.00000000       800.000000       8.61672983E-02   10.8929453      0.136371434       1.25177479E-10  -1.15101815E-04   2.75837127E-02  -8.43178204E-05  -1.38933289      0.162363753      -4.22474965E-02
   8.00000000       800.000000       8.68062824E-02   10.9799843      0.135653317       1.23537333E-10  -1.03581566E-04   2.72577927E-02  -8.89711955E-05  -1.39297688      0.162356049      -4.15765494E-02
   9.00000000       800.000000       8.74475688E-02   11.0664978      0.134935349       1.21915922E-10  -9.20912935E-05   2.69360151E-02  -9.16532590E-05  -1.39658272      0.162348032      -4.06434387E-02
   10.0000000       800.000000       8.80924463E-02   11.1543617      0.134212062       1.20308707E-10  -8.16093525E-05   2.66180448E-02  -9.28560694E-05  -1.40011001      0.162339881      -3.92583460E-02
   11.0000000       800.000000       8.87458175E-02   11.2425718      0.133477092       1.18708807E-10  -7.37715745E-05   2.63042375E-02  -9.23806729E-05  -1.40352178      0.162331626      -3.72099280E-02
   12.0000000       800.000000       8.94047245E-02   11.3320246      0.132720888       1.17108323E-10  -7.06514111E-05   2.59939954E-02  -9.08078728E-05  -1.40673995      0.162323505      -3.44457440E-02
   13.0000000       800.000000       9.00711343E-02   11.4218473      0.131937891       1.15502850E-10  -7.35986978E-05   2.56876890E-02  -8.92366370E-05  -1.40970480      0.162315547      -3.15083601E-02
   2.00000000       800.000000       9.07422155E-02   11.5118284      0.131133690       1.13897197E-10  -8.13996667E-05   2.53849849E-02  -8.80926382E-05  -1.41243625      0.162307769      -2.93658786E-02
   3.00000000       800.000000       9.14164707E-02   11.6033077      0.130323097       1.12304700E-10  -9.06463974E-05   2.50860043E-02  -8.58652857E-05  -1.41505277      0.162299737      -2.85789333E-02
   4.00000000       800.000000       9.20993984E-02   11.6952047      0.129521877       1.10738682E-10  -9.78390890E-05   2.47907583E-02  -8.09026023E-05  -1.41768372      0.162292361      -2.87390221E-02
   5.00000000       800.000000       9.27866399E-02   11.7873383      0.128735974       1.09203438E-10  -1.01214588E-04   2.44988408E-02  -7.44461504E-05  -1.42036796      0.162285298      -2.92704292E-02
   6.00000000       800.000000       9.34779644E-02   11.8806105      0.127968013       1.07700952E-10  -1.00186982E-04   2.42107362E-02  -6.85328268E-05  -1.42313254      0.162279025      -2.99259033E-02
   7.00000000       800.000000       9.41774696E-02   11.9743528      0.127217472       1.06230309E-10  -9.51544280E-05   2.39258558E-02  -6.30227951E-05  -1.42598319      0.162273109      -3.02705076E-02
   8.00000000       800.000000       9.48819369E-02   12.0688763      0.126476422       1.04784473E-10  -8.75124460E-05   2.36446001E-02  -5.68036994E-05  -1.42885792      0.162267610      -3.01167406E-02
   9.00000000       800.000000       9.55979601E-02   12.1640635      0.125740916       1.03359231E-10  -7.83603173E-05   2.33668257E-02  -5.05081625E-05  -1.43171775      0.162262782      -2.96842642E-02
   10.0000000       800.000000       9.63135287E-02   12.2600622      0.125008419       1.01952877E-10  -6.84138649E-05   2.30923109E-02  -4.40726035E-05  -1.43455327      0.162258536      -2.90500186E-02
   11.0000000       800.000000       9.70358253E-02   12.3568468      0.124276154       1.00562628E-10  -5.84139925E-05   2.28211544E-02  -3.75974487E-05  -1.43733656      0.162254944      -2.81749275E-02
   12.0000000       800.000000       9.77677032E-02   12.4544106      0.123540528       9.91855417E-11  -4.91286701E-05   2.25534439E-02  -3.12639131E-05  -1.44004214      0.162251920      -2.69695558E-02
   13.0000000       800.000000       9.85076427E-02   12.5523767      0.122795574       9.78169420E-11  -4.16223520E-05   2.22886764E-02  -2.48629258E-05  -1.44263065      0.162249506      -2.53182482E-02
   2.00000000       800.000000       9.92456749E-02   12.6510534      0.122035369       9.64516383E-11  -3.75651434E-05   2.20273621E-02  -1.86974721E-05  -1.44504929      0.162247404      -2.29893010E-02
   3.00000000       800.000000       9.99961421E-02   12.7503929      0.121250659       9.50824489E-11  -3.89159359E-05   2.17689034E-02  -1.24348462E-05  -1.44721007      0.162246391      -2.01154649E-02
   4.00000000       800.000000      0.100751281       12.8514633      0.120442159       9.37107059E-11  -4.58302238E-05   2.15137117E-02  -6.66001188E-06  -1.44908774      0.162245631      -1.77824702E-02
   5.00000000       800.000000      0.101513669       12.9527330      0.119626433       9.23493990E-11  -5.47953750E-05   2.12615356E-02  -1.17047432E-06  -1.45080698      0.162245631      -1.69817805E-02
   6.00000000       800.000000      0.102282949       13.0543804      0.118822761       9.10129958E-11  -6.11897049E-05   2.10123789E-02   3.78754726E-06  -1.45254982      0.162246048      -1.74020268E-02
   7.00000000       800.000000      0.103057869       13.1565609      0.118038058       8.97064784E-11  -6.30943250E-05   2.07662713E-02   8.10307574E-06  -1.45438015      0.162246823      -1.81712378E-02
   8.00000000       800.000000      0.103839546       13.2604132      0.117272288       8.84289864E-11  -6.03802218E-05   2.05229167E-02   1.16071824E-05  -1.45630813      0.162248120      -1.87451392E-02
   9.00000000       800.000000      0.104626514       13.3645535      0.116519727       8.71763495E-11  -5.42613052E-05   2.02825181E-02   1.46965995E-05  -1.45828819      0.162249416      -1.88586544E-02
   10.0000000       800.000000      0.105420068       13.4691267      0.115774721       8.59433844E-11  -4.61486015E-05   2.00452376E-02   1.72446635E-05  -1.46026802      0.162251443      -1.85241811E-02
   11.0000000       800.000000      0.106228657       13.5754204      0.115032054       8.47266632E-11  -3.74472802E-05   1.98102724E-02   1.93820179E-05  -1.46220982      0.162253454      -1.77782010E-02
   12.0000000       800.000000      0.107034281       13.6821260      0.114286236       8.35214467E-11  -2.94012334E-05   1.95786357E-02   2.08919919E-05  -1.46406019      0.162255630      -1.65790971E-02
   13.0000000       800.000000      0.107849084       13.7891541      0.113531232       8.23230581E-11  -2.31803333E-05   1.93494763E-02   2.19387148E-05  -1.46577358      0.162258074      -1.48874661E-02
   2.00000000       800.000000      0.108672515       13.8981247      0.112760477       8.11272785E-11  -2.03496020E-05   1.91232227E-02   2.24405012E-05  -1.46728563      0.162260428      -1.27602676E-02
   3.00000000       800.000000      0.109497771       14.0066690      0.111971252       7.99319569E-11  -2.20667480E-05   1.88996941E-02   2.23331499E-05  -1.46855474      0.162262976      -1.04335798E-02
   4.00000000       800.000000      0.110339761       14.1170921      0.111165404       7.87389043E-11  -2.77131767E-05   1.86786372E-02   2.18851619E-05  -1.46957672      0.162265524      -8.63141287E-03
   5.00000000       800.000000      0.111177742       14.2269335      0.110357136       7.75579601E-11  -3.40851293E-05   1.84602533E-02   2.11563183E-05  -1.47046757      0.162267655      -8.22150614E-03
   6.00000000       800.000000      0.112030037       14.3394938      0.109564006       7.64011146E-11  -3.70629277E-05   1.82443522E-02   2.01057228E-05  -1.47141099      0.162269816      -8.85185879E-03
   7.00000000       800.000000      0.112885214       14.4517355      0.108789042       7.52703941E-11  -3.56514865E-05   1.80310924E-02   1.87855567E-05  -1.47245800      0.162272140      -9.33133718E-03
   8.00000000       800.000000      0.113750286       14.5650282      0.108024620       7.41600323E-11  -3.08921808E-05   1.78203918E-02   1.72380387E-05  -1.47352636      0.162273839      -9.37497988E-03
   9.00000000       800.000000      0.114624061       14.6793976      0.107267871       7.30675520E-11  -2.42423048E-05   1.76121853E-02   1.55200705E-05  -1.47460103      0.162275791      -9.02861636E-03
   10.0000000       800.000000      0.115506783       14.7940674      0.106511936       7.19884499E-11  -1.73118387E-05   1.74064618E-02   1.36770432E-05  -1.47560513      0.162277177      -8.19990225E-03
   11.0000000       800.000000      0.116393380       14.9101496      0.105751574       7.09187362E-11  -1.14771228E-05   1.72029920E-02   1.18073422E-05  -1.47650003      0.162278920      -6.80852309E-03
   12.0000000       800.000000      0.117281690       15.0272551      0.104978390       6.98529845E-11  -8.16280590E-06   1.70023013E-02   9.71769350E-06  -1.47719562      0.162279710      -5.00574848E-03
   13.0000000       800.000000      0.118191823       15.1445360      0.104192197       6.87907370E-11  -8.32652404E-06   1.68036763E-02   7.74213277E-06  -1.47767925      0.162280887      -3.17259110E-03
   2.00000000       800.000000      0.119099334       15.2630339      0.103393719       6.77328818E-11  -1.16207193E-05   1.66074075E-02   5.56155192E-06  -1.47794974      0.162281439      -1.51078159E-03
   3.00000000       800.000000      0.120015435       15.3828135      0.102588885       6.66832908E-11  -1.65623369E-05   1.64134782E-02   3.36694370E-06  -1.47804260      0.162281632      -5.97181614E-04
   4.00000000       800.000000      0.120940529       15.5036430      0.101790801       6.56503740E-11  -2.00418635E-05   1.62218884E-02   1.26095267E-06  -1.47809410      0.162282005      -7.12271431E-04
   5.00000000       800.000000      0.121867239       15.6249332      0.101008095       6.46394813E-11  -2.00086324E-05   1.60324238E-02  -8.69439305E-07  -1.47821307      0.162281692      -1.09150342E-03
   6.00000000       800.000000      0.122810721       15.7464323      0.100236714       6.36475178E-11  -1.67102189E-05   1.58452354E-02  -2.86334694E-06  -1.47835839      0.162281558      -1.21442182E-03
   7.00000000       800.000000      0.123757191       15.8707790       9.94739980E-02   6.26724089E-11  -1.11523714E-05   1.56603530E-02  -4.73095633E-06  -1.47851419      0.162280858      -1.00417866E-03
   8.00000000       800.000000      0.124716990       15.9948425       9.87134278E-02   6.17102550E-11  -5.05666276E-06   1.54774776E-02  -6.36181994E-06  -1.47860956      0.162280083      -2.07603181E-04
   9.00000000       800.000000      0.125679165       16.1200333       9.79472846E-02   6.07556436E-11  -2.29653452E-07   1.52969612E-02  -7.87355293E-06  -1.47856450      0.162278965       1.18519319E-03
   10.0000000       800.000000      0.126648560       16.2460766       9.71699730E-02   5.98055633E-11   2.09301879E-06   1.51183167E-02  -9.05005709E-06  -1.47831166      0.162278205       2.75167939E-03
   11.0000000       800.000000      0.127627030       16.3736973       9.63840038E-02   5.88609508E-11   1.71511113E-06   1.49420118E-02  -1.00253401E-05  -1.47786427      0.162276685       4.22840100E-03
   12.0000000       800.000000      0.128622070       16.5009899       9.55903083E-02   5.79230969E-11  -5.43222370E-07   1.47674829E-02  -1.06843872E-05  -1.47722459      0.162275180       5.33816358E-03
   13.0000000       800.000000      0.129615709       16.6299458       9.47979763E-02   5.69969072E-11  -2.74516174E-06   1.45953381E-02  -1.12041052E-05  -1.47648811      0.162273899       5.73454145E-03
   2.00000000       800.000000      0.130617574       16.7607040       9.40137133E-02   5.60866284E-11  -3.01725663E-06   1.44249946E-02  -1.13894912E-05  -1.47573280      0.162272334       5.75665152E-03
   3.00000000       800.000000      0.131631613       16.8909397       9.32382792E-02   5.51921217E-11  -1.06582274E-06   1.42565193E-02  -1.15167659E-05  -1.47497702      0.162270695       5.87931229E-03
   4.00000000       800.000000      0.132658064       17.0234966       9.24678668E-02   5.43112118E-11   2.29525131E-06   1.40906051E-02  -1.14782288E-05  -1.47418034      0.162269071       6.31130347E-03
   5.00000000       800.000000      0.133689612       17.1564980       9.16978940E-02   5.34409947E-11   5.67955340E-06   1.39261363E-02  -1.12699900E-05  -1.47329736      0.162267908       7.21097458E-03
   6.00000000       800.000000      0.134727374       17.2917385       9.09222439E-02   5.25776818E-11   7.64455672E-06   1.37634659E-02  -1.09305993E-05  -1.47224593      0.162266403       8.46538320E-03
   7.00000000       800.000000      0.135772675       17.4260139       9.01397988E-02   5.17206555E-11   7.70906081E-06   1.36030773E-02  -1.04247820E-05  -1.47100639      0.162264913       9.67844855E-03
   8.00000000       800.000000      0.136831790       17.5625153       8.93530920E-02   5.08714217E-11   6.41299039E-06   1.34440344E-02  -9.72621456E-06  -1.46960866      0.162263602       1.06425351E-02
   9.00000000       800.000000      0.137887821       17.6995029       8.85660797E-02   5.00320410E-11   4.85718283E-06   1.32872183E-02  -8.90166757E-06  -1.46808207      0.162262365       1.12219006E-02
   10.0000000       800.000000      0.138969555       17.8388729       8.77841711E-02   4.92053655E-11   4.37912240E-06   1.31323850E-02  -7.96038057E-06  -1.46650016      0.162261188       1.14578996E-02
   11.0000000       800.000000      0.140046909       17.9775219       8.70087594E-02   4.83923214E-11   5.57913154E-06   1.29790176E-02  -6.89550370E-06  -1.46488667      0.162260309       1.16521735E-02
   12.0000000       800.000000      0.141143247       18.1181393       8.62384364E-02   4.75916598E-11   8.07999550E-06   1.28278658E-02  -5.83155906E-06  -1.46322417      0.162259534       1.20426612E-02
   13.0000000       800.000000      0.142242312       18.2606220       8.54695663E-02   4.68013649E-11   1.08524073E-05   1.26780178E-02  -4.75317256E-06  -1.46147358      0.162258714       1.27747292E-02
   2.00000000       800.000000      0.143348306       18.4025784       8.46977681E-02   4.60189144E-11   1.27600633E-05   1.25302076E-02  -3.65963956E-06  -1.45957434      0.162258163       1.37641905E-02
   3.00000000       800.000000      0.144470185       18.5468769       8.39219913E-02   4.52435658E-11   1.33806643E-05   1.23839453E-02  -2.61719038E-06  -1.45751023      0.162257850       1.47452243E-02
   4.00000000       800.000000      0.145599216       18.6916237       8.31440464E-02   4.44763462E-11   1.30876542E-05   1.22394627E-02  -1.58711271E-06  -1.45529687      0.162257701       1.55473212E-02
   5.00000000       800.000000      0.146730632       18.8387299       8.23666155E-02   4.37186329E-11   1.26591676E-05   1.20964535E-02  -6.10957443E-07  -1.45296407      0.162257656       1.61031112E-02
   6.00000000       800.000000      0.147886083       18.9852219       8.15923959E-02   4.29716956E-11   1.28470792E-05   1.19553097E-02   2.86516325E-07  -1.45055366      0.162257642       1.65058468E-02
   7.00000000       800.000000      0.149040878       19.1336536       8.08217674E-02   4.22356282E-11   1.37813304E-05   1.18159894E-02   1.10923713E-06  -1.44806540      0.162257820       1.69432275E-02
   8.00000000       800.000000      0.150206983       19.2841053       8.00531805E-02   4.15093446E-11   1.50692922E-05   1.16781630E-02   1.84233318E-06  -1.44548357      0.162257954       1.75205618E-02
   9.00000000       800.000000      0.151375279       19.4338169       7.92846605E-02   4.07918699E-11   1.60882191E-05   1.15416823E-02   2.48468427E-06  -1.44278347      0.162258327       1.82613339E-02
   10.0000000       800.000000      0.152559474       19.5859928       7.85147026E-02   4.00822882E-11   1.64718567E-05   1.14073129E-02   3.04217701E-06  -1.43993330      0.162258998       1.90204419E-02
   11.0000000       800.000000      0.153755501       19.7391071       7.77449608E-02   3.93812968E-11   1.64416797E-05   1.12741208E-02   3.52000916E-06  -1.43695569      0.162259609       1.96638890E-02
   12.0000000       800.000000      0.154966682       19.8943138       7.69760013E-02   3.86893260E-11   1.64302928E-05   1.11426115E-02   3.92586662E-06  -1.43386209      0.162260190       2.01835707E-02
   13.0000000       800.000000      0.156182289       20.0499210       7.62100220E-02   3.80071356E-11   1.68660463E-05   1.10126166E-02   4.25482540E-06  -1.43067479      0.162260637       2.05996167E-02
   2.00000000       800.000000      0.157407701       20.2067699       7.54473060E-02   3.73347256E-11   1.78774098E-05   1.08834608E-02   4.50089556E-06  -1.42740345      0.162261352       2.10272223E-02
   3.00000000       800.000000      0.158632427       20.3635406       7.46867582E-02   3.66716310E-11   1.91658946E-05   1.07569937E-02   4.65309085E-06  -1.42402804      0.162262231       2.15559136E-02
   4.00000000       800.000000      0.159881696       20.5234394       7.39270300E-02   3.60168909E-11   2.03468589E-05   1.06313555E-02   4.70591385E-06  -1.42053950      0.162262946       2.21624002E-02
   5.00000000       800.000000      0.161134437       20.6836548       7.31674209E-02   3.53702484E-11   2.12337036E-05   1.05071925E-02   4.66512029E-06  -1.41691470      0.162263766       2.27765404E-02
   6.00000000       800.000000      0.162408039       20.8466339       7.24089816E-02   3.47319222E-11   2.19061058E-05   1.03839897E-02   4.54807423E-06  -1.41316760      0.162264451       2.33377628E-02
   7.00000000       800.000000      0.163673609       21.0080662       7.16520697E-02   3.41019990E-11   2.25576041E-05   1.02633201E-02   4.36295477E-06  -1.40930223      0.162265375       2.38466002E-02
   8.00000000       800.000000      0.164970547       21.1726456       7.08964616E-02   3.34806627E-11   2.32869825E-05   1.01432549E-02   4.12943291E-06  -1.40532970      0.162265942       2.43426058E-02
   9.00000000       800.000000      0.166260168       21.3390827       7.01428056E-02   3.28675559E-11   2.40433656E-05   1.00249136E-02   3.85813109E-06  -1.40124738      0.162266538       2.48531401E-02
   10.0000000       800.000000      0.167571649       21.5048828       6.93904236E-02   3.22627133E-11   2.46915170E-05   9.90725588E-03   3.55396855E-06  -1.39703512      0.162267014       2.53883470E-02
   11.0000000       800.000000      0.168884769       21.6747990       6.86390251E-02   3.16656319E-11   2.51523252E-05   9.79215465E-03   3.21758512E-06  -1.39269888      0.162267447       2.59157363E-02
   12.0000000       800.000000      0.170220941       21.8437004       6.78894520E-02   3.10765129E-11   2.55319628E-05   9.67775565E-03   2.85289229E-06  -1.38824368      0.162267834       2.63899919E-02
   13.0000000       800.000000      0.171562597       22.0148487       6.71419203E-02   3.04958385E-11   2.60306424E-05   9.56481975E-03   2.46862396E-06  -1.38367808      0.162268385       2.68072430E-02
   2.00000000       800.000000      0.172911152       22.1867790       6.63966238E-02   2.99234422E-11   2.67679225E-05   9.45278630E-03   2.07263383E-06  -1.37900770      0.162268803       2.71986686E-02
   3.00000000       800.000000      0.174262822       22.3595982       6.56554848E-02   2.93594801E-11   2.77124600E-05   9.34219081E-03   1.67245435E-06  -1.37423646      0.162269279       2.76062880E-02
   4.00000000       800.000000      0.175636902       22.5350342       6.49153367E-02   2.88035880E-11   2.87241546E-05   9.23321769E-03   1.27878661E-06  -1.36934602      0.162269577       2.80399192E-02
   5.00000000       800.000000      0.177029908       22.7109966       6.41773269E-02   2.82545307E-11   2.96842081E-05   9.12486482E-03   8.95433061E-07  -1.36434770      0.162269667       2.84846108E-02
   6.00000000       800.000000      0.178427994       22.8897495       6.34406731E-02   2.77137341E-11   3.05262838E-05   9.01819952E-03   5.29500824E-07  -1.35922790      0.162269801       2.89325565E-02
   7.00000000       800.000000      0.179832757       23.0675335       6.27069622E-02   2.71802685E-11   3.12128432E-05   8.91303550E-03   1.86624973E-07  -1.35398555      0.162269816       2.93759611E-02
   8.00000000       800.000000      0.181247130       23.2492962       6.19746596E-02   2.66542292E-11   3.17402737E-05   8.80859792E-03  -1.29943700E-07  -1.34862351      0.162269831       2.98041608E-02
   9.00000000       800.000000      0.182678327       23.4303741       6.12443946E-02   2.61356093E-11   3.21477783E-05   8.70560575E-03  -4.18667639E-07  -1.34314060      0.162269711       3.02088782E-02
   10.0000000       800.000000      0.184120178       23.6137962       6.05162419E-02   2.56244644E-11   3.24976572E-05   8.60404037E-03  -6.79395725E-07  -1.33754015      0.162269607       3.05882897E-02
   11.0000000       800.000000      0.185574606       23.7995758       5.97912595E-02   2.51208256E-11   3.28695132E-05   8.50309990E-03  -9.11157656E-07  -1.33183241      0.162269324       3.09366919E-02
   12.0000000       800.000000      0.187039450       23.9845982       5.90687357E-02   2.46245316E-11   3.33683456E-05   8.40378553E-03  -1.11301279E-06  -1.32601547      0.162269130       3.12540457E-02
   13.0000000       800.000000      0.188515589       24.1725788       5.83501756E-02   2.41356900E-11   3.40560255E-05   8.30589049E-03  -1.28484544E-06  -1.32009733      0.162268847       3.15556861E-02
   2.00000000       800.000000      0.190003842       24.3626595       5.76343164E-02   2.36544916E-11   3.49189577E-05   8.20861664E-03  -1.42468082E-06  -1.31407452      0.162268415       3.18574235E-02
   3.00000000       800.000000      0.191507503       24.5538692       5.69213703E-02   2.31804853E-11   3.58560028E-05   8.11210088E-03  -1.53221902E-06  -1.30794120      0.162268072       3.21815684E-02
   4.00000000       800.000000      0.193027228       24.7454605       5.62107936E-02   2.27134180E-11   3.67338143E-05   8.01718887E-03  -1.60966397E-06  -1.30169952      0.162267774       3.25207859E-02
   5.00000000       800.000000      0.194553345       24.9383144       5.55033758E-02   2.22529981E-11   3.74721203E-05   7.92328455E-03  -1.65942811E-06  -1.29532647      0.162267521       3.28602083E-02
   6.00000000       800.000000      0.196085945       25.1336231       5.47977313E-02   2.17993540E-11   3.80439051E-05   7.83096161E-03  -1.68459781E-06  -1.28886437      0.162267119       3.31890136E-02
   7.00000000       800.000000      0.197636858       25.3313236       5.40950075E-02   2.13526141E-11   3.84975465E-05   7.73937115E-03  -1.68758027E-06  -1.28227901      0.162266925       3.34876217E-02
   8.00000000       800.000000      0.199212298       25.5304661       5.33957407E-02   2.09129380E-11   3.89358684E-05   7.64847035E-03  -1.66889959E-06  -1.27555668      0.162266672       3.37514542E-02
   9.00000000       800.000000      0.200781316       25.7297115       5.26996106E-02   2.04797481E-11   3.94638446E-05   7.55885430E-03  -1.62920105E-06  -1.26875162      0.162266478       3.39841135E-02
   10.0000000       800.000000      0.202371761       25.9304714       5.20075671E-02   2.00536358E-11   4.01597899E-05   7.47053418E-03  -1.56912563E-06  -1.26187861      0.162266225       3.41948122E-02
   11.0000000       800.000000      0.203978211       26.1335907       5.13191409E-02   1.96343792E-11   4.10327302E-05   7.38317659E-03  -1.49060565E-06  -1.25486410      0.162265986       3.44000161E-02
   12.0000000       800.000000      0.205590189       26.3390236       5.06339073E-02   1.92215827E-11   4.20127362E-05   7.29629025E-03  -1.39625911E-06  -1.24777627      0.162265658       3.46145332E-02
   13.0000000       800.000000      0.207215562       26.5462608       4.99520227E-02   1.88153451E-11   4.29743668E-05   7.21111242E-03  -1.28965598E-06  -1.24057198      0.162265167       3.48451398E-02
   2.00000000       800.000000      0.208862230       26.7531796       4.92736399E-02   1.84153474E-11   4.37997696E-05   7.12642539E-03  -1.17358081E-06  -1.23326766      0.162264898       3.50827724E-02
   3.00000000       800.000000      0.210511744       26.9634609       4.85976450E-02   1.80217802E-11   4.44447833E-05   7.04312650E-03  -1.05014931E-06  -1.22587180      0.162264705       3.53087522E-02
   4.00000000       800.000000      0.212182373       27.1744270       4.79256660E-02   1.76341632E-11   4.49558793E-05   6.96046511E-03  -9.21528965E-07  -1.21834040      0.162264541       3.55062783E-02
   5.00000000       800.000000      0.213867262       27.3881035       4.72571813E-02   1.72528727E-11   4.54348519E-05   6.87906658E-03  -7.89330045E-07  -1.21073472      0.162264228       3.56713869E-02
   6.00000000       800.000000      0.215570495       27.6017551       4.65935767E-02   1.68784257E-11   4.59749790E-05   6.79796794E-03  -6.55624945E-07  -1.20302522      0.162264138       3.58107649E-02
   7.00000000       800.000000      0.217280358       27.8196926       4.59326059E-02   1.65095559E-11   4.66230995E-05   6.71840087E-03  -5.21629943E-07  -1.19523168      0.162264064       3.59343812E-02
   8.00000000       800.000000      0.218995273       28.0367794       4.52766605E-02   1.61471305E-11   4.73659347E-05   6.63954671E-03  -3.89021267E-07  -1.18735313      0.162264034       3.60536128E-02
   9.00000000       800.000000      0.220740929       28.2576332       4.46246490E-02   1.57905442E-11   4.81365132E-05   6.56186976E-03  -2.59421824E-07  -1.17938888      0.162264004       3.61765027E-02
   10.0000000       800.000000      0.222490728       28.4788132       4.39765528E-02   1.54403157E-11   4.88528349E-05   6.48495788E-03  -1.34904951E-07  -1.17132878      0.162263930       3.63024026E-02
   11.0000000       800.000000      0.224248633       28.7025547       4.33317572E-02   1.50956869E-11   4.94683845E-05   6.40870351E-03  -1.71157026E-08  -1.16317296      0.162263975       3.64207029E-02
   12.0000000       800.000000      0.226034790       28.9273281       4.26913872E-02   1.47567496E-11   5.00013739E-05   6.33365242E-03   9.29707440E-08  -1.15492356      0.162263960       3.65171134E-02
   13.0000000       800.000000      0.227838799       29.1540203       4.20557261E-02   1.44238484E-11   5.05290227E-05   6.25926722E-03   1.94759664E-07  -1.14659059      0.162264004       3.65859494E-02
   2.00000000       800.000000      0.229636580       29.3828106       4.14238349E-02   1.40964471E-11   5.11343969E-05   6.18568854E-03   2.87092092E-07  -1.13818800      0.162263930       3.66333202E-02
   3.00000000       800.000000      0.231463313       29.6143074       4.07971852E-02   1.37750835E-11   5.18405286E-05   6.11309428E-03   3.68769150E-07  -1.12970805      0.162263960       3.66718695E-02
   4.00000000       800.000000      0.233298600       29.8444633       4.01745141E-02   1.34594029E-11   5.26046970E-05   6.04142109E-03   4.39985740E-07  -1.12114656      0.162264198       3.67076024E-02
   5.00000000       800.000000      0.235164225       30.0788250       3.95565890E-02   1.31492187E-11   5.33788188E-05   5.97064290E-03   4.99175883E-07  -1.11249828      0.162264362       3.67398523E-02
   6.00000000       800.000000      0.237021416       30.3152733       3.89436968E-02   1.28445084E-11   5.41269474E-05   5.90047566E-03   5.46470460E-07  -1.10378063      0.162264511       3.67662013E-02
   7.00000000       800.000000      0.238909259       30.5545444       3.83348837E-02   1.25453190E-11   5.48373246E-05   5.83096268E-03   5.81747372E-07  -1.09498620      0.162264541       3.67784612E-02
   8.00000000       800.000000      0.240805298       30.7942753       3.77304740E-02   1.22512573E-11   5.55491206E-05   5.76276518E-03   6.04887077E-07  -1.08614659      0.162264705       3.67736258E-02
   9.00000000       800.000000      0.242732763       31.0363560       3.71307693E-02   1.19628621E-11   5.62945315E-05   5.69513021E-03   6.16651676E-07  -1.07723093      0.162265018       3.67547311E-02
   10.0000000       800.000000      0.244650185       31.2805672       3.65359224E-02   1.16792713E-11   5.70695884E-05   5.62789664E-03   6.17761486E-07  -1.06822515      0.162265211       3.67286317E-02
   11.0000000       800.000000      0.246601894       31.5240726       3.59463282E-02   1.14011370E-11   5.78312574E-05   5.56184025E-03   6.09196718E-07  -1.05917990      0.162265435       3.67001481E-02
   12.0000000       800.000000      0.248575494       31.7732716       3.53612490E-02   1.11282424E-11   5.85202579E-05   5.49675059E-03   5.92138576E-07  -1.05008125      0.162265494       3.66685726E-02
   13.0000000       800.000000      0.250549018       32.0229034       3.47807854E-02   1.08604280E-11   5.91035132E-05   5.43207722E-03   5.67767927E-07  -1.04087305      0.162265688       3.66284400E-02
   2.00000000       800.000000      0.252544135       32.2734489       3.42047922E-02   1.05974717E-11   5.95977908E-05   5.36818104E-03   5.37057588E-07  -1.03162813      0.162265822       3.65706123E-02
   3.00000000       800.000000      0.254557490       32.5260506       3.36346999E-02   1.03392425E-11   6.00628955E-05   5.30510396E-03   5.00796659E-07  -1.02230811      0.162265897       3.64908762E-02
   4.00000000       800.000000      0.256586730       32.7818604       3.30686420E-02   1.00862478E-11   6.05655368E-05   5.24253072E-03   4.59899894E-07  -1.01298249      0.162265971       3.63919325E-02
   5.00000000       800.000000      0.258610994       33.0395813       3.25094536E-02   9.83803143E-12   6.11467767E-05   5.18111326E-03   4.15408664E-07  -1.00359094      0.162265942       3.62783596E-02
   6.00000000       800.000000      0.260681123       33.2992859       3.19535360E-02   9.59471044E-12   6.18083432E-05   5.12021501E-03   3.68372810E-07 -0.994150221      0.162266016       3.61573473E-02
   7.00000000       800.000000      0.262756377       33.5623474       3.14040966E-02   9.35616862E-12   6.25160465E-05   5.05995704E-03   3.19844816E-07 -0.984656930      0.162266120       3.60319987E-02
   8.00000000       800.000000      0.264846563       33.8261070       3.08605302E-02   9.12248142E-12   6.32389201E-05   5.00016613E-03   2.70761092E-07 -0.975128651      0.162266254       3.58983651E-02
   9.00000000       800.000000      0.266964108       34.0918350       3.03208064E-02   8.89330883E-12   6.39644495E-05   4.94168326E-03   2.22109321E-07 -0.965562403      0.162266284       3.57576087E-02
   10.0000000       800.000000      0.269089431       34.3593788       2.97874734E-02   8.66854765E-12   6.46728950E-05   4.88350913E-03   1.74623992E-07 -0.955995739      0.162266374       3.56090665E-02
   11.0000000       800.000000      0.271236569       34.6304741       2.92596184E-02   8.44833318E-12   6.53596871E-05   4.82579088E-03   1.29083389E-07 -0.946319282      0.162266448       3.54493670E-02
   12.0000000       800.000000      0.273390830       34.9008446       2.87377443E-02   8.23292042E-12   6.60301084E-05   4.76918882E-03   8.60178915E-08 -0.936677575      0.162266418       3.52807119E-02
   13.0000000       800.000000      0.275573671       35.1773834       2.82199886E-02   8.02156779E-12   6.66698033E-05   4.71301144E-03   4.58385188E-08 -0.926958919      0.162266433       3.51056606E-02
   2.00000000       800.000000      0.277770936       35.4531212       2.77083479E-02   7.81479135E-12   6.72580863E-05   4.65753628E-03   8.82761064E-09 -0.917211175      0.162266448       3.49229500E-02
   3.00000000       800.000000      0.279982239       35.7325478       2.72023790E-02   7.61208718E-12   6.77910066E-05   4.60249698E-03  -2.46020129E-08 -0.907461107      0.162266418       3.47297154E-02
   4.00000000       800.000000      0.282222867       36.0137329       2.67010033E-02   7.41355588E-12   6.82883619E-05   4.54833452E-03  -5.45271064E-08 -0.897694528      0.162266418       3.45252678E-02
   5.00000000       800.000000      0.284471065       36.2968369       2.62056254E-02   7.21934275E-12   6.87714492E-05   4.49473411E-03  -8.10419323E-08 -0.887903571      0.162266433       3.43091339E-02
   6.00000000       800.000000      0.286742091       36.5804558       2.57164463E-02   7.02918669E-12   6.92597750E-05   4.44199611E-03  -1.04197099E-07 -0.878106594      0.162266344       3.40819769E-02
   7.00000000       800.000000      0.289016098       36.8690605       2.52327826E-02   6.84301487E-12   6.97769938E-05   4.38970514E-03  -1.24044263E-07 -0.868306816      0.162266269       3.38438675E-02
   8.00000000       800.000000      0.291324228       37.1585426       2.47550197E-02   6.66107404E-12   7.03447586E-05   4.33802605E-03  -1.40684136E-07 -0.858466804      0.162266254       3.35956328E-02
   9.00000000       800.000000      0.293644518       37.4530144       2.42829639E-02   6.48308837E-12   7.09734159E-05   4.28676978E-03  -1.54223514E-07 -0.848634779      0.162266269       3.33395191E-02
   10.0000000       800.000000      0.296003997       37.7481918       2.38165837E-02   6.30893861E-12   7.16523864E-05   4.23623575E-03  -1.64797370E-07 -0.838802636      0.162266165       3.30787897E-02
   11.0000000       800.000000      0.298353791       38.0451622       2.33557336E-02   6.13843308E-12   7.23467892E-05   4.18655388E-03  -1.72488697E-07 -0.828994930      0.162266091       3.28152589E-02
   12.0000000       800.000000      0.300734103       38.3437805       2.29009986E-02   5.97178557E-12   7.30143656E-05   4.13703965E-03  -1.77534787E-07 -0.819166005      0.162266031       3.25482674E-02
   13.0000000       800.000000      0.303147912       38.6467476       2.24518459E-02   5.80912922E-12   7.36213042E-05   4.08838224E-03  -1.80141726E-07 -0.809345961      0.162265942       3.22777592E-02
   2.00000000       800.000000      0.305555582       38.9513550       2.20085122E-02   5.64979096E-12   7.41475451E-05   4.04003123E-03  -1.80537796E-07 -0.799482584      0.162265971       3.20014432E-02
   3.00000000       800.000000      0.307996303       39.2577019       2.15712413E-02   5.49423918E-12   7.45979123E-05   3.99238383E-03  -1.78939644E-07 -0.789678693      0.162265956       3.17157619E-02
   4.00000000       800.000000      0.310469896       39.5681572       2.11390685E-02   5.34213342E-12   7.50040927E-05   3.94536601E-03  -1.75526225E-07 -0.779885113      0.162266001       3.14196311E-02
   5.00000000       800.000000      0.312931180       39.8770142       2.07129680E-02   5.19361680E-12   7.54089124E-05   3.89887090E-03  -1.70397598E-07 -0.770102799      0.162265942       3.11126709E-02
   6.00000000       800.000000      0.315432847       40.1933212       2.02928018E-02   5.04831723E-12   7.58501919E-05   3.85286356E-03  -1.63683922E-07 -0.760334730      0.162265927       3.07966173E-02
   7.00000000       800.000000      0.317947745       40.5082169       1.98789500E-02   4.90667663E-12   7.63501303E-05   3.80768417E-03  -1.55547525E-07 -0.750597000      0.162265897       3.04739270E-02
   8.00000000       800.000000      0.320495814       40.8281288       1.94706134E-02   4.76825870E-12   7.69113176E-05   3.76256253E-03  -1.46187972E-07 -0.740872979      0.162265778       3.01468354E-02
   9.00000000       800.000000      0.323059022       41.1489258       1.90675743E-02   4.63319921E-12   7.75141525E-05   3.71833588E-03  -1.35840992E-07 -0.731202900      0.162265748       2.98174955E-02
   10.0000000       800.000000      0.325634599       41.4749947       1.86712705E-02   4.50138841E-12   7.81226627E-05   3.67448549E-03  -1.24758458E-07 -0.721539855      0.162265733       2.94871666E-02
   11.0000000       800.000000      0.328246117       41.8027420       1.82803571E-02   4.37264894E-12   7.86951714E-05   3.63098294E-03  -1.13188683E-07 -0.711912930      0.162265718       2.91556492E-02
   12.0000000       800.000000      0.330868602       42.1312904       1.78953167E-02   4.24713736E-12   7.91995044E-05   3.58832651E-03  -1.01350906E-07 -0.702328801      0.162265703       2.88216043E-02
   13.0000000       800.000000      0.333499759       42.4624519       1.75161380E-02   4.12456267E-12   7.96265085E-05   3.54583166E-03  -8.94416416E-08 -0.692765653      0.162265703       2.84826886E-02
   2.00000000       800.000000      0.336178690       42.7972488       1.71425864E-02   4.00506798E-12   7.99918998E-05   3.50407604E-03  -7.76196245E-08 -0.683248103      0.162265703       2.81374510E-02
   3.00000000       800.000000      0.338866234       43.1343956       1.67748686E-02   3.88841780E-12   8.03286530E-05   3.46278562E-03  -6.60206254E-08 -0.673772871      0.162265614       2.77845971E-02
   4.00000000       800.000000      0.341564178       43.4764404       1.64129045E-02   3.77481293E-12   8.06786702E-05   3.42183537E-03  -5.47609318E-08 -0.664348125      0.162265614       2.74249986E-02
   5.00000000       800.000000      0.344298780       43.8198090       1.60566643E-02   3.66396800E-12   8.10732017E-05   3.38163716E-03  -4.39508305E-08 -0.654960632      0.162265599       2.70605776E-02
   6.00000000       800.000000      0.347046673       44.1641579       1.57062728E-02   3.55600033E-12   8.15192034E-05   3.34166875E-03  -3.36605233E-08 -0.645636857      0.162265569       2.66936459E-02
   7.00000000       800.000000      0.349838823       44.5138283       1.53617859E-02   3.45069849E-12   8.20022324E-05   3.30221187E-03  -2.39495304E-08 -0.636361480      0.162265569       2.63265949E-02
   8.00000000       800.000000      0.352615893       44.8651733       1.50226709E-02   3.34825613E-12   8.24851668E-05   3.26337595E-03  -1.48821142E-08 -0.627140760      0.162265569       2.59593688E-02
   9.00000000       800.000000      0.355454803       45.2186356       1.46898087E-02   3.24829378E-12   8.29364435E-05   3.22473724E-03  -6.39905995E-09 -0.617979169      0.162265569       2.55923364E-02
   10.0000000       800.000000      0.358279139       45.5763397       1.43620353E-02   3.15103998E-12   8.33353406E-05   3.18671740E-03   1.40585221E-09 -0.608877301      0.162265569       2.52243392E-02
   11.0000000       800.000000      0.361149102       45.9357567       1.40402885E-02   3.05622780E-12   8.36915278E-05   3.14903772E-03   8.58788152E-09 -0.599833488      0.162265569       2.48549655E-02
   12.0000000       800.000000      0.364027262       46.2968864       1.37237329E-02   2.96393639E-12   8.40160865E-05   3.11185862E-03   1.50818504E-08 -0.590851247      0.162265569       2.44824756E-02
   13.0000000       800.000000      0.366944253       46.6631355       1.34128239E-02   2.87410894E-12   8.43230810E-05   3.07520549E-03   2.09238369E-08 -0.581940711      0.162265584       2.41061151E-02
   2.00000000       800.000000      0.369876415       47.0312233       1.31074646E-02   2.78671704E-12   8.46420735E-05   3.03894165E-03   2.60860524E-08 -0.573087633      0.162265599       2.37288177E-02
   3.00000000       800.000000      0.372847915       47.4044495       1.28076235E-02   2.70164490E-12   8.49736170E-05   3.00309528E-03   3.05381604E-08 -0.564313948      0.162265614       2.33511962E-02
   4.00000000       800.000000      0.375840873       47.7758026       1.25131514E-02   2.61886563E-12   8.53106903E-05   2.96769757E-03   3.42645166E-08 -0.555606484      0.162265643       2.29741875E-02
   5.00000000       800.000000      0.378836393       48.1548996       1.22245392E-02   2.53831721E-12   8.56390106E-05   2.93254876E-03   3.72578057E-08 -0.546975315      0.162265658       2.25983225E-02
   6.00000000       800.000000      0.381849557       48.5329056       1.19405100E-02   2.45999141E-12   8.59475258E-05   2.89788493E-03   3.95167064E-08 -0.538414598      0.162265673       2.22230554E-02
   7.00000000       800.000000      0.384928495       48.9166336       1.16623538E-02   2.38381645E-12   8.62345769E-05   2.86379899E-03   4.10619840E-08 -0.529934227      0.162265703       2.18477715E-02
   8.00000000       800.000000      0.388007849       49.3037720       1.13892974E-02   2.30974289E-12   8.65001057E-05   2.82997824E-03   4.19499173E-08 -0.521526814      0.162265703       2.14737263E-02
   9.00000000       800.000000      0.391112477       49.6939621       1.11214425E-02   2.23774103E-12   8.67437848E-05   2.79659964E-03   4.22553335E-08 -0.513203025      0.162265673       2.11006589E-02
   10.0000000       800.000000      0.394236952       50.0870171       1.08587267E-02   2.16776705E-12   8.69663636E-05   2.76363501E-03   4.20671746E-08 -0.504958093      0.162265718       2.07285620E-02
   11.0000000       800.000000      0.397388846       50.4830971       1.06011201E-02   2.09974703E-12   8.71716911E-05   2.73087970E-03   4.14811865E-08 -0.496796787      0.162265703       2.03572940E-02
   12.0000000       800.000000      0.400564700       50.8813133       1.03486078E-02   2.03364821E-12   8.73696627E-05   2.69878237E-03   4.05879490E-08 -0.488711625      0.162265703       1.99867077E-02
   13.0000000       800.000000      0.403795749       51.2825050       1.01010818E-02   1.96945303E-12   8.75745027E-05   2.66692042E-03   3.94620514E-08 -0.480718315      0.162265703       1.96173023E-02
   2.00000000       800.000000      0.406995207       51.6878319       9.85859893E-03   1.90708668E-12   8.77985440E-05   2.63544871E-03   3.81561733E-08 -0.472808957      0.162265673       1.92494169E-02
   3.00000000       800.000000      0.410275906       52.0953789       9.62103158E-03   1.84653746E-12   8.80435909E-05   2.60436255E-03   3.66991308E-08 -0.464986324      0.162265733       1.88841838E-02
   4.00000000       800.000000      0.413564175       52.5095062       9.38830338E-03   1.78773305E-12   8.82935492E-05   2.57349201E-03   3.50976279E-08 -0.457250088      0.162265733       1.85228176E-02
   5.00000000       800.000000      0.416869521       52.9231834       9.16036312E-03   1.73064449E-12   8.85221743E-05   2.54307361E-03   3.33442500E-08 -0.449605137      0.162265733       1.81650743E-02
   6.00000000       800.000000      0.420203984       53.3436661       8.93712789E-03   1.67522528E-12   8.87054193E-05   2.51305173E-03   3.14300372E-08 -0.442046970      0.162265763       1.78110357E-02
   7.00000000       800.000000      0.423574746       53.7655487       8.71856138E-03   1.62142804E-12   8.88362338E-05   2.48339819E-03   2.93577198E-08 -0.434576362      0.162265822       1.74599458E-02
   8.00000000       800.000000      0.426962882       54.1887779       8.50456394E-03   1.56921687E-12   8.89289513E-05   2.45418330E-03   2.71522556E-08 -0.427194536      0.162265822       1.71106029E-02
   9.00000000       800.000000      0.430381179       54.6191368       8.29508249E-03   1.51856186E-12   8.90100782E-05   2.42519355E-03   2.48628975E-08 -0.419904977      0.162265837       1.67628620E-02
   10.0000000       800.000000      0.433835030       55.0515404       8.09016172E-03   1.46939882E-12   8.91034797E-05   2.39658169E-03   2.25531895E-08 -0.412707716      0.162265837       1.64185315E-02
   11.0000000       800.000000      0.437294513       55.4855461       7.88960606E-03   1.42174640E-12   8.92110838E-05   2.36834143E-03   2.02852739E-08 -0.405599773      0.162265807       1.60777923E-02
   12.0000000       800.000000      0.440796643       55.9234009       7.69352075E-03   1.37551808E-12   8.93199249E-05   2.34031747E-03   1.81152835E-08 -0.398594677      0.162265867       1.57417078E-02
   13.0000000       800.000000      0.444335788       56.3692284       7.50164408E-03   1.33069098E-12   8.94185214E-05   2.31266837E-03   1.60719242E-08 -0.391669512      0.162265897       1.54096670E-02
   2.00000000       800.000000      0.447884768       56.8128738       7.31405942E-03   1.28721578E-12   8.95009507E-05   2.28545396E-03   1.41588634E-08 -0.384839833      0.162265867       1.50816068E-02
   3.00000000       800.000000      0.451492101       57.2652702       7.13055208E-03   1.24507425E-12   8.95747726E-05   2.25840812E-03   1.23579493E-08 -0.378107041      0.162265897       1.47570316E-02
   4.00000000       800.000000      0.455087274       57.7184486       6.95123244E-03   1.20423170E-12   8.96550337E-05   2.23173155E-03   1.06370024E-08 -0.371463656      0.162265867       1.44362925E-02
   5.00000000       800.000000      0.458740443       58.1730003       6.77596545E-03   1.16463761E-12   8.97498394E-05   2.20539956E-03   8.96791708E-09 -0.364914834      0.162265897       1.41199101E-02
   6.00000000       800.000000      0.462410837       58.6358948       6.60454482E-03   1.12627442E-12   8.98540238E-05   2.17947923E-03   7.33605221E-09 -0.358457118      0.162265897       1.38081936E-02
   7.00000000       800.000000      0.466109008       59.0983734       6.43711491E-03   1.08909648E-12   8.99528895E-05   2.15373491E-03   5.74344527E-09 -0.352092534      0.162265897       1.35016553E-02
   8.00000000       800.000000      0.469850868       59.5668716       6.27358258E-03   1.05307787E-12   9.00336381E-05   2.12823856E-03   4.21113588E-09 -0.345818877      0.162265897       1.32002132E-02
   9.00000000       800.000000      0.473630607       60.0369263       6.11374294E-03   1.01818087E-12   9.00891609E-05   2.10318714E-03   2.77837908E-09 -0.339638114      0.162265897       1.29034352E-02
   10.0000000       800.000000      0.477417022       60.5153427       5.95754571E-03   9.84373065E-13   9.01227177E-05   2.07838742E-03   1.48475432E-09 -0.333547741      0.162265897       1.26110073E-02
   11.0000000       800.000000      0.481236160       60.9947357       5.80500159E-03   9.51640025E-13   9.01461608E-05   2.05374742E-03   3.61674107E-10 -0.327547967      0.162265897       1.23230107E-02
   12.0000000       800.000000      0.485106736       61.4788399       5.65603748E-03   9.19927437E-13   9.01662497E-05   2.02953699E-03  -5.83044613E-10 -0.321638644      0.162265897       1.20400190E-02
   13.0000000       800.000000      0.489003509       61.9645309       5.51057793E-03   8.89224566E-13   9.01819876E-05   2.00557895E-03  -1.35802292E-09 -0.315820932      0.162265897       1.17620071E-02
   2.00000000       800.000000      0.492917389       62.4534645       5.36849536E-03   8.59490051E-13   9.01844469E-05   1.98188564E-03  -1.98932959E-09 -0.310090423      0.162265897       1.14893001E-02
   3.00000000       800.000000      0.496857613       62.9518318       5.22978557E-03   8.30699496E-13   9.01668100E-05   1.95849966E-03  -2.52126608E-09 -0.304449499      0.162265897       1.12214061E-02
   4.00000000       800.000000      0.500846684       63.4490204       5.09437127E-03   8.02825742E-13   9.01413587E-05   1.93544885E-03  -2.98125702E-09 -0.298895776      0.162265897       1.09580178E-02
   5.00000000       800.000000      0.504872501       63.9528084       4.96222218E-03   7.75851388E-13   9.01256208E-05   1.91258395E-03  -3.38602857E-09 -0.293428391      0.162265897       1.06994919E-02
   6.00000000       800.000000      0.508909047       64.4573593       4.83317580E-03   7.49737403E-13   9.01257226E-05   1.89001637E-03  -3.75146625E-09 -0.288048357      0.162265897       1.04459729E-02
   7.00000000       800.000000      0.512971818       64.9687729       4.70725633E-03   7.24456411E-13   9.01490712E-05   1.86764356E-03  -4.07579392E-09 -0.282754004      0.162265897       1.01972660E-02
   8.00000000       800.000000      0.517089903       65.4843674       4.58438322E-03   7.00000821E-13   9.01952881E-05   1.84553198E-03  -4.34871028E-09 -0.277543485      0.162265897       9.95420292E-03
   9.00000000       800.000000      0.521240056       66.0012741       4.46445961E-03   6.76323147E-13   9.02472821E-05   1.82385917E-03  -4.56163018E-09 -0.272417068      0.162265897       9.71670449E-03
   10.0000000       800.000000      0.525399923       66.5273361       4.34744125E-03   6.53416936E-13   9.02930988E-05   1.80227857E-03  -4.70400119E-09 -0.267374277      0.162265882       9.48430970E-03
   11.0000000       800.000000      0.529633105       67.0519409       4.23326250E-03   6.31244894E-13   9.03313194E-05   1.78098457E-03  -4.77376449E-09 -0.262410372      0.162265912       9.25709680E-03
   12.0000000       800.000000      0.533852458       67.5886993       4.12181159E-03   6.09795092E-13   9.03576802E-05   1.75996975E-03  -4.77699702E-09 -0.257528216      0.162265897       9.03523341E-03
   13.0000000       800.000000      0.538169861       68.1238251       4.01306618E-03   5.89035277E-13   9.03732653E-05   1.73907005E-03  -4.72674344E-09 -0.252726644      0.162265897       8.81807972E-03
   2.00000000       800.000000      0.542478204       68.6609192       3.90698062E-03   5.68948751E-13   9.03858745E-05   1.71853276E-03  -4.63712801E-09 -0.248000100      0.162265897       8.60572420E-03
   3.00000000       800.000000      0.546837091       69.2043610       3.80343688E-03   5.49515349E-13   9.04061017E-05   1.69830746E-03  -4.52276661E-09 -0.243351832      0.162265897       8.39843228E-03
   4.00000000       800.000000      0.551184714       69.7545853       3.70244845E-03   5.30713765E-13   9.04442786E-05   1.67817040E-03  -4.39605952E-09 -0.238779053      0.162265897       8.19532853E-03
   5.00000000       800.000000      0.555633724       70.3113556       3.60390451E-03   5.12521178E-13   9.05066627E-05   1.65840064E-03  -4.26505142E-09 -0.234280229      0.162265882       7.99761526E-03
   6.00000000       800.000000      0.560065687       70.8701859       3.50778527E-03   4.94927558E-13   9.05976922E-05   1.63874088E-03  -4.13104218E-09 -0.229855672      0.162265897       7.80459540E-03
   7.00000000       800.000000      0.564574599       71.4266510       3.41397710E-03   4.77897995E-13   9.07144058E-05   1.61934202E-03  -3.99264888E-09 -0.225505292      0.162265882       7.61673087E-03
   8.00000000       800.000000      0.569091976       71.9988251       3.32246814E-03   4.61430536E-13   9.08474249E-05   1.60022813E-03  -3.84760002E-09 -0.221222475      0.162265897       7.43388804E-03
   9.00000000       800.000000      0.573642910       72.5662689       3.23320646E-03   4.45495664E-13   9.09940136E-05   1.58123218E-03  -3.69479314E-09 -0.217009738      0.162265882       7.25589506E-03
   10.0000000       800.000000      0.578249216       73.1417236       3.14608822E-03   4.30078526E-13   9.11496973E-05   1.56258524E-03  -3.53680685E-09 -0.212866217      0.162265867       7.08268676E-03
   11.0000000       800.000000      0.582887828       73.7225037       3.06109781E-03   4.15165081E-13   9.13231488E-05   1.54401164E-03  -3.37851058E-09 -0.208784387      0.162265882       6.91395486E-03
   12.0000000       800.000000      0.587557673       74.3115692       2.97816913E-03   4.00736952E-13   9.15262426E-05   1.52582931E-03  -3.22479710E-09 -0.204769328      0.162265882       6.74959505E-03
   13.0000000       800.000000      0.592285097       74.9019089       2.89723114E-03   3.86776955E-13   9.17714060E-05   1.50772987E-03  -3.07831427E-09 -0.200819358      0.162265867       6.58970838E-03
   2.00000000       800.000000      0.597044110       75.4963303       2.81824940E-03   3.73265817E-13   9.20654129E-05   1.48984196E-03  -2.93811331E-09 -0.196935683      0.162265852       6.43435307E-03
   3.00000000       800.000000      0.601813197       76.0937424       2.74120737E-03   3.60204894E-13   9.24050037E-05   1.47219701E-03  -2.79989743E-09 -0.193107173      0.162265852       6.28360221E-03
   4.00000000       800.000000      0.606662095       76.6995621       2.66601215E-03   3.47566024E-13   9.27838555E-05   1.45477825E-03  -2.65822542E-09 -0.189338222      0.162265867       6.13754150E-03
   5.00000000       800.000000      0.611538589       77.3089294       2.59261345E-03   3.35326954E-13   9.31903196E-05   1.43745600E-03  -2.50916954E-09 -0.185629144      0.162265882       5.99600049E-03
   6.00000000       800.000000      0.616429627       77.9216690       2.52096588E-03   3.23495272E-13   9.36202778E-05   1.42045307E-03  -2.35107667E-09 -0.181978717      0.162265897       5.85915614E-03
   7.00000000       800.000000      0.621346176       78.5425873       2.45103682E-03   3.12041137E-13   9.40692407E-05   1.40355725E-03  -2.18562857E-09 -0.178378969      0.162265882       5.72656840E-03
   8.00000000       800.000000      0.626343310       79.1605453       2.38274806E-03   3.00957095E-13   9.45441789E-05   1.38687261E-03  -2.01788675E-09 -0.174831301      0.162265897       5.59851062E-03
   9.00000000       800.000000      0.631355822       79.7936478       2.31609889E-03   2.90233793E-13   9.50547546E-05   1.37042836E-03  -1.85398707E-09 -0.171336383      0.162265897       5.47439512E-03
   10.0000000       800.000000      0.636449695       80.4251099       2.25099223E-03   2.79854400E-13   9.56184740E-05   1.35416270E-03  -1.69962444E-09 -0.167891681      0.162265897       5.35500189E-03
   11.0000000       800.000000      0.641569495       81.0633545       2.18744972E-03   2.69809348E-13   9.62407285E-05   1.33800867E-03  -1.55885982E-09 -0.164493039      0.162265897       5.23938891E-03
   12.0000000       800.000000      0.646703839       81.7070923       2.12539383E-03   2.60088419E-13   9.69404282E-05   1.32207968E-03  -1.43337286E-09 -0.161142409      0.162265897       5.12893079E-03
   13.0000000       800.000000      0.651862979       82.3593216       2.06478569E-03   2.50678710E-13   9.77125237E-05   1.30634464E-03  -1.32360312E-09 -0.157831550      0.162265897       5.02203824E-03
   2.00000000       800.000000      0.657104909       83.0148392       2.00560642E-03   2.41573119E-13   9.85737643E-05   1.29080203E-03  -1.22786048E-09 -0.154567406      0.162265897       4.92113922E-03
   3.00000000       800.000000      0.662361264       83.6720734       1.94778503E-03   2.32762133E-13   9.95047667E-05   1.27548107E-03  -1.14311816E-09 -0.151337907      0.162265897       4.82310262E-03
   4.00000000       800.000000      0.667716920       84.3404617       1.89130357E-03   2.24228418E-13   1.00530269E-04   1.26027688E-03  -1.06582476E-09 -0.148152858      0.162265897       4.73256735E-03
   5.00000000       800.000000      0.673070669       85.0116577       1.83617079E-03   2.15974645E-13   1.01619560E-04   1.24524836E-03  -9.92323779E-10 -0.144993886      0.162265897       4.64370009E-03
   6.00000000       800.000000      0.678464949       85.6865540       1.78230973E-03   2.07986474E-13   1.02796854E-04   1.23041775E-03  -9.18933374E-10 -0.141876742      0.162265897       4.56506619E-03
   7.00000000       800.000000      0.683868349       86.3630829       1.72971073E-03   2.00255963E-13   1.04012150E-04   1.21569738E-03  -8.43931147E-10 -0.138774112      0.162265897       4.48578922E-03
   8.00000000       800.000000      0.689361989       87.0500107       1.67833501E-03   1.92776771E-13   1.05326035E-04   1.20116933E-03  -7.66497366E-10 -0.135718137      0.162265897       4.42174543E-03
   9.00000000       800.000000      0.694936693       87.7468338       1.62819691E-03   1.85543800E-13   1.06650412E-04   1.18685409E-03  -6.86910417E-10 -0.132653490      0.162265897       4.35200101E-03
   10.0000000       800.000000      0.700467765       88.4404068       1.57932250E-03   1.78548880E-13   1.08136453E-04   1.17276504E-03  -6.07566775E-10 -0.129645512      0.162265897       4.30704327E-03
   11.0000000       800.000000      0.706084132       89.1438522       1.53156091E-03   1.71785587E-13   1.09616092E-04   1.15871872E-03  -5.32956401E-10 -0.126597032      0.162265897       4.24649986E-03
   12.0000000       800.000000      0.711785257       89.8559036       1.48505543E-03   1.65254719E-13   1.11391128E-04   1.14493875E-03  -4.67219874E-10 -0.123621218      0.162265897       4.22920892E-03
   13.0000000       800.000000      0.717506111       90.5660553       1.43974845E-03   1.58949514E-13   1.13106755E-04   1.13129977E-03  -4.12342799E-10 -0.120552823      0.162265897       4.17663064E-03
   2.00000000       800.000000      0.723254204       91.2924652       1.39565638E-03   1.52868495E-13   1.15318515E-04   1.11793110E-03  -3.71604691E-10 -0.117604837      0.162265897       4.20406740E-03
   3.00000000       800.000000      0.729030788       92.0148239       1.35283545E-03   1.47011540E-13   1.17232499E-04   1.10460713E-03  -3.38599732E-10 -0.114441454      0.162265897       4.15485678E-03
   4.00000000       800.000000      0.734885931       92.7492523       1.31129101E-03   1.41376806E-13   1.19966964E-04   1.09166047E-03  -3.13755105E-10 -0.111526683      0.162265897       4.25898982E-03
   5.00000000       800.000000      0.740812361       93.4854507       1.27115112E-03   1.35952881E-13   1.21859077E-04   1.07868039E-03  -2.89699986E-10 -0.108157493      0.162265897       4.19917749E-03
   6.00000000       800.000000      0.746736884       94.2303009       1.23235350E-03   1.30773444E-13   1.25174614E-04   1.06621254E-03  -2.64570726E-10 -0.105275922      0.162265897       4.44053905E-03
   7.00000000       800.000000      0.752711892       94.9802017       1.19497837E-03   1.25806917E-13   1.26630082E-04   1.05374993E-03  -2.38524173E-10 -0.101501472      0.162265897       4.33019642E-03
   8.00000000       800.000000      0.758787692       95.7357407       1.15940196E-03   1.21093646E-13   1.30713961E-04   1.04187999E-03  -2.05556960E-10  -9.87276509E-02  0.162265897       4.83192923E-03
   9.00000000       800.000000      0.764886141       96.4991150       1.12550345E-03   1.16626313E-13   1.31539040E-04   1.02974544E-03  -1.75927925E-10  -9.41386893E-02  0.162265897       4.56135767E-03
   10.0000000       800.000000      0.770997465       97.2638321       1.09353394E-03   1.12409498E-13   1.36354050E-04   1.01876725E-03  -1.44367268E-10  -9.17238295E-02  0.162265897       5.73033514E-03
   11.0000000       800.000000      0.777200460       98.0346756       1.06424710E-03   1.08542251E-13   1.59978910E-04   1.00708031E-03  -1.36396033E-10  -8.52676779E-02  0.162265897       4.83205449E-03
   12.0000000       800.000000      0.783445537       98.8157425       1.02573493E-03   1.03787977E-13   5.97672770E-05   9.97542986E-04  -3.39996629E-20  -8.41843188E-02  0.162265897      -4.97046160E-03
   13.0000000       800.000000      0.789714217       99.6048737       1.00181869E-03   1.00566528E-13   5.95398888E-05   9.85780265E-04   5.06604504E-22  -9.30891633E-02  0.162265897      -1.12732239E-02
