   0.00000000       190.000000       3.40428352E-02   1.01702809       6.01574429E-04   5.91373174E-12  -8.26423541E-02   1.70963037      -2.27674376E-14  -1.39513903E-03  -7.75083428E-16  -1.16918171E-02
   1.00000000       197.000000       3.40447091E-02   1.05104125       5.91751363E-04   5.62875267E-12  -7.55427778E-02   1.59125638       2.04327873E-15  -1.79316930E-03  -7.05518200E-16   2.74427026E-03
   2.00000000       200.000000       3.40499915E-02   1.08514261       5.82392560E-04   5.36590997E-12  -4.65177931E-02   1.28328204      -4.41429624E-03  -1.20826473E-03  -1.50307285E-04   9.11397208E-03
   3.00000000       200.000000       3.40571664E-02   1.11914527       6.67814165E-04   5.96576781E-12  0.104684092       1.17648232       5.12824766E-02  -1.17244804E-03   1.59620051E-03  -3.78464838E-03
   4.00000000       200.000000       3.40652503E-02   1.15326166       7.68748578E-04   6.66465711E-12  0.149123907       1.08362484      0.112930000      -1.46608287E-03   5.44319768E-03  -7.47999689E-03
   5.00000000       200.000000       3.40752266E-02   1.18727005       8.67424358E-04   7.30437585E-12  0.170950383      0.997599602      0.172680110      -1.68214540E-03   1.13275079E-02  -6.88546011E-03
   6.00000000       200.000000       3.40886116E-02   1.22141874       9.75312141E-04   7.98375862E-12  0.182480931      0.923080325      0.230065346      -1.93543558E-03   1.91702787E-02  -7.44544109E-03
   7.00000000       200.000000       3.41038704E-02   1.25543642       1.09302916E-03   8.70440092E-12  0.188641772      0.859490812      0.284473538      -2.18987931E-03   2.88721267E-02  -7.66966306E-03
   8.00000000       200.000000       3.41209993E-02   1.28956389       1.22552784E-03   9.50144477E-12  0.191284239      0.804704845      0.335754037      -2.45871535E-03   4.03287187E-02  -8.35299585E-03
   9.00000000       200.000000       3.41415480E-02   1.32373023       1.37665600E-03   1.03979594E-11  0.191863418      0.756971538      0.384200394      -2.76008830E-03   5.34459949E-02  -9.45413392E-03
   10.0000000       200.000000       3.41642797E-02   1.35789859       1.55041832E-03   1.14159246E-11  0.191127017      0.715057552      0.430214345      -3.10447440E-03   6.81435987E-02  -1.08218268E-02
   11.0000000       200.000000       3.41873281E-02   1.39207828       1.75126595E-03   1.25782535E-11  0.189528182      0.677732706      0.474405766      -3.49977100E-03   8.43624175E-02  -1.26430215E-02
   2.00000000       200.000000       3.42125520E-02   1.42626679       1.98392384E-03   1.39076554E-11  0.187242210      0.644275427      0.517086089      -3.96927679E-03  0.102053806      -1.49786286E-02
   3.00000000       200.000000       3.42412032E-02   1.46045995       2.25366210E-03   1.54283756E-11  0.184506044      0.613913834      0.558080614      -4.52515297E-03  0.121163636      -1.77257825E-02
   4.00000000       200.000000       3.42717990E-02   1.49468386       2.56627961E-03   1.71659249E-11  0.181537658      0.586506426      0.597060859      -5.18375356E-03  0.141626492      -2.09222827E-02
   5.00000000       200.000000       3.43041234E-02   1.52902329       2.92875757E-03   1.91512327E-11  0.178372890      0.561446309      0.633329213      -5.95995458E-03  0.163353279      -2.46788785E-02
   6.00000000       200.000000       3.43400165E-02   1.56331646       3.34991771E-03   2.14243675E-11  0.175095171      0.538515270      0.665750265      -6.87785586E-03  0.186215252      -2.90395375E-02
   7.00000000       200.000000       3.43780145E-02   1.59766877       3.83810420E-03   2.40187453E-11  0.171918452      0.516924381      0.692911267      -7.95549620E-03  0.210036337      -3.47810909E-02
   8.00000000       400.000000       3.44163403E-02   1.63212323       4.40618396E-03   2.69926685E-11  0.168752223      0.496293873      0.714483559      -9.27060004E-03  0.234626368      -4.06296253E-02
   9.00000000       400.000000       3.44596468E-02   1.66651404       5.06025972E-03   3.03591007E-11  0.164107874      0.476746023      0.728369296      -1.07538728E-02  0.259724826      -4.67044003E-02
   10.0000000       400.000000       3.45019177E-02   1.70102203       5.80984866E-03   3.41497490E-11  0.159428477      0.458582044      0.735288143      -1.24913631E-02  0.285094202      -5.42064048E-02
   11.0000000       400.000000       3.45477760E-02   1.73553383       6.65924326E-03   3.83639370E-11  0.154970676      0.441840529      0.736240089      -1.44968480E-02  0.310529917      -6.22752160E-02
   12.0000000       400.000000       3.45973931E-02   1.77006423       7.61611480E-03   4.30195116E-11  0.150645390      0.426288217      0.730542183      -1.67973861E-02  0.335804045      -7.11973906E-02
   13.0000000       400.000000       3.46456654E-02   1.80469894       8.69043078E-03   4.81462370E-11  0.146423742      0.411674082      0.716100276      -1.94268078E-02  0.360614777      -8.09160545E-02
   2.00000000       400.000000       3.46989296E-02   1.83938944       9.89283714E-03   5.37746271E-11  0.142327577      0.398125410      0.690769017      -2.24086270E-02  0.384583741      -9.14767832E-02
   3.00000000       400.000000       3.47537622E-02   1.87406790       1.12297824E-02   5.99107916E-11  0.138319418      0.385368407      0.653788447      -2.57802475E-02  0.407305717     -0.102679446    
   4.00000000       400.000000       3.48123796E-02   1.90886545       1.27015663E-02   6.65281719E-11  0.134562731      0.373418063      0.606301069      -2.95515638E-02  0.428411871     -0.114355877    
   5.00000000       400.000000       3.48717459E-02   1.94381344       1.43116619E-02   7.36180700E-11  0.131046429      0.362209976      0.549548924      -3.37487757E-02  0.447575361     -0.126676470    
   6.00000000       400.000000       3.49331126E-02   1.97864985       1.60653591E-02   8.11813949E-11  0.127695262      0.351681203      0.485199749      -3.83940749E-02  0.464525223     -0.139423072    
   7.00000000       400.000000       3.49960364E-02   2.01366401       1.79614089E-02   8.91867968E-11  0.124501161      0.341832638      0.416050673      -4.34984639E-02  0.479085326     -0.152191520    
   8.00000000       400.000000       3.50628383E-02   2.04869795       1.99938193E-02   9.75809433E-11  0.121474661      0.332617402      0.345405847      -4.90562655E-02  0.491195560     -0.164841652    
   9.00000000       400.000000       3.51311862E-02   2.08382654       2.21522655E-02   1.06294681E-10  0.118522622      0.323991597      0.275852025      -5.50690666E-02  0.500885785     -0.177298427    
   10.0000000       400.000000       3.52015831E-02   2.11898565       2.44272351E-02   1.15265776E-10  0.115657806      0.315859288      0.208802819      -6.15258850E-02  0.508236229     -0.189391315    
   11.0000000       400.000000       3.52728553E-02   2.15418029       2.68123932E-02   1.24451213E-10  0.112966940      0.308179945      0.144975394      -6.84163645E-02  0.513349354     -0.201273546    
   12.0000000       400.000000       3.53475511E-02   2.18945503       2.93044224E-02   1.33824535E-10  0.110463604      0.300937623       8.53067935E-02  -7.57403076E-02  0.516365409     -0.213168859    
   13.0000000       400.000000       3.54251340E-02   2.22494793       3.18999104E-02   1.43360407E-10  0.108141743      0.293972284       3.12018488E-02  -8.35032165E-02  0.517471254     -0.225118026    
   2.00000000       400.000000       3.55066359E-02   2.26028228       3.45984064E-02   1.53047991E-10  0.106003456      0.287317753      -1.61094647E-02  -9.17081386E-02  0.516899049     -0.237054825    
   3.00000000       400.000000       3.55888382E-02   2.29589605       3.73995788E-02   1.62877767E-10  0.104004636      0.280927002      -5.56842685E-02 -0.100356244      0.514916897     -0.249129251    
   4.00000000       400.000000       3.56727764E-02   2.33153582       4.03018035E-02   1.72835440E-10  0.102196939      0.274775118      -8.66808295E-02 -0.109460816      0.511824608     -0.261320978    
   5.00000000       400.000000       3.57585363E-02   2.36718988       4.33012843E-02   1.82897322E-10  0.100490563      0.268792182     -0.108600304     -0.119022317      0.507942736     -0.273419291    
   6.00000000       400.000000       3.58451568E-02   2.40296197       4.63938378E-02   1.93040112E-10   9.88973975E-02  0.263011307     -0.121245004     -0.129038706      0.503595591     -0.285474598    
   7.00000000       400.000000       3.59365791E-02   2.43895650       4.95753847E-02   2.03242589E-10   9.73705649E-02  0.257434517     -0.125056356     -0.139514789      0.499102324     -0.297383189    
   8.00000000       400.000000       3.60317938E-02   2.47496963       5.28399386E-02   2.13476917E-10   9.59192216E-02  0.252039731     -0.121011563     -0.150441095      0.494741529     -0.309159875    
   9.00000000       400.000000       3.61256152E-02   2.51087451       5.61848655E-02   2.23728966E-10   9.44915563E-02  0.246820256     -0.110668264     -0.161823109      0.490743846     -0.320805579    
   10.0000000       400.000000       3.62243615E-02   2.54723430       5.96091412E-02   2.33993491E-10   9.30857211E-02  0.241796494      -9.55727026E-02 -0.173651531      0.487281203     -0.332366526    
   11.0000000       400.000000       3.63236889E-02   2.58347154       6.31096512E-02   2.44256199E-10   9.16834921E-02  0.236914799      -7.65853450E-02 -0.185935870      0.484499395     -0.343994617    
   12.0000000       400.000000       3.64281610E-02   2.61973166       6.66841045E-02   2.54507609E-10   9.02874991E-02  0.232178554      -5.43196052E-02 -0.198677465      0.482520521     -0.355471522    
   13.0000000       400.000000       3.65312435E-02   2.65625191       7.03288540E-02   2.64732264E-10   8.88881609E-02  0.227574214      -2.90387291E-02 -0.211870551      0.481459588     -0.366827846    
   2.00000000       400.000000       3.66381556E-02   2.69287086       7.40439370E-02   2.74929468E-10   8.74645412E-02  0.223082170      -1.42729573E-03 -0.225519046      0.481407642     -0.377926201    
   3.00000000       400.000000       3.67491208E-02   2.72951531       7.78257176E-02   2.85087343E-10   8.60653967E-02  0.218727335       2.71153226E-02 -0.239605665      0.482404023     -0.388718754    
   4.00000000       400.000000       3.68596762E-02   2.76648116       8.16711411E-02   2.95193620E-10   8.46505612E-02  0.214499325       5.46258613E-02 -0.254131973      0.484417230     -0.399413913    
   5.00000000       400.000000       3.69738303E-02   2.80324292       8.55790004E-02   3.05244635E-10   8.32581148E-02  0.210404262       7.87449777E-02 -0.269096464      0.487328410     -0.409722507    
   6.00000000       400.000000       3.70923392E-02   2.84031177       8.95459205E-02   3.15229509E-10   8.18470940E-02  0.206428871       9.67955142E-02 -0.284479141      0.490919650     -0.419668227    
   7.00000000       400.000000       3.72101963E-02   2.87746811       9.35693160E-02   3.25139915E-10   8.05251375E-02  0.202578038      0.106432565     -0.300278962      0.494879365     -0.429462522    
   8.00000000       400.000000       3.73310633E-02   2.91468883       9.76459980E-02   3.34967609E-10   7.92189091E-02  0.198822364      0.106113054     -0.316491932      0.498841316     -0.438694954    
   9.00000000       400.000000       3.74547355E-02   2.95214677      0.101770744       3.44694856E-10   7.80395716E-02  0.195172325       9.56035182E-02 -0.333087713      0.502422571     -0.447176635    
   10.0000000       400.000000       3.75822932E-02   2.98967767      0.105939038       3.54310525E-10   7.69206211E-02  0.191594809       7.60704875E-02 -0.350046754      0.505280793     -0.455070734    
   11.0000000       400.000000       3.77115831E-02   3.02733731      0.110147521       3.63804625E-10   7.58154169E-02  0.188087687       4.98054698E-02 -0.367351234      0.507159829     -0.462331414    
   12.0000000       400.000000       3.78417671E-02   3.06507659      0.114392951       3.73170855E-10   7.47262537E-02  0.184645057       1.94966160E-02 -0.384976894      0.507897317     -0.468560547    
   13.0000000       400.000000       3.79736088E-02   3.10296249      0.118668102       3.82387733E-10   7.36470148E-02  0.181265205      -1.26731964E-02 -0.402875245      0.507416010     -0.473684013    
   2.00000000       400.000000       3.81093584E-02   3.14102793      0.122969493       3.91448124E-10   7.25273341E-02  0.177949816      -4.56979014E-02 -0.421017200      0.505674541     -0.478032440    
   3.00000000       400.000000       3.82481478E-02   3.17926812      0.127292931       4.00345590E-10   7.13320524E-02  0.174696863      -7.94542879E-02 -0.439377517      0.502635241     -0.481604159    
   4.00000000       400.000000       3.83906849E-02   3.21746230      0.131635860       4.09073997E-10   7.00495988E-02  0.171512797     -0.114048973     -0.457926482      0.498256594     -0.484661043    
   5.00000000       400.000000       3.85340862E-02   3.25593615      0.135998949       4.17640311E-10   6.86712191E-02  0.168399066     -0.149131998     -0.476659596      0.492510289     -0.487438560    
   6.00000000       400.000000       3.86794209E-02   3.29459786      0.140382826       4.26049918E-10   6.71567470E-02  0.165356532     -0.183290452     -0.495563120      0.485420853     -0.490282029    
   7.00000000       400.000000       3.88261117E-02   3.33332801      0.144794375       4.34330988E-10   6.55064881E-02  0.162385836     -0.214130312     -0.514658689      0.477106541     -0.493630707    
   8.00000000       400.000000       3.89781781E-02   3.37215042      0.149238601       4.42497400E-10   6.37435168E-02  0.159488305     -0.239024416     -0.533970356      0.467789471     -0.497653604    
   9.00000000       400.000000       3.91310640E-02   3.41121101      0.153722599       4.50575993E-10   6.18597977E-02  0.156664088     -0.255918860     -0.553529203      0.457775712     -0.502875745    
   10.0000000       400.000000       3.92854065E-02   3.45050335      0.158259198       4.58601823E-10   5.98198138E-02  0.153913930     -0.264014781     -0.573402643      0.447403729     -0.509578764    
   11.0000000       400.000000       3.94439995E-02   3.48992372      0.162861779       4.66615857E-10   5.75755611E-02  0.151235804     -0.264023364     -0.593649030      0.436989546     -0.517439723    
   12.0000000       400.000000       3.96043137E-02   3.52931929      0.167542338       4.74649930E-10   5.51303998E-02  0.148629516     -0.258067846     -0.614306986      0.426767945     -0.526657939    
   13.0000000       400.000000       3.97699885E-02   3.56905532      0.172316939       4.82748785E-10   5.26757240E-02  0.146096766     -0.249024883     -0.635451853      0.416865468     -0.537647009    
   2.00000000       400.000000       3.99327539E-02   3.60901117      0.177206278       4.90964769E-10   5.01629524E-02  0.143630683     -0.239207014     -0.657159328      0.407313675     -0.550343394    
   3.00000000       400.000000       4.01016437E-02   3.64905024      0.182229087       4.99344122E-10   4.75244559E-02  0.141228124     -0.229245424     -0.679497480      0.398120105     -0.564657032    
   4.00000000       400.000000       4.02740240E-02   3.68916464      0.187410995       5.07949571E-10   4.45697159E-02  0.138886407     -0.218433872     -0.702543437      0.389322728     -0.581323206    
   5.00000000       400.000000       4.04453352E-02   3.72949243      0.192783535       5.16856336E-10   4.12348844E-02  0.136605546     -0.205561295     -0.726422787      0.381009161     -0.601574481    
   6.00000000       400.000000       4.06209007E-02   3.77015471      0.198388889       5.26166277E-10   3.76280099E-02  0.134386092     -0.189704224     -0.751311839      0.373301834     -0.624414444    
   7.00000000       400.000000       4.08019014E-02   3.81062984      0.204299554       5.36053812E-10   3.32999006E-02  0.132238358     -0.171953067     -0.777265310      0.366286308     -0.652463436    
   8.00000000       400.000000       4.09835242E-02   3.85157919      0.210607082       5.46738155E-10   2.85795890E-02  0.130169094     -0.156327948     -0.804673612      0.359880120     -0.692992687    
   9.00000000       400.000000       4.11677249E-02   3.89264297      0.217470333       5.58596724E-10   2.39054151E-02  0.128147557     -0.145842209     -0.834193945      0.353875488     -0.762092590    
   10.0000000       800.000000       4.13518026E-02   3.93391180      0.224978641       5.71821923E-10   2.06331126E-02  0.126149148     -0.141239345     -0.867560446      0.348034918     -0.840078115    
   11.0000000       800.000000       4.15420607E-02   3.97551847      0.232987210       5.86002191E-10   1.76198930E-02  0.124169558     -0.143037483     -0.903832853      0.342092782     -0.913492918    
   12.0000000       800.000000       4.17331755E-02   4.01692963      0.241382569       6.00825556E-10   1.48609299E-02  0.122209862     -0.154822841     -0.943633139      0.335631877     -0.946520746    
   13.0000000       800.000000       4.19295840E-02   4.05884504      0.249787316       6.15337392E-10   1.26555497E-02  0.120266907     -0.170007497     -0.983022153      0.328503191     -0.900466740    
   2.00000000       800.000000       4.21275869E-02   4.10084629      0.257887661       6.28782582E-10   1.08166095E-02  0.118360646     -0.166971564      -1.01932061      0.321469814     -0.824249864    
   3.00000000       800.000000       4.23264094E-02   4.14324856      0.265453666       6.40632325E-10   9.11946967E-03  0.116501026     -0.133847609      -1.05263066      0.315804571     -0.753653049    
   4.00000000       800.000000       4.25276794E-02   4.18554831      0.272540808       6.51070808E-10   7.57496059E-03  0.114686444      -7.97437802E-02  -1.08327007      0.312413126     -0.695914388    
   5.00000000       800.000000       4.27326299E-02   4.22826385      0.279309601       6.60512867E-10   6.27980242E-03  0.112909630      -2.96142101E-02  -1.11196578      0.311147153     -0.650175154    
   6.00000000       800.000000       4.29400988E-02   4.27117634      0.285769492       6.69012234E-10   5.20598888E-03  0.111171797      -2.80795898E-03  -1.13897538      0.311026841     -0.608603537    
   7.00000000       800.000000       4.31519486E-02   4.31416321      0.291992396       6.76759093E-10   4.29449882E-03  0.109475404       2.23818282E-03  -1.16436279      0.311123550     -0.567279577    
   8.00000000       800.000000       4.33655083E-02   4.35740662      0.297861695       6.83509194E-10   3.46457330E-03  0.107821368      -4.29808861E-03  -1.18805659      0.310937345     -0.538879156    
   9.00000000       800.000000       4.35808785E-02   4.40067959      0.303487182       6.89537594E-10   2.70164292E-03  0.106209077      -9.54700820E-03  -1.21121705      0.310521305     -0.534795761    
   10.0000000       800.000000       4.38009016E-02   4.44439697      0.308967054       6.95088986E-10   1.96985272E-03  0.104635969      -5.63681591E-03  -1.23478806      0.310274035     -0.553765893    
   11.0000000       800.000000       4.40220647E-02   4.48833799      0.314648569       7.00944691E-10   1.31667429E-03  0.103096567       1.04373433E-02  -1.25985110      0.310733944     -0.565791726    
   12.0000000       800.000000       4.42490242E-02   4.53246212      0.320512921       7.07054915E-10   6.62475708E-04  0.101588421       3.61604430E-02  -1.28473222      0.312333941     -0.529256284    
   13.0000000       800.000000       4.44775447E-02   4.57707596      0.325961888       7.12106707E-10   9.15893252E-05  0.100114688       5.82820848E-02  -1.30680835      0.314925909     -0.529144049    
   2.00000000       800.000000       4.47068773E-02   4.62136841      0.331405878       7.17013893E-10  -3.65327287E-04   9.86803398E-02   7.41792992E-02  -1.33192277      0.318242401     -0.540079415    
   3.00000000       800.000000       4.49385233E-02   4.66624355      0.334531814       7.16824766E-10  -5.25423675E-04   9.72757638E-02   8.09769705E-02  -1.35522342      0.321881175     -0.418892741    
   4.00000000       800.000000       4.51754220E-02   4.71121693      0.335417062       7.11849524E-10  -4.45971615E-04   9.58993733E-02   7.51181096E-02  -1.36967087      0.325274855     -0.246816888    
   5.00000000       800.000000       4.54156250E-02   4.75678205      0.335258842       7.04738046E-10  -3.54571035E-04   9.45528075E-02   6.52844831E-02  -1.37758338      0.328239411     -0.137289643    
   6.00000000       800.000000       4.56556603E-02   4.80203438      0.334434360       6.96339097E-10  -2.82817840E-04   9.32345167E-02   6.06637001E-02  -1.38217413      0.331008792      -6.33712038E-02
   7.00000000       800.000000       4.59001064E-02   4.84787893      0.333086520       6.86983637E-10  -2.25451207E-04   9.19443667E-02   6.01668581E-02  -1.38338661      0.333771229      -5.81668399E-04
   8.00000000       800.000000       4.61495221E-02   4.89382601      0.331182927       6.76633360E-10  -1.98395835E-04   9.06823054E-02   5.90252541E-02  -1.38222671      0.336495310       3.32073644E-02
   9.00000000       800.000000       4.64015417E-02   4.94037914      0.328746915       6.65363986E-10  -2.17001594E-04   8.94468874E-02   5.55521138E-02  -1.38031220      0.339072734       3.15468051E-02
   10.0000000       800.000000       4.66544069E-02   4.98703766      0.325924039       6.53497534E-10  -2.76898092E-04   8.82363245E-02   5.15077785E-02  -1.37928975      0.341475517       1.23597158E-03
   11.0000000       800.000000       4.69110720E-02   5.03345490      0.322888434       6.41393272E-10  -3.68570094E-04   8.70486721E-02   4.83027101E-02  -1.38019562      0.343741208      -4.69421521E-02
   12.0000000       800.000000       4.71705161E-02   5.08080530      0.319887191       6.29548580E-10  -4.74820496E-04   8.58815834E-02   4.51821946E-02  -1.38370717      0.345872730     -0.101358794    
   13.0000000       800.000000       4.74330559E-02   5.12793064      0.317099214       6.18305629E-10  -5.74215897E-04   8.47335979E-02   4.13430370E-02  -1.38978612      0.347834080     -0.145815104    
   2.00000000       800.000000       4.76989783E-02   5.17558718      0.314534783       6.07667749E-10  -6.59203390E-04   8.36035237E-02   3.72639447E-02  -1.39757717      0.349611521     -0.171781510    
   3.00000000       800.000000       4.79672700E-02   5.22343826      0.312183410       5.97603411E-10  -7.31779204E-04   8.24907199E-02   3.43965106E-02  -1.40621924      0.351260811     -0.182346717    
   4.00000000       800.000000       4.82396744E-02   5.27148342      0.310032606       5.88069926E-10  -7.89365789E-04   8.13946277E-02   3.29570472E-02  -1.41512203      0.352850914     -0.184259415    
   5.00000000       800.000000       4.85143214E-02   5.32006216      0.308050454       5.78995685E-10  -8.32325779E-04   8.03155154E-02   3.19566429E-02  -1.42404747      0.354401410     -0.182500750    
   6.00000000       800.000000       4.87925000E-02   5.36836243      0.306180090       5.70266001E-10  -8.64099828E-04   7.92527646E-02   2.99864430E-02  -1.43288171      0.355864882     -0.180146948    
   7.00000000       800.000000       4.90735136E-02   5.41723442      0.304397941       5.61825142E-10  -8.87324975E-04   7.82065615E-02   2.67225597E-02  -1.44167614      0.357175767     -0.178819597    
   8.00000000       800.000000       4.93605398E-02   5.46674824      0.302684069       5.53631974E-10  -9.03691107E-04   7.71765560E-02   2.35454533E-02  -1.45048189      0.358338207     -0.178548113    
   9.00000000       800.000000       4.96459454E-02   5.51635075      0.301023275       5.45652967E-10  -9.13646363E-04   7.61623085E-02   2.19422299E-02  -1.45935500      0.359427333     -0.177018121    
   10.0000000       800.000000       4.99367975E-02   5.56616688      0.299360961       5.37786427E-10  -9.22093808E-04   7.51638561E-02   2.14316510E-02  -1.46811080      0.360497952     -0.178186864    
   11.0000000       800.000000       5.02316244E-02   5.61612844      0.297786772       5.30186728E-10  -9.12605668E-04   7.41807297E-02   1.99615732E-02  -1.47720432      0.361500114     -0.179426044    
   12.0000000       800.000000       5.05279116E-02   5.66623640      0.296207309       5.22686838E-10  -9.05258581E-04   7.32124895E-02   1.72712468E-02  -1.48618960      0.362373054     -0.177472249    
   13.0000000       800.000000       5.08273505E-02   5.71697474      0.294641495       5.15314846E-10  -8.93416000E-04   7.22589642E-02   1.52199380E-02  -1.49519038      0.363147050     -0.175564691    
   2.00000000       800.000000       5.11321910E-02   5.76780939      0.293076098       5.08047215E-10  -8.80747626E-04   7.13198259E-02   1.45820901E-02  -1.50409114      0.363892794     -0.173242718    
   3.00000000       800.000000       5.14377542E-02   5.81939650      0.291532546       5.00917863E-10  -8.63343885E-04   7.03952461E-02   1.37859434E-02  -1.51296043      0.364601851     -0.171388239    
   4.00000000       800.000000       5.17485440E-02   5.87104797      0.290009230       4.93921681E-10  -8.41431145E-04   6.94838688E-02   1.20651210E-02  -1.52177799      0.365226001     -0.169018358    
   5.00000000       800.000000       5.20629622E-02   5.92277527      0.288506836       4.87055840E-10  -8.15850508E-04   6.85866103E-02   1.07324207E-02  -1.53050745      0.365785003     -0.166222394    
   6.00000000       800.000000       5.23787588E-02   5.97483015      0.287022293       4.80314510E-10  -7.86316232E-04   6.77027404E-02   1.02136293E-02  -1.53913546      0.366319895     -0.163119555    
   7.00000000       800.000000       5.26992045E-02   6.02751064      0.285554141       4.73692585E-10  -7.53569766E-04   6.68318868E-02   9.46596358E-03  -1.54764712      0.366818637     -0.159991175    
   8.00000000       800.000000       5.30240014E-02   6.08028364      0.284101546       4.67185846E-10  -7.18130672E-04   6.59741536E-02   8.43131170E-03  -1.55604935      0.367265761     -0.156962529    
   9.00000000       800.000000       5.33496812E-02   6.13364077      0.282662481       4.60788657E-10  -6.80737954E-04   6.51288629E-02   7.86267687E-03  -1.56434536      0.367685020     -0.153954089    
   10.0000000       800.000000       5.36804311E-02   6.18732548      0.281234741       4.54496107E-10  -6.42414787E-04   6.42961711E-02   7.43030803E-03  -1.57252657      0.368083775     -0.151016891    
   11.0000000       800.000000       5.40157408E-02   6.24103832      0.279817730       4.48303700E-10  -6.03874272E-04   6.34758174E-02   6.72673713E-03  -1.58060658      0.368447483     -0.148080245    
   12.0000000       800.000000       5.43518029E-02   6.29508209      0.278407365       4.42206022E-10  -5.66178001E-04   6.26673847E-02   6.36441633E-03  -1.58857465      0.368793428     -0.144954920    
   13.0000000       800.000000       5.46922497E-02   6.34962225      0.277000070       4.36193387E-10  -5.30519581E-04   6.18709549E-02   6.02985965E-03  -1.59641099      0.369122565     -0.141547322    
   2.00000000       800.000000       5.50380871E-02   6.40445566      0.275590450       4.30255997E-10  -4.98024921E-04   6.10860884E-02   5.49809076E-03  -1.60410547      0.369425774     -0.138091862    
   3.00000000       800.000000       5.53847216E-02   6.45976830      0.274181366       4.24397406E-10  -4.68926708E-04   6.03125505E-02   5.34492917E-03  -1.61166179      0.369721442     -0.134943381    
   4.00000000       800.000000       5.57359010E-02   6.51546860      0.272773623       4.18617724E-10  -4.42987774E-04   5.95501103E-02   5.02382684E-03  -1.61910105      0.370001912     -0.132201165    
   5.00000000       800.000000       5.60912378E-02   6.57112312      0.271369398       4.12917950E-10  -4.20252851E-04   5.87986410E-02   4.61048028E-03  -1.62644732      0.370259851     -0.129645213    
   6.00000000       800.000000       5.64479530E-02   6.62756824      0.269961923       4.07289952E-10  -4.01170837E-04   5.80579229E-02   4.51270118E-03  -1.63369024      0.370514929     -0.127034664    
   7.00000000       800.000000       5.68098128E-02   6.68420267      0.268546194       4.01720740E-10  -3.86472413E-04   5.73277026E-02   4.25986666E-03  -1.64083707      0.370756686     -0.124260694    
   8.00000000       800.000000       5.71758151E-02   6.74102211      0.267113984       3.96200267E-10  -3.76889773E-04   5.66079058E-02   3.94963846E-03  -1.64785492      0.370982826     -0.121347085    
   9.00000000       800.000000       5.75454868E-02   6.79867172      0.265662223       3.90722704E-10  -3.72715382E-04   5.58982082E-02   3.75014171E-03  -1.65475607      0.371198893     -0.118338145    
   10.0000000       800.000000       5.79212233E-02   6.85620070      0.264190495       3.85284998E-10  -3.73825722E-04   5.51984236E-02   3.52665782E-03  -1.66152120      0.371402144     -0.115300819    
   11.0000000       800.000000       5.82982525E-02   6.91421032      0.262702346       3.79896281E-10  -3.79465753E-04   5.45083061E-02   3.25983483E-03  -1.66815662      0.371592909     -0.112801619    
   12.0000000       800.000000       5.86755127E-02   6.97270107      0.261220694       3.74584835E-10  -3.87176144E-04   5.38276732E-02   3.00611462E-03  -1.67471790      0.371768802     -0.111562215    
   13.0000000       800.000000       5.90622984E-02   7.03143930      0.259769440       3.69385578E-10  -3.93558352E-04   5.31564690E-02   2.80498248E-03  -1.68129134      0.371934623     -0.111614026    
   2.00000000       800.000000       5.94485030E-02   7.09108067      0.258367360       3.64321323E-10  -3.95994255E-04   5.24945818E-02   2.66291550E-03  -1.68794155      0.372092843     -0.112734698    
   3.00000000       800.000000       5.98436110E-02   7.15043688      0.257027388       3.59408059E-10  -3.92589340E-04   5.18418476E-02   2.43894174E-03  -1.69473720      0.372238636     -0.114517078    
   4.00000000       800.000000       6.02373928E-02   7.21079636      0.255744904       3.54637153E-10  -3.83334351E-04   5.11981770E-02   2.31430423E-03  -1.70169389      0.372378200     -0.115744010    
   5.00000000       800.000000       6.06374219E-02   7.27131176      0.254497260       3.49973800E-10  -3.70578258E-04   5.05633764E-02   2.19480856E-03  -1.70873117      0.372511357     -0.115704075    
   6.00000000       800.000000       6.10392392E-02   7.33202028      0.253268361       3.45394602E-10  -3.56686825E-04   4.99373376E-02   1.99994841E-03  -1.71576869      0.372633755     -0.114856742    
   7.00000000       800.000000       6.14471473E-02   7.39313030      0.252052695       3.40889567E-10  -3.42211832E-04   4.93199602E-02   1.95102009E-03  -1.72279739      0.372753859     -0.113810927    
   8.00000000       800.000000       6.18590638E-02   7.45494413      0.250849396       3.36456474E-10  -3.27290705E-04   4.87110764E-02   1.81481091E-03  -1.72980309      0.372866094     -0.112707607    
   9.00000000       800.000000       6.22721761E-02   7.51700449      0.249658406       3.32093963E-10  -3.11711337E-04   4.81107160E-02   1.72099017E-03  -1.73678827      0.372973233     -0.111631125    
   10.0000000       800.000000       6.26941621E-02   7.57950735      0.248480394       3.27801508E-10  -2.95386621E-04   4.75183651E-02   1.64428540E-03  -1.74375534      0.373075813     -0.110606499    
   11.0000000       800.000000       6.31151870E-02   7.64244461      0.247314289       3.23578386E-10  -2.78067804E-04   4.69342247E-02   1.54632097E-03  -1.75070310      0.373173594     -0.109635338    
   12.0000000       800.000000       6.35424033E-02   7.70559978      0.246161953       3.19423737E-10  -2.59725319E-04   4.63581458E-02   1.47883687E-03  -1.75764275      0.373267531     -0.108649641    
   13.0000000       800.000000       6.39760271E-02   7.76949692      0.245020136       3.15332926E-10  -2.40665002E-04   4.57898565E-02   1.39860297E-03  -1.76455760      0.373356968     -0.107269570    
   2.00000000       800.000000       6.44085407E-02   7.83382225      0.243879735       3.11293269E-10  -2.22124334E-04   4.52294201E-02   1.32566178E-03  -1.77141583      0.373443067     -0.105190143    
   3.00000000       800.000000       6.48498610E-02   7.89831066      0.242728844       3.07289028E-10  -2.05423436E-04   4.46763039E-02   1.24748924E-03  -1.77815866      0.373523831     -0.102269694    
   4.00000000       800.000000       6.52926117E-02   7.96304750      0.241554335       3.03303271E-10  -1.92718231E-04   4.41308729E-02   1.17229321E-03  -1.78472269      0.373599678      -9.80261341E-02
   5.00000000       800.000000       6.57397360E-02   8.02879810      0.240335211       2.99310549E-10  -1.86501042E-04   4.35927175E-02   1.09730428E-03  -1.79099905      0.373672336      -9.25703421E-02
   6.00000000       800.000000       6.61928579E-02   8.09504509      0.239065841       2.95302505E-10  -1.88081307E-04   4.30618860E-02   1.03146443E-03  -1.79693687      0.373740762      -8.70519802E-02
   7.00000000       800.000000       6.66503683E-02   8.16145802      0.237752944       2.91290381E-10  -1.96088906E-04   4.25377637E-02   9.69315122E-04  -1.80256450      0.373805434      -8.26618522E-02
   8.00000000       800.000000       6.71091229E-02   8.22835445      0.236417502       2.87300600E-10  -2.07606368E-04   4.20207307E-02   9.03228065E-04  -1.80799282      0.373865247      -7.99033120E-02
   9.00000000       800.000000       6.75772652E-02   8.29508305      0.235079303       2.83354590E-10  -2.19405294E-04   4.15102430E-02   8.39824264E-04  -1.81332588      0.373922408      -7.85113797E-02
   10.0000000       800.000000       6.80434331E-02   8.36327362      0.233751103       2.79468504E-10  -2.29716359E-04   4.10064198E-02   7.57772534E-04  -1.81864190      0.373974204      -7.77913406E-02
   11.0000000       800.000000       6.85164854E-02   8.43160915      0.232434034       2.75644063E-10  -2.37775428E-04   4.05095406E-02   6.64716703E-04  -1.82394934      0.374019682      -7.70803243E-02
   12.0000000       800.000000       6.89990669E-02   8.50011826      0.231126279       2.71876022E-10  -2.44462979E-04   4.00188789E-02   5.65474096E-04  -1.82924092      0.374058545      -7.59151280E-02
   13.0000000       800.000000       6.94770738E-02   8.56972027      0.229818434       2.68153610E-10  -2.50605488E-04   3.95346060E-02   4.74355416E-04  -1.83446181      0.374091297      -7.41100386E-02
   2.00000000       800.000000       6.99650571E-02   8.63913631      0.228507653       2.64472028E-10  -2.57311040E-04   3.90565880E-02   3.86939530E-04  -1.83957410      0.374118537      -7.22539276E-02
   3.00000000       800.000000       7.04544336E-02   8.70913506      0.227201939       2.60841293E-10  -2.63218826E-04   3.85847576E-02   3.11204756E-04  -1.84460676      0.374140412      -7.13670850E-02
   4.00000000       800.000000       7.09533468E-02   8.77987480      0.225920558       2.57281335E-10  -2.65969516E-04   3.81192639E-02   2.46884738E-04  -1.84966779      0.374158084      -7.17852190E-02
   5.00000000       800.000000       7.14557767E-02   8.85152435      0.224675521       2.53804838E-10  -2.63548369E-04   3.76596972E-02   1.89406084E-04  -1.85483336      0.374171495      -7.28014410E-02
   6.00000000       800.000000       7.19595850E-02   8.92326069      0.223463386       2.50407417E-10  -2.56154803E-04   3.72057483E-02   1.32454617E-04  -1.86011040      0.374181271      -7.34863952E-02
   7.00000000       800.000000       7.24673644E-02   8.99552822      0.222274125       2.47075138E-10  -2.44995084E-04   3.67580578E-02   8.76153499E-05  -1.86544299      0.374187499      -7.34700710E-02
   8.00000000       800.000000       7.29827210E-02   9.06822109      0.221099809       2.43798703E-10  -2.31475497E-04   3.63160186E-02   4.08387641E-05  -1.87079513      0.374190062      -7.29649067E-02
   9.00000000       800.000000       7.35015273E-02   9.14107132      0.219934627       2.40570924E-10  -2.16224915E-04   3.58798243E-02   5.20224921E-06  -1.87613344      0.374190390      -7.22202584E-02
   10.0000000       800.000000       7.40236938E-02   9.21487141      0.218778521       2.37390385E-10  -1.99725226E-04   3.54492627E-02  -2.51314959E-05  -1.88145006      0.374188870      -7.13343173E-02
   11.0000000       800.000000       7.45541826E-02   9.28909588      0.217627212       2.34253283E-10  -1.82336968E-04   3.50242704E-02  -4.80752751E-05  -1.88673174      0.374185294      -7.02583417E-02
   12.0000000       800.000000       7.50876293E-02   9.36382198      0.216479063       2.31155262E-10  -1.64624042E-04   3.46047506E-02  -6.21651561E-05  -1.89196169      0.374180406      -6.88260868E-02
   13.0000000       800.000000       7.56227747E-02   9.43945217      0.215326294       2.28088881E-10  -1.47643848E-04   3.41906473E-02  -7.41625117E-05  -1.89710414      0.374175280      -6.67228103E-02
   2.00000000       800.000000       7.61684179E-02   9.51551723      0.214158788       2.25042526E-10  -1.33185691E-04   3.37818488E-02  -7.92045976E-05  -1.90208793      0.374169230      -6.35783523E-02
   3.00000000       800.000000       7.67170042E-02   9.59179592      0.212961927       2.22001542E-10  -1.23247475E-04   3.33782360E-02  -7.69672479E-05  -1.90682507      0.374163330      -5.95837161E-02
   4.00000000       800.000000       7.72694573E-02   9.66848755      0.211731061       2.18960919E-10  -1.18925214E-04   3.29799466E-02  -6.77137505E-05  -1.91126394      0.374158293      -5.53868189E-02
   5.00000000       800.000000       7.78230131E-02   9.74612713      0.210465968       2.15920767E-10  -1.19814860E-04   3.25864702E-02  -4.69415136E-05  -1.91541636      0.374154299      -5.15303053E-02
   6.00000000       800.000000       7.83851892E-02   9.82425022      0.209171116       2.12886764E-10  -1.24953804E-04   3.21980678E-02  -1.52499479E-05  -1.91931248      0.374152303      -4.82568219E-02
   7.00000000       800.000000       7.89523125E-02   9.90284920      0.207852721       2.09864293E-10  -1.33294685E-04   3.18144299E-02   1.10168521E-05  -1.92300892      0.374153405      -4.53346670E-02
   8.00000000       800.000000       7.95280412E-02   9.98241329      0.206513450       2.06856796E-10  -1.44191290E-04   3.14356126E-02   3.16843289E-05  -1.92649972      0.374155998      -4.28069420E-02
   9.00000000       800.000000       8.01055804E-02   10.0623922      0.205167487       2.03878303E-10  -1.55984992E-04   3.10614035E-02   4.79425180E-05  -1.92983854      0.374160022      -4.15353812E-02
   10.0000000       800.000000       8.06882754E-02   10.1425762      0.203841120       2.00955030E-10  -1.64939367E-04   3.06918770E-02   6.18948616E-05  -1.93317533      0.374165475      -4.22235988E-02
   11.0000000       800.000000       8.12722519E-02   10.2231703      0.202556685       1.98106989E-10  -1.67775113E-04   3.03268731E-02   7.74360524E-05  -1.93667746      0.374170989      -4.41013984E-02
   12.0000000       800.000000       8.18665698E-02   10.3048105      0.201315612       1.95334512E-10  -1.64015903E-04   2.99666617E-02   9.54877542E-05  -1.94037080      0.374179810      -4.56804000E-02
   13.0000000       800.000000       8.24698508E-02   10.3871059      0.200105920       1.92624555E-10  -1.55267771E-04   2.96105556E-02   1.12148016E-04  -1.94418371      0.374188274      -4.62220646E-02
   2.00000000       800.000000       8.30690786E-02   10.4702911      0.198912531       1.89962338E-10  -1.43650337E-04   2.92591900E-02   1.25072736E-04  -1.94802523      0.374198735      -4.58875522E-02
   3.00000000       800.000000       8.36792067E-02   10.5531397      0.197728053       1.87339450E-10  -1.30285058E-04   2.89123468E-02   1.34857939E-04  -1.95183754      0.374210179      -4.51880507E-02
   4.00000000       800.000000       8.42924491E-02   10.6371202      0.196550697       1.84753421E-10  -1.15779905E-04   2.85695679E-02   1.40886958E-04  -1.95561504      0.374221802      -4.42882404E-02
   5.00000000       800.000000       8.49149227E-02   10.7222576      0.195377871       1.82201573E-10  -1.00580626E-04   2.82312240E-02   1.44261532E-04  -1.95933223      0.374234170      -4.31086831E-02
   6.00000000       800.000000       8.55400413E-02   10.8070173      0.194204047       1.79678925E-10  -8.53863967E-05   2.78969631E-02   1.44983162E-04  -1.96296382      0.374246866      -4.14863229E-02
   7.00000000       800.000000       8.61672983E-02   10.8929453      0.193020776       1.77176940E-10  -7.14122580E-05   2.75671333E-02   1.44203528E-04  -1.96645689      0.374259472      -3.90450098E-02
   8.00000000       800.000000       8.68062824E-02   10.9799843      0.191814840       1.74682879E-10  -6.07638758E-05   2.72410456E-02   1.41138662E-04  -1.96971643      0.374271840      -3.53598967E-02
   9.00000000       800.000000       8.74475688E-02   11.0664978      0.190569416       1.72182435E-10  -5.61723100E-05   2.69193370E-02   1.36986928E-04  -1.97261608      0.374283642      -3.03891469E-02
   10.0000000       800.000000       8.80924463E-02   11.1543617      0.189273655       1.69665990E-10  -5.94217890E-05   2.66012643E-02   1.33806156E-04  -1.97505009      0.374295771      -2.49982271E-02
   11.0000000       800.000000       8.87458175E-02   11.2425718      0.187933326       1.67140024E-10  -6.94334012E-05   2.62872037E-02   1.31444729E-04  -1.97704041      0.374307156      -2.07473803E-02
   12.0000000       800.000000       8.94047245E-02   11.3320246      0.186573908       1.64626424E-10  -8.25601310E-05   2.59768926E-02   1.25595019E-04  -1.97874784      0.374318391      -1.86392479E-02
   13.0000000       800.000000       9.00711343E-02   11.4218473      0.185221523       1.62148975E-10  -9.44115818E-05   2.56703813E-02   1.15280287E-04  -1.98038018      0.374328703      -1.85269136E-02
   2.00000000       800.000000       9.07422155E-02   11.5118284      0.183896214       1.59724803E-10  -1.01575904E-04   2.53675636E-02   1.02233462E-04  -1.98209560      0.374337554      -1.97000261E-02
   3.00000000       800.000000       9.14164707E-02   11.6033077      0.182608649       1.57361096E-10  -1.02447302E-04   2.50683725E-02   9.21556421E-05  -1.98396909      0.374346286      -2.13335771E-02
   4.00000000       800.000000       9.20993984E-02   11.6952047      0.181357160       1.55056509E-10  -9.72524504E-05   2.47728676E-02   8.36255131E-05  -1.98601055      0.374354422      -2.24763136E-02
   5.00000000       800.000000       9.27866399E-02   11.7873383      0.180128902       1.52798940E-10  -8.77768616E-05   2.44809669E-02   7.47132217E-05  -1.98812544      0.374360800      -2.26337072E-02
   6.00000000       800.000000       9.34779644E-02   11.8806105      0.178913549       1.50577925E-10  -7.58481547E-05   2.41925642E-02   6.51030059E-05  -1.99022675      0.374367356      -2.20842455E-02
   7.00000000       800.000000       9.41774696E-02   11.9743528      0.177704379       1.48388302E-10  -6.26095862E-05   2.39078961E-02   5.55008664E-05  -1.99227071      0.374372035      -2.11020745E-02
   8.00000000       800.000000       9.48819369E-02   12.0688763      0.176496446       1.46225268E-10  -4.90266684E-05   2.36266423E-02   4.58827453E-05  -1.99421585      0.374376416      -1.96879730E-02
   9.00000000       800.000000       9.55979601E-02   12.1640635      0.175283015       1.44083370E-10  -3.61547209E-05   2.33486127E-02   3.68059264E-05  -1.99602067      0.374380052      -1.76810194E-02
   10.0000000       800.000000       9.63135287E-02   12.2600622      0.174054995       1.41954046E-10  -2.53930539E-05   2.30740532E-02   2.83710706E-05  -1.99761021      0.374382555      -1.48115149E-02
   11.0000000       800.000000       9.70358253E-02   12.3568468      0.172798216       1.39825984E-10  -1.89708371E-05   2.28030086E-02   2.04333392E-05  -1.99888229      0.374384999      -1.06622558E-02
   12.0000000       800.000000       9.77677032E-02   12.4544106      0.171494931       1.37686126E-10  -1.97462941E-05   2.25350522E-02   1.27392941E-05  -1.99968600      0.374385506      -5.29082073E-03
   13.0000000       800.000000       9.85076427E-02   12.5523767      0.170141205       1.35531447E-10  -2.88974225E-05   2.22703088E-02   5.62185278E-06  -1.99992168      0.374386787      -3.00529267E-04
   2.00000000       800.000000       9.92456749E-02   12.6510534      0.168761343       1.33381819E-10  -4.29017164E-05   2.20087357E-02  -1.07556104E-06  -1.99974644      0.374386489       2.04966357E-03
   3.00000000       800.000000       9.99961421E-02   12.7503929      0.167396635       1.31269121E-10  -5.48123026E-05   2.17501037E-02  -7.41144595E-06  -1.99951386      0.374386162       1.27539795E-03
   4.00000000       800.000000      0.100751281       12.8514633      0.166073114       1.29214514E-10  -5.97674116E-05   2.14946903E-02  -1.28472748E-05  -1.99949026      0.374384314      -9.07306268E-04
   5.00000000       800.000000      0.101513669       12.9527330      0.164792284       1.27216668E-10  -5.72181089E-05   2.12423280E-02  -1.72735272E-05  -1.99969721      0.374382555      -2.68324371E-03
   6.00000000       800.000000      0.102282949       13.0543804      0.163541213       1.25265284E-10  -4.90603379E-05   2.09932085E-02  -2.06330860E-05  -2.00003552      0.374380410      -3.37680243E-03
   7.00000000       800.000000      0.103057869       13.1565609      0.162306830       1.23349816E-10  -3.76540811E-05   2.07467657E-02  -2.33803166E-05  -2.00039315      0.374378294      -3.08568217E-03
   8.00000000       800.000000      0.103839546       13.2604132      0.161078840       1.21461535E-10  -2.49755849E-05   2.05035582E-02  -2.54232637E-05  -2.00067806      0.374375314      -2.00934242E-03
   9.00000000       800.000000      0.104626514       13.3645535      0.159848198       1.19593335E-10  -1.27096882E-05   2.02631708E-02  -2.67614050E-05  -2.00081015      0.374373406      -1.89956976E-04
   10.0000000       800.000000      0.105420068       13.4691267      0.158604294       1.17737362E-10  -2.40162103E-06   2.00256836E-02  -2.74440790E-05  -2.00071573      0.374369800       2.53515318E-03
   11.0000000       800.000000      0.106228657       13.5754204      0.157333717       1.15883789E-10   3.93487016E-06   1.97908729E-02  -2.76285809E-05  -2.00027418      0.374367267       6.30855747E-03
   12.0000000       800.000000      0.107034281       13.6821260      0.156025201       1.14024477E-10   4.06016670E-06   1.95590071E-02  -2.74408085E-05  -1.99937081      0.374363244       1.07851764E-02
   13.0000000       800.000000      0.107849084       13.7891541      0.154677317       1.12158852E-10  -2.90179969E-06   1.93298142E-02  -2.67196228E-05  -1.99795556      0.374361336       1.51712149E-02
   2.00000000       800.000000      0.108672515       13.8981247      0.153303191       1.10296230E-10  -1.45808608E-05   1.91036034E-02  -2.57738357E-05  -1.99608743      0.374357879       1.76997110E-02
   3.00000000       800.000000      0.109497771       14.0066690      0.151938722       1.08463176E-10  -2.49200893E-05   1.88796371E-02  -2.43436389E-05  -1.99409437      0.374355972       1.71805210E-02
   4.00000000       800.000000      0.110339761       14.1170921      0.150613874       1.06680491E-10  -2.86811264E-05   1.86585318E-02  -2.25062413E-05  -1.99231124      0.374352574       1.51876453E-02
   5.00000000       800.000000      0.111177742       14.2269335      0.149326667       1.04945164E-10  -2.53426260E-05   1.84400734E-02  -2.04443168E-05  -1.99073279      0.374351263       1.38384411E-02
   6.00000000       800.000000      0.112030037       14.3394938      0.148062304       1.03246640E-10  -1.70946987E-05   1.82242449E-02  -1.83621396E-05  -1.98921585      0.374348879       1.34916492E-02
   7.00000000       800.000000      0.112885214       14.4517355      0.146811113       1.01577663E-10  -6.39539076E-06   1.80108659E-02  -1.60454456E-05  -1.98769629      0.374346852       1.40748397E-02
   8.00000000       800.000000      0.113750286       14.5650282      0.145559758       9.99282670E-11   4.28474959E-06   1.78001616E-02  -1.38636860E-05  -1.98603094      0.374346018       1.57716312E-02
   9.00000000       800.000000      0.114624061       14.6793976      0.144293964       9.82888632E-11   1.26748118E-05   1.75917037E-02  -1.16414913E-05  -1.98409474      0.374343663       1.86112840E-02
   10.0000000       800.000000      0.115506783       14.7940674      0.143001422       9.66505556E-11   1.65921647E-05   1.73858497E-02  -9.31515569E-06  -1.98174679      0.374342769       2.21367087E-02
   11.0000000       800.000000      0.116393380       14.9101496      0.141679585       9.50125048E-11   1.50182059E-05   1.71827171E-02  -7.00000010E-06  -1.97896111      0.374342114       2.57304832E-02
   12.0000000       800.000000      0.117281690       15.0272551      0.140332371       9.33774863E-11   8.48906166E-06   1.69814359E-02  -4.41893644E-06  -1.97573471      0.374342203       2.87770852E-02
   13.0000000       800.000000      0.118191823       15.1445360      0.138975903       9.17558390E-11   1.66956795E-08   1.67828687E-02  -1.73039302E-06  -1.97218275      0.374341846       2.99532749E-02
   2.00000000       800.000000      0.119099334       15.2630339      0.137638718       9.01666311E-11  -5.50075811E-06   1.65867377E-02   8.37586526E-07  -1.96862853      0.374341011       2.91486215E-02
   3.00000000       800.000000      0.120015435       15.3828135      0.136333168       8.86171275E-11  -5.37191772E-06   1.63926147E-02   3.31071601E-06  -1.96521652      0.374342054       2.79786661E-02
   4.00000000       800.000000      0.120940529       15.5036430      0.135052130       8.71025821E-11  -1.92553316E-07   1.62008852E-02   5.65366827E-06  -1.96188641      0.374342859       2.74035875E-02
   5.00000000       800.000000      0.121867239       15.6249332      0.133787379       8.56162780E-11   8.12862527E-06   1.60113536E-02   7.62501213E-06  -1.95856106      0.374343395       2.77078077E-02
   6.00000000       800.000000      0.122810721       15.7464323      0.132524654       8.41493611E-11   1.67688486E-05   1.58241708E-02   9.33261617E-06  -1.95510519      0.374344736       2.92763337E-02
   7.00000000       800.000000      0.123757191       15.8707790      0.131247759       8.26913052E-11   2.29846719E-05   1.56391542E-02   1.07028645E-05  -1.95134079      0.374346107       3.19130570E-02
   8.00000000       800.000000      0.124716990       15.9948425      0.129949763       8.12374126E-11   2.51432066E-05   1.54563179E-02   1.18455264E-05  -1.94717526      0.374347448       3.48432772E-02
   9.00000000       800.000000      0.125679165       16.1200333      0.128632098       7.97891198E-11   2.31363301E-05   1.52755231E-02   1.26442910E-05  -1.94261730      0.374348879       3.74922827E-02
   10.0000000       800.000000      0.126648560       16.2460766      0.127302706       7.83513046E-11   1.85417539E-05   1.50970966E-02   1.32839614E-05  -1.93771613      0.374350697       3.91983278E-02
   11.0000000       800.000000      0.127627030       16.3736973      0.125978410       7.69342021E-11   1.44760634E-05   1.49203958E-02   1.35991404E-05  -1.93265295      0.374352902       3.94926369E-02
   12.0000000       800.000000      0.128622070       16.5009899      0.124673501       7.55460763E-11   1.37127017E-05   1.47461202E-02   1.36712652E-05  -1.92759800      0.374354452       3.90358604E-02
   13.0000000       800.000000      0.129615709       16.6299458      0.123388506       7.41869621E-11   1.67920207E-05   1.45735675E-02   1.35216178E-05  -1.92257035      0.374356002       3.87540944E-02
   2.00000000       800.000000      0.130617574       16.7607040      0.122116640       7.28521826E-11   2.23863299E-05   1.44034987E-02   1.32868490E-05  -1.91750896      0.374357671       3.91826369E-02
   3.00000000       800.000000      0.131631613       16.8909397      0.120846435       7.15347226E-11   2.81615539E-05   1.42350439E-02   1.28132306E-05  -1.91229331      0.374360144       4.06064168E-02
   4.00000000       800.000000      0.132658064       17.0234966      0.119565971       7.02274697E-11   3.18019047E-05   1.40685122E-02   1.21363692E-05  -1.90677881      0.374361575       4.27889600E-02
   5.00000000       800.000000      0.133689612       17.1564980      0.118270986       6.89275720E-11   3.22110354E-05   1.39041860E-02   1.12740172E-05  -1.90089977      0.374362916       4.50393818E-02
   6.00000000       800.000000      0.134727374       17.2917385      0.116965823       6.76379508E-11   2.99739586E-05   1.37413042E-02   1.01609412E-05  -1.89469075      0.374364227       4.67887372E-02
   7.00000000       800.000000      0.135772675       17.4260139      0.115659431       6.63633454E-11   2.68668027E-05   1.35806762E-02   8.92570279E-06  -1.88824224      0.374365240       4.77216579E-02
   8.00000000       800.000000      0.136831790       17.5625153      0.114362232       6.51097370E-11   2.50556441E-05   1.34221418E-02   7.64402012E-06  -1.88168168      0.374365926       4.78823595E-02
   9.00000000       800.000000      0.137887821       17.6995029      0.113079786       6.38800193E-11   2.58426026E-05   1.32651674E-02   6.30720251E-06  -1.87508690      0.374366909       4.78066392E-02
   10.0000000       800.000000      0.138969555       17.8388729      0.111810274       6.26727142E-11   2.89050968E-05   1.31103201E-02   5.08625499E-06  -1.86844683      0.374367744       4.80766743E-02
   11.0000000       800.000000      0.140046909       17.9775219      0.110546105       6.14832629E-11   3.27143716E-05   1.29570086E-02   3.96255791E-06  -1.86167395      0.374368638       4.89982963E-02
   12.0000000       800.000000      0.141143247       18.1181393      0.109279580       6.03072800E-11   3.55358934E-05   1.28056919E-02   2.85817123E-06  -1.85466802      0.374368787       5.04507609E-02
   13.0000000       800.000000      0.142242312       18.2606220      0.108007133       5.91424895E-11   3.65035921E-05   1.26557145E-02   1.80922086E-06  -1.84737682      0.374368846       5.19722253E-02
   2.00000000       800.000000      0.143348306       18.4025784      0.106731504       5.79904562E-11   3.60040358E-05   1.25080682E-02   7.33112927E-07  -1.83982491      0.374368846       5.31711541E-02
   3.00000000       800.000000      0.144470185       18.5468769      0.105457783       5.68538168E-11   3.51867166E-05   1.23615479E-02  -3.14261655E-07  -1.83207226      0.374368340       5.38806766E-02
   4.00000000       800.000000      0.145599216       18.6916237      0.104191974       5.57354995E-11   3.52857678E-05   1.22169266E-02  -1.31555657E-06  -1.82419515      0.374368697       5.42022921E-02
   5.00000000       800.000000      0.146730632       18.8387299      0.102936149       5.46365314E-11   3.67871289E-05   1.20737664E-02  -2.22249378E-06  -1.81622624      0.374368250       5.45221157E-02
   6.00000000       800.000000      0.147886083       18.9852219      0.101687104       5.35546919E-11   3.90947025E-05   1.19326022E-02  -2.97031511E-06  -1.80813181      0.374368012       5.51479198E-02
   7.00000000       800.000000      0.149040878       19.1336536      0.100440480       5.24877572E-11   4.11546753E-05   1.17933424E-02  -3.56908276E-06  -1.79985428      0.374366999       5.61060831E-02
   8.00000000       800.000000      0.150206983       19.2841053       9.91931856E-02   5.14336629E-11   4.22414159E-05   1.16555402E-02  -4.02198975E-06  -1.79134095      0.374366820       5.71795553E-02
   9.00000000       800.000000      0.151375279       19.4338169       9.79460254E-02   5.03931202E-11   4.24193677E-05   1.15189617E-02  -4.36611663E-06  -1.78260970      0.374366254       5.80808111E-02
   10.0000000       800.000000      0.152559474       19.5859928       9.67024863E-02   4.93672672E-11   4.23660167E-05   1.13845570E-02  -4.62755497E-06  -1.77368951      0.374365389       5.86965494E-02
   11.0000000       800.000000      0.153755501       19.7391071       9.54651386E-02   4.83574465E-11   4.28114399E-05   1.12513043E-02  -4.80924064E-06  -1.76463187      0.374364704       5.90947866E-02
   12.0000000       800.000000      0.154966682       19.8943138       9.42360908E-02   4.73645567E-11   4.40393051E-05   1.11197932E-02  -4.91468654E-06  -1.75544679      0.374364257       5.94710298E-02
   13.0000000       800.000000      0.156182289       20.0499210       9.30132121E-02   4.63870713E-11   4.56893249E-05   1.09897936E-02  -4.92805657E-06  -1.74612463      0.374363512       6.00150451E-02
   2.00000000       800.000000      0.157407701       20.2067699       9.17935818E-02   4.54236371E-11   4.70816885E-05   1.08608017E-02  -4.83854910E-06  -1.73662794      0.374363273       6.07522316E-02
   3.00000000       800.000000      0.158632427       20.3635406       9.05760601E-02   4.44733902E-11   4.78010079E-05   1.07341791E-02  -4.65678067E-06  -1.72691858      0.374362350       6.15120530E-02
   4.00000000       800.000000      0.159881696       20.5234394       8.93617123E-02   4.35365598E-11   4.80200943E-05   1.06085772E-02  -4.39265978E-06  -1.71703386      0.374360710       6.21199943E-02
   5.00000000       800.000000      0.161134437       20.6836548       8.81524384E-02   4.26141310E-11   4.81885327E-05   1.04845744E-02  -4.07696234E-06  -1.70697987      0.374360472       6.25655875E-02
   6.00000000       800.000000      0.162408039       20.8466339       8.69499743E-02   4.17066416E-11   4.86684439E-05   1.03619797E-02  -3.73200669E-06  -1.69679308      0.374359280       6.29024059E-02
   7.00000000       800.000000      0.163673609       21.0080662       8.57547224E-02   4.08141194E-11   4.95894164E-05   1.02405073E-02  -3.37017627E-06  -1.68647039      0.374359369       6.32180050E-02
   8.00000000       800.000000      0.164970547       21.1726456       8.45662281E-02   3.99361239E-11   5.07481200E-05   1.01203928E-02  -2.99011799E-06  -1.67602062      0.374359012       6.36014491E-02
   9.00000000       800.000000      0.166260168       21.3390827       8.33831504E-02   3.90718360E-11   5.18318157E-05   1.00021232E-02  -2.58934028E-06  -1.66540658      0.374358594       6.40364140E-02
   10.0000000       800.000000      0.167571649       21.5048828       8.22054595E-02   3.82209403E-11   5.27298544E-05   9.88528784E-03  -2.16879835E-06  -1.65463734      0.374357700       6.44427016E-02
   11.0000000       800.000000      0.168884769       21.6747990       8.10332522E-02   3.73835095E-11   5.35387117E-05   9.76940896E-03  -1.73891044E-06  -1.64372301      0.374357224       6.47835582E-02
   12.0000000       800.000000      0.170220941       21.8437004       7.98681676E-02   3.65599877E-11   5.43629685E-05   9.65499040E-03  -1.31379329E-06  -1.63266003      0.374356985       6.50774166E-02
   13.0000000       800.000000      0.171562597       22.0148487       7.87094459E-02   3.57499967E-11   5.52137390E-05   9.54205077E-03  -9.03846001E-07  -1.62147033      0.374357045       6.53554946E-02
   2.00000000       800.000000      0.172911152       22.1867790       7.75576904E-02   3.49532348E-11   5.60113440E-05   9.43000149E-03  -5.16204523E-07  -1.61015582      0.374356776       6.56289607E-02
   3.00000000       800.000000      0.174262822       22.3595982       7.64120221E-02   3.41697746E-11   5.66973795E-05   9.31970961E-03  -1.51240172E-07  -1.59870064      0.374356866       6.58853799E-02
   4.00000000       800.000000      0.175636902       22.5350342       7.52741694E-02   3.33994221E-11   5.73115431E-05   9.21058655E-03   1.91372465E-07  -1.58709896      0.374356896       6.60912469E-02
   5.00000000       800.000000      0.177029908       22.7109966       7.41429925E-02   3.26420904E-11   5.79707958E-05   9.10320692E-03   5.06991682E-07  -1.57537973      0.374356985       6.62299320E-02
   6.00000000       800.000000      0.178427994       22.8897495       7.30202720E-02   3.18983659E-11   5.87841278E-05   8.99641868E-03   7.91729292E-07  -1.56355870      0.374357015       6.63315058E-02
   7.00000000       800.000000      0.179832757       23.0675335       7.19052702E-02   3.11673187E-11   5.97484250E-05   8.89060739E-03   1.04115918E-06  -1.55162072      0.374357164       6.64211288E-02
   8.00000000       800.000000      0.181247130       23.2492962       7.07984790E-02   3.04488934E-11   6.07813854E-05   8.78700335E-03   1.25652934E-06  -1.53958273      0.374357462       6.65110946E-02
   9.00000000       800.000000      0.182678327       23.4303741       6.96995258E-02   2.97437318E-11   6.17815895E-05   8.68401211E-03   1.43941077E-06  -1.52741981      0.374357790       6.65996820E-02
   10.0000000       800.000000      0.184120178       23.6137962       6.86073899E-02   2.90499551E-11   6.27088593E-05   8.58223066E-03   1.59268495E-06  -1.51515460      0.374358237       6.66633993E-02
   11.0000000       800.000000      0.185574606       23.7995758       6.75244108E-02   2.83700129E-11   6.35949546E-05   8.48172605E-03   1.71448937E-06  -1.50277317      0.374358684       6.66944757E-02
   12.0000000       800.000000      0.187039450       23.9845982       6.64501712E-02   2.77011591E-11   6.44595202E-05   8.38225894E-03   1.80398922E-06  -1.49028933      0.374359220       6.67015612E-02
   13.0000000       800.000000      0.188515589       24.1725788       6.53837398E-02   2.70446894E-11   6.52942617E-05   8.28369427E-03   1.85830152E-06  -1.47772038      0.374359548       6.66861907E-02
   2.00000000       800.000000      0.190003842       24.3626595       6.43227175E-02   2.64000453E-11   6.60930091E-05   8.18678830E-03   1.87668809E-06  -1.46505320      0.374359816       6.66466057E-02
   3.00000000       800.000000      0.191507503       24.5538692       6.32740855E-02   2.57675426E-11   6.68599823E-05   8.09095707E-03   1.86176817E-06  -1.45229363      0.374359936       6.65811375E-02
   4.00000000       800.000000      0.193027228       24.7454605       6.22320063E-02   2.51465272E-11   6.76004784E-05   7.99593423E-03   1.81757105E-06  -1.43945920      0.374360174       6.64905980E-02
   5.00000000       800.000000      0.194553345       24.9383144       6.12013042E-02   2.45371241E-11   6.83136604E-05   7.90217612E-03   1.74835179E-06  -1.42654514      0.374360591       6.63764179E-02
   6.00000000       800.000000      0.196085945       25.1336231       6.01777583E-02   2.39393783E-11   6.89933440E-05   7.80994166E-03   1.65801259E-06  -1.41354096      0.374360830       6.62392303E-02
   7.00000000       800.000000      0.197636858       25.3313236       5.91620281E-02   2.33533019E-11   6.96377756E-05   7.71838054E-03   1.55016482E-06  -1.40044105      0.374361455       6.60771951E-02
   8.00000000       800.000000      0.199212298       25.5304661       5.81560582E-02   2.27778352E-11   7.02604666E-05   7.62751838E-03   1.42795409E-06  -1.38727570      0.374361783       6.58867434E-02
   9.00000000       800.000000      0.200781316       25.7297115       5.71610481E-02   2.22133822E-11   7.08818552E-05   7.53799686E-03   1.29432578E-06  -1.37407064      0.374362051       6.56677559E-02
   10.0000000       800.000000      0.202371761       25.9304714       5.61752729E-02   2.16611295E-11   7.15177084E-05   7.44998222E-03   1.15186708E-06  -1.36082792      0.374362588       6.54239655E-02
   11.0000000       800.000000      0.203978211       26.1335907       5.51983044E-02   2.11184247E-11   7.21717006E-05   7.36237410E-03   1.00303873E-06  -1.34750009      0.374362946       6.51580542E-02
   12.0000000       800.000000      0.205590189       26.3390236       5.42312525E-02   2.05877086E-11   7.28397354E-05   7.27636227E-03   8.50421202E-07  -1.33415365      0.374363214       6.48701712E-02
   13.0000000       800.000000      0.207215562       26.5462608       5.32748327E-02   2.00670747E-11   7.35255817E-05   7.19071273E-03   6.96747577E-07  -1.32073212      0.374363571       6.45591095E-02
   2.00000000       800.000000      0.208862230       26.7531796       5.23280241E-02   1.95571649E-11   7.42388875E-05   7.10663525E-03   5.44745660E-07  -1.30728638      0.374363720       6.42242953E-02
   3.00000000       800.000000      0.210511744       26.9634609       5.13913333E-02   1.90577797E-11   7.49798273E-05   7.02299317E-03   3.96809838E-07  -1.29380465      0.374363512       6.38716146E-02
   4.00000000       800.000000      0.212182373       27.1744270       5.04650213E-02   1.85685425E-11   7.57339803E-05   6.94081513E-03   2.54728491E-07  -1.28026533      0.374363571       6.35039285E-02
   5.00000000       800.000000      0.213867262       27.3881035       4.95489947E-02   1.80896600E-11   7.64817814E-05   6.85938122E-03   1.20034613E-07  -1.26674402      0.374363512       6.31194115E-02
   6.00000000       800.000000      0.215570495       27.6017551       4.86429483E-02   1.76208961E-11   7.72033964E-05   6.77874638E-03  -5.95929750E-09  -1.25317717      0.374363482       6.27185330E-02
   7.00000000       800.000000      0.217280358       27.8196926       4.77469787E-02   1.71617685E-11   7.78944159E-05   6.69931201E-03  -1.22549778E-07  -1.23959279      0.374363333       6.22960292E-02
   8.00000000       800.000000      0.218995273       28.0367794       4.68617454E-02   1.67126504E-11   7.85765951E-05   6.62056031E-03  -2.28600939E-07  -1.22599053      0.374363363       6.18525706E-02
   9.00000000       800.000000      0.220740929       28.2576332       4.59878780E-02   1.62731547E-11   7.92616411E-05   6.54305471E-03  -3.22692244E-07  -1.21238589      0.374363333       6.13906011E-02
   10.0000000       800.000000      0.222490728       28.4788132       4.51235995E-02   1.58431237E-11   7.99540212E-05   6.46609068E-03  -4.04522098E-07  -1.19878626      0.374363452       6.09128512E-02
   11.0000000       800.000000      0.224248633       28.7025547       4.42707986E-02   1.54224879E-11   8.06331736E-05   6.39036670E-03  -4.73767443E-07  -1.18516946      0.374363363       6.04243316E-02
   12.0000000       800.000000      0.226034790       28.9273281       4.34270985E-02   1.50110081E-11   8.12511862E-05   6.31527184E-03  -5.29978990E-07  -1.17158127      0.374363154       5.99261411E-02
   13.0000000       800.000000      0.227838799       29.1540203       4.25949059E-02   1.46088124E-11   8.17855544E-05   6.24145335E-03  -5.72564375E-07  -1.15799701      0.374362946       5.94190285E-02
   2.00000000       800.000000      0.229636580       29.3828106       4.17733192E-02   1.42152817E-11   8.22108923E-05   6.16819970E-03  -6.02800355E-07  -1.14438891      0.374363065       5.88988513E-02
   3.00000000       800.000000      0.231463313       29.6143074       4.09621596E-02   1.38307378E-11   8.25404204E-05   6.09583408E-03  -6.21224046E-07  -1.13082767      0.374362826       5.83571643E-02
   4.00000000       800.000000      0.233298600       29.8444633       4.01612371E-02   1.34550383E-11   8.28474003E-05   6.02419721E-03  -6.28365797E-07  -1.11728919      0.374362767       5.77892922E-02
   5.00000000       800.000000      0.235164225       30.0788250       3.93721908E-02   1.30876594E-11   8.31978396E-05   5.95349073E-03  -6.25266011E-07  -1.10374105      0.374362379       5.71991131E-02
   6.00000000       800.000000      0.237021416       30.3152733       3.85935754E-02   1.27291398E-11   8.36373292E-05   5.88347809E-03  -6.13029670E-07  -1.09024668      0.374361813       5.65922819E-02
   7.00000000       800.000000      0.238909259       30.5545444       3.78273316E-02   1.23790899E-11   8.41743677E-05   5.81462029E-03  -5.92934043E-07  -1.07679760      0.374361604       5.59778139E-02
   8.00000000       800.000000      0.240805298       30.7942753       3.70711051E-02   1.20369660E-11   8.47715855E-05   5.74613502E-03  -5.65894481E-07  -1.06342971      0.374361157       5.53603768E-02
   9.00000000       800.000000      0.242732763       31.0363560       3.63245048E-02   1.17031749E-11   8.53923630E-05   5.67889074E-03  -5.33071272E-07  -1.05004275      0.374361098       5.47369942E-02
   10.0000000       800.000000      0.244650185       31.2805672       3.55905145E-02   1.13768847E-11   8.60130167E-05   5.61225368E-03  -4.95648578E-07  -1.03674829      0.374360919       5.41082099E-02
   11.0000000       800.000000      0.246601894       31.5240726       3.48659940E-02   1.10588561E-11   8.66158807E-05   5.54638403E-03  -4.54860469E-07  -1.02344644      0.374360681       5.34717999E-02
   12.0000000       800.000000      0.248575494       31.7732716       3.41535881E-02   1.07481871E-11   8.71952943E-05   5.48100937E-03  -4.11913447E-07  -1.01023376      0.374360681       5.28268144E-02
   13.0000000       800.000000      0.250549018       32.0229034       3.34515125E-02   1.04451534E-11   8.77496132E-05   5.41685801E-03  -3.67926248E-07 -0.997100532      0.374360830       5.21738641E-02
   2.00000000       800.000000      0.252544135       32.2734489       3.27603184E-02   1.01495982E-11   8.82692329E-05   5.35314623E-03  -3.23850088E-07 -0.984000325      0.374360889       5.15154079E-02
   3.00000000       800.000000      0.254557490       32.5260506       3.20793651E-02   9.86127412E-12   8.87373390E-05   5.29022375E-03  -2.80394090E-07 -0.970982611      0.374360889       5.08513190E-02
   4.00000000       800.000000      0.256586730       32.7818604       3.14089879E-02   9.58000953E-12   8.91380041E-05   5.22810034E-03  -2.37941620E-07 -0.958015800      0.374360800       5.01832031E-02
   5.00000000       800.000000      0.258610994       33.0395813       3.07495557E-02   9.30569250E-12   8.94569530E-05   5.16696041E-03  -1.96869891E-07 -0.945120752      0.374360710       4.95106503E-02
   6.00000000       800.000000      0.260681123       33.2992859       3.01004630E-02   9.03826233E-12   8.96938727E-05   5.10615902E-03  -1.57268460E-07 -0.932304144      0.374360591       4.88300063E-02
   7.00000000       800.000000      0.262756377       33.5623474       2.94622593E-02   8.77759844E-12   8.98755679E-05   5.04612690E-03  -1.19107661E-07 -0.919558406      0.374360442       4.81410250E-02
   8.00000000       800.000000      0.264846563       33.8261070       2.88344678E-02   8.52355339E-12   9.00369996E-05   4.98695439E-03  -8.26226767E-08 -0.906910181      0.374360263       4.74435277E-02
   9.00000000       800.000000      0.266964108       34.0918350       2.82179154E-02   8.27611677E-12   9.02275133E-05   4.92855022E-03  -4.78910742E-08 -0.894324720      0.374360263       4.67339307E-02
   10.0000000       800.000000      0.269089431       34.3593788       2.76111178E-02   8.03518536E-12   9.05094057E-05   4.87046735E-03  -1.53156066E-08 -0.881848872      0.374360174       4.60170880E-02
   11.0000000       800.000000      0.271236569       34.6304741       2.70153023E-02   7.80045126E-12   9.08868678E-05   4.81331395E-03   1.51712829E-08 -0.869470775      0.374360174       4.53029796E-02
   12.0000000       800.000000      0.273390830       34.9008446       2.64305249E-02   7.57182424E-12   9.13063195E-05   4.75692376E-03   4.32205844E-08 -0.857179105      0.374360234       4.45949845E-02
   13.0000000       800.000000      0.275573671       35.1773834       2.58549042E-02   7.34930086E-12   9.17226353E-05   4.70091496E-03   6.85825228E-08 -0.844996095      0.374360263       4.38910760E-02
   2.00000000       800.000000      0.277770936       35.4531212       2.52903160E-02   7.13259313E-12   9.21008905E-05   4.64602839E-03   9.13194285E-08 -0.832879007      0.374360323       4.31908108E-02
   3.00000000       800.000000      0.279982239       35.7325478       2.47354507E-02   6.92180471E-12   9.24192354E-05   4.59120888E-03   1.11232858E-07 -0.820885658      0.374360383       4.24931087E-02
   4.00000000       800.000000      0.282222867       36.0137329       2.41909772E-02   6.71640694E-12   9.26668872E-05   4.53751581E-03   1.28164075E-07 -0.809002280      0.374360502       4.17964272E-02
   5.00000000       800.000000      0.284471065       36.2968369       2.36558095E-02   6.51668866E-12   9.28431327E-05   4.48416593E-03   1.42092333E-07 -0.797206759      0.374360591       4.11002263E-02
   6.00000000       800.000000      0.286742091       36.5804558       2.31308714E-02   6.32228384E-12   9.29636153E-05   4.43153083E-03   1.52915490E-07 -0.785521567      0.374360591       4.04031835E-02
   7.00000000       800.000000      0.289016098       36.8690605       2.26151627E-02   6.13317687E-12   9.30538590E-05   4.37933067E-03   1.60711224E-07 -0.773942947      0.374360502       3.97051834E-02
   8.00000000       800.000000      0.291324228       37.1585426       2.21097581E-02   5.94921551E-12   9.31359900E-05   4.32799431E-03   1.65602984E-07 -0.762475371      0.374360710       3.90097871E-02
   9.00000000       800.000000      0.293644518       37.4530144       2.16139890E-02   5.77039415E-12   9.32145995E-05   4.27722558E-03   1.67610565E-07 -0.751130342      0.374360800       3.83169539E-02
   10.0000000       800.000000      0.296003997       37.7481918       2.11273357E-02   5.59643824E-12   9.33077608E-05   4.22691461E-03   1.67042771E-07 -0.739887118      0.374360919       3.76249813E-02
   11.0000000       800.000000      0.298353791       38.0451622       2.06505768E-02   5.42734824E-12   9.34408017E-05   4.17732215E-03   1.64223309E-07 -0.728764415      0.374360889       3.69353630E-02
   12.0000000       800.000000      0.300734103       38.3437805       2.01830044E-02   5.26308728E-12   9.36191573E-05   4.12839465E-03   1.59619546E-07 -0.717761338      0.374360919       3.62506621E-02
   13.0000000       800.000000      0.303147912       38.6467476       1.97246037E-02   5.10335307E-12   9.38312078E-05   4.07981919E-03   1.53729715E-07 -0.706871986      0.374361038       3.55732366E-02
   2.00000000       800.000000      0.305555582       38.9513550       1.92752089E-02   4.94814216E-12   9.40514437E-05   4.03205724E-03   1.46966684E-07 -0.696105778      0.374360949       3.49038914E-02
   3.00000000       800.000000      0.307996303       39.2577019       1.88347977E-02   4.79728453E-12   9.42452170E-05   3.98451136E-03   1.39667847E-07 -0.685457170      0.374361038       3.42431068E-02
   4.00000000       800.000000      0.310469896       39.5681572       1.84032321E-02   4.65076372E-12   9.43820487E-05   3.93773755E-03   1.32028831E-07 -0.674927652      0.374361098       3.35903093E-02
   5.00000000       800.000000      0.312931180       39.8770142       1.79805141E-02   4.50836070E-12   9.44468848E-05   3.89163755E-03   1.24088260E-07 -0.664517224      0.374361128       3.29439826E-02
   6.00000000       800.000000      0.315432847       40.1933212       1.75661333E-02   4.37007158E-12   9.44440035E-05   3.84590589E-03   1.15759420E-07 -0.654225528      0.374361128       3.23024429E-02
   7.00000000       800.000000      0.317947745       40.5082169       1.71602629E-02   4.23571204E-12   9.43924606E-05   3.80065991E-03   1.06909660E-07 -0.644056261      0.374361247       3.16657908E-02
   8.00000000       800.000000      0.320495814       40.8281288       1.67627409E-02   4.10523351E-12   9.43165942E-05   3.75618902E-03   9.74411876E-08 -0.634008765      0.374361098       3.10330410E-02
   9.00000000       800.000000      0.323059022       41.1489258       1.63734928E-02   3.97856184E-12   9.42469269E-05   3.71196168E-03   8.72989290E-08 -0.624083877      0.374361098       3.04046739E-02
   10.0000000       800.000000      0.325634599       41.4749947       1.59925371E-02   3.85558252E-12   9.42031038E-05   3.66845611E-03   7.65299148E-08 -0.614285231      0.374361008       2.97829080E-02
   11.0000000       800.000000      0.328246117       41.8027420       1.56195033E-02   3.73620839E-12   9.41905382E-05   3.62524996E-03   6.52598899E-08 -0.604611039      0.374361038       2.91683525E-02
   12.0000000       800.000000      0.330868602       42.1312904       1.52545245E-02   3.62038307E-12   9.42078623E-05   3.58287012E-03   5.36861151E-08 -0.595061302      0.374361098       2.85623092E-02
   13.0000000       800.000000      0.333499759       42.4624519       1.48974303E-02   3.50793179E-12   9.42401894E-05   3.54070636E-03   4.20490700E-08 -0.585634947      0.374361217       2.79650949E-02
   2.00000000       800.000000      0.336178690       42.7972488       1.45478453E-02   3.39881812E-12   9.42668848E-05   3.49904946E-03   3.06238483E-08 -0.576332808      0.374361157       2.73773670E-02
   3.00000000       800.000000      0.338866234       43.1343956       1.42058972E-02   3.29296789E-12   9.42701809E-05   3.45802307E-03   1.96925267E-08 -0.567152798      0.374361157       2.67991871E-02
   4.00000000       800.000000      0.341564178       43.4764404       1.38713103E-02   3.19024364E-12   9.42376355E-05   3.41736921E-03   9.51152224E-09 -0.558098376      0.374361217       2.62293760E-02
   5.00000000       800.000000      0.344298780       43.8198090       1.35439839E-02   3.09058877E-12   9.41725157E-05   3.37726204E-03   3.13283094E-10 -0.549166024      0.374361217       2.56672204E-02
   6.00000000       800.000000      0.347046673       44.1641579       1.32238539E-02   2.99392217E-12   9.40845639E-05   3.33776511E-03  -7.74953168E-09 -0.540353656      0.374361217       2.51128897E-02
   7.00000000       800.000000      0.349838823       44.5138283       1.29107805E-02   2.90015538E-12   9.39782476E-05   3.29845073E-03  -1.46267789E-08 -0.531662822      0.374361217       2.45671943E-02
   8.00000000       800.000000      0.352615893       44.8651733       1.26045579E-02   2.80924567E-12   9.38591838E-05   3.25966394E-03  -2.02241459E-08 -0.523095191      0.374361217       2.40298174E-02
   9.00000000       800.000000      0.355454803       45.2186356       1.23053361E-02   2.72104171E-12   9.37294972E-05   3.22148856E-03  -2.45784637E-08 -0.514648974      0.374361217       2.35002246E-02
   10.0000000       800.000000      0.358279139       45.5763397       1.20126614E-02   2.63551811E-12   9.35932330E-05   3.18346382E-03  -2.78770660E-08 -0.506322443      0.374361217       2.29792781E-02
   11.0000000       800.000000      0.361149102       45.9357567       1.17265740E-02   2.55261979E-12   9.34472482E-05   3.14617320E-03  -3.01868894E-08 -0.498114705      0.374361217       2.24680230E-02
   12.0000000       800.000000      0.364027262       46.2968864       1.14470301E-02   2.47223617E-12   9.32880139E-05   3.10928980E-03  -3.17329558E-08 -0.490030855      0.374361217       2.19657458E-02
   13.0000000       800.000000      0.366944253       46.6631355       1.11736441E-02   2.39430502E-12   9.31215473E-05   3.07273841E-03  -3.27589440E-08 -0.482060939      0.374361157       2.14723926E-02
   2.00000000       800.000000      0.369876415       47.0312233       1.09065408E-02   2.31876649E-12   9.29426387E-05   3.03657912E-03  -3.34206263E-08 -0.474206060      0.374361157       2.09877416E-02
   3.00000000       800.000000      0.372847915       47.4044495       1.06455181E-02   2.24554056E-12   9.27538058E-05   3.00089526E-03  -3.38623707E-08 -0.466472328      0.374361157       2.05119085E-02
   4.00000000       800.000000      0.375840873       47.7758026       1.03905015E-02   2.17456326E-12   9.25547065E-05   2.96582538E-03  -3.41679076E-08 -0.458850205      0.374361128       2.00453103E-02
   5.00000000       800.000000      0.378836393       48.1548996       1.01412758E-02   2.10577649E-12   9.23450862E-05   2.93096690E-03  -3.43591751E-08 -0.451344818      0.374361008       1.95873287E-02
   6.00000000       800.000000      0.381849557       48.5329056       9.89781134E-03   2.03911367E-12   9.21267347E-05   2.89639668E-03  -3.44374271E-08 -0.443949044      0.374360949       1.91381369E-02
   7.00000000       800.000000      0.384928495       48.9166336       9.65990219E-03   1.97450715E-12   9.19040176E-05   2.86241970E-03  -3.43892701E-08 -0.436671346      0.374361008       1.86969787E-02
   8.00000000       800.000000      0.388007849       49.3037720       9.42753442E-03   1.91190835E-12   9.16888093E-05   2.82870908E-03  -3.41894832E-08 -0.429499418      0.374360889       1.82638429E-02
   9.00000000       800.000000      0.391112477       49.6939621       9.20058973E-03   1.85125374E-12   9.14893972E-05   2.79559335E-03  -3.37932597E-08 -0.422440559      0.374360830       1.78391822E-02
   10.0000000       800.000000      0.394236952       50.0870171       8.97888094E-03   1.79249280E-12   9.13071635E-05   2.76277284E-03  -3.31675416E-08 -0.415489942      0.374360830       1.74231790E-02
   11.0000000       800.000000      0.397388846       50.4830971       8.76240246E-03   1.73554845E-12   9.11362295E-05   2.73034233E-03  -3.22888667E-08 -0.408647746      0.374360889       1.70158222E-02
   12.0000000       800.000000      0.400564700       50.8813133       8.55094939E-03   1.68038370E-12   9.09625669E-05   2.69826339E-03  -3.11527586E-08 -0.401910126      0.374360830       1.66174583E-02
   13.0000000       800.000000      0.403795749       51.2825050       8.34445097E-03   1.62694836E-12   9.07691428E-05   2.66647502E-03  -2.97795850E-08 -0.395280272      0.374360919       1.62282363E-02
   2.00000000       800.000000      0.406995207       51.6878319       8.14277679E-03   1.57517456E-12   9.05436464E-05   2.63509853E-03  -2.82082091E-08 -0.388754815      0.374360919       1.58473272E-02
   3.00000000       800.000000      0.410275906       52.0953789       7.94581510E-03   1.52502468E-12   9.02867105E-05   2.60412227E-03  -2.64894187E-08 -0.382330120      0.374360919       1.54740410E-02
   4.00000000       800.000000      0.413564175       52.5095062       7.75352214E-03   1.47643941E-12   9.00120504E-05   2.57351948E-03  -2.46766110E-08 -0.376004815      0.374361008       1.51077108E-02
   5.00000000       800.000000      0.416869521       52.9231834       7.56575447E-03   1.42937929E-12   8.97393838E-05   2.54341867E-03  -2.28175736E-08 -0.369782358      0.374361038       1.47486944E-02
   6.00000000       800.000000      0.420203984       53.3436661       7.38247298E-03   1.38381071E-12   8.94818877E-05   2.51341518E-03  -2.09472280E-08 -0.363660395      0.374361098       1.43969459E-02
   7.00000000       800.000000      0.423574746       53.7655487       7.20349420E-03   1.33966156E-12   8.92411772E-05   2.48386897E-03  -1.90879401E-08 -0.357637703      0.374361098       1.40530430E-02
   8.00000000       800.000000      0.426962882       54.1887779       7.02878321E-03   1.29691809E-12   8.90067240E-05   2.45475001E-03  -1.72522565E-08 -0.351708055      0.374361038       1.37172025E-02
   9.00000000       800.000000      0.430381179       54.6191368       6.85826549E-03   1.25552054E-12   8.87658825E-05   2.42579356E-03  -1.54469078E-08 -0.345874876      0.374361098       1.33890584E-02
   10.0000000       800.000000      0.433835030       55.0515404       6.69175340E-03   1.21542631E-12   8.85119152E-05   2.39741127E-03  -1.36777878E-08 -0.340136498      0.374361098       1.30688353E-02
   11.0000000       800.000000      0.437294513       55.4855461       6.52927952E-03   1.17659951E-12   8.82496897E-05   2.36906065E-03  -1.19527943E-08 -0.334491462      0.374361098       1.27547942E-02
   12.0000000       800.000000      0.440796643       55.9234009       6.37068367E-03   1.13900241E-12   8.79895961E-05   2.34127278E-03  -1.02830535E-08 -0.328937590      0.374361098       1.24475937E-02
   13.0000000       800.000000      0.444335788       56.3692284       6.21580891E-03   1.10259436E-12   8.77397542E-05   2.31372332E-03  -8.68338024E-09 -0.323473662      0.374361038       1.21471472E-02
   2.00000000       800.000000      0.447884768       56.8128738       6.06464827E-03   1.06734619E-12   8.74999751E-05   2.28647515E-03  -7.16875670E-09 -0.318099141      0.374361008       1.18537899E-02
   3.00000000       800.000000      0.451492101       57.2652702       5.91721013E-03   1.03321008E-12   8.72628952E-05   2.25970475E-03  -5.75175774E-09 -0.312813401      0.374360949       1.15674958E-02
   4.00000000       800.000000      0.455087274       57.7184486       5.77328121E-03   1.00015948E-12   8.70197036E-05   2.23304983E-03  -4.43909798E-09 -0.307612211      0.374361008       1.12878708E-02
   5.00000000       800.000000      0.458740443       58.1730003       5.63278142E-03   9.68156002E-13   8.67674244E-05   2.20680470E-03  -3.23130878E-09 -0.302498311      0.374361008       1.10150073E-02
   6.00000000       800.000000      0.462410837       58.6358948       5.49568934E-03   9.37174600E-13   8.65076508E-05   2.18091626E-03  -2.12370765E-09 -0.297464460      0.374360949       1.07480893E-02
   7.00000000       800.000000      0.466109008       59.0983734       5.36186201E-03   9.07173425E-13   8.62506931E-05   2.15526926E-03  -1.11027698E-09 -0.292516351      0.374360949       1.04872482E-02
   8.00000000       800.000000      0.469850868       59.5668716       5.23128873E-03   8.78125806E-13   8.59974098E-05   2.12991051E-03  -1.85341839E-10 -0.287649542      0.374360949       1.02326898E-02
   9.00000000       800.000000      0.473630607       60.0369263       5.10385400E-03   8.49999921E-13   8.57456107E-05   2.10476690E-03   6.50177745E-10 -0.282862753      0.374360949       9.98416077E-03
   10.0000000       800.000000      0.477417022       60.5153427       4.97950613E-03   8.22774140E-13   8.54932659E-05   2.07999302E-03   1.39434242E-09 -0.278154463      0.374360949       9.74172261E-03
   11.0000000       800.000000      0.481236160       60.9947357       4.85815620E-03   7.96411982E-13   8.52316516E-05   2.05560867E-03   2.04243955E-09 -0.273523569      0.374360949       9.50506143E-03
   12.0000000       800.000000      0.485106736       61.4788399       4.73971292E-03   7.70889591E-13   8.49589487E-05   2.03133398E-03   2.58817057E-09 -0.268970340      0.374360949       9.27414559E-03
   13.0000000       800.000000      0.489003509       61.9645309       4.62412555E-03   7.46180949E-13   8.46745388E-05   2.00747699E-03   3.02812930E-09 -0.264489412      0.374361008       9.04971268E-03
   2.00000000       800.000000      0.492917389       62.4534645       4.51133773E-03   7.22251469E-13   8.43610469E-05   1.98377669E-03   3.37390671E-09 -0.260081947      0.374361008       8.83016735E-03
   3.00000000       800.000000      0.496857613       62.9518318       4.40126285E-03   6.99097681E-13   8.40368593E-05   1.96043006E-03   3.63448360E-09 -0.255748689      0.374361008       8.61498248E-03
   4.00000000       800.000000      0.500846684       63.4490204       4.29386459E-03   6.76674862E-13   8.37290718E-05   1.93738926E-03   3.81133392E-09 -0.251487195      0.374361008       8.40561185E-03
   5.00000000       800.000000      0.504872501       63.9528084       4.18905215E-03   6.54963442E-13   8.34291786E-05   1.91453425E-03   3.92521171E-09 -0.247298092      0.374361008       8.20108037E-03
   6.00000000       800.000000      0.508909047       64.4573593       4.08675522E-03   6.33952363E-13   8.31416692E-05   1.89205818E-03   3.99424316E-09 -0.243173987      0.374360949       8.00142251E-03
   7.00000000       800.000000      0.512971818       64.9687729       3.98697797E-03   6.13604003E-13   8.28778720E-05   1.86971098E-03   4.02570377E-09 -0.239121199      0.374360949       7.80687062E-03
   8.00000000       800.000000      0.517089903       65.4843674       3.88956140E-03   5.93910717E-13   8.26332252E-05   1.84774189E-03   4.02901534E-09 -0.235131934      0.374361008       7.61716533E-03
   9.00000000       800.000000      0.521240056       66.0012741       3.79455881E-03   5.74838679E-13   8.24006202E-05   1.82594685E-03   4.00370137E-09 -0.231211245      0.374361008       7.43251434E-03
   10.0000000       800.000000      0.525399923       66.5273361       3.70179187E-03   5.56376668E-13   8.21735230E-05   1.80439360E-03   3.94987598E-09 -0.227352858      0.374361008       7.25263031E-03
   11.0000000       800.000000      0.529633105       67.0519409       3.61127988E-03   5.38499909E-13   8.19481284E-05   1.78320380E-03   3.87068910E-09 -0.223557308      0.374361038       7.07741221E-03
   12.0000000       800.000000      0.533852458       67.5886993       3.52292019E-03   5.21193223E-13   8.17201508E-05   1.76221249E-03   3.76649734E-09 -0.219827935      0.374361008       6.90673618E-03
   13.0000000       800.000000      0.538169861       68.1238251       3.43671837E-03   5.04436445E-13   8.14859523E-05   1.74140919E-03   3.64214858E-09 -0.216156662      0.374361038       6.74044015E-03
   2.00000000       800.000000      0.542478204       68.6609192       3.35255964E-03   4.88209299E-13   8.12487488E-05   1.72090263E-03   3.50644824E-09 -0.212543115      0.374361038       6.57837559E-03
   3.00000000       800.000000      0.546837091       69.2043610       3.27039347E-03   4.72505661E-13   8.10095880E-05   1.70057721E-03   3.36894912E-09 -0.208988488      0.374361098       6.41998183E-03
   4.00000000       800.000000      0.551184714       69.7545853       3.19020846E-03   4.57293220E-13   8.07793695E-05   1.68052735E-03   3.23945426E-09 -0.205492437      0.374361098       6.26557227E-03
   5.00000000       800.000000      0.555633724       70.3113556       3.11194384E-03   4.42564171E-13   8.05760137E-05   1.66077865E-03   3.12399395E-09 -0.202057227      0.374361038       6.11467380E-03
   6.00000000       800.000000      0.560065687       70.8701859       3.03556980E-03   4.28303687E-13   8.04135198E-05   1.64112740E-03   3.02481573E-09 -0.198669598      0.374361038       5.96744614E-03
   7.00000000       800.000000      0.564574599       71.4266510       2.96106818E-03   4.14498215E-13   8.02957948E-05   1.62173552E-03   2.93860247E-09 -0.195346028      0.374361038       5.82405645E-03
   8.00000000       800.000000      0.569091976       71.9988251       2.88832467E-03   4.01127726E-13   8.02146315E-05   1.60264969E-03   2.85713431E-09 -0.192069069      0.374361038       5.68460207E-03
   9.00000000       800.000000      0.573642910       72.5662689       2.81727314E-03   3.88187990E-13   8.01590650E-05   1.58373849E-03   2.76980483E-09 -0.188846007      0.374361038       5.54909837E-03
   10.0000000       800.000000      0.578249216       73.1417236       2.74796714E-03   3.75655887E-13   8.01117494E-05   1.56501855E-03   2.66664602E-09 -0.185675472      0.374361038       5.41747781E-03
   11.0000000       800.000000      0.582887828       73.7225037       2.68027326E-03   3.63508973E-13   8.00570415E-05   1.54657813E-03   2.54180499E-09 -0.182556301      0.374361038       5.28969755E-03
   12.0000000       800.000000      0.587557673       74.3115692       2.61417986E-03   3.51753674E-13   7.99834452E-05   1.52827613E-03   2.39467179E-09 -0.179485902      0.374361098       5.16547635E-03
   13.0000000       800.000000      0.592285097       74.9019089       2.54963571E-03   3.40371855E-13   7.98912006E-05   1.51027821E-03   2.23038277E-09 -0.176461205      0.374361098       5.04450360E-03
   2.00000000       800.000000      0.597044110       75.4963303       2.48660799E-03   3.29343405E-13   7.97920875E-05   1.49246026E-03   2.05768003E-09 -0.173485324      0.374361098       4.92657674E-03
   3.00000000       800.000000      0.601813197       76.0937424       2.42505898E-03   3.18659433E-13   7.97030152E-05   1.47484441E-03   1.88589855E-09 -0.170555770      0.374361098       4.81168367E-03
   4.00000000       800.000000      0.606662095       76.6995621       2.36495165E-03   3.08314734E-13   7.96465538E-05   1.45739084E-03   1.72375314E-09 -0.167670906      0.374361098       4.69953706E-03
   5.00000000       800.000000      0.611538589       77.3089294       2.30626785E-03   2.98294728E-13   7.96417953E-05   1.44010270E-03   1.57644842E-09 -0.164830983      0.374361098       4.59028129E-03
   6.00000000       800.000000      0.616429627       77.9216690       2.24897126E-03   2.88588462E-13   7.96957393E-05   1.42310630E-03   1.44372214E-09 -0.162034556      0.374361038       4.48428094E-03
   7.00000000       800.000000      0.621346176       78.5425873       2.19297479E-03   2.79191221E-13   7.97971297E-05   1.40624924E-03   1.32303013E-09 -0.159280971      0.374361038       4.38155653E-03
   8.00000000       800.000000      0.626343310       79.1605453       2.13830476E-03   2.70084492E-13   7.99277332E-05   1.38968916E-03   1.21014543E-09 -0.156568497      0.374361038       4.28231154E-03
   9.00000000       800.000000      0.631355822       79.7936478       2.08487781E-03   2.61260062E-13   8.00770504E-05   1.37324876E-03   1.10249421E-09 -0.153893650      0.374361038       4.18598345E-03
   10.0000000       800.000000      0.636449695       80.4251099       2.03268765E-03   2.52711101E-13   8.02501454E-05   1.35702337E-03   9.99183403E-10 -0.151260838      0.374361038       4.09276690E-03
   11.0000000       800.000000      0.641569495       81.0633545       1.98169099E-03   2.44428745E-13   8.04538358E-05   1.34088087E-03   9.01283548E-10 -0.148664653      0.374361038       4.00234666E-03
   12.0000000       800.000000      0.646703839       81.7070923       1.93182402E-03   2.36403697E-13   8.07007891E-05   1.32508192E-03   8.10760625E-10 -0.146104425      0.374361038       3.91509756E-03
   13.0000000       800.000000      0.651862979       82.3593216       1.88314228E-03   2.28625604E-13   8.10017300E-05   1.30938110E-03   7.29433181E-10 -0.143579900      0.374361038       3.83029203E-03
   2.00000000       800.000000      0.657104909       83.0148392       1.83552504E-03   2.21089789E-13   8.13654697E-05   1.29385153E-03   6.58211263E-10 -0.141091079      0.374361038       3.74937314E-03
   3.00000000       800.000000      0.662361264       83.6720734       1.78900454E-03   2.13788080E-13   8.17796899E-05   1.27845968E-03   5.96851457E-10 -0.138632625      0.374361038       3.67071782E-03
   4.00000000       800.000000      0.667716920       84.3404617       1.74352759E-03   2.06705936E-13   8.22505244E-05   1.26336818E-03   5.44225665E-10 -0.136208877      0.374361038       3.59673193E-03
   5.00000000       800.000000      0.673070669       85.0116577       1.69907999E-03   1.99851271E-13   8.27561453E-05   1.24835991E-03   4.98751596E-10 -0.133809716      0.374361038       3.52447038E-03
   6.00000000       800.000000      0.678464949       85.6865540       1.65561738E-03   1.93199758E-13   8.33110898E-05   1.23357447E-03   4.59505711E-10 -0.131446719      0.374361038       3.45832948E-03
   7.00000000       800.000000      0.683868349       86.3630829       1.61307282E-03   1.86754610E-13   8.38885826E-05   1.21886120E-03   4.25337821E-10 -0.129099533      0.374361038       3.39250849E-03
   8.00000000       800.000000      0.689361989       87.0500107       1.57149183E-03   1.80503887E-13   8.45269242E-05   1.20447809E-03   3.94804744E-10 -0.126785308      0.374361038       3.33561888E-03
   9.00000000       800.000000      0.694936693       87.7468338       1.53087522E-03   1.74450013E-13   8.51798031E-05   1.19017297E-03   3.66483011E-10 -0.124481931      0.374361008       3.27659468E-03
   10.0000000       800.000000      0.700467765       88.4404068       1.49115711E-03   1.68581200E-13   8.59340507E-05   1.17605703E-03   3.39003159E-10 -0.122211866      0.374361008       3.23132519E-03
   11.0000000       800.000000      0.706084132       89.1438522       1.45229290E-03   1.62896294E-13   8.66990304E-05   1.16205332E-03   3.11387027E-10 -0.119936414      0.374361008       3.17922723E-03
   12.0000000       800.000000      0.711785257       89.8559036       1.41434849E-03   1.57388290E-13   8.76335616E-05   1.14824111E-03   2.81968060E-10 -0.117704242      0.374361008       3.14993388E-03
   13.0000000       800.000000      0.717506111       90.5660553       1.37726066E-03   1.52050844E-13   8.85385962E-05   1.13463518E-03   2.51114685E-10 -0.115433902      0.374361008       3.10468255E-03
   2.00000000       800.000000      0.723254204       91.2924652       1.34102895E-03   1.46883983E-13   8.97079590E-05   1.12122612E-03   2.19260429E-10 -0.113235421      0.374361008       3.09858960E-03
   3.00000000       800.000000      0.729030788       92.0148239       1.30571472E-03   1.41881786E-13   9.07260473E-05   1.10791775E-03   1.88600441E-10 -0.110930428      0.374361008       3.05862329E-03
   4.00000000       800.000000      0.734885931       92.7492523       1.27122179E-03   1.37049375E-13   9.21918836E-05   1.09481823E-03   1.59555702E-10 -0.108755492      0.374361008       3.08912410E-03
   5.00000000       800.000000      0.740812361       93.4854507       1.23764202E-03   1.32381682E-13   9.32461044E-05   1.08187471E-03   1.33722283E-10 -0.106375918      0.374361008       3.04995943E-03
   6.00000000       800.000000      0.746736884       94.2303009       1.20504852E-03   1.27868202E-13   9.50429167E-05   1.06913887E-03   1.11019340E-10 -0.104217336      0.374361008       3.14104022E-03
   7.00000000       800.000000      0.752711892       94.9802017       1.17338751E-03   1.23529211E-13   9.59866957E-05   1.05650700E-03   9.13408862E-11 -0.101664655      0.374361008       3.08942166E-03
   8.00000000       800.000000      0.758787692       95.7357407       1.14272279E-03   1.19348677E-13   9.82905840E-05   1.04427803E-03   7.38660869E-11  -9.95490849E-02  0.374361008       3.28817754E-03
   9.00000000       800.000000      0.764886141       96.4991150       1.11315842E-03   1.15344542E-13   9.92710193E-05   1.03205175E-03   6.02779215E-11  -9.66535956E-02  0.374361008       3.18695861E-03
   10.0000000       800.000000      0.770997465       97.2638321       1.08462456E-03   1.11501845E-13   1.01865255E-04   1.02036842E-03   3.20332788E-11  -9.46532786E-02  0.374361008       3.67310247E-03
   11.0000000       800.000000      0.777200460       98.0346756       1.05780573E-03   1.07885448E-13   1.16105963E-04   1.00844691E-03   4.96754721E-11  -9.09682140E-02  0.374361008       3.30928667E-03
   12.0000000       800.000000      0.783445537       98.8157425       1.02573493E-03   1.03787977E-13   5.97672770E-05   9.97542986E-04   3.25073063E-20  -8.94894600E-02  0.374361008      -1.34669174E-03
   13.0000000       800.000000      0.789714217       99.6048737       1.00181869E-03   1.00566528E-13   5.95398888E-05   9.85780265E-04   2.12044680E-20  -9.30891633E-02  0.374361008      -4.55563469E-03
