   0.00000000       190.000000       3.40428352E-02   1.01702809       6.96971954E-04   6.85153149E-12  -8.26423541E-02   1.70963037      -9.20916243E-15  -1.61637890E-03  -3.13512702E-16  -1.31462067E-02
   1.00000000       197.000000       3.40447091E-02   1.05104125       6.85590843E-04   6.52135334E-12  -7.55427778E-02   1.59125638       2.15628974E-14  -2.06392421E-03   4.20612051E-16   3.59414262E-03
   2.00000000       200.000000       3.40499915E-02   1.08514261       6.74749375E-04   6.21684084E-12  -1.15775969E-02   1.29233277      -4.87061813E-02  -1.37163571E-03  -1.65844802E-03   1.08365351E-02
   3.00000000       200.000000       3.40571664E-02   1.11914527       7.75153807E-04   6.92466223E-12  0.124603681       1.19117379       1.02273766E-02  -1.32588367E-03  -1.31013896E-03  -4.83064447E-03
   4.00000000       200.000000       3.40652503E-02   1.15326166       9.00937303E-04   7.81067398E-12  0.175587296       1.10353601       7.40086362E-02  -1.70071027E-03   1.21098815E-03  -9.80476290E-03
   5.00000000       200.000000       3.40752266E-02   1.18727005       1.02862658E-03   8.66183427E-12  0.201596662       1.02213299      0.138775140      -1.99399632E-03   5.93992602E-03  -8.93287919E-03
   6.00000000       200.000000       3.40886116E-02   1.22141874       1.16329477E-03   9.52251819E-12  0.214942306      0.948854268      0.202901259      -2.30962341E-03   1.28566790E-02  -9.62056126E-03
   7.00000000       200.000000       3.41038704E-02   1.25543642       1.31367729E-03   1.04615283E-11  0.221289232      0.884131193      0.266128927      -2.65006279E-03   2.19329093E-02  -1.02669746E-02
   8.00000000       200.000000       3.41209993E-02   1.28956389       1.48158858E-03   1.14866684E-11  0.223541975      0.827547610      0.327811658      -3.01010581E-03   3.31184752E-02  -1.10155381E-02
   9.00000000       200.000000       3.41415480E-02   1.32373023       1.67222251E-03   1.26303776E-11  0.223213017      0.777497530      0.388254672      -3.40202404E-03   4.63742465E-02  -1.21206818E-02
   10.0000000       200.000000       3.41642797E-02   1.35789859       1.88998668E-03   1.39161764E-11  0.221195787      0.733006179      0.447236747      -3.83800850E-03   6.16533197E-02  -1.36239436E-02
   11.0000000       200.000000       3.41873281E-02   1.39207828       2.14129384E-03   1.53795917E-11  0.218029484      0.693472147      0.504223228      -4.33323067E-03   7.88914561E-02  -1.57328919E-02
   2.00000000       200.000000       3.42125520E-02   1.42626679       2.43448163E-03   1.70661592E-11  0.214207888      0.657764792      0.558609307      -4.91414964E-03   9.80036110E-02  -1.85314082E-02
   3.00000000       200.000000       3.42412032E-02   1.46045995       2.77666282E-03   1.90087807E-11  0.210143819      0.625890970      0.610487223      -5.60181681E-03  0.118907928      -2.19599605E-02
   4.00000000       200.000000       3.42717990E-02   1.49468386       3.17542558E-03   2.12405267E-11  0.205984011      0.597041726      0.659690320      -6.41873619E-03  0.141517252      -2.60942709E-02
   5.00000000       200.000000       3.43041234E-02   1.52902329       3.63987451E-03   2.38013012E-11  0.201772913      0.570667863      0.705453634      -7.39131868E-03  0.165718198      -3.09789963E-02
   6.00000000       200.000000       3.43400165E-02   1.56331646       4.18084254E-03   2.67386287E-11  0.197636962      0.546600819      0.746817887      -8.54532979E-03  0.191364199      -3.65949087E-02
   7.00000000       200.000000       3.43780145E-02   1.59766877       4.80888830E-03   3.00938337E-11  0.193638563      0.524051487      0.782044411      -9.90604050E-03  0.218248948      -4.39169519E-02
   8.00000000       400.000000       3.44163403E-02   1.63212323       5.54019678E-03   3.39397191E-11  0.189962953      0.502742529      0.810343504      -1.15665616E-02  0.246138811      -5.14140613E-02
   9.00000000       400.000000       3.44596468E-02   1.66651404       6.38313824E-03   3.82958006E-11  0.184700295      0.482537121      0.828243136      -1.34472055E-02  0.274678826      -5.93250431E-02
   10.0000000       400.000000       3.45019177E-02   1.70102203       7.35487742E-03   4.32313282E-11  0.179347426      0.463813037      0.834834218      -1.56576689E-02  0.303482413      -6.93823546E-02
   11.0000000       400.000000       3.45477760E-02   1.73553383       8.46883282E-03   4.87888167E-11  0.173993856      0.446516603      0.828789532      -1.82380676E-02  0.332115769      -8.04384649E-02
   12.0000000       400.000000       3.45973931E-02   1.77006423       9.73214488E-03   5.49719263E-11  0.168781340      0.430396438      0.811567962      -2.12195758E-02  0.360193163      -9.24981758E-02
   13.0000000       400.000000       3.46456654E-02   1.80469894       1.11519815E-02   6.17836338E-11  0.163705215      0.415363163      0.785318434      -2.46429630E-02  0.387402594     -0.105628945    
   2.00000000       400.000000       3.46989296E-02   1.83938944       1.27392756E-02   6.92471150E-11  0.158720016      0.401306927      0.749691069      -2.85445526E-02  0.413415819     -0.119729556    
   3.00000000       400.000000       3.47537622E-02   1.87406790       1.45038655E-02   7.73782566E-11  0.153852016      0.388158768      0.703439534      -3.29586454E-02  0.437863797     -0.134759694    
   4.00000000       400.000000       3.48123796E-02   1.90886545       1.64539348E-02   8.61824778E-11  0.149083197      0.375844985      0.645707667      -3.79192345E-02  0.460341752     -0.150396988    
   5.00000000       400.000000       3.48717459E-02   1.94381344       1.85891800E-02   9.56216079E-11  0.144410267      0.364260018      0.577450514      -4.34386693E-02  0.480477661     -0.166024268    
   6.00000000       400.000000       3.49331126E-02   1.97864985       2.08973903E-02   1.05598433E-10  0.139974892      0.353544146      0.502105474      -4.95082401E-02  0.498017699     -0.181303054    
   7.00000000       400.000000       3.49960364E-02   2.01366401       2.33657639E-02   1.16021852E-10  0.135671139      0.343490511      0.422670901      -5.61170056E-02  0.512808979     -0.196527541    
   8.00000000       400.000000       3.50628383E-02   2.04869795       2.59892344E-02   1.26842203E-10  0.131456748      0.334070832      0.340511352      -6.32765517E-02  0.524748623     -0.211851791    
   9.00000000       400.000000       3.51311862E-02   2.08382654       2.87646390E-02   1.38023273E-10  0.127328932      0.325141966      0.256606579      -7.09874108E-02  0.533763111     -0.227220625    
   10.0000000       400.000000       3.52015831E-02   2.11898565       3.16911526E-02   1.49542337E-10  0.123344943      0.316651195      0.172033280      -7.92571902E-02  0.539818227     -0.242676154    
   11.0000000       400.000000       3.52728553E-02   2.15418029       3.47699784E-02   1.61386779E-10  0.119464420      0.308632910       8.84597376E-02  -8.80899355E-02  0.542939603     -0.258419186    
   12.0000000       400.000000       3.53475511E-02   2.18945503       3.79999392E-02   1.73534104E-10  0.115759276      0.301004440       8.53454508E-03  -9.75075290E-02  0.543241203     -0.274436146    
   13.0000000       400.000000       3.54251340E-02   2.22494793       4.13804539E-02   1.85966520E-10  0.112282448      0.293768525      -6.45553172E-02 -0.107513003      0.540953159     -0.290526122    
   2.00000000       400.000000       3.55066359E-02   2.26028228       4.49098907E-02   1.98661684E-10  0.109038353      0.286862820     -0.127279446     -0.118114948      0.536434531     -0.306755573    
   3.00000000       400.000000       3.55888382E-02   2.29589605       4.85835560E-02   2.11585111E-10  0.105926365      0.280238450     -0.175855666     -0.129321188      0.530175567     -0.323212594    
   4.00000000       400.000000       3.56727764E-02   2.33153582       5.23955263E-02   2.24699606E-10  0.102915354      0.273933798     -0.207704425     -0.141146824      0.522766948     -0.339652777    
   5.00000000       400.000000       3.57585363E-02   2.36718988       5.63402697E-02   2.37972003E-10   9.99963284E-02  0.267906278     -0.222339705     -0.153582394      0.514817119     -0.355951458    
   6.00000000       400.000000       3.58451568E-02   2.40296197       6.04134835E-02   2.51374727E-10   9.72399935E-02  0.262121856     -0.221070021     -0.166634321      0.506892204     -0.372173816    
   7.00000000       400.000000       3.59365791E-02   2.43895650       6.46103024E-02   2.64880284E-10   9.47175175E-02  0.256584227     -0.206410035     -0.180298403      0.499474287     -0.388314039    
   8.00000000       400.000000       3.60317938E-02   2.47496963       6.89256415E-02   2.78463863E-10   9.23842639E-02  0.251245558     -0.181274682     -0.194580644      0.492943078     -0.404339641    
   9.00000000       400.000000       3.61256152E-02   2.51087451       7.33512044E-02   2.92085522E-10   9.01739895E-02  0.246059045     -0.148558393     -0.209474474      0.487576216     -0.420235425    
   10.0000000       400.000000       3.62243615E-02   2.54723430       7.78844208E-02   3.05732856E-10   8.81095007E-02  0.241040602     -0.111172773     -0.224984735      0.483548939     -0.436047614    
   11.0000000       400.000000       3.63236889E-02   2.58347154       8.25212896E-02   3.19386351E-10   8.60472023E-02  0.236176774      -7.18032941E-02 -0.241109192      0.480940253     -0.451526135    
   12.0000000       400.000000       3.64281610E-02   2.61973166       8.72587264E-02   3.33033490E-10   8.39307159E-02  0.231452957      -3.27298492E-02 -0.257834136      0.479747951     -0.466686159    
   13.0000000       400.000000       3.65312435E-02   2.65625191       9.20946449E-02   3.46662893E-10   8.18602890E-02  0.226885572       4.50125616E-03 -0.275157899      0.479912221     -0.481760204    
   2.00000000       400.000000       3.66381556E-02   2.69287086       9.70231146E-02   3.60252744E-10   7.98859969E-02  0.222454786       3.92465703E-02 -0.293085188      0.481349975     -0.496545911    
   3.00000000       400.000000       3.67491208E-02   2.72951531      0.102040887       3.73790526E-10   7.80119002E-02  0.218139023       7.11642280E-02 -0.311598420      0.483966261     -0.510826647    
   4.00000000       400.000000       3.68596762E-02   2.76648116      0.107145406       3.87267246E-10   7.63257071E-02  0.213955790       9.99545008E-02 -0.330686837      0.487650096     -0.524691880    
   5.00000000       400.000000       3.69738303E-02   2.80324292      0.112336181       4.00682626E-10   7.47517571E-02  0.209887266      0.124892212     -0.350339562      0.492268145     -0.538239598    
   6.00000000       400.000000       3.70923392E-02   2.84031177      0.117607847       4.14016155E-10   7.32838064E-02  0.205937177      0.144688144     -0.370552421      0.497634649     -0.551074743    
   7.00000000       400.000000       3.72101963E-02   2.87746811      0.122951031       4.27238522E-10   7.18564615E-02  0.202095523      0.156875759     -0.391284674      0.503472209     -0.562501073    
   8.00000000       400.000000       3.73310633E-02   2.91468883      0.128354833       4.40312037E-10   7.04892352E-02  0.198362604      0.158250019     -0.412482023      0.509381413     -0.572449446    
   9.00000000       400.000000       3.74547355E-02   2.95214677      0.133809999       4.53211885E-10   6.91919327E-02  0.194729701      0.146174222     -0.434097439      0.514855325     -0.580763519    
   10.0000000       400.000000       3.75822932E-02   2.98967767      0.139302671       4.65894823E-10   6.79344833E-02  0.191176996      0.119869381     -0.456060827      0.519359589     -0.587085605    
   11.0000000       400.000000       3.77115831E-02   3.02733731      0.144820914       4.78326934E-10   6.66888505E-02  0.187694460       8.05978179E-02 -0.478300482      0.522399306     -0.591491044    
   12.0000000       400.000000       3.78417671E-02   3.06507659      0.150351211       4.90472940E-10   6.54533729E-02  0.184278160       3.21241803E-02 -0.500749886      0.523614287     -0.594359934    
   13.0000000       400.000000       3.79736088E-02   3.10296249      0.155888900       5.02325126E-10   6.41805008E-02  0.180923343      -1.99702699E-02 -0.523362339      0.522857070     -0.596268952    
   2.00000000       400.000000       3.81093584E-02   3.14102793      0.161434919       5.13896481E-10   6.27765805E-02  0.177627102      -7.01242983E-02 -0.546117485      0.520184875     -0.597710609    
   3.00000000       400.000000       3.82481478E-02   3.17926812      0.166987583       5.25188282E-10   6.12330325E-02  0.174392194     -0.114537030     -0.569003224      0.515803158     -0.599077046    
   4.00000000       400.000000       3.83906849E-02   3.21746230      0.172552556       5.36226508E-10   5.95658980E-02  0.171224654     -0.152007595     -0.592029095      0.509967625     -0.600542307    
   5.00000000       400.000000       3.85340862E-02   3.25593615      0.178125367       5.47005496E-10   5.77461123E-02  0.168129146     -0.183906943     -0.615199029      0.502881765     -0.601745427    
   6.00000000       400.000000       3.86794209E-02   3.29459786      0.183700964       5.57519975E-10   5.57652935E-02  0.165103629     -0.212250307     -0.638490915      0.494671881     -0.603513241    
   7.00000000       400.000000       3.88261117E-02   3.33332801      0.189295799       5.67819847E-10   5.36821745E-02  0.162153542     -0.238225549     -0.661973596      0.485422075     -0.606982350    
   8.00000000       400.000000       3.89781781E-02   3.37215042      0.194925025       5.77962012E-10   5.14907539E-02  0.159278989     -0.260872573     -0.685717463      0.475254506     -0.612542450    
   9.00000000       400.000000       3.91310640E-02   3.41121101      0.200613081       5.88015969E-10   4.91586253E-02  0.156484663     -0.277880967     -0.709819436      0.464380533     -0.621306598    
   10.0000000       400.000000       3.92854065E-02   3.45050335      0.206386268       5.98064487E-10   4.66544591E-02  0.153766707     -0.286577702     -0.734438777      0.453121543     -0.633054554    
   11.0000000       400.000000       3.94439995E-02   3.48992372      0.212283209       6.08213313E-10   4.39177714E-02  0.151125923     -0.284741461     -0.759658515      0.441890389     -0.647314131    
   12.0000000       400.000000       3.96043137E-02   3.52931929      0.218340009       6.18562424E-10   4.08658683E-02  0.148558110     -0.272133142     -0.785607040      0.431111723     -0.665582418    
   13.0000000       400.000000       3.97699885E-02   3.56905532      0.224608853       6.29245767E-10   3.74198854E-02  0.146064833     -0.250771552     -0.812489033      0.421140611     -0.688751161    
   2.00000000       400.000000       3.99327539E-02   3.60901117      0.231152266       6.40426157E-10   3.36847864E-02  0.143652186     -0.223886520     -0.840503395      0.412199348     -0.717009604    
   3.00000000       400.000000       4.01016437E-02   3.64905024      0.238081232       6.52389198E-10   2.94178296E-02  0.141323611     -0.195177943     -0.869875669      0.404371649     -0.752238929    
   4.00000000       400.000000       4.02740240E-02   3.68916464      0.245514587       6.65430988E-10   2.49391124E-02  0.139072403     -0.167693749     -0.900965512      0.397618890     -0.802454889    
   5.00000000       400.000000       4.04453352E-02   3.72949243      0.253558993       6.79796441E-10   2.07162574E-02  0.136862189     -0.143245131     -0.934650660      0.391824752     -0.876655102    
   6.00000000       400.000000       4.06209007E-02   3.77015471      0.262198567       6.95401459E-10   1.76152717E-02  0.134663925     -0.121910952     -0.972033918      0.386872560     -0.957387865    
   7.00000000       400.000000       4.08019014E-02   3.81062984      0.271301359       7.11856352E-10   1.51240416E-02  0.132483214     -0.108740479      -1.01260567      0.382435858      -1.01443601    
   8.00000000       400.000000       4.09835242E-02   3.85157919      0.280640841       7.28543670E-10   1.30491471E-02  0.130326092     -0.116171032      -1.05499852      0.377674818      -1.02897060    
   9.00000000       400.000000       4.11677249E-02   3.89264297      0.289963663       7.44803386E-10   1.12789990E-02  0.128206939     -0.148124993      -1.09713244      0.371576905      -1.00656092    
   10.0000000       800.000000       4.13518026E-02   3.93391180      0.299109221       7.60236818E-10   9.75400582E-03  0.126134828     -0.186740503      -1.13806093      0.363854617     -0.978512704    
   11.0000000       800.000000       4.15420607E-02   3.97551847      0.307876706       7.74363185E-10   8.20646062E-03  0.124104939     -0.203777507      -1.17824733      0.355389327     -0.934809029    
   12.0000000       800.000000       4.17331755E-02   4.01692963      0.316266060       7.87218457E-10   6.84232311E-03  0.122116789     -0.179679349      -1.21590769      0.347890168     -0.853221953    
   13.0000000       800.000000       4.19295840E-02   4.05884504      0.324173063       7.98582256E-10   5.62638277E-03  0.120174579     -0.120119520      -1.24963152      0.342854202     -0.771290421    
   2.00000000       800.000000       4.21275869E-02   4.10084629      0.331802130       8.09000977E-10   4.52596555E-03  0.118280582      -5.08832484E-02  -1.28073597      0.340710253     -0.720088065    
   3.00000000       800.000000       4.23264094E-02   4.14324856      0.339215308       8.18647372E-10   3.55797866E-03  0.116433673       1.71086437E-03  -1.31044197      0.340783030     -0.692302108    
   4.00000000       800.000000       4.25276794E-02   4.18554831      0.346317619       8.27314273E-10   2.74674152E-03  0.114631258       2.09966972E-02  -1.33948195      0.341676146     -0.675580382    
   5.00000000       800.000000       4.27326299E-02   4.22826385      0.353069425       8.34940395E-10   2.05447897E-03  0.112873711       1.17750382E-02  -1.36804342      0.342179269     -0.665037215    
   6.00000000       800.000000       4.29400988E-02   4.27117634      0.359559447       8.41759107E-10   1.40923751E-03  0.111158103      -7.34541658E-03  -1.39646065      0.341863453     -0.657436550    
   7.00000000       800.000000       4.31519486E-02   4.31416321      0.365905434       8.48066672E-10   8.44040769E-04  0.109481037      -1.70846228E-02  -1.42464602      0.341126412     -0.656163096    
   8.00000000       800.000000       4.33655083E-02   4.35740662      0.372352064       8.54443738E-10   3.40959639E-04  0.107840486      -5.90564730E-03  -1.45322919      0.340870380     -0.651030302    
   9.00000000       800.000000       4.35808785E-02   4.40067959      0.378900230       8.60880478E-10  -1.75771973E-04  0.106237054       2.21667327E-02  -1.48125076      0.341836452     -0.635039151    
   10.0000000       800.000000       4.38009016E-02   4.44439697      0.384916842       8.65952643E-10  -6.20687497E-04  0.104676165       5.52017577E-02  -1.50872397      0.344254136     -0.597819388    
   11.0000000       800.000000       4.40220647E-02   4.48833799      0.389228880       8.67088068E-10  -7.31618493E-04  0.103152625       8.50148201E-02  -1.53375411      0.347997099     -0.462015897    
   12.0000000       800.000000       4.42490242E-02   4.53246212      0.390952080       8.62446947E-10  -6.50061993E-04  0.101663053       9.01992917E-02  -1.54950488      0.351987869     -0.300785094    
   13.0000000       800.000000       4.44775447E-02   4.57707596      0.391486883       8.55254256E-10  -5.59413049E-04  0.100206047       7.42367059E-02  -1.56044161      0.355289906     -0.191982582    
   2.00000000       800.000000       4.47068773E-02   4.62136841      0.391077280       8.46116788E-10  -4.76050627E-04   9.87811685E-02   5.52859232E-02  -1.56662536      0.357761443      -8.59855637E-02
   3.00000000       800.000000       4.49385233E-02   4.66624355      0.389746904       8.35138902E-10  -4.13136848E-04   9.73885432E-02   4.53615822E-02  -1.56814814      0.359800279       1.29964505E-03
   4.00000000       800.000000       4.51754220E-02   4.71121693      0.387624443       8.22646673E-10  -3.84558545E-04   9.60270688E-02   4.44110297E-02  -1.56650746      0.361806303       4.57579754E-02
   5.00000000       800.000000       4.54156250E-02   4.75678205      0.384906411       8.09099732E-10  -3.86878208E-04   9.46961194E-02   4.62183431E-02  -1.56400311      0.363904864       4.37388308E-02
   6.00000000       800.000000       4.56556603E-02   4.80203438      0.381728709       7.94811716E-10  -4.21938748E-04   9.33932215E-02   4.60917093E-02  -1.56252658      0.366009712       5.01245540E-03
   7.00000000       800.000000       4.59001064E-02   4.84787893      0.378282756       7.80200349E-10  -4.87066223E-04   9.21162292E-02   4.36953343E-02  -1.56354380      0.368015289      -5.75913899E-02
   8.00000000       800.000000       4.61495221E-02   4.89382601      0.374760330       7.65666086E-10  -5.71258715E-04   9.08625349E-02   4.07699049E-02  -1.56782758      0.369897008     -0.120260522    
   9.00000000       800.000000       4.64015417E-02   4.94037914      0.371199578       7.51285811E-10  -6.73062867E-04   8.96295458E-02   3.80326398E-02  -1.57467711      0.371662080     -0.169836015    
   10.0000000       800.000000       4.66544069E-02   4.98703766      0.367847204       7.37556072E-10  -7.77243928E-04   8.84158537E-02   3.52069810E-02  -1.58363020      0.373304248     -0.203108385    
   11.0000000       800.000000       4.69110720E-02   5.03345490      0.364808708       7.24664995E-10  -8.66506831E-04   8.72202888E-02   3.27965692E-02  -1.59368002      0.374842405     -0.218664631    
   12.0000000       800.000000       4.71705161E-02   5.08080530      0.362123400       7.12671422E-10  -9.29096597E-04   8.60428065E-02   3.11147794E-02  -1.60420394      0.376310050     -0.222166196    
   13.0000000       800.000000       4.74330559E-02   5.12793064      0.359716356       7.01404268E-10  -9.71820846E-04   8.48834142E-02   2.97983885E-02  -1.61469758      0.377723396     -0.218857184    
   2.00000000       800.000000       4.76989783E-02   5.17558718      0.357515514       6.90704105E-10  -9.97942523E-04   8.37419778E-02   2.83019338E-02  -1.62502134      0.379073501     -0.215266198    
   3.00000000       800.000000       4.79672700E-02   5.22343826      0.355480999       6.80486612E-10  -1.01121678E-03   8.26185346E-02   2.63687409E-02  -1.63529098      0.380338818     -0.213528484    
   4.00000000       800.000000       4.82396744E-02   5.27148342      0.353571117       6.70653366E-10  -1.01400970E-03   8.15129578E-02   2.42640581E-02  -1.64556539      0.381508946     -0.213572875    
   5.00000000       800.000000       4.85143214E-02   5.32006216      0.351762116       6.61153965E-10  -1.00931944E-03   8.04252252E-02   2.22658403E-02  -1.65595365      0.382588595     -0.213779211    
   6.00000000       800.000000       4.87925000E-02   5.36836243      0.350010544       6.51899201E-10  -9.99568496E-04   7.93543682E-02   2.03239508E-02  -1.66636932      0.383581817     -0.214013264    
   7.00000000       800.000000       4.90735136E-02   5.41723442      0.348322839       6.42896847E-10  -9.83268837E-04   7.83007443E-02   1.84224043E-02  -1.67689860      0.384485394     -0.215479821    
   8.00000000       800.000000       4.93605398E-02   5.46674824      0.346700281       6.34141295E-10  -9.59505851E-04   7.72636756E-02   1.69377662E-02  -1.68758070      0.385320753     -0.216087610    
   9.00000000       800.000000       4.96459454E-02   5.51635075      0.345110685       6.25568652E-10  -9.34413809E-04   7.62429386E-02   1.60196349E-02  -1.69829309      0.386116505     -0.215131879    
   10.0000000       800.000000       4.99367975E-02   5.56616688      0.343545973       6.17162266E-10  -9.06580302E-04   7.52383694E-02   1.49674602E-02  -1.70900488      0.386863559     -0.215439513    
   11.0000000       800.000000       5.02316244E-02   5.61612844      0.342048794       6.08992246E-10  -8.71646509E-04   7.42493868E-02   1.32828932E-02  -1.71987128      0.387530267     -0.215749294    
   12.0000000       800.000000       5.05279116E-02   5.66623640      0.340580910       6.00988592E-10  -8.33939877E-04   7.32764527E-02   1.18154678E-02  -1.73073912      0.388127983     -0.214186072    
   13.0000000       800.000000       5.08273505E-02   5.71697474      0.339138538       5.93138372E-10  -7.94125663E-04   7.23179206E-02   1.10310782E-02  -1.74158263      0.388688326     -0.211755514    
   2.00000000       800.000000       5.11321910E-02   5.76780939      0.337708443       5.85416882E-10  -7.53183849E-04   7.13742748E-02   1.02863144E-02  -1.75233042      0.389214277     -0.208623081    
   3.00000000       800.000000       5.14377542E-02   5.81939650      0.336288452       5.77817683E-10  -7.12140405E-04   7.04456195E-02   9.27992817E-03  -1.76298392      0.389691651     -0.205068648    
   4.00000000       800.000000       5.17485440E-02   5.87104797      0.334870815       5.70325231E-10  -6.71497197E-04   6.95313066E-02   8.39752611E-03  -1.77348971      0.390126675     -0.201363459    
   5.00000000       800.000000       5.20629622E-02   5.92277527      0.333454758       5.62936309E-10  -6.32124778E-04   6.86309636E-02   7.83049408E-03  -1.78388345      0.390534103     -0.197781816    
   6.00000000       800.000000       5.23787588E-02   5.97483015      0.332033336       5.55637814E-10  -5.94418438E-04   6.77441582E-02   7.30284350E-03  -1.79414701      0.390916914     -0.194106996    
   7.00000000       800.000000       5.26992045E-02   6.02751064      0.330605239       5.48425194E-10  -5.59473061E-04   6.68711439E-02   6.71643438E-03  -1.80428123      0.391270906     -0.190391392    
   8.00000000       800.000000       5.30240014E-02   6.08028364      0.329164296       5.41288292E-10  -5.27548487E-04   6.60110861E-02   6.35416619E-03  -1.81427670      0.391607463     -0.186674565    
   9.00000000       800.000000       5.33496812E-02   6.13364077      0.327711016       5.34225386E-10  -4.99358983E-04   6.51642829E-02   6.02112198E-03  -1.82414043      0.391928941     -0.182904482    
   10.0000000       800.000000       5.36804311E-02   6.18732548      0.326240122       5.27228372E-10  -4.74869739E-04   6.43299893E-02   5.62364189E-03  -1.83385444      0.392230511     -0.179096416    
   11.0000000       800.000000       5.40157408E-02   6.24103832      0.324749738       5.20290755E-10  -4.54761233E-04   6.35080487E-02   5.26179094E-03  -1.84342527      0.392514855     -0.175251588    
   12.0000000       800.000000       5.43518029E-02   6.29508209      0.323233932       5.13405318E-10  -4.39177238E-04   6.26982674E-02   4.76283906E-03  -1.85284424      0.392773777     -0.171360165    
   13.0000000       800.000000       5.46922497E-02   6.34962225      0.321690232       5.06565845E-10  -4.28541738E-04   6.19003810E-02   4.26459173E-03  -1.86210954      0.393007398     -0.167419836    
   2.00000000       800.000000       5.50380871E-02   6.40445566      0.320115387       4.99767505E-10  -4.22933139E-04   6.11139573E-02   3.84790776E-03  -1.87121665      0.393218398     -0.163472593    
   3.00000000       800.000000       5.53847216E-02   6.45976830      0.318514884       4.93019181E-10  -4.22084617E-04   6.03390262E-02   3.35656572E-03  -1.88016522      0.393404961     -0.159930497    
   4.00000000       800.000000       5.57359010E-02   6.51546860      0.316903234       4.86340301E-10  -4.24534810E-04   5.95750883E-02   2.91588530E-03  -1.88898432      0.393567473     -0.157225177    
   5.00000000       800.000000       5.60912378E-02   6.57112312      0.315290898       4.79750129E-10  -4.28842934E-04   5.88222928E-02   2.56778649E-03  -1.89774382      0.393711269     -0.155237362    
   6.00000000       800.000000       5.64479530E-02   6.62756824      0.313684702       4.73253658E-10  -4.33975016E-04   5.80800138E-02   2.33542034E-03  -1.90645587      0.393843561     -0.153565779    
   7.00000000       800.000000       5.68098128E-02   6.68420267      0.312088102       4.66856442E-10  -4.39495750E-04   5.73483109E-02   2.00361083E-03  -1.91513836      0.393957645     -0.152055815    
   8.00000000       800.000000       5.71758151E-02   6.74102211      0.310503811       4.60557925E-10  -4.44808509E-04   5.66269234E-02   1.77910039E-03  -1.92378759      0.394058585     -0.150873855    
   9.00000000       800.000000       5.75454868E-02   6.79867172      0.308935940       4.54367821E-10  -4.49395448E-04   5.59158362E-02   1.67012250E-03  -1.93244696      0.394154817     -0.149928465    
   10.0000000       800.000000       5.79212233E-02   6.85620070      0.307388365       4.48284548E-10  -4.52495326E-04   5.52145131E-02   1.53527758E-03  -1.94109929      0.394243240     -0.149302363    
   11.0000000       800.000000       5.82982525E-02   6.91421032      0.305868864       4.42319043E-10  -4.53595014E-04   5.45230620E-02   1.45647477E-03  -1.94980061      0.394328654     -0.148986995    
   12.0000000       800.000000       5.86755127E-02   6.97270107      0.304380625       4.36475023E-10  -4.51841042E-04   5.38411848E-02   1.41628284E-03  -1.95853031      0.394411325     -0.149129644    
   13.0000000       800.000000       5.90622984E-02   7.03143930      0.302939594       4.30772307E-10  -4.46233666E-04   5.31689301E-02   1.43169949E-03  -1.96735787      0.394496173     -0.150098860    
   2.00000000       800.000000       5.94485030E-02   7.09108067      0.301558495       4.25225688E-10  -4.34849499E-04   5.25062010E-02   1.46760733E-03  -1.97631538      0.394583344     -0.152135730    
   3.00000000       800.000000       5.98436110E-02   7.15043688      0.300255716       4.19856150E-10  -4.16259019E-04   5.18526621E-02   1.53174705E-03  -1.98550272      0.394674927     -0.154880539    
   4.00000000       800.000000       6.02373928E-02   7.21079636      0.299026072       4.14655282E-10  -3.90362227E-04   5.12081943E-02   1.64779578E-03  -1.99491596      0.394774824     -0.157244787    
   5.00000000       800.000000       6.06374219E-02   7.27131176      0.297852874       4.09595108E-10  -3.59098311E-04   5.05728312E-02   1.74445228E-03  -2.00450969      0.394880116     -0.158445328    
   6.00000000       800.000000       6.10392392E-02   7.33202028      0.296711862       4.04641209E-10  -3.24824796E-04   4.99464758E-02   1.79451576E-03  -2.01419139      0.394989371     -0.157984450    
   7.00000000       800.000000       6.14471473E-02   7.39313030      0.295578331       3.99755479E-10  -2.91069970E-04   4.93288897E-02   1.89380150E-03  -2.02386141      0.395105809     -0.155610442    
   8.00000000       800.000000       6.18590638E-02   7.45494413      0.294428557       3.94907412E-10  -2.60218047E-04   4.87198345E-02   1.94147474E-03  -2.03338385      0.395226687     -0.151955754    
   9.00000000       800.000000       6.22721761E-02   7.51700449      0.293256521       3.90087102E-10  -2.33873143E-04   4.81194444E-02   1.97146670E-03  -2.04272389      0.395349026     -0.148034662    
   10.0000000       800.000000       6.26941621E-02   7.57950735      0.292060941       3.85294047E-10  -2.11296443E-04   4.75271828E-02   2.00428884E-03  -2.05188227      0.395474434     -0.144303784    
   11.0000000       800.000000       6.31151870E-02   7.64244461      0.290844977       3.80531967E-10  -1.92910331E-04   4.69429456E-02   2.01056618E-03  -2.06087971      0.395601690     -0.140475184    
   12.0000000       800.000000       6.35424033E-02   7.70559978      0.289600730       3.75790787E-10  -1.78429065E-04   4.63668816E-02   1.97744602E-03  -2.06967521      0.395727247     -0.136340439    
   13.0000000       800.000000       6.39760271E-02   7.76949692      0.288326502       3.71067121E-10  -1.69100735E-04   4.57986407E-02   1.93922769E-03  -2.07826686      0.395851433     -0.131848305    
   2.00000000       800.000000       6.44085407E-02   7.83382225      0.287014276       3.66350145E-10  -1.64618948E-04   4.52379957E-02   1.85893837E-03  -2.08660054      0.395970613     -0.127002120    
   3.00000000       800.000000       6.48498610E-02   7.89831066      0.285659373       3.61637942E-10  -1.66286802E-04   4.46848162E-02   1.75801734E-03  -2.09467959      0.396085620     -0.121788636    
   4.00000000       800.000000       6.52926117E-02   7.96304750      0.284253538       3.56917246E-10  -1.73812805E-04   4.41391133E-02   1.64035731E-03  -2.10245299      0.396191776     -0.116154626    
   5.00000000       800.000000       6.57397360E-02   8.02879810      0.282793492       3.52186252E-10  -1.88364545E-04   4.36007529E-02   1.48137368E-03  -2.10990262      0.396289676     -0.110313922    
   6.00000000       800.000000       6.61928579E-02   8.09504509      0.281276733       3.47442353E-10  -2.08969985E-04   4.30693254E-02   1.31500850E-03  -2.11700583      0.396376878     -0.104703158    
   7.00000000       800.000000       6.66503683E-02   8.16145802      0.279717922       3.42705336E-10  -2.34956417E-04   4.25449535E-02   1.12812279E-03  -2.12381220      0.396451652     -0.100398481    
   8.00000000       800.000000       6.71091229E-02   8.22835445      0.278142810       3.38005374E-10  -2.62012269E-04   4.20272090E-02   9.50000307E-04  -2.13043499      0.396515578      -9.84970704E-02
   9.00000000       800.000000       6.75772652E-02   8.29508305      0.276587635       3.33386790E-10  -2.86654511E-04   4.15163152E-02   7.74278305E-04  -2.13707662      0.396567941      -9.87346470E-02
   10.0000000       800.000000       6.80434331E-02   8.36327362      0.275067151       3.28866268E-10  -3.05571390E-04   4.10118699E-02   5.87367220E-04  -2.14382529      0.396607310      -9.99106467E-02
   11.0000000       800.000000       6.85164854E-02   8.43160915      0.273590922       3.24452160E-10  -3.18806618E-04   4.05142754E-02   4.09386819E-04  -2.15072203      0.396635175     -0.101397239    
   12.0000000       800.000000       6.89990669E-02   8.50011826      0.272159934       3.20144716E-10  -3.25149304E-04   4.00229767E-02   2.37328728E-04  -2.15776849      0.396652013     -0.103076816    
   13.0000000       800.000000       6.94770738E-02   8.56972027      0.270779014       3.15946713E-10  -3.25182133E-04   3.95382158E-02   9.24824053E-05  -2.16499710      0.396658659     -0.104843386    
   2.00000000       800.000000       6.99650571E-02   8.63913631      0.269446254       3.11854459E-10  -3.18313454E-04   3.90595272E-02  -3.57821373E-05  -2.17239070      0.396655887     -0.106643729    
   3.00000000       800.000000       7.04544336E-02   8.70913506      0.268165201       3.07869341E-10  -3.04972578E-04   3.85873914E-02  -1.37592782E-04  -2.17996931      0.396646082     -0.108674593    
   4.00000000       800.000000       7.09533468E-02   8.77987480      0.266936988       3.03991721E-10  -2.84379028E-04   3.81214805E-02  -2.26853226E-04  -2.18775606      0.396630704     -0.110862546    
   5.00000000       800.000000       7.14557767E-02   8.85152435      0.265760064       3.00216213E-10  -2.57328851E-04   3.76616269E-02  -2.94737809E-04  -2.19575620      0.396609366     -0.112524875    
   6.00000000       800.000000       7.19595850E-02   8.92326069      0.264615804       2.96521585E-10  -2.25481795E-04   3.72077115E-02  -3.60944658E-04  -2.20389247      0.396583378     -0.112610392    
   7.00000000       800.000000       7.24673644E-02   8.99552822      0.263480216       2.92878388E-10  -1.92465668E-04   3.67599614E-02  -4.11635585E-04  -2.21201968      0.396553397     -0.110575385    
   8.00000000       800.000000       7.29827210E-02   9.06822109      0.262324721       2.89256313E-10  -1.61571181E-04   3.63179184E-02  -4.49986372E-04  -2.21997643      0.396520555     -0.106753558    
   9.00000000       800.000000       7.35015273E-02   9.14107132      0.261135280       2.85637070E-10  -1.35218303E-04   3.58818695E-02  -4.62183700E-04  -2.22765875      0.396486849     -0.101937987    
   10.0000000       800.000000       7.40236938E-02   9.21487141      0.259899408       2.82010248E-10  -1.14325754E-04   3.54514346E-02  -4.54142370E-04  -2.23501492      0.396452963      -9.64452922E-02
   11.0000000       800.000000       7.45541826E-02   9.28909588      0.258606970       2.78363610E-10  -1.00204510E-04   3.50263529E-02  -4.26822895E-04  -2.24198961      0.396421194      -9.01411623E-02
   12.0000000       800.000000       7.50876293E-02   9.36382198      0.257244945       2.74684692E-10  -9.42681363E-05   3.46069038E-02  -3.87978362E-04  -2.24850631      0.396391839      -8.28372166E-02
   13.0000000       800.000000       7.56227747E-02   9.43945217      0.255800873       2.70962336E-10  -9.78051248E-05   3.41928825E-02  -3.43129359E-04  -2.25447583      0.396366090      -7.50387236E-02
   2.00000000       800.000000       7.61684179E-02   9.51551723      0.254280835       2.67204009E-10  -1.10271685E-04   3.37839872E-02  -2.93355726E-04  -2.25989413      0.396343946      -6.80231601E-02
   3.00000000       800.000000       7.67170042E-02   9.59179592      0.252706677       2.63433442E-10  -1.29158769E-04   3.33802439E-02  -2.40125461E-04  -2.26487207      0.396324903      -6.27991259E-02
   4.00000000       800.000000       7.72694573E-02   9.66848755      0.251105517       2.59680194E-10  -1.50814099E-04   3.29811312E-02  -1.82261603E-04  -2.26955938      0.396311432      -5.97650856E-02
   5.00000000       800.000000       7.78230131E-02   9.74612713      0.249505907       2.55972604E-10  -1.71620311E-04   3.25874239E-02  -1.20356388E-04  -2.27414322      0.396302074      -5.88239245E-02
   6.00000000       800.000000       7.83851892E-02   9.82425022      0.247929633       2.52332960E-10  -1.88512087E-04   3.21983173E-02  -6.36340337E-05  -2.27875209      0.396297276      -5.93130849E-02
   7.00000000       800.000000       7.89523125E-02   9.90284920      0.246390536       2.48775084E-10  -1.99587346E-04   3.18141803E-02  -1.62728338E-05  -2.28347254      0.396295577      -6.07734583E-02
   8.00000000       800.000000       7.95280412E-02   9.98241329      0.244902268       2.45309550E-10  -2.03354532E-04   3.14345844E-02   2.49928307E-05  -2.28838658      0.396297604      -6.31735101E-02
   9.00000000       800.000000       8.01055804E-02   10.0623922      0.243475541       2.41946102E-10  -1.98478258E-04   3.10599841E-02   6.15803147E-05  -2.29355979      0.396302849      -6.62728846E-02
   10.0000000       800.000000       8.06882754E-02   10.1425762      0.242116570       2.38688347E-10  -1.84298377E-04   3.06902397E-02   9.94843067E-05  -2.29904103      0.396310776      -6.94439560E-02
   11.0000000       800.000000       8.12722519E-02   10.2231703      0.240816489       2.35526237E-10  -1.61850447E-04   3.03249452E-02   1.36057410E-04  -2.30480528      0.396321803      -7.16111287E-02
   12.0000000       800.000000       8.18665698E-02   10.3048105      0.239552960       2.32436306E-10  -1.33844092E-04   2.99643222E-02   1.68112441E-04  -2.31072688      0.396335721      -7.17372522E-02
   13.0000000       800.000000       8.24698508E-02   10.3871059      0.238294944       2.29385747E-10  -1.04243758E-04   2.96081919E-02   1.93544052E-04  -2.31659341      0.396351933      -6.94473907E-02
   2.00000000       800.000000       8.30690786E-02   10.4702911      0.237011194       2.26346081E-10  -7.70597326E-05   2.92566195E-02   2.15188818E-04  -2.32221818      0.396368444      -6.48108870E-02
   3.00000000       800.000000       8.36792067E-02   10.5531397      0.235675886       2.23293606E-10  -5.58531319E-05   2.89097894E-02   2.34822175E-04  -2.32740355      0.396389037      -5.82847223E-02
   4.00000000       800.000000       8.42924491E-02   10.6371202      0.234272763       2.20211516E-10  -4.29633401E-05   2.85670683E-02   2.53436156E-04  -2.33200955      0.396409839      -5.06522283E-02
   5.00000000       800.000000       8.49149227E-02   10.7222576      0.232790604       2.17092136E-10  -3.94349809E-05   2.82282680E-02   2.67257798E-04  -2.33597183      0.396432936      -4.25991230E-02
   6.00000000       800.000000       8.55400413E-02   10.8070173      0.231230810       2.13936119E-10  -4.53215544E-05   2.78940201E-02   2.72094883E-04  -2.33926916      0.396455973      -3.47281806E-02
   7.00000000       800.000000       8.61672983E-02   10.8929453      0.229601011       2.10754650E-10  -5.93641635E-05   2.75636725E-02   2.68650736E-04  -2.34193468      0.396480024      -2.79544722E-02
   8.00000000       800.000000       8.68062824E-02   10.9799843      0.227925643       2.07568768E-10  -7.87007230E-05   2.72373054E-02   2.60316243E-04  -2.34410644      0.396501750      -2.33034287E-02
   9.00000000       800.000000       8.74475688E-02   11.0664978      0.226236939       2.04408629E-10  -9.90981935E-05   2.69149225E-02   2.49127741E-04  -2.34599447      0.396523595      -2.12738868E-02
   10.0000000       800.000000       8.80924463E-02   11.1543617      0.224567622       2.01303973E-10  -1.15991730E-04   2.65964530E-02   2.34932668E-04  -2.34784055      0.396544486      -2.18699258E-02
   11.0000000       800.000000       8.87458175E-02   11.2425718      0.222948045       1.98280489E-10  -1.25303108E-04   2.62817908E-02   2.19192312E-04  -2.34986401      0.396563351      -2.45948993E-02
   12.0000000       800.000000       8.94047245E-02   11.3320246      0.221396327       1.95352123E-10  -1.24634462E-04   2.59709544E-02   2.03106247E-04  -2.35222244      0.396582633      -2.80688200E-02
   13.0000000       800.000000       9.00711343E-02   11.4218473      0.219909430       1.92516114E-10  -1.14029397E-04   2.56639589E-02   1.87395097E-04  -2.35489845      0.396598399      -3.11153736E-02
   2.00000000       800.000000       9.07422155E-02   11.5118284      0.218477398       1.89760069E-10  -9.49456517E-05   2.53606159E-02   1.73467590E-04  -2.35784698      0.396614611      -3.30850631E-02
   3.00000000       800.000000       9.14164707E-02   11.6033077      0.217079937       1.87066765E-10  -7.01334939E-05   2.50613410E-02   1.59198302E-04  -2.36092520      0.396629304      -3.31038386E-02
   4.00000000       800.000000       9.20993984E-02   11.6952047      0.215687320       1.84407767E-10  -4.34845388E-05   2.47653686E-02   1.43090962E-04  -2.36392307      0.396641791      -3.07011586E-02
   5.00000000       800.000000       9.27866399E-02   11.7873383      0.214266643       1.81756776E-10  -1.94029417E-05   2.44735721E-02   1.25834165E-04  -2.36660552      0.396653861      -2.55961586E-02
   6.00000000       800.000000       9.34779644E-02   11.8806105      0.212783933       1.79084261E-10  -2.65405606E-06   2.41848454E-02   1.06992135E-04  -2.36869168      0.396664172      -1.77591108E-02
   7.00000000       800.000000       9.41774696E-02   11.9743528      0.211213276       1.76369211E-10   3.03540787E-06   2.38998458E-02   8.70830845E-05  -2.36993480      0.396672130      -8.61422252E-03
   8.00000000       800.000000       9.48819369E-02   12.0688763      0.209556013       1.73615108E-10  -2.46436321E-06   2.36184113E-02   6.60962978E-05  -2.37031889      0.396678835      -2.02707466E-04
   9.00000000       800.000000       9.55979601E-02   12.1640635      0.207832351       1.70838427E-10  -1.64671583E-05   2.33401265E-02   4.40468975E-05  -2.36997843      0.396682709       6.41301787E-03
   10.0000000       800.000000       9.63135287E-02   12.2600622      0.206068486       1.68063133E-10  -3.53630894E-05   2.30652243E-02   2.23250172E-05  -2.36908889      0.396684378       1.06399227E-02
   11.0000000       800.000000       9.70358253E-02   12.3568468      0.204299405       1.65316413E-10  -5.44934228E-05   2.27935836E-02   2.94890151E-06  -2.36792064      0.396685660       1.20741474E-02
   12.0000000       800.000000       9.77677032E-02   12.4544106      0.202560216       1.62627148E-10  -6.88530272E-05   2.25249566E-02  -1.49606512E-05  -2.36673641      0.396683484       1.05939619E-02
   13.0000000       800.000000       9.85076427E-02   12.5523767      0.200883642       1.60020552E-10  -7.36033544E-05   2.22598594E-02  -3.02057069E-05  -2.36583853      0.396680593       6.83819596E-03
   2.00000000       800.000000       9.92456749E-02   12.6510534      0.199284390       1.57505536E-10  -6.65726766E-05   2.19976418E-02  -4.30433356E-05  -2.36538482      0.396676302       2.85513559E-03
   3.00000000       800.000000       9.99961421E-02   12.7503929      0.197745606       1.55068333E-10  -4.97035726E-05   2.17388105E-02  -5.40000401E-05  -2.36527419      0.396670729       6.00803585E-04
   4.00000000       800.000000      0.100751281       12.8514633      0.196238682       1.52684670E-10  -2.70584005E-05   2.14831624E-02  -6.34032331E-05  -2.36526275      0.396664232       9.59983561E-04
   5.00000000       800.000000      0.101513669       12.9527330      0.194727212       1.50325571E-10  -3.54748818E-06   2.12305952E-02  -7.19170203E-05  -2.36507726      0.396657795       4.14676173E-03
   6.00000000       800.000000      0.102282949       13.0543804      0.193176612       1.47964849E-10   1.56279093E-05   2.09810250E-02  -7.88649704E-05  -2.36441684      0.396649450       1.00931888E-02
   7.00000000       800.000000      0.103057869       13.1565609      0.191556603       1.45578910E-10   2.58009168E-05   2.07346398E-02  -8.45052928E-05  -2.36300516      0.396640509       1.82962455E-02
   8.00000000       800.000000      0.103839546       13.2604132      0.189850807       1.43156917E-10   2.44063267E-05   2.04911716E-02  -8.83995890E-05  -2.36063576      0.396631956       2.70542279E-02
   9.00000000       800.000000      0.104626514       13.3645535      0.188071609       1.40709527E-10   1.29356968E-05   2.02504024E-02  -9.01660824E-05  -2.35736251      0.396622032       3.39667983E-02
   10.0000000       800.000000      0.105420068       13.4691267      0.186255395       1.38263956E-10  -3.83877295E-06   2.00123768E-02  -8.95497287E-05  -2.35350156      0.396612227       3.78118865E-02
   11.0000000       800.000000      0.106228657       13.5754204      0.184440613       1.35849068E-10  -2.04225762E-05   1.97775848E-02  -8.68973002E-05  -2.34936237      0.396603316       3.87357026E-02
   12.0000000       800.000000      0.107034281       13.6821260      0.182659298       1.33488803E-10  -3.14409408E-05   1.95452180E-02  -8.27821277E-05  -2.34523654      0.396594197       3.70164961E-02
   13.0000000       800.000000      0.107849084       13.7891541      0.180939406       1.31201675E-10  -3.28322349E-05   1.93155259E-02  -7.74959699E-05  -2.34140778      0.396586508       3.35144140E-02
   2.00000000       800.000000      0.108672515       13.8981247      0.179287747       1.28991415E-10  -2.33085921E-05   1.90887172E-02  -7.15934948E-05  -2.33798218      0.396578610       3.03107165E-02
   3.00000000       800.000000      0.109497771       14.0066690      0.177681029       1.26839692E-10  -6.08385244E-06   1.88647714E-02  -6.55003169E-05  -2.33479381      0.396570951       2.97706425E-02
   4.00000000       800.000000      0.110339761       14.1170921      0.176076382       1.24715543E-10   1.32068644E-05   1.86434723E-02  -5.90530435E-05  -2.33143806      0.396564364       3.23060453E-02
   5.00000000       800.000000      0.111177742       14.2269335      0.174443036       1.22596697E-10   2.90319294E-05   1.84245240E-02  -5.20751637E-05  -2.32763839      0.396558136       3.73290218E-02
   6.00000000       800.000000      0.112030037       14.3394938      0.172752708       1.20463764E-10   3.69426780E-05   1.82086844E-02  -4.44195721E-05  -2.32310534      0.396553844       4.43470851E-02
   7.00000000       800.000000      0.112885214       14.4517355      0.170992866       1.18308696E-10   3.47372879E-05   1.79951116E-02  -3.60339291E-05  -2.31766939      0.396550089       5.16471826E-02
   8.00000000       800.000000      0.113750286       14.5650282      0.169178173       1.16142561E-10   2.44372841E-05   1.77839007E-02  -2.69507836E-05  -2.31140208      0.396547288       5.67986816E-02
   9.00000000       800.000000      0.114624061       14.6793976      0.167349175       1.13993065E-10   1.12756607E-05   1.75754949E-02  -1.80352290E-05  -2.30468988      0.396544963       5.89192696E-02
   10.0000000       800.000000      0.115506783       14.7940674      0.165536776       1.11881539E-10   7.80752316E-07   1.73693206E-02  -9.41856888E-06  -2.29784060      0.396543384       5.85331097E-02
   11.0000000       800.000000      0.116393380       14.9101496      0.163768068       1.09825454E-10  -2.66642837E-06   1.71653591E-02  -1.42181466E-06  -2.29111481      0.396543086       5.62479906E-02
   12.0000000       800.000000      0.117281690       15.0272551      0.162055358       1.07831931E-10   2.98371083E-06   1.69642512E-02   5.91024263E-06  -2.28469992      0.396543980       5.37237152E-02
   13.0000000       800.000000      0.118191823       15.1445360      0.160383344       1.05889693E-10   1.55921880E-05   1.67653691E-02   1.25020788E-05  -2.27846718      0.396545708       5.32069132E-02
   2.00000000       800.000000      0.119099334       15.2630339      0.158716336       1.03974468E-10   3.01364307E-05   1.65687390E-02   1.88520826E-05  -2.27206993      0.396548003       5.53779639E-02
   3.00000000       800.000000      0.120015435       15.3828135      0.157025918       1.02067861E-10   4.14332608E-05   1.63745228E-02   2.45416195E-05  -2.26522779      0.396551311       5.97116090E-02
   4.00000000       800.000000      0.120940529       15.5036430      0.155290902       1.00155738E-10   4.57591595E-05   1.61827430E-02   2.95268346E-05  -2.25768209      0.396554857       6.53769448E-02
   5.00000000       800.000000      0.121867239       15.6249332      0.153507635       9.82362386E-11   4.22401135E-05   1.59930475E-02   3.34952056E-05  -2.24935389      0.396558255       7.05380365E-02
   6.00000000       800.000000      0.122810721       15.7464323      0.151697412       9.63235255E-11   3.38948448E-05   1.58056095E-02   3.63155887E-05  -2.24042487      0.396562666       7.34845251E-02
   7.00000000       800.000000      0.123757191       15.8707790      0.149892285       9.44377493E-11   2.55979248E-05   1.56205390E-02   3.78126642E-05  -2.23123336      0.396567702       7.40969628E-02
   8.00000000       800.000000      0.124716990       15.9948425      0.148113817       9.25926349E-11   2.16061871E-05   1.54374531E-02   3.85531166E-05  -2.22201657      0.396572292       7.30298460E-02
   9.00000000       800.000000      0.125679165       16.1200333      0.146376237       9.07956349E-11   2.41642865E-05   1.52563499E-02   3.86025276E-05  -2.21294808      0.396576613       7.14703947E-02
   10.0000000       800.000000      0.126648560       16.2460766      0.144670993       8.90407886E-11   3.22304804E-05   1.50777409E-02   3.83931001E-05  -2.20397854      0.396582156       7.11439997E-02
   11.0000000       800.000000      0.127627030       16.3736973      0.142973498       8.73130665E-11   4.19060598E-05   1.49007542E-02   3.78636505E-05  -2.19485688      0.396586716       7.28221089E-02
   12.0000000       800.000000      0.128622070       16.5009899      0.141261056       8.55972376E-11   4.89803751E-05   1.47265065E-02   3.69652771E-05  -2.18531728      0.396591544       7.61179850E-02
   13.0000000       800.000000      0.129615709       16.6299458      0.139520571       8.38863076E-11   5.08853336E-05   1.45536903E-02   3.54125514E-05  -2.17519712      0.396596283       8.00214037E-02
   2.00000000       800.000000      0.130617574       16.7607040      0.137755170       8.21819002E-11   4.77817302E-05   1.43835703E-02   3.31513475E-05  -2.16449475      0.396600783       8.31415579E-02
   3.00000000       800.000000      0.131631613       16.8909397      0.135983393       8.04949302E-11   4.26333463E-05   1.42151145E-02   3.02644839E-05  -2.15339518      0.396604985       8.45569819E-02
   4.00000000       800.000000      0.132658064       17.0234966      0.134225830       7.88378599E-11   3.90925998E-05   1.40487365E-02   2.68631557E-05  -2.14214778      0.396608114       8.44802931E-02
   5.00000000       800.000000      0.133689612       17.1564980      0.132494226       7.72167053E-11   3.94918206E-05   1.38841430E-02   2.32923085E-05  -2.13089490      0.396611273       8.37615132E-02
   6.00000000       800.000000      0.134727374       17.2917385      0.130788252       7.56308349E-11   4.38744573E-05   1.37213618E-02   1.97163354E-05  -2.11966419      0.396613657       8.35056081E-02
   7.00000000       800.000000      0.135772675       17.4260139      0.129094377       7.40720610E-11   4.98945301E-05   1.35609312E-02   1.62001834E-05  -2.10830688      0.396616250       8.45017135E-02
   8.00000000       800.000000      0.136831790       17.5625153      0.127396077       7.25303359E-11   5.45340772E-05   1.34015894E-02   1.28440252E-05  -2.09663010      0.396618158       8.65743533E-02
   9.00000000       800.000000      0.137887821       17.6995029      0.125686109       7.10015727E-11   5.59959371E-05   1.32446466E-02   9.54127972E-06  -2.08452368      0.396619499       8.89809802E-02
   10.0000000       800.000000      0.138969555       17.8388729      0.123966254       6.94863819E-11   5.44794893E-05   1.30898245E-02   6.30356908E-06  -2.07199407      0.396620065       9.08397436E-02
   11.0000000       800.000000      0.140046909       17.9775219      0.122248925       6.79920981E-11   5.20278263E-05   1.29362829E-02   3.14055501E-06  -2.05917811      0.396620005       9.16096270E-02
   12.0000000       800.000000      0.141143247       18.1181393      0.120546326       6.65247510E-11   5.09905003E-05   1.27852354E-02   7.47654809E-08  -2.04623604      0.396620601       9.15458575E-02
   13.0000000       800.000000      0.142242312       18.2606220      0.118862957       6.50869914E-11   5.24674251E-05   1.26352003E-02  -2.82089763E-06  -2.03323317      0.396620125       9.13088694E-02
   2.00000000       800.000000      0.143348306       18.4025784      0.117196336       6.36763697E-11   5.58223619E-05   1.24874879E-02  -5.46608362E-06  -2.02015376      0.396619141       9.15699378E-02
   3.00000000       800.000000      0.144470185       18.5468769      0.115536287       6.22873975E-11   5.92409306E-05   1.23407263E-02  -7.79209859E-06  -2.00688171      0.396618336       9.25438926E-02
   4.00000000       800.000000      0.145599216       18.6916237      0.113876000       6.09160014E-11   6.11529904E-05   1.21965939E-02  -9.73306305E-06  -1.99330854      0.396616995       9.38850716E-02
   5.00000000       800.000000      0.146730632       18.8387299      0.112215303       5.95617028E-11   6.12036820E-05   1.20540261E-02  -1.12811840E-05  -1.97943032      0.396614760       9.50559378E-02
   6.00000000       800.000000      0.147886083       18.9852219      0.110559039       5.82272563E-11   6.03761728E-05   1.19128758E-02  -1.24695807E-05  -1.96530962      0.396612942       9.56305638E-02
   7.00000000       800.000000      0.149040878       19.1336536      0.108915031       5.69163258E-11   6.01235843E-05   1.17732519E-02  -1.33480962E-05  -1.95103920      0.396611243       9.56739411E-02
   8.00000000       800.000000      0.150206983       19.2841053      0.107286543       5.56304898E-11   6.12117728E-05   1.16348779E-02  -1.39778012E-05  -1.93667746      0.396609366       9.55707431E-02
   9.00000000       800.000000      0.151375279       19.4338169      0.105672576       5.43682634E-11   6.33218297E-05   1.14990473E-02  -1.43672660E-05  -1.92222118      0.396607131       9.56980363E-02
   10.0000000       800.000000      0.152559474       19.5859928      0.104067452       5.31272283E-11   6.54172400E-05   1.13640279E-02  -1.45186395E-05  -1.90758753      0.396604240       9.61730480E-02
   11.0000000       800.000000      0.153755501       19.7391071      0.102468625       5.19050081E-11   6.66585038E-05   1.12311337E-02  -1.43985044E-05  -1.89274883      0.396601856       9.67806503E-02
   12.0000000       800.000000      0.154966682       19.8943138      0.100876749       5.07020051E-11   6.69957662E-05   1.11001953E-02  -1.40122183E-05  -1.87770915      0.396599859       9.72211584E-02
   13.0000000       800.000000      0.156182289       20.0499210       9.92943048E-02   4.95194476E-11   6.70700247E-05   1.09695615E-02  -1.33922531E-05  -1.86250377      0.396598130       9.73327756E-02
   2.00000000       800.000000      0.157407701       20.2067699       9.77254063E-02   4.83589176E-11   6.75941046E-05   1.08413445E-02  -1.25969391E-05  -1.84719121      0.396596402       9.72134918E-02
   3.00000000       800.000000      0.158632427       20.3635406       9.61701274E-02   4.72200647E-11   6.87575302E-05   1.07146110E-02  -1.16806859E-05  -1.83178139      0.396594197       9.70831737E-02
   4.00000000       800.000000      0.159881696       20.5234394       9.46285576E-02   4.61024274E-11   7.01910103E-05   1.05891591E-02  -1.06730204E-05  -1.81626630      0.396592528       9.70770568E-02
   5.00000000       800.000000      0.161134437       20.6836548       9.30970982E-02   4.50045036E-11   7.13886766E-05   1.04651721E-02  -9.57921475E-06  -1.80061555      0.396590948       9.71628353E-02
   6.00000000       800.000000      0.162408039       20.8466339       9.15759802E-02   4.39256964E-11   7.21316610E-05   1.03426063E-02  -8.40469602E-06  -1.78483510      0.396589667       9.72119421E-02
   7.00000000       800.000000      0.163673609       21.0080662       9.00668651E-02   4.28664812E-11   7.26122671E-05   1.02214487E-02  -7.16029535E-06  -1.76891875      0.396588922       9.71069410E-02
   8.00000000       800.000000      0.164970547       21.1726456       8.85710269E-02   4.18274235E-11   7.32081025E-05   1.01014115E-02  -5.87781187E-06  -1.75291538      0.396587729       9.68487114E-02
   9.00000000       800.000000      0.166260168       21.3390827       8.70895013E-02   4.08085024E-11   7.40915566E-05   9.98315588E-03  -4.58962495E-06  -1.73683727      0.396587044       9.65416580E-02
   10.0000000       800.000000      0.167571649       21.5048828       8.56219009E-02   3.98095168E-11   7.51244515E-05   9.86662600E-03  -3.33291291E-06  -1.72067404      0.396586716       9.62628499E-02
   11.0000000       800.000000      0.168884769       21.6747990       8.41675848E-02   3.88293911E-11   7.60614203E-05   9.75075830E-03  -2.13405974E-06  -1.70445168      0.396586388       9.60073620E-02
   12.0000000       800.000000      0.170220941       21.8437004       8.27261582E-02   3.78681912E-11   7.67951642E-05   9.63727757E-03  -1.00699640E-06  -1.68813539      0.396586150       9.57134888E-02
   13.0000000       800.000000      0.171562597       22.0148487       8.12985376E-02   3.69258270E-11   7.74189102E-05   9.52379312E-03   4.13784491E-08  -1.67174053      0.396586388       9.53357667E-02
   2.00000000       800.000000      0.172911152       22.1867790       7.98850954E-02   3.60022220E-11   7.80836199E-05   9.41265188E-03   1.00915497E-06  -1.65528131      0.396586359       9.48839933E-02
   3.00000000       800.000000      0.174262822       22.3595982       7.84866288E-02   3.50973139E-11   7.88410180E-05   9.30214487E-03   1.88485956E-06  -1.63879812      0.396586865       9.43976864E-02
   4.00000000       800.000000      0.175636902       22.5350342       7.71034285E-02   3.42107974E-11   7.96278546E-05   9.19341110E-03   2.65859512E-06  -1.62225997      0.396586716       9.39018279E-02
   5.00000000       800.000000      0.177029908       22.7109966       7.57339671E-02   3.33424226E-11   8.03592557E-05   9.08604916E-03   3.32528907E-06  -1.60568833      0.396587402       9.33879316E-02
   6.00000000       800.000000      0.178427994       22.8897495       7.43793026E-02   3.24920368E-11   8.10288620E-05   8.97965487E-03   3.88432682E-06  -1.58908784      0.396587849       9.28308740E-02
   7.00000000       800.000000      0.179832757       23.0675335       7.30400309E-02   3.16593141E-11   8.16981337E-05   8.87442753E-03   4.33925425E-06  -1.57244265      0.396588743       9.22232568E-02
   8.00000000       800.000000      0.181247130       23.2492962       7.17161745E-02   3.08437442E-11   8.24077579E-05   8.77011288E-03   4.69245742E-06  -1.55578423      0.396589428       9.15810987E-02
   9.00000000       800.000000      0.182678327       23.4303741       7.04077259E-02   3.00460282E-11   8.31322832E-05   8.66746157E-03   4.94512688E-06  -1.53910077      0.396589994       9.09218937E-02
   10.0000000       800.000000      0.184120178       23.6137962       6.91148415E-02   2.92654546E-11   8.38059204E-05   8.56601354E-03   5.09804386E-06  -1.52241743      0.396590948       9.02504399E-02
   11.0000000       800.000000      0.185574606       23.7995758       6.78367689E-02   2.85011407E-11   8.43839516E-05   8.46614782E-03   5.15402189E-06  -1.50574172      0.396591842       8.95559415E-02
   12.0000000       800.000000      0.187039450       23.9845982       6.65750578E-02   2.77529891E-11   8.48798081E-05   8.36700480E-03   5.12010956E-06  -1.48906362      0.396593273       8.88243616E-02
   13.0000000       800.000000      0.188515589       24.1725788       6.53278828E-02   2.70224763E-11   8.53431848E-05   8.26881733E-03   5.00517626E-06  -1.47237790      0.396594197       8.80535617E-02
   2.00000000       800.000000      0.190003842       24.3626595       6.40964881E-02   2.63071960E-11   8.58198182E-05   8.17236677E-03   4.81818006E-06  -1.45571327      0.396595210       8.72485936E-02
   3.00000000       800.000000      0.191507503       24.5538692       6.28825948E-02   2.56079168E-11   8.63331370E-05   8.07624776E-03   4.56819453E-06  -1.43908525      0.396596432       8.64173621E-02
   4.00000000       800.000000      0.193027228       24.7454605       6.16845451E-02   2.49250412E-11   8.68909265E-05   7.98209663E-03   4.26507631E-06  -1.42248082      0.396597207       8.55631828E-02
   5.00000000       800.000000      0.194553345       24.9383144       6.05021939E-02   2.42570495E-11   8.74933176E-05   7.88864028E-03   3.91931462E-06  -1.40592349      0.396598071       8.46905187E-02
   6.00000000       800.000000      0.196085945       25.1336231       5.93363456E-02   2.36048178E-11   8.81208689E-05   7.79594528E-03   3.54144936E-06  -1.38941276      0.396598577       8.38055238E-02
   7.00000000       800.000000      0.197636858       25.3313236       5.81865497E-02   2.29681048E-11   8.87337737E-05   7.70503609E-03   3.14130921E-06  -1.37292075      0.396599352       8.29125643E-02
   8.00000000       800.000000      0.199212298       25.5304661       5.70523590E-02   2.23451032E-11   8.92883327E-05   7.61463679E-03   2.72789384E-06  -1.35649824      0.396599948       8.20111558E-02
   9.00000000       800.000000      0.200781316       25.7297115       5.59346378E-02   2.17370948E-11   8.97597492E-05   7.52572389E-03   2.30919409E-06  -1.34011829      0.396600455       8.10957253E-02
   10.0000000       800.000000      0.202371761       25.9304714       5.48328459E-02   2.11432798E-11   9.01559470E-05   7.43730087E-03   1.89257798E-06  -1.32381463      0.396601021       8.01599622E-02
   11.0000000       800.000000      0.203978211       26.1335907       5.37470803E-02   2.05633531E-11   9.05105044E-05   7.35053467E-03   1.48499100E-06  -1.30754232      0.396601230       7.92022049E-02
   12.0000000       800.000000      0.205590189       26.3390236       5.26775829E-02   1.99976025E-11   9.08637739E-05   7.26442738E-03   1.09295468E-06  -1.29135799      0.396601468       7.82238171E-02
   13.0000000       800.000000      0.207215562       26.5462608       5.16249985E-02   1.94450393E-11   9.12468240E-05   7.17926072E-03   7.21986510E-07  -1.27526069      0.396601439       7.72295147E-02
   2.00000000       800.000000      0.208862230       26.7531796       5.05873524E-02   1.89063244E-11   9.16711215E-05   7.09532620E-03   3.76301443E-07  -1.25923598      0.396601915       7.62254298E-02
   3.00000000       800.000000      0.210511744       26.9634609       4.95663807E-02   1.83806009E-11   9.21282699E-05   7.01210229E-03   5.88523292E-08  -1.24328125      0.396601647       7.52162039E-02
   4.00000000       800.000000      0.212182373       27.1744270       4.85608168E-02   1.78681514E-11   9.25916102E-05   6.93008536E-03  -2.28759234E-07  -1.22743487      0.396601617       7.42054880E-02
   5.00000000       800.000000      0.213867262       27.3881035       4.75729182E-02   1.73681555E-11   9.30272363E-05   6.84920000E-03  -4.86028853E-07  -1.21167326      0.396601528       7.31944069E-02
   6.00000000       800.000000      0.215570495       27.6017551       4.65997308E-02   1.68803652E-11   9.34064665E-05   6.76902849E-03  -7.13203008E-07  -1.19600379      0.396601468       7.21817762E-02
   7.00000000       800.000000      0.217280358       27.8196926       4.56414744E-02   1.64048775E-11   9.37142104E-05   6.68965140E-03  -9.10727522E-07  -1.18042850      0.396601319       7.11655617E-02
   8.00000000       800.000000      0.218995273       28.0367794       4.46995758E-02   1.59414339E-11   9.39503443E-05   6.61144638E-03  -1.07886740E-06  -1.16495764      0.396601319       7.01436028E-02
   9.00000000       800.000000      0.220740929       28.2576332       4.37732153E-02   1.54896304E-11   9.41316612E-05   6.53395383E-03  -1.21766527E-06  -1.14958465      0.396600962       6.91137910E-02
   10.0000000       800.000000      0.222490728       28.4788132       4.28624935E-02   1.50492448E-11   9.42837796E-05   6.45753229E-03  -1.32708681E-06  -1.13432658      0.396600455       6.80771470E-02
   11.0000000       800.000000      0.224248633       28.7025547       4.19672094E-02   1.46200413E-11   9.44343192E-05   6.38197642E-03  -1.40721113E-06  -1.11916959      0.396600127       6.70348182E-02
   12.0000000       800.000000      0.226034790       28.9273281       4.10873406E-02   1.42022843E-11   9.46036453E-05   6.30741008E-03  -1.45856893E-06  -1.10413992      0.396599740       6.59890324E-02
   13.0000000       800.000000      0.227838799       29.1540203       4.02228050E-02   1.37951213E-11   9.48031811E-05   6.23325584E-03  -1.48254230E-06  -1.08922565      0.396599323       6.49434105E-02
   2.00000000       800.000000      0.229636580       29.3828106       3.93733829E-02   1.33986329E-11   9.50362301E-05   6.16057077E-03  -1.48139429E-06  -1.07443357      0.396598846       6.38991222E-02
   3.00000000       800.000000      0.231463313       29.6143074       3.85393128E-02   1.30127775E-11   9.52987975E-05   6.08826336E-03  -1.45824458E-06  -1.05976129      0.396598786       6.28580898E-02
   4.00000000       800.000000      0.233298600       29.8444633       3.77195738E-02   1.26367822E-11   9.55815703E-05   6.01700833E-03  -1.41660371E-06  -1.04521644      0.396598428       6.18225560E-02
   5.00000000       800.000000      0.235164225       30.0788250       3.69149521E-02   1.22709117E-11   9.58676028E-05   5.94689883E-03  -1.35991661E-06  -1.03079927      0.396598518       6.07935749E-02
   6.00000000       800.000000      0.237021416       30.3152733       3.61248292E-02   1.19147938E-11   9.61322366E-05   5.87719027E-03  -1.29114494E-06  -1.01651502      0.396598220       5.97732551E-02
   7.00000000       800.000000      0.238909259       30.5545444       3.53490524E-02   1.15681865E-11   9.63484927E-05   5.80808194E-03  -1.21248866E-06  -1.00235546      0.396597981       5.87612502E-02
   8.00000000       800.000000      0.240805298       30.7942753       3.45878676E-02   1.12307958E-11   9.64981227E-05   5.74024627E-03  -1.12545115E-06 -0.988318384      0.396597683       5.77557832E-02
   9.00000000       800.000000      0.242732763       31.0363560       3.38400118E-02   1.09024170E-11   9.65804065E-05   5.67317009E-03  -1.03098102E-06 -0.974427104      0.396597505       5.67547306E-02
   10.0000000       800.000000      0.244650185       31.2805672       3.31065059E-02   1.05829338E-11   9.66163061E-05   5.60669880E-03  -9.29920532E-07 -0.960661232      0.396597177       5.57557866E-02
   11.0000000       800.000000      0.246601894       31.5240726       3.23866941E-02   1.02723090E-11   9.66393927E-05   5.54090226E-03  -8.23261757E-07 -0.947031260      0.396596849       5.47587723E-02
   12.0000000       800.000000      0.248575494       31.7732716       3.16808783E-02   9.97005950E-12   9.66805092E-05   5.47605241E-03  -7.12393614E-07 -0.933547616      0.396596640       5.37663996E-02
   13.0000000       800.000000      0.250549018       32.0229034       3.09882872E-02   9.67613403E-12   9.67522064E-05   5.41211525E-03  -5.99112127E-07 -0.920196235      0.396596342       5.27823493E-02
   2.00000000       800.000000      0.252544135       32.2734489       3.03094201E-02   9.39038083E-12   9.68430249E-05   5.34892268E-03  -4.85499527E-07 -0.906992614      0.396596164       5.18092662E-02
   3.00000000       800.000000      0.254557490       32.5260506       2.96435114E-02   9.11251283E-12   9.69276807E-05   5.28620230E-03  -3.73734053E-07 -0.893921733      0.396596193       5.08492291E-02
   4.00000000       800.000000      0.256586730       32.7818604       2.89906804E-02   8.84237909E-12   9.69807879E-05   5.22422884E-03  -2.65810854E-07 -0.880999565      0.396596104       4.99006435E-02
   5.00000000       800.000000      0.258610994       33.0395813       2.83505917E-02   8.57965522E-12   9.69946705E-05   5.16317785E-03  -1.63381102E-07 -0.868212342      0.396595955       4.89617661E-02
   6.00000000       800.000000      0.260681123       33.2992859       2.77231298E-02   8.32437157E-12   9.69776447E-05   5.10286307E-03  -6.76198439E-08 -0.855572283      0.396596104       4.80306298E-02
   7.00000000       800.000000      0.262756377       33.5623474       2.71081589E-02   8.07621504E-12   9.69496978E-05   5.04301395E-03   2.07491766E-08 -0.843072534      0.396596164       4.71076109E-02
   8.00000000       800.000000      0.264846563       33.8261070       2.65055131E-02   7.83509542E-12   9.69311295E-05   4.98390105E-03   1.01432022E-07 -0.830723405      0.396596164       4.61932458E-02
   9.00000000       800.000000      0.266964108       34.0918350       2.59150155E-02   7.60080367E-12   9.69255561E-05   4.92566638E-03   1.74334815E-07 -0.818508804      0.396596164       4.52902764E-02
   10.0000000       800.000000      0.269089431       34.3593788       2.53364034E-02   7.37318800E-12   9.69218745E-05   4.86776233E-03   2.39325118E-07 -0.806443095      0.396596223       4.44005728E-02
   11.0000000       800.000000      0.271236569       34.6304741       2.47697923E-02   7.15199948E-12   9.68986424E-05   4.81103500E-03   2.96146339E-07 -0.794524312      0.396596521       4.35246825E-02
   12.0000000       800.000000      0.273390830       34.9008446       2.42144652E-02   6.93714487E-12   9.68371169E-05   4.75475285E-03   3.44393584E-07 -0.782741189      0.396596551       4.26617824E-02
   13.0000000       800.000000      0.275573671       35.1773834       2.36706920E-02   6.72844766E-12   9.67325177E-05   4.69880411E-03   3.83584108E-07 -0.771098614      0.396596789       4.18100767E-02
   2.00000000       800.000000      0.277770936       35.4531212       2.31380537E-02   6.52572397E-12   9.65945292E-05   4.64370102E-03   4.13365285E-07 -0.759603977      0.396596789       4.09684964E-02
   3.00000000       800.000000      0.279982239       35.7325478       2.26165969E-02   6.32886105E-12   9.64409992E-05   4.58934391E-03   4.33667253E-07 -0.748246193      0.396596879       4.01370712E-02
   4.00000000       800.000000      0.282222867       36.0137329       2.21059211E-02   6.13763250E-12   9.62896811E-05   4.53567971E-03   4.44807398E-07 -0.737035632      0.396597087       3.93161811E-02
   5.00000000       800.000000      0.284471065       36.2968369       2.16058958E-02   5.95201926E-12   9.61493351E-05   4.48249932E-03   4.47477589E-07 -0.725967765      0.396597177       3.85073721E-02
   6.00000000       800.000000      0.286742091       36.5804558       2.11165305E-02   5.77175460E-12   9.60167235E-05   4.43004631E-03   4.42704504E-07 -0.715039372      0.396597207       3.77120003E-02
   7.00000000       800.000000      0.289016098       36.8690605       2.06373613E-02   5.59674442E-12   9.58798555E-05   4.37830435E-03   4.31666081E-07 -0.704255104      0.396597415       3.69303115E-02
   8.00000000       800.000000      0.291324228       37.1585426       2.01683678E-02   5.42682479E-12   9.57246593E-05   4.32687672E-03   4.15546509E-07 -0.693606615      0.396597505       3.61623131E-02
   9.00000000       800.000000      0.293644518       37.4530144       1.97093841E-02   5.26196317E-12   9.55430150E-05   4.27627610E-03   3.95365220E-07 -0.683100522      0.396597445       3.54071818E-02
   10.0000000       800.000000      0.296003997       37.7481918       1.92600824E-02   5.10183128E-12   9.53369527E-05   4.22603078E-03   3.71885960E-07 -0.672731042      0.396597564       3.46637815E-02
   11.0000000       800.000000      0.298353791       38.0451622       1.88204478E-02   4.94641524E-12   9.51190013E-05   4.17680340E-03   3.45609351E-07 -0.662498772      0.396597683       3.39310952E-02
   12.0000000       800.000000      0.300734103       38.3437805       1.83903091E-02   4.79559838E-12   9.49096502E-05   4.12773434E-03   3.16846013E-07 -0.652402520      0.396597892       3.32092680E-02
   13.0000000       800.000000      0.303147912       38.6467476       1.79693699E-02   4.64922848E-12   9.47281442E-05   4.07952163E-03   2.85857595E-07 -0.642443001      0.396598011       3.24982554E-02
   2.00000000       800.000000      0.305555582       38.9513550       1.75576359E-02   4.50720494E-12   9.45839274E-05   4.03149240E-03   2.53029810E-07 -0.632620573      0.396598011       3.17996554E-02
   3.00000000       800.000000      0.307996303       39.2577019       1.71548165E-02   4.36938636E-12   9.44740896E-05   3.98443593E-03   2.18957510E-07 -0.622933209      0.396598071       3.11140977E-02
   4.00000000       800.000000      0.310469896       39.5681572       1.67608652E-02   4.23567431E-12   9.43856139E-05   3.93771986E-03   1.84414475E-07 -0.613378227      0.396598220       3.04418206E-02
   5.00000000       800.000000      0.312931180       39.8770142       1.63754839E-02   4.10593434E-12   9.43030682E-05   3.89163755E-03   1.50281522E-07 -0.603953540      0.396598279       2.97827963E-02
   6.00000000       800.000000      0.315432847       40.1933212       1.59985386E-02   3.98005413E-12   9.42180559E-05   3.84608703E-03   1.17335603E-07 -0.594662368      0.396598339       2.91360859E-02
   7.00000000       800.000000      0.317947745       40.5082169       1.56298392E-02   3.85795822E-12   9.41290346E-05   3.80101241E-03   8.61328147E-08 -0.585500121      0.396598339       2.85013355E-02
   8.00000000       800.000000      0.320495814       40.8281288       1.52692692E-02   3.73946447E-12   9.40341852E-05   3.75645445E-03   5.70065168E-08 -0.576465845      0.396598309       2.78786011E-02
   9.00000000       800.000000      0.323059022       41.1489258       1.49166528E-02   3.62454945E-12   9.39281308E-05   3.71237681E-03   3.00778815E-08 -0.567558706      0.396598399       2.72680335E-02
   10.0000000       800.000000      0.325634599       41.4749947       1.45717915E-02   3.51306744E-12   9.38030062E-05   3.66878673E-03   5.34606093E-09 -0.558777034      0.396598399       2.66695451E-02
   11.0000000       800.000000      0.328246117       41.8027420       1.42345224E-02   3.40491437E-12   9.36608412E-05   3.62585322E-03  -1.72356067E-08 -0.550121784      0.396598339       2.60817725E-02
   12.0000000       800.000000      0.330868602       42.1312904       1.39049152E-02   3.30003256E-12   9.35100834E-05   3.58324265E-03  -3.76903095E-08 -0.541587949      0.396598220       2.55047400E-02
   13.0000000       800.000000      0.333499759       42.4624519       1.35824606E-02   3.19832160E-12   9.33580595E-05   3.54127912E-03  -5.59809834E-08 -0.533175528      0.396598220       2.49380544E-02
   2.00000000       800.000000      0.336178690       42.7972488       1.32673504E-02   3.09966744E-12   9.32142721E-05   3.49989836E-03  -7.20129592E-08 -0.524886370      0.396598190       2.43824590E-02
   3.00000000       800.000000      0.338866234       43.1343956       1.29591785E-02   3.00397966E-12   9.30854003E-05   3.45875160E-03  -8.56709264E-08 -0.516716778      0.396598130       2.38368940E-02
   4.00000000       800.000000      0.341564178       43.4764404       1.26580037E-02   2.91124199E-12   9.29724265E-05   3.41806072E-03  -9.68908225E-08 -0.508666754      0.396598220       2.33021360E-02
   5.00000000       800.000000      0.344298780       43.8198090       1.23636425E-02   2.82125842E-12   9.28715162E-05   3.37800384E-03  -1.05706512E-07 -0.500734687      0.396598220       2.27789264E-02
   6.00000000       800.000000      0.347046673       44.1641579       1.20760510E-02   2.73400942E-12   9.27714573E-05   3.33850901E-03  -1.12250376E-07 -0.492918611      0.396598190       2.22666450E-02
   7.00000000       800.000000      0.349838823       44.5138283       1.17946817E-02   2.64945552E-12   9.26615321E-05   3.29935085E-03  -1.16747493E-07 -0.485217154      0.396598279       2.17657443E-02
   8.00000000       800.000000      0.352615893       44.8651733       1.15197804E-02   2.56744734E-12   9.25317800E-05   3.26061505E-03  -1.19452253E-07 -0.477628350      0.396598279       2.12749410E-02
   9.00000000       800.000000      0.355454803       45.2186356       1.12511059E-02   2.48791851E-12   9.23761399E-05   3.22244666E-03  -1.20584772E-07 -0.470152140      0.396598220       2.07944624E-02
   10.0000000       800.000000      0.358279139       45.5763397       1.09885251E-02   2.41083325E-12   9.21953906E-05   3.18462308E-03  -1.20305415E-07 -0.462789059      0.396598130       2.03235112E-02
   11.0000000       800.000000      0.361149102       45.9357567       1.07318768E-02   2.33609247E-12   9.19961167E-05   3.14715039E-03  -1.18700761E-07 -0.455529332      0.396598071       1.98616069E-02
   12.0000000       800.000000      0.364027262       46.2968864       1.04810642E-02   2.26363546E-12   9.17926154E-05   3.11031658E-03  -1.15830936E-07 -0.448385864      0.396597981       1.94084421E-02
   13.0000000       800.000000      0.366944253       46.6631355       1.02360100E-02   2.19338978E-12   9.16004356E-05   3.07372212E-03  -1.11750353E-07 -0.441344231      0.396597981       1.89639255E-02
   2.00000000       800.000000      0.369876415       47.0312233       9.99662001E-03   2.12531468E-12   9.14332777E-05   3.03777307E-03  -1.06563682E-07 -0.434411287      0.396597892       1.85281709E-02
   3.00000000       800.000000      0.372847915       47.4044495       9.76269692E-03   2.05931604E-12   9.12950563E-05   3.00214649E-03  -1.00408080E-07 -0.427583039      0.396597862       1.81019828E-02
   4.00000000       800.000000      0.375840873       47.7758026       9.53417551E-03   1.99535527E-12   9.11783500E-05   2.96687963E-03  -9.34646920E-08 -0.420859009      0.396597832       1.76852867E-02
   5.00000000       800.000000      0.378836393       48.1548996       9.31089744E-03   1.93335907E-12   9.10676099E-05   2.93202489E-03  -8.59218972E-08 -0.414235115      0.396597773       1.72785409E-02
   6.00000000       800.000000      0.381849557       48.5329056       9.09273420E-03   1.87326608E-12   9.09426381E-05   2.89761927E-03  -7.79533877E-08 -0.407715976      0.396597683       1.68816969E-02
   7.00000000       800.000000      0.384928495       48.9166336       8.87960475E-03   1.81501689E-12   9.07815484E-05   2.86354567E-03  -6.96953819E-08 -0.401290357      0.396597743       1.64943077E-02
   8.00000000       800.000000      0.388007849       49.3037720       8.67132097E-03   1.75855283E-12   9.05717898E-05   2.82999547E-03  -6.12224227E-08 -0.394966394      0.396597683       1.61154382E-02
   9.00000000       800.000000      0.391112477       49.6939621       8.46787635E-03   1.70382371E-12   9.03140317E-05   2.79670046E-03  -5.26142010E-08 -0.388736278      0.396597683       1.57446824E-02
   10.0000000       800.000000      0.394236952       50.0870171       8.26907158E-03   1.65079257E-12   9.00184314E-05   2.76384153E-03  -4.39671943E-08 -0.382598788      0.396597683       1.53810969E-02
   11.0000000       800.000000      0.397388846       50.4830971       8.07491038E-03   1.59938154E-12   8.97030259E-05   2.73141265E-03  -3.53856464E-08 -0.376562148      0.396597624       1.50242662E-02
   12.0000000       800.000000      0.400564700       50.8813133       7.88521674E-03   1.54956310E-12   8.93907782E-05   2.69937073E-03  -2.69898948E-08 -0.370612741      0.396597624       1.46744549E-02
   13.0000000       800.000000      0.403795749       51.2825050       7.69993104E-03   1.50128824E-12   8.90997471E-05   2.66758609E-03  -1.89234317E-08 -0.364756554      0.396597624       1.43319741E-02
   2.00000000       800.000000      0.406995207       51.6878319       7.51900719E-03   1.45450069E-12   8.88321592E-05   2.63640843E-03  -1.13027880E-08 -0.358994544      0.396597624       1.39975064E-02
   3.00000000       800.000000      0.410275906       52.0953789       7.34225800E-03   1.40917443E-12   8.85686095E-05   2.60542287E-03  -4.23661817E-09 -0.353316516      0.396597534       1.36711011E-02
   4.00000000       800.000000      0.413564175       52.5095062       7.16957217E-03   1.36524375E-12   8.82953027E-05   2.57482613E-03   2.19952390E-09 -0.347728610      0.396597534       1.33529557E-02
   5.00000000       800.000000      0.416869521       52.9231834       7.00099114E-03   1.32266821E-12   8.79947765E-05   2.54443451E-03   7.92729615E-09 -0.342228234      0.396597534       1.30427592E-02
   6.00000000       800.000000      0.420203984       53.3436661       6.83626439E-03   1.28141985E-12   8.76493650E-05   2.51460890E-03   1.29354900E-08 -0.336811841      0.396597534       1.27397515E-02
   7.00000000       800.000000      0.423574746       53.7655487       6.67533325E-03   1.24144271E-12   8.72674573E-05   2.48515373E-03   1.72208523E-08 -0.331477672      0.396597534       1.24433897E-02
   8.00000000       800.000000      0.426962882       54.1887779       6.51815021E-03   1.20270157E-12   8.68606585E-05   2.45581614E-03   2.07989306E-08 -0.326227874      0.396597534       1.21530481E-02
   9.00000000       800.000000      0.430381179       54.6191368       6.36465941E-03   1.16515500E-12   8.64395333E-05   2.42707180E-03   2.36923050E-08 -0.321059763      0.396597624       1.18693514E-02
   10.0000000       800.000000      0.433835030       55.0515404       6.21468015E-03   1.12877568E-12   8.60150831E-05   2.39849067E-03   2.59259512E-08 -0.315971017      0.396597445       1.15919067E-02
   11.0000000       800.000000      0.437294513       55.4855461       6.06819801E-03   1.09352805E-12   8.55894104E-05   2.37033213E-03   2.75329857E-08 -0.310961664      0.396597534       1.13211954E-02
   12.0000000       800.000000      0.440796643       55.9234009       5.92515711E-03   1.05936885E-12   8.51630466E-05   2.34235334E-03   2.85580128E-08 -0.306030750      0.396597624       1.10566765E-02
   13.0000000       800.000000      0.444335788       56.3692284       5.78549365E-03   1.02626859E-12   8.47341289E-05   2.31493497E-03   2.90615354E-08 -0.301173538      0.396597624       1.07982969E-02
   2.00000000       800.000000      0.447884768       56.8128738       5.64906327E-03   9.94190082E-13   8.43067683E-05   2.28773267E-03   2.91159150E-08 -0.296396255      0.396597624       1.05460193E-02
   3.00000000       800.000000      0.451492101       57.2652702       5.51579241E-03   9.63110234E-13   8.38886190E-05   2.26071361E-03   2.87998247E-08 -0.291691154      0.396597624       1.02993296E-02
   4.00000000       800.000000      0.455087274       57.7184486       5.38556557E-03   9.32995760E-13   8.34930834E-05   2.23411759E-03   2.81884347E-08 -0.287058800      0.396597683       1.00580240E-02
   5.00000000       800.000000      0.458740443       58.1730003       5.25844702E-03   9.03816193E-13   8.31345096E-05   2.20787083E-03   2.73470508E-08 -0.282498330      0.396597773       9.82217304E-03
   6.00000000       800.000000      0.462410837       58.6358948       5.13427798E-03   8.75542098E-13   8.28221819E-05   2.18197936E-03   2.63263598E-08 -0.278010875      0.396597862       9.59148444E-03
   7.00000000       800.000000      0.466109008       59.0983734       5.01303421E-03   8.48152061E-13   8.25600364E-05   2.15625949E-03   2.51661767E-08 -0.273592472      0.396597773       9.36619844E-03
   8.00000000       800.000000      0.469850868       59.5668716       4.89461981E-03   8.21611063E-13   8.23411319E-05   2.13095546E-03   2.38993625E-08 -0.269242018      0.396597773       9.14661027E-03
   9.00000000       800.000000      0.473630607       60.0369263       4.77896444E-03   7.95900726E-13   8.21517460E-05   2.10575084E-03   2.25576677E-08 -0.264962435      0.396597773       8.93227477E-03
   10.0000000       800.000000      0.477417022       60.5153427       4.66601830E-03   7.70977520E-13   8.19745837E-05   2.08103424E-03   2.11719353E-08 -0.260748684      0.396597683       8.72341450E-03
   11.0000000       800.000000      0.481236160       60.9947357       4.55569755E-03   7.46838463E-13   8.17955879E-05   2.05659634E-03   1.97721590E-08 -0.256599784      0.396597683       8.51968862E-03
   12.0000000       800.000000      0.485106736       61.4788399       4.44794912E-03   7.23433032E-13   8.16045285E-05   2.03231582E-03   1.83893896E-08 -0.252515495      0.396597683       8.32067989E-03
   13.0000000       800.000000      0.489003509       61.9645309       4.34269663E-03   7.00759817E-13   8.14046725E-05   2.00843881E-03   1.70481638E-08 -0.248494729      0.396597683       8.12583230E-03
   2.00000000       800.000000      0.492917389       62.4534645       4.23993636E-03   6.78795236E-13   8.12114158E-05   1.98475434E-03   1.57655400E-08 -0.244535774      0.396597683       7.93503691E-03
   3.00000000       800.000000      0.496857613       62.9518318       4.13953234E-03   6.57526605E-13   8.10387864E-05   1.96139119E-03   1.45564938E-08 -0.240640834      0.396597683       7.74843525E-03
   4.00000000       800.000000      0.500846684       63.4490204       4.04156605E-03   6.36911585E-13   8.08931654E-05   1.93834363E-03   1.34271714E-08 -0.236806288      0.396597683       7.56582711E-03
   5.00000000       800.000000      0.504872501       63.9528084       3.94581677E-03   6.16936786E-13   8.07732722E-05   1.91548839E-03   1.23741204E-08 -0.233031616      0.396597683       7.38744019E-03
   6.00000000       800.000000      0.508909047       64.4573593       3.85236461E-03   5.97590391E-13   8.06733151E-05   1.89301209E-03   1.13895355E-08 -0.229317442      0.396597683       7.21348170E-03
   7.00000000       800.000000      0.512971818       64.9687729       3.76111944E-03   5.78844589E-13   8.05836462E-05   1.87064277E-03   1.04616982E-08 -0.225660995      0.396597683       7.04363082E-03
   8.00000000       800.000000      0.517089903       65.4843674       3.67199071E-03   5.60683878E-13   8.04941083E-05   1.84868905E-03   9.57883195E-09 -0.222061723      0.396597683       6.87797181E-03
   9.00000000       800.000000      0.521240056       66.0012741       3.58495256E-03   5.43088035E-13   8.03972798E-05   1.82680669E-03   8.72941364E-09 -0.218518764      0.396597683       6.71630073E-03
   10.0000000       800.000000      0.525399923       66.5273361       3.49993352E-03   5.26044974E-13   8.02922368E-05   1.80531666E-03   7.90190224E-09 -0.215031147      0.396597683       6.55827532E-03
   11.0000000       800.000000      0.529633105       67.0519409       3.41693568E-03   5.09525961E-13   8.01860297E-05   1.78402674E-03   7.08509518E-09 -0.211599097      0.396597683       6.40380476E-03
   12.0000000       800.000000      0.533852458       67.5886993       3.33589548E-03   4.93527745E-13   8.00865819E-05   1.76304311E-03   6.27235996E-09 -0.208224401      0.396597683       6.25288440E-03
   13.0000000       800.000000      0.538169861       68.1238251       3.25675961E-03   4.78024738E-13   7.99975387E-05   1.74232875E-03   5.46160672E-09 -0.204895392      0.396597773       6.10556034E-03
   2.00000000       800.000000      0.542478204       68.6609192       3.17948428E-03   4.63012224E-13   7.99166883E-05   1.72182021E-03   4.65785366E-09 -0.201625258      0.396597773       5.96161000E-03
   3.00000000       800.000000      0.546837091       69.2043610       3.10402224E-03   4.48464887E-13   7.98365872E-05   1.70140201E-03   3.87148047E-09 -0.198404893      0.396597773       5.82137099E-03
   4.00000000       800.000000      0.551184714       69.7545853       3.03035788E-03   4.34370205E-13   7.97468820E-05   1.68137276E-03   3.11580051E-09 -0.195233420      0.396597773       5.68475574E-03
   5.00000000       800.000000      0.555633724       70.3113556       2.95832660E-03   4.20714489E-13   7.96341774E-05   1.66161172E-03   2.40394149E-09 -0.192113400      0.396597773       5.55162923E-03
   6.00000000       800.000000      0.560065687       70.8701859       2.88803014E-03   4.07482641E-13   7.94873995E-05   1.64203660E-03   1.74471360E-09 -0.189035907      0.396597683       5.42195654E-03
   7.00000000       800.000000      0.564574599       71.4266510       2.81936699E-03   3.94663902E-13   7.92989667E-05   1.62267429E-03   1.14065035E-09 -0.186014041      0.396597683       5.29553276E-03
   8.00000000       800.000000      0.569091976       71.9988251       2.75229360E-03   3.82239162E-13   7.90702834E-05   1.60356332E-03   5.87467242E-10 -0.183035523      0.396597683       5.17216930E-03
   9.00000000       800.000000      0.573642910       72.5662689       2.68679927E-03   3.70211782E-13   7.88143225E-05   1.58457004E-03   7.60961363E-11 -0.180103481      0.396597683       5.05148433E-03
   10.0000000       800.000000      0.578249216       73.1417236       2.62282183E-03   3.58550104E-13   7.85553275E-05   1.56593148E-03  -4.04464046E-10 -0.177216753      0.396597683       4.93339263E-03
   11.0000000       800.000000      0.582887828       73.7225037       2.56033195E-03   3.47246347E-13   7.83274809E-05   1.54738734E-03  -8.63727034E-10 -0.174374193      0.396597683       4.81779873E-03
   12.0000000       800.000000      0.587557673       74.3115692       2.49931077E-03   3.36298426E-13   7.81607305E-05   1.52921234E-03  -1.30725375E-09 -0.171576351      0.396597683       4.70467331E-03
   13.0000000       800.000000      0.592285097       74.9019089       2.43972265E-03   3.25698886E-13   7.80690534E-05   1.51110953E-03  -1.73481518E-09 -0.168823272      0.396597683       4.59432043E-03
   2.00000000       800.000000      0.597044110       75.4963303       2.38153781E-03   3.15424471E-13   7.80421542E-05   1.49329170E-03  -2.14054308E-09 -0.166112915      0.396597683       4.48721973E-03
   3.00000000       800.000000      0.601813197       76.0937424       2.32469547E-03   3.05469327E-13   7.80357732E-05   1.47564930E-03  -2.51786081E-09 -0.163442969      0.396597683       4.38338565E-03
   4.00000000       800.000000      0.606662095       76.6995621       2.26914673E-03   2.95824563E-13   7.80203918E-05   1.45821995E-03  -2.85235702E-09 -0.160815254      0.396597683       4.28257138E-03
   5.00000000       800.000000      0.611538589       77.3089294       2.21488415E-03   2.86475000E-13   7.79705515E-05   1.44101505E-03  -3.13698845E-09 -0.158225849      0.396597683       4.18471126E-03
   6.00000000       800.000000      0.616429627       77.9216690       2.16187630E-03   2.77415786E-13   7.78567119E-05   1.42404821E-03  -3.36420736E-09 -0.155677974      0.396597683       4.08949563E-03
   7.00000000       800.000000      0.621346176       78.5425873       2.11007427E-03   2.68635158E-13   7.76847082E-05   1.40718964E-03  -3.52995055E-09 -0.153164372      0.396597683       3.99671728E-03
   8.00000000       800.000000      0.626343310       79.1605453       2.05944572E-03   2.60122273E-13   7.74698128E-05   1.39062165E-03  -3.63961261E-09 -0.150689468      0.396597683       3.90590890E-03
   9.00000000       800.000000      0.631355822       79.7936478       2.00997503E-03   2.51873473E-13   7.72448111E-05   1.37419859E-03  -3.69885944E-09 -0.148252130      0.396597683       3.81684233E-03
   10.0000000       800.000000      0.636449695       80.4251099       1.96163985E-03   2.43879461E-13   7.70557817E-05   1.35794748E-03  -3.71629238E-09 -0.145852402      0.396597683       3.72944376E-03
   11.0000000       800.000000      0.641569495       81.0633545       1.91442389E-03   2.36132159E-13   7.69381004E-05   1.34183466E-03  -3.70422426E-09 -0.143485650      0.396597683       3.64376302E-03
   12.0000000       800.000000      0.646703839       81.7070923       1.86830934E-03   2.28626823E-13   7.69206672E-05   1.32603897E-03  -3.67323993E-09 -0.141157642      0.396597683       3.55991232E-03
   13.0000000       800.000000      0.651862979       82.3593216       1.82324392E-03   2.21355134E-13   7.70141996E-05   1.31034828E-03  -3.63703867E-09 -0.138864264      0.396597683       3.47816781E-03
   2.00000000       800.000000      0.657104909       83.0148392       1.77923299E-03   2.14307806E-13   7.72084823E-05   1.29485107E-03  -3.60500030E-09 -0.136604711      0.396597683       3.39924404E-03
   3.00000000       800.000000      0.662361264       83.6720734       1.73625967E-03   2.07478511E-13   7.74632063E-05   1.27954583E-03  -3.58253383E-09 -0.134377748      0.396597683       3.32323764E-03
   4.00000000       800.000000      0.667716920       84.3404617       1.69425027E-03   2.00862398E-13   7.77339519E-05   1.26434944E-03  -3.56721386E-09 -0.132182628      0.396597683       3.25027760E-03
   5.00000000       800.000000      0.673070669       85.0116577       1.65316788E-03   1.94448055E-13   7.79989350E-05   1.24937692E-03  -3.55145224E-09 -0.130018994      0.396597683       3.17985727E-03
   6.00000000       800.000000      0.678464949       85.6865540       1.61294441E-03   1.88226157E-13   7.82510106E-05   1.23459497E-03  -3.52812024E-09 -0.127885908      0.396597683       3.11286724E-03
   7.00000000       800.000000      0.683868349       86.3630829       1.57370802E-03   1.82195798E-13   7.84771182E-05   1.22000033E-03  -3.49008356E-09 -0.125778124      0.396597683       3.04812961E-03
   8.00000000       800.000000      0.689361989       87.0500107       1.53527630E-03   1.76345199E-13   7.86864330E-05   1.20554282E-03  -3.43080830E-09 -0.123699278      0.396597683       2.98782182E-03
   9.00000000       800.000000      0.694936693       87.7468338       1.49774109E-03   1.70671555E-13   7.88876569E-05   1.19132432E-03  -3.34466366E-09 -0.121645480      0.396597683       2.92846677E-03
   10.0000000       800.000000      0.700467765       88.4404068       1.46100158E-03   1.65172428E-13   7.91313869E-05   1.17713981E-03  -3.22752092E-09 -0.119613096      0.396597683       2.87583773E-03
   11.0000000       800.000000      0.706084132       89.1438522       1.42504205E-03   1.59840145E-13   7.94423686E-05   1.16324390E-03  -3.07777048E-09 -0.117597893      0.396597683       2.82155862E-03
   12.0000000       800.000000      0.711785257       89.8559036       1.38992770E-03   1.54671482E-13   7.99036934E-05   1.14942982E-03  -2.89688673E-09 -0.115613565      0.396597683       2.77983211E-03
   13.0000000       800.000000      0.717506111       90.5660553       1.35559717E-03   1.49659582E-13   8.04914016E-05   1.13582634E-03  -2.69002731E-09 -0.113627218      0.396597683       2.73121265E-03
   2.00000000       800.000000      0.723254204       91.2924652       1.32205908E-03   1.44804795E-13   8.13143852E-05   1.12240750E-03  -2.46538434E-09 -0.111679137      0.396597683       2.70740385E-03
   3.00000000       800.000000      0.729030788       92.0148239       1.28929596E-03   1.40101946E-13   8.22233706E-05   1.10910484E-03  -2.23361729E-09 -0.109695666      0.396597683       2.66508549E-03
   4.00000000       800.000000      0.734885931       92.7492523       1.25731726E-03   1.35549734E-13   8.34316234E-05   1.09595677E-03  -2.00647121E-09 -0.107775964      0.396597683       2.66974000E-03
   5.00000000       800.000000      0.740812361       93.4854507       1.22607558E-03   1.31136719E-13   8.45315444E-05   1.08295586E-03  -1.79342019E-09 -0.105752632      0.396597683       2.63342354E-03
   6.00000000       800.000000      0.746736884       94.2303009       1.19559921E-03   1.26868188E-13   8.59979191E-05   1.07020640E-03  -1.60149971E-09 -0.103860512      0.396597683       2.67992751E-03
   7.00000000       800.000000      0.752711892       94.9802017       1.16585230E-03   1.22734356E-13   8.69613577E-05   1.05756486E-03  -1.43150281E-09 -0.101735055      0.396597683       2.64376076E-03
   8.00000000       800.000000      0.758787692       95.7357407       1.13697781E-03   1.18753924E-13   8.85207919E-05   1.04517001E-03  -1.28060706E-09  -9.98633131E-02  0.396597683       2.74929777E-03
   9.00000000       800.000000      0.764886141       96.4991150       1.10885105E-03   1.14901442E-13   8.91822565E-05   1.03283022E-03  -1.14496157E-09  -9.75454003E-02  0.396597683       2.69869994E-03
   10.0000000       800.000000      0.770997465       97.2638321       1.08160393E-03   1.11186735E-13   9.05952766E-05   1.02090742E-03  -9.91326909E-10  -9.57167223E-02  0.396597683       2.96325958E-03
   11.0000000       800.000000      0.777200460       98.0346756       1.05544180E-03   1.07646578E-13   1.00321369E-04   1.00891595E-03  -8.48495829E-10  -9.29599628E-02  0.396597683       2.79902457E-03
   12.0000000       800.000000      0.783445537       98.8157425       1.02573493E-03   1.03787977E-13   5.97672770E-05   9.97542986E-04   5.87514336E-20  -9.13513601E-02  0.396597683      -8.19399429E-05
   13.0000000       800.000000      0.789714217       99.6048737       1.00181869E-03   1.00566528E-13   5.95398888E-05   9.85780265E-04   2.61883330E-20  -9.30891633E-02  0.396597683      -2.19902419E-03
