   0.00000000       190.000000       3.40428352E-02   1.01702809       7.24145328E-04   7.11867197E-12  -8.26423541E-02   1.70963037       4.54895741E-15  -1.67939963E-03   1.54862557E-16  -1.39273899E-02
   1.00000000       197.000000       3.40447091E-02   1.05104125       7.12320791E-04   6.77561436E-12  -7.55427778E-02   1.59125638       1.75521331E-15  -2.15353887E-03   2.14620533E-16   3.55788926E-03
   2.00000000       200.000000       3.40499915E-02   1.08514261       7.01056619E-04   6.45923332E-12  -1.58697236E-02   1.29648769      -1.09575745E-02  -1.43712293E-03  -3.73106508E-04   1.10535789E-02
   3.00000000       200.000000       3.40571664E-02   1.11914527       8.09092773E-04   7.22785677E-12  0.124025360       1.19183624       5.28181903E-02  -1.40071684E-03   1.42570084E-03  -5.47113176E-03
   4.00000000       200.000000       3.40652503E-02   1.15326166       9.48984525E-04   8.22720971E-12  0.172724649       1.10079253      0.123062439      -1.80982857E-03   5.61786862E-03  -1.07032023E-02
   5.00000000       200.000000       3.40752266E-02   1.18727005       1.09041855E-03   9.18216631E-12  0.197493717       1.01775467      0.193345830      -2.13004788E-03   1.22063765E-02  -9.86809190E-03
   6.00000000       200.000000       3.40886116E-02   1.22141874       1.24217919E-03   1.01682759E-11  0.210491195      0.944709957      0.263439566      -2.48249155E-03   2.11868510E-02  -1.06368456E-02
   7.00000000       200.000000       3.41038704E-02   1.25543642       1.40878221E-03   1.12188930E-11  0.217225805      0.881034613      0.332214475      -2.85541988E-03   3.25168706E-02  -1.15320385E-02
   8.00000000       200.000000       3.41209993E-02   1.28956389       1.59701728E-03   1.23815680E-11  0.219902992      0.825331450      0.399315238      -3.26928101E-03   4.61423658E-02  -1.28100868E-02
   9.00000000       200.000000       3.41415480E-02   1.32373023       1.81248900E-03   1.36898444E-11  0.219908893      0.776186049      0.464935750      -3.72988195E-03   6.20160885E-02  -1.42622003E-02
   10.0000000       200.000000       3.41642797E-02   1.35789859       2.06047017E-03   1.51714787E-11  0.218178734      0.732273221      0.529429078      -4.24346933E-03   8.01032111E-02  -1.60458889E-02
   11.0000000       200.000000       3.41873281E-02   1.39207828       2.34790635E-03   1.68635574E-11  0.215392217      0.693142354      0.592332184      -4.82663326E-03  0.100353464      -1.84372757E-02
   2.00000000       200.000000       3.42125520E-02   1.42626679       2.68211495E-03   1.88020814E-11  0.211842760      0.657952130      0.653239131      -5.50459884E-03  0.122703440      -2.14586612E-02
   3.00000000       200.000000       3.42412032E-02   1.46045995       3.07169626E-03   2.10285244E-11  0.207820982      0.626199126      0.711196184      -6.29560091E-03  0.147056162      -2.51252260E-02
   4.00000000       200.000000       3.42717990E-02   1.49468386       3.52525967E-03   2.35805663E-11  0.203463539      0.597236454      0.765172303      -7.22604198E-03  0.173280641      -2.96146851E-02
   5.00000000       200.000000       3.43041234E-02   1.52902329       4.05331841E-03   2.65047914E-11  0.198970363      0.570863366      0.813930154      -8.32652021E-03  0.201202884      -3.50520872E-02
   6.00000000       200.000000       3.43400165E-02   1.56331646       4.66841692E-03   2.98568809E-11  0.194470763      0.546686172      0.856940210      -9.63222515E-03  0.230630592      -4.13061902E-02
   7.00000000       200.000000       3.43780145E-02   1.59766877       5.37948310E-03   3.36646509E-11  0.190154418      0.524130464      0.892938912      -1.11650098E-02  0.261327773      -4.94242460E-02
   8.00000000       400.000000       3.44163403E-02   1.63212323       6.20218320E-03   3.79951764E-11  0.186187416      0.502599180      0.922619522      -1.30323488E-02  0.293081373      -5.76404408E-02
   9.00000000       400.000000       3.44596468E-02   1.66651404       7.14406511E-03   4.28609752E-11  0.180806234      0.482323498      0.943469882      -1.51350200E-02  0.325592190      -6.61168918E-02
   10.0000000       400.000000       3.45019177E-02   1.70102203       8.22150987E-03   4.83253750E-11  0.175373226      0.463665068      0.954864800      -1.75918397E-02  0.358536512      -7.67786875E-02
   11.0000000       400.000000       3.45477760E-02   1.73553383       9.45162866E-03   5.44508119E-11  0.170106828      0.446406007      0.953554928      -2.04366222E-02  0.391480833      -8.87969434E-02
   12.0000000       400.000000       3.45973931E-02   1.77006423       1.08507769E-02   6.12904866E-11  0.165025339      0.430468380      0.936998963      -2.37316564E-02  0.423897624     -0.102147289    
   13.0000000       400.000000       3.46456654E-02   1.80469894       1.24306409E-02   6.88676338E-11  0.160053551      0.415598154      0.904008925      -2.75096763E-02  0.455218703     -0.116417013    
   2.00000000       400.000000       3.46989296E-02   1.83938944       1.41969947E-02   7.71707767E-11  0.155186266      0.401733428      0.855690122      -3.18047814E-02  0.484911025     -0.131608382    
   3.00000000       400.000000       3.47537622E-02   1.87406790       1.61549766E-02   8.61868563E-11  0.150538340      0.388762057      0.792991281      -3.66503857E-02  0.512470603     -0.147838712    
   4.00000000       400.000000       3.48123796E-02   1.90886545       1.83103122E-02   9.59057833E-11  0.146080136      0.376635700      0.717281640      -4.20893133E-02  0.537441313     -0.164916933    
   5.00000000       400.000000       3.48717459E-02   1.94381344       2.06698831E-02   1.06324310E-10  0.141750544      0.365228832      0.629887342      -4.81421091E-02  0.559405208     -0.182640508    
   6.00000000       400.000000       3.49331126E-02   1.97864985       2.32382230E-02   1.17427512E-10  0.137594357      0.354581505      0.533712983      -5.48381507E-02  0.578048944     -0.200939819    
   7.00000000       400.000000       3.49960364E-02   2.01366401       2.60105692E-02   1.29154229E-10  0.133432552      0.344481528      0.433318973      -6.21934608E-02  0.593213439     -0.219435304    
   8.00000000       400.000000       3.50628383E-02   2.04869795       2.89787315E-02   1.41432421E-10  0.129354700      0.334990472      0.333033234      -7.02113286E-02  0.604890108     -0.237962157    
   9.00000000       400.000000       3.51311862E-02   2.08382654       3.21335644E-02   1.54188703E-10  0.125398323      0.326049119      0.236114383      -7.88967013E-02  0.613183498     -0.256268799    
   10.0000000       400.000000       3.52015831E-02   2.11898565       3.54684331E-02   1.67366260E-10  0.121572852      0.317578465      0.144530460      -8.82351398E-02  0.618272066     -0.274254829    
   11.0000000       400.000000       3.52728553E-02   2.15418029       3.89767811E-02   1.80912549E-10  0.117930390      0.309530735       5.94219416E-02  -9.82247144E-02  0.620368361     -0.292083681    
   12.0000000       400.000000       3.53475511E-02   2.18945503       4.26509120E-02   1.94773628E-10  0.114393726      0.301885933      -1.83333643E-02 -0.108862855      0.619720995     -0.309864312    
   13.0000000       400.000000       3.54251340E-02   2.22494793       4.64833267E-02   2.08899106E-10  0.111029513      0.294640630      -8.77302438E-02 -0.120155253      0.616612315     -0.327581406    
   2.00000000       400.000000       3.55066359E-02   2.26028228       5.04700206E-02   2.23257246E-10  0.107797712      0.287697077     -0.147909746     -0.132098541      0.611360729     -0.345173508    
   3.00000000       400.000000       3.55888382E-02   2.29589605       5.46067394E-02   2.37816489E-10  0.104794040      0.281051695     -0.197568953     -0.144694507      0.604330480     -0.362811685    
   4.00000000       400.000000       3.56727764E-02   2.33153582       5.88922836E-02   2.52561999E-10  0.101944759      0.274635553     -0.235653281     -0.157952130      0.595923722     -0.380578607    
   5.00000000       400.000000       3.57585363E-02   2.36718988       6.33267686E-02   2.67481065E-10   9.91999730E-02  0.268487334     -0.260597825     -0.171879247      0.586605787     -0.398409098    
   6.00000000       400.000000       3.58451568E-02   2.40296197       6.79086521E-02   2.82561224E-10   9.65211466E-02  0.262625396     -0.270755738     -0.186479896      0.576900005     -0.416453004    
   7.00000000       400.000000       3.59365791E-02   2.43895650       7.26332217E-02   2.97773001E-10   9.39492583E-02  0.257012159     -0.264490932     -0.201773778      0.567393184     -0.434759468    
   8.00000000       400.000000       3.60317938E-02   2.47496963       7.74966776E-02   3.13091386E-10   9.15168673E-02  0.251637846     -0.241802782     -0.217769101      0.558683097     -0.452881306    
   9.00000000       400.000000       3.61256152E-02   2.51087451       8.24958980E-02   3.28500283E-10   8.91478509E-02  0.246420324     -0.204670936     -0.234452456      0.551288545     -0.470775157    
   10.0000000       400.000000       3.62243615E-02   2.54723430       8.76237676E-02   3.43964607E-10   8.68893042E-02  0.241351008     -0.155948907     -0.251829803      0.545638144     -0.488768727    
   11.0000000       400.000000       3.63236889E-02   2.58347154       9.28752720E-02   3.59459629E-10   8.47242400E-02  0.236435398      -9.98340771E-02 -0.269911736      0.542012513     -0.506606102    
   12.0000000       400.000000       3.64281610E-02   2.61973166       9.82471928E-02   3.74972164E-10   8.25923383E-02  0.231669053      -4.02887948E-02 -0.288685828      0.540545464     -0.524272680    
   13.0000000       400.000000       3.65312435E-02   2.65625191      0.103736907       3.90486393E-10   8.05343911E-02  0.227051467       1.80849172E-02 -0.308161914      0.541205347     -0.541748643    
   2.00000000       400.000000       3.66381556E-02   2.69287086      0.109339491       4.05984635E-10   7.85626099E-02  0.222597316       7.04905018E-02 -0.328326464      0.543787956     -0.558693886    
   3.00000000       400.000000       3.67491208E-02   2.72951531      0.115050577       4.21447044E-10   7.66422078E-02  0.218283162      0.112947166     -0.349163771      0.547939718     -0.575046539    
   4.00000000       400.000000       3.68596762E-02   2.76648116      0.120865539       4.36857828E-10   7.48226345E-02  0.214109674      0.142360166     -0.370654881      0.553187847     -0.590417683    
   5.00000000       400.000000       3.69738303E-02   2.80324292      0.126769975       4.52164639E-10   7.31078312E-02  0.210070938      0.157240689     -0.392757475      0.559001267     -0.604247391    
   6.00000000       400.000000       3.70923392E-02   2.84031177      0.132750064       4.67321737E-10   7.15064928E-02  0.206135288      0.158658817     -0.415409625      0.564885557     -0.616254091    
   7.00000000       400.000000       3.72101963E-02   2.87746811      0.138788611       4.82271889E-10   7.00485036E-02  0.202308223      0.149303377     -0.438545376      0.570440829     -0.626578748    
   8.00000000       400.000000       3.73310633E-02   2.91468883      0.144870490       4.96968411E-10   6.86233789E-02  0.198564842      0.131991237     -0.462115854      0.575368345     -0.634999037    
   9.00000000       400.000000       3.74547355E-02   2.95214677      0.150975764       5.11351628E-10   6.71904758E-02  0.194884703      0.107995749     -0.486035883      0.579414010     -0.640923262    
   10.0000000       400.000000       3.75822932E-02   2.98967767      0.157086819       5.25373356E-10   6.56867921E-02  0.191268131       7.66890272E-02 -0.510209322      0.582296014     -0.644660771    
   11.0000000       400.000000       3.77115831E-02   3.02733731      0.163195163       5.39015277E-10   6.40527830E-02  0.187701643       3.67445983E-02 -0.534574330      0.583680689     -0.646320820    
   12.0000000       400.000000       3.78417671E-02   3.06507659      0.169287696       5.52246193E-10   6.22832477E-02  0.184203655      -1.31603573E-02 -0.559040427      0.583183646     -0.646382987    
   13.0000000       400.000000       3.79736088E-02   3.10296249      0.175361574       5.65072378E-10   6.03397712E-02  0.180780858      -7.23625869E-02 -0.583579779      0.580434978     -0.645814478    
   2.00000000       400.000000       3.81093584E-02   3.14102793      0.181423783       5.77525583E-10   5.82998134E-02  0.177453816     -0.136915803     -0.608177722      0.575217009     -0.645613909    
   3.00000000       400.000000       3.82481478E-02   3.17926812      0.187493712       5.89680804E-10   5.62436879E-02  0.174230024     -0.200017378     -0.632878602      0.567567408     -0.647067904    
   4.00000000       400.000000       3.83906849E-02   3.21746230      0.193594426       6.01616701E-10   5.41305430E-02  0.171100751     -0.254690439     -0.657767534      0.557789445     -0.650606394    
   5.00000000       400.000000       3.85340862E-02   3.25593615      0.199752286       6.13420814E-10   5.18390611E-02  0.168053210     -0.295672148     -0.682926416      0.546395779     -0.657004178    
   6.00000000       400.000000       3.86794209E-02   3.29459786      0.205995619       6.25180685E-10   4.92812656E-02  0.165080428     -0.321471781     -0.708495915      0.533962131     -0.666859388    
   7.00000000       400.000000       3.88261117E-02   3.33332801      0.212364018       6.37017272E-10   4.62691449E-02  0.162174106     -0.334808558     -0.734610736      0.520963311     -0.680069506    
   8.00000000       400.000000       3.89781781E-02   3.37215042      0.218892053       6.49022780E-10   4.30244803E-02  0.159343109     -0.339714408     -0.761408627      0.507722437     -0.697382569    
   9.00000000       400.000000       3.91310640E-02   3.41121101      0.225619629       6.61313670E-10   3.96243595E-02  0.156588376     -0.339862168     -0.789081693      0.494423002     -0.719177306    
   10.0000000       400.000000       3.92854065E-02   3.45050335      0.232636318       6.74131861E-10   3.56258713E-02  0.153919026     -0.335108429     -0.817804515      0.481256872     -0.746543229    
   11.0000000       400.000000       3.94439995E-02   3.48992372      0.240000471       6.87626289E-10   3.15114968E-02  0.151338443     -0.321032137     -0.847857594      0.468595058     -0.781176448    
   12.0000000       400.000000       3.96043137E-02   3.52931929      0.247827232       7.02100100E-10   2.73100305E-02  0.148847595     -0.293584049     -0.879555106      0.456966996     -0.825839818    
   13.0000000       400.000000       3.97699885E-02   3.56905532      0.256261706       7.17921167E-10   2.30142586E-02  0.146424964     -0.249981239     -0.913407624      0.447026074     -0.889132738    
   2.00000000       400.000000       3.99327539E-02   3.60901117      0.265391111       7.35287498E-10   1.94331873E-02  0.144027621     -0.196102500     -0.950420439      0.439194947     -0.973975599    
   3.00000000       400.000000       4.01016437E-02   3.64905024      0.275175810       7.54034835E-10   1.66819412E-02  0.141649216     -0.138587266     -0.991362154      0.433637202      -1.05842376    
   4.00000000       400.000000       4.02740240E-02   3.68916464      0.285302609       7.73268061E-10   1.44737726E-02  0.139284045      -8.91861394E-02  -1.03549361      0.430045724      -1.10078096    
   5.00000000       400.000000       4.04453352E-02   3.72949243      0.295242488       7.91550048E-10   1.25380792E-02  0.136955276      -7.13005662E-02  -1.08021545      0.427161932      -1.07596278    
   6.00000000       400.000000       4.06209007E-02   3.77015471      0.304864556       8.08558998E-10   1.07247299E-02  0.134677202      -9.87071544E-02  -1.12272060      0.423151314      -1.02332270    
   7.00000000       400.000000       4.08019014E-02   3.81062984      0.314020455       8.23946966E-10   9.08404309E-03  0.132446781     -0.158551887      -1.16353834      0.416683018     -0.971137702    
   8.00000000       400.000000       4.09835242E-02   3.85157919      0.322763145       8.37892811E-10   7.66307907E-03  0.130262271     -0.209612831      -1.20214343      0.408092111     -0.912066102    
   9.00000000       400.000000       4.11677249E-02   3.89264297      0.331325531       8.51047899E-10   6.43003033E-03  0.128126383     -0.215961754      -1.23846531      0.399201125     -0.844890475    
   10.0000000       800.000000       4.13518026E-02   3.93391180      0.339726299       8.63470961E-10   5.40835084E-03  0.126049221     -0.172427788      -1.27186167      0.392071456     -0.774875581    
   11.0000000       800.000000       4.15420607E-02   3.97551847      0.347655833       8.74412820E-10   4.35389159E-03  0.124024265      -9.86845940E-02  -1.30269969      0.387972176     -0.720581770    
   12.0000000       800.000000       4.17331755E-02   4.01692963      0.355104357       8.83893236E-10   3.42027214E-03  0.122051544      -2.75078379E-02  -1.33187139      0.386824340     -0.684412777    
   13.0000000       800.000000       4.19295840E-02   4.05884504      0.362114817       8.92051877E-10   2.58798315E-03  0.120128654       1.91386994E-02  -1.35995722      0.387626410     -0.667608500    
   2.00000000       800.000000       4.21275869E-02   4.10084629      0.368841797       8.99310793E-10   1.84781523E-03  0.118252859       3.51200365E-02  -1.38798594      0.389105260     -0.654347301    
   3.00000000       800.000000       4.23264094E-02   4.14324856      0.375353813       9.05860831E-10   1.17313722E-03  0.116421692       3.05708181E-02  -1.41521955      0.390399545     -0.646909654    
   4.00000000       800.000000       4.25276794E-02   4.18554831      0.381923109       9.12374065E-10   5.52769401E-04  0.114633158       1.96375046E-02  -1.44287956      0.391234487     -0.637229383    
   5.00000000       800.000000       4.27326299E-02   4.22826385      0.388173878       9.17955656E-10  -1.96191286E-05  0.112889782       1.67818032E-02  -1.46955001      0.391951501     -0.615359604    
   6.00000000       800.000000       4.29400988E-02   4.27117634      0.393946856       9.22265042E-10  -5.23558760E-04  0.111191608       2.47879848E-02  -1.49560058      0.393016726     -0.600653470    
   7.00000000       800.000000       4.31519486E-02   4.31416321      0.398696989       9.24072319E-10  -8.40437249E-04  0.109533966       4.50303853E-02  -1.52126205      0.394959480     -0.528177023    
   8.00000000       800.000000       4.33655083E-02   4.35740662      0.401309401       9.20890586E-10  -8.86852795E-04  0.107914172       7.60210827E-02  -1.54129910      0.398255914     -0.362329006    
   9.00000000       800.000000       4.35808785E-02   4.40067959      0.401835203       9.12989684E-10  -8.02250288E-04  0.106331132       9.57966596E-02  -1.55276680      0.402431279     -0.204135239    
   10.0000000       800.000000       4.38009016E-02   4.44439697      0.401325166       9.02869168E-10  -7.10515655E-04  0.104783803       9.48837399E-02  -1.55913424      0.406587481      -9.33474153E-02
   11.0000000       800.000000       4.40220647E-02   4.48833799      0.399951100       8.90974350E-10  -6.30297116E-04  0.103272296       7.94598758E-02  -1.56096339      0.410085052       3.36875976E-03
   12.0000000       800.000000       4.42490242E-02   4.53246212      0.397780001       8.77508843E-10  -5.71903714E-04  0.101796292       6.25118837E-02  -1.55883789      0.412851006       6.92148954E-02
   13.0000000       800.000000       4.44775447E-02   4.57707596      0.394977659       8.62880600E-10  -5.40941488E-04  0.100354768       5.20793572E-02  -1.55482280      0.415167570       8.86465833E-02
   2.00000000       800.000000       4.47068773E-02   4.62136841      0.391663939       8.47385162E-10  -5.39540313E-04   9.89456922E-02   4.82957847E-02  -1.55093217      0.417326659       6.73801079E-02
   3.00000000       800.000000       4.49385233E-02   4.66624355      0.387982994       8.31359426E-10  -5.71379962E-04   9.75670293E-02   4.75103371E-02  -1.54877925      0.419461966       1.62538774E-02
   4.00000000       800.000000       4.51754220E-02   4.71121693      0.384134799       8.15240375E-10  -6.30405324E-04   9.62156057E-02   4.72745597E-02  -1.54946685      0.421597660      -4.86317687E-02
   5.00000000       800.000000       4.54156250E-02   4.75678205      0.380254894       7.99322997E-10  -7.10377586E-04   9.48887840E-02   4.69254404E-02  -1.55318785      0.423728675     -0.109603569    
   6.00000000       800.000000       4.56556603E-02   4.80203438      0.376499295       7.83924925E-10  -8.02198832E-04   9.35845822E-02   4.56608981E-02  -1.55944991      0.425813019     -0.155516699    
   7.00000000       800.000000       4.59001064E-02   4.84787893      0.373015791       7.69337760E-10  -8.93135497E-04   9.23010334E-02   4.32600267E-02  -1.56742597      0.427799314     -0.183208272    
   8.00000000       800.000000       4.61495221E-02   4.89382601      0.369869947       7.55674578E-10  -9.68634151E-04   9.10377502E-02   4.00660969E-02  -1.57631278      0.429648399     -0.195139155    
   9.00000000       800.000000       4.64015417E-02   4.94037914      0.367020547       7.42827855E-10  -1.02771190E-03   8.97942930E-02   3.62967588E-02  -1.58548605      0.431332320     -0.197197795    
   10.0000000       800.000000       4.66544069E-02   4.98703766      0.364406586       7.30657590E-10  -1.07193377E-03   8.85705650E-02   3.24553214E-02  -1.59466338      0.432846189     -0.195691526    
   11.0000000       800.000000       4.69110720E-02   5.03345490      0.361978054       7.19043325E-10  -1.10583683E-03   8.73666257E-02   2.94574611E-02  -1.60379684      0.434228033     -0.196027398    
   12.0000000       800.000000       4.71705161E-02   5.08080530      0.359744906       7.07990222E-10  -1.12760370E-03   8.61819386E-02   2.78741792E-02  -1.61310494      0.435543448     -0.199370325    
   13.0000000       800.000000       4.74330559E-02   5.12793064      0.357678711       6.97431002E-10  -1.13739003E-03   8.50168392E-02   2.70455275E-02  -1.62265706      0.436826020     -0.204203844    
   2.00000000       800.000000       4.76989783E-02   5.17558718      0.355764240       6.87322255E-10  -1.13639177E-03   8.38706121E-02   2.55055744E-02  -1.63253152      0.438042194     -0.209415004    
   3.00000000       800.000000       4.79672700E-02   5.22343826      0.353975832       6.77603862E-10  -1.12372229E-03   8.27429444E-02   2.24984810E-02  -1.64269221      0.439121574     -0.214162126    
   4.00000000       800.000000       4.82396744E-02   5.27148342      0.352305055       6.68252731E-10  -1.10338989E-03   8.16337764E-02   1.92765612E-02  -1.65313399      0.440052003     -0.219394118    
   5.00000000       800.000000       4.85143214E-02   5.32006216      0.350757569       6.59267030E-10  -1.07307592E-03   8.05426165E-02   1.77846029E-02  -1.66391909      0.440914512     -0.223752767    
   6.00000000       800.000000       4.87925000E-02   5.36836243      0.349286407       6.50552112E-10  -1.04008871E-03   7.94689655E-02   1.77510530E-02  -1.67491257      0.441780448     -0.225610286    
   7.00000000       800.000000       4.90735136E-02   5.41723442      0.347857028       6.42036646E-10  -1.00564398E-03   7.84128681E-02   1.64987966E-02  -1.68599725      0.442589760     -0.227733925    
   8.00000000       800.000000       4.93605398E-02   5.46674824      0.346498698       6.33773256E-10  -9.65054438E-04   7.73736984E-02   1.37430811E-02  -1.69732606      0.443268597     -0.229672834    
   9.00000000       800.000000       4.96459454E-02   5.51635075      0.345179319       6.25694330E-10  -9.23182874E-04   7.63509050E-02   1.23430835E-02  -1.70873964      0.443881154     -0.229776531    
   10.0000000       800.000000       4.99367975E-02   5.56616688      0.343887299       6.17774887E-10  -8.80531850E-04   7.53445774E-02   1.24307582E-02  -1.72021008      0.444502652     -0.229558110    
   11.0000000       800.000000       5.02316244E-02   5.61612844      0.342619151       6.10008710E-10  -8.37651489E-04   7.43540004E-02   1.13912253E-02  -1.73173404      0.445073605     -0.228845924    
   12.0000000       800.000000       5.05279116E-02   5.66623640      0.341361523       6.02365602E-10  -7.95868633E-04   7.33794495E-02   9.75455623E-03  -1.74326563      0.445567101     -0.227517352    
   13.0000000       800.000000       5.08273505E-02   5.71697474      0.340101898       5.94821914E-10  -7.56856985E-04   7.24198967E-02   9.12864972E-03  -1.75479221      0.446031302     -0.225713626    
   2.00000000       800.000000       5.11321910E-02   5.76780939      0.338826358       5.87354387E-10  -7.21656077E-04   7.14754313E-02   8.49419553E-03  -1.76627982      0.446465969     -0.223113239    
   3.00000000       800.000000       5.14377542E-02   5.81939650      0.337524801       5.79942039E-10  -6.92105619E-04   7.05453679E-02   7.46650621E-03  -1.77767777      0.446849406     -0.219845861    
   4.00000000       800.000000       5.17485440E-02   5.87104797      0.336198777       5.72587144E-10  -6.67906832E-04   6.96297064E-02   6.63730409E-03  -1.78896761      0.447192103     -0.217043236    
   5.00000000       800.000000       5.20629622E-02   5.92277527      0.334871143       5.65327452E-10  -6.47626061E-04   6.87279627E-02   6.39630901E-03  -1.80020845      0.447525471     -0.214971229    
   6.00000000       800.000000       5.23787588E-02   5.97483015      0.333550483       5.58176061E-10  -6.29763701E-04   6.78396598E-02   5.89702651E-03  -1.81141841      0.447834909     -0.213266462    
   7.00000000       800.000000       5.26992045E-02   6.02751064      0.332241833       5.51139412E-10  -6.14295306E-04   6.69648498E-02   5.16495900E-03  -1.82261932      0.448106498     -0.211841315    
   8.00000000       800.000000       5.30240014E-02   6.08028364      0.330945313       5.44216727E-10  -6.00462721E-04   6.61030933E-02   4.76084044E-03  -1.83381331      0.448359489     -0.210726887    
   9.00000000       800.000000       5.33496812E-02   6.13364077      0.329666883       5.37413891E-10  -5.88312396E-04   6.52541518E-02   4.39661229E-03  -1.84503543      0.448593944     -0.209889710    
   10.0000000       800.000000       5.36804311E-02   6.18732548      0.328403741       5.30724742E-10  -5.77094499E-04   6.44177794E-02   3.88151035E-03  -1.85628009      0.448802084     -0.209445432    
   11.0000000       800.000000       5.40157408E-02   6.24103832      0.327165127       5.24160992E-10  -5.66466537E-04   6.35937378E-02   3.40604153E-03  -1.86759079      0.448986560     -0.209455952    
   12.0000000       800.000000       5.43518029E-02   6.29508209      0.325951040       5.17721199E-10  -5.55322331E-04   6.27817363E-02   3.09317047E-03  -1.87897742      0.449154824     -0.209828883    
   13.0000000       800.000000       5.46922497E-02   6.34962225      0.324766099       5.11409692E-10  -5.43761358E-04   6.19817264E-02   2.62474013E-03  -1.89047301      0.449297607     -0.210182816    
   2.00000000       800.000000       5.50380871E-02   6.40445566      0.323604912       5.05216091E-10  -5.31353173E-04   6.11932538E-02   2.29497277E-03  -1.90203667      0.449425131     -0.210458949    
   3.00000000       800.000000       5.53847216E-02   6.45976830      0.322471529       4.99142838E-10  -5.18715824E-04   6.04163781E-02   2.03904556E-03  -1.91370976      0.449536979     -0.210833102    
   4.00000000       800.000000       5.57359010E-02   6.51546860      0.321361184       4.93184382E-10  -5.05024218E-04   5.96504770E-02   1.70948997E-03  -1.92546773      0.449632645     -0.211230263    
   5.00000000       800.000000       5.60912378E-02   6.57112312      0.320281684       4.87343887E-10  -4.90629463E-04   5.88958636E-02   1.52487657E-03  -1.93733168      0.449718356     -0.211685121    
   6.00000000       800.000000       5.64479530E-02   6.62756824      0.319226950       4.81615192E-10  -4.74733592E-04   5.81519678E-02   1.43732061E-03  -1.94928944      0.449799776     -0.211947352    
   7.00000000       800.000000       5.68098128E-02   6.68420267      0.318193853       4.75989526E-10  -4.58780851E-04   5.74187301E-02   1.36519223E-03  -1.96133983      0.449877203     -0.211400717    
   8.00000000       800.000000       5.71758151E-02   6.74102211      0.317167401       4.70442907E-10  -4.43302270E-04   5.66958226E-02   1.34950085E-03  -1.97338784      0.449954420     -0.210100159    
   9.00000000       800.000000       5.75454868E-02   6.79867172      0.316146076       4.64971256E-10  -4.29622334E-04   5.59832752E-02   1.34075829E-03  -1.98544097      0.450031221     -0.208468348    
   10.0000000       800.000000       5.79212233E-02   6.85620070      0.315127939       4.59570604E-10  -4.17135801E-04   5.52809685E-02   1.41736714E-03  -1.99745703      0.450113446     -0.206886306    
   11.0000000       800.000000       5.82982525E-02   6.91421032      0.314120919       4.54252691E-10  -4.05665865E-04   5.45883551E-02   1.49558578E-03  -2.00948429      0.450200319     -0.205892503    
   12.0000000       800.000000       5.86755127E-02   6.97270107      0.313134044       4.49027815E-10  -3.93288734E-04   5.39056398E-02   1.54562190E-03  -2.02154303      0.450290650     -0.205434546    
   13.0000000       800.000000       5.90622984E-02   7.03143930      0.312176496       4.43905995E-10  -3.79701174E-04   5.32324873E-02   1.71716150E-03  -2.03367472      0.450392008     -0.205309451    
   2.00000000       800.000000       5.94485030E-02   7.09108067      0.311248779       4.38889591E-10  -3.63978033E-04   5.25686182E-02   1.78406795E-03  -2.04587531      0.450498402     -0.205207109    
   3.00000000       800.000000       5.98436110E-02   7.15043688      0.310352832       4.33974717E-10  -3.46230692E-04   5.19142412E-02   1.90447050E-03  -2.05815291      0.450612962     -0.205187887    
   4.00000000       800.000000       6.02373928E-02   7.21079636      0.309487432       4.29161151E-10  -3.26484966E-04   5.12689650E-02   2.08128500E-03  -2.07051015      0.450737953     -0.204984784    
   5.00000000       800.000000       6.06374219E-02   7.27131176      0.308638185       4.24426744E-10  -3.05605179E-04   5.06327935E-02   2.16834340E-03  -2.08292699      0.450869381     -0.203761026    
   6.00000000       800.000000       6.10392392E-02   7.33202028      0.307782888       4.19739188E-10  -2.86392518E-04   5.00052087E-02   2.25567399E-03  -2.09530330      0.451007187     -0.200961724    
   7.00000000       800.000000       6.14471473E-02   7.39313030      0.306899995       4.15068341E-10  -2.70423800E-04   4.93866131E-02   2.31301039E-03  -2.10754538      0.451148808     -0.197395056    
   8.00000000       800.000000       6.18590638E-02   7.45494413      0.305988848       4.10413231E-10  -2.58696120E-04   4.87763658E-02   2.30647926E-03  -2.11964703      0.451291919     -0.193470344    
   9.00000000       800.000000       6.22721761E-02   7.51700449      0.305038691       4.05760675E-10  -2.51145568E-04   4.81746048E-02   2.26523029E-03  -2.13155866      0.451432914     -0.189006656    
   10.0000000       800.000000       6.26941621E-02   7.57950735      0.304047048       4.01107314E-10  -2.48678931E-04   4.75810543E-02   2.18832726E-03  -2.14326930      0.451569587     -0.184218928    
   11.0000000       800.000000       6.31151870E-02   7.64244461      0.303015947       3.96456951E-10  -2.50646146E-04   4.69953008E-02   2.07278854E-03  -2.15473366      0.451700509     -0.179847002    
   12.0000000       800.000000       6.35424033E-02   7.70559978      0.301959276       3.91826072E-10  -2.55736610E-04   4.64176908E-02   1.94532599E-03  -2.16604424      0.451824754     -0.176376179    
   13.0000000       800.000000       6.39760271E-02   7.76949692      0.300884634       3.87228805E-10  -2.62407033E-04   4.58477214E-02   1.76605163E-03  -2.17722797      0.451937944     -0.173256680    
   2.00000000       800.000000       6.44085407E-02   7.83382225      0.299794137       3.82663456E-10  -2.70444842E-04   4.52853665E-02   1.58362044E-03  -2.18828702      0.452038944     -0.170212954    
   3.00000000       800.000000       6.48498610E-02   7.89831066      0.298687100       3.78130388E-10  -2.79635424E-04   4.47306857E-02   1.37496646E-03  -2.19922757      0.452129185     -0.167130038    
   4.00000000       800.000000       6.52926117E-02   7.96304750      0.297561884       3.73628295E-10  -2.89729767E-04   4.41831984E-02   1.16648653E-03  -2.21003556      0.452205211     -0.164123952    
   5.00000000       800.000000       6.57397360E-02   8.02879810      0.296423674       3.69161007E-10  -3.00439802E-04   4.36430350E-02   9.55004361E-04  -2.22073603      0.452267289     -0.161415786    
   6.00000000       800.000000       6.61928579E-02   8.09504509      0.295276195       3.64735825E-10  -3.10631585E-04   4.31099124E-02   7.48147198E-04  -2.23133588      0.452317327     -0.159434006    
   7.00000000       800.000000       6.66503683E-02   8.16145802      0.294135630       3.60369345E-10  -3.18851322E-04   4.25839499E-02   5.56228973E-04  -2.24191594      0.452354461     -0.158779532    
   8.00000000       800.000000       6.71091229E-02   8.22835445      0.293020815       3.56085217E-10  -3.22350359E-04   4.20647860E-02   3.78812198E-04  -2.25257373      0.452379853     -0.159547865    
   9.00000000       800.000000       6.75772652E-02   8.29508305      0.291948289       3.51902896E-10  -3.19804385E-04   4.15525399E-02   2.06792596E-04  -2.26340342      0.452393621     -0.161162898    
   10.0000000       800.000000       6.80434331E-02   8.36327362      0.290922999       3.47823603E-10  -3.09855503E-04   4.10470404E-02   4.53015273E-05  -2.27443027      0.452397585     -0.162889391    
   11.0000000       800.000000       6.85164854E-02   8.43160915      0.289942771       3.43843759E-10  -2.93871912E-04   4.05482724E-02  -1.23635793E-04  -2.28564525      0.452387810     -0.163762957    
   12.0000000       800.000000       6.89990669E-02   8.50011826      0.288988024       3.39939382E-10  -2.73325481E-04   4.00562324E-02  -2.67806929E-04  -2.29695320      0.452369511     -0.163004056    
   13.0000000       800.000000       6.94770738E-02   8.56972027      0.288039029       3.36085132E-10  -2.51770194E-04   3.95705290E-02  -3.90540983E-04  -2.30821681      0.452343345     -0.160773844    
   2.00000000       800.000000       6.99650571E-02   8.63913631      0.287079066       3.32262162E-10  -2.29822559E-04   3.90913524E-02  -4.71469393E-04  -2.31936932      0.452309340     -0.157926023    
   3.00000000       800.000000       7.04544336E-02   8.70913506      0.286104202       3.28464173E-10  -2.08966652E-04   3.86184454E-02  -5.30931924E-04  -2.33039808      0.452272654     -0.154526353    
   4.00000000       800.000000       7.09533468E-02   8.77987480      0.285096467       3.24672206E-10  -1.89788319E-04   3.81518006E-02  -5.54989674E-04  -2.34121895      0.452232748     -0.149989158    
   5.00000000       800.000000       7.14557767E-02   8.85152435      0.284041941       3.20868360E-10  -1.74889923E-04   3.76912877E-02  -5.64285670E-04  -2.35175562      0.452193081     -0.144190595    
   6.00000000       800.000000       7.19595850E-02   8.92326069      0.282925427       3.17039117E-10  -1.65073769E-04   3.72365713E-02  -5.65653085E-04  -2.36189985      0.452151567     -0.137803555    
   7.00000000       800.000000       7.24673644E-02   8.99552822      0.281752944       3.13189807E-10  -1.60646989E-04   3.67879905E-02  -5.57877240E-04  -2.37165880      0.452111483     -0.131793872    
   8.00000000       800.000000       7.29827210E-02   9.06822109      0.280533463       3.09333975E-10  -1.59961128E-04   3.63450758E-02  -5.35232364E-04  -2.38106918      0.452072442     -0.126582593    
   9.00000000       800.000000       7.35015273E-02   9.14107132      0.279280633       3.05484693E-10  -1.61951597E-04   3.59078757E-02  -4.93285712E-04  -2.39019966      0.452036470     -0.122018918    
   10.0000000       800.000000       7.40236938E-02   9.21487141      0.277997583       3.01647707E-10  -1.65608421E-04   3.54760066E-02  -4.40611882E-04  -2.39906836      0.452004105     -0.117773592    
   11.0000000       800.000000       7.45541826E-02   9.28909588      0.276689589       2.97827624E-10  -1.70620522E-04   3.50497700E-02  -3.80654965E-04  -2.40769768      0.451975226     -0.113712944    
   12.0000000       800.000000       7.50876293E-02   9.36382198      0.275358140       2.94026220E-10  -1.76487389E-04   3.46288979E-02  -3.14611592E-04  -2.41608524      0.451951593     -0.109857686    
   13.0000000       800.000000       7.56227747E-02   9.43945217      0.274007291       2.90247909E-10  -1.82720702E-04   3.42134573E-02  -2.44451279E-04  -2.42425871      0.451933146     -0.106445417    
   2.00000000       800.000000       7.61684179E-02   9.51551723      0.272645384       2.86501850E-10  -1.88305421E-04   3.38030122E-02  -1.75173249E-04  -2.43224192      0.451919466     -0.103742197    
   3.00000000       800.000000       7.67170042E-02   9.59179592      0.271284372       2.82799451E-10  -1.91915096E-04   3.33980136E-02  -1.06969717E-04  -2.44011450      0.451911420     -0.102122895    
   4.00000000       800.000000       7.72694573E-02   9.66848755      0.269939333       2.79157031E-10  -1.91445273E-04   3.29980366E-02  -4.32492234E-05  -2.44796872      0.451908529     -0.101817444    
   5.00000000       800.000000       7.78230131E-02   9.74612713      0.268626124       2.75588441E-10  -1.85279147E-04   3.26030366E-02   1.23655263E-05  -2.45590615      0.451909304     -0.102237150    
   6.00000000       800.000000       7.83851892E-02   9.82425022      0.267344594       2.72093487E-10  -1.73367400E-04   3.22130322E-02   5.64474321E-05  -2.46394086      0.451913357     -0.102259785    
   7.00000000       800.000000       7.89523125E-02   9.90284920      0.266085029       2.68660066E-10  -1.56955852E-04   3.18282917E-02   9.43773121E-05  -2.47200131      0.451921135     -0.101209268    
   8.00000000       800.000000       7.95280412E-02   9.98241329      0.264832079       2.65272748E-10  -1.37902462E-04   3.14480700E-02   1.34319227E-04  -2.47998071      0.451932371      -9.89019796E-02
   9.00000000       800.000000       8.01055804E-02   10.0623922      0.263569087       2.61913158E-10  -1.18282151E-04   3.10727842E-02   1.80409435E-04  -2.48778343      0.451946527      -9.50592831E-02
   10.0000000       800.000000       8.06882754E-02   10.1425762      0.262268752       2.58554927E-10  -1.01015969E-04   3.07023190E-02   2.24291914E-04  -2.49526691      0.451964289      -8.90810713E-02
   11.0000000       800.000000       8.12722519E-02   10.2231703      0.260904431       2.55172744E-10  -8.92262469E-05   3.03366072E-02   2.56083120E-04  -2.50221181      0.451985627      -8.14788342E-02
   12.0000000       800.000000       8.18665698E-02   10.3048105      0.259468436       2.51759363E-10  -8.37876505E-05   2.99750771E-02   2.76151171E-04  -2.50855780      0.452007562      -7.39708468E-02
   13.0000000       800.000000       8.24698508E-02   10.3871059      0.257975638       2.48331355E-10  -8.32597798E-05   2.96185222E-02   2.88885174E-04  -2.51436877      0.452032268      -6.77210689E-02
   2.00000000       800.000000       8.30690786E-02   10.4702911      0.256444842       2.44905873E-10  -8.55470498E-05   2.92658471E-02   2.97679391E-04  -2.51976442      0.452057093      -6.25935495E-02
   3.00000000       800.000000       8.36792067E-02   10.5531397      0.254883438       2.41491938E-10  -8.94187106E-05   2.89180502E-02   3.01323744E-04  -2.52480316      0.452081531      -5.79713546E-02
   4.00000000       800.000000       8.42924491E-02   10.6371202      0.253296584       2.38093684E-10  -9.42541737E-05   2.85742879E-02   3.00333195E-04  -2.52950239      0.452107310      -5.36635220E-02
   5.00000000       800.000000       8.49149227E-02   10.7222576      0.251688957       2.34715580E-10  -9.94641014E-05   2.82345042E-02   2.94357887E-04  -2.53388739      0.452131599      -4.97892611E-02
   6.00000000       800.000000       8.55400413E-02   10.8070173      0.250067264       2.31364525E-10  -1.04239189E-04   2.78992038E-02   2.83898495E-04  -2.53799105      0.452156097      -4.66043279E-02
   7.00000000       800.000000       8.61672983E-02   10.8929453      0.248444557       2.28050662E-10  -1.07218068E-04   2.75680050E-02   2.69388402E-04  -2.54188657      0.452178985      -4.45378162E-02
   8.00000000       800.000000       8.68062824E-02   10.9799843      0.246836573       2.24790450E-10  -1.06303341E-04   2.72409432E-02   2.51833291E-04  -2.54569507      0.452201009      -4.39502820E-02
   9.00000000       800.000000       8.74475688E-02   11.0664978      0.245262295       2.21598156E-10  -9.92563364E-05   2.69176029E-02   2.33410305E-04  -2.54954481      0.452222139      -4.45440784E-02
   10.0000000       800.000000       8.80924463E-02   11.1543617      0.243724197       2.18475904E-10  -8.55610051E-05   2.65984628E-02   2.16667511E-04  -2.55351019      0.452240139      -4.46271226E-02
   11.0000000       800.000000       8.87458175E-02   11.2425718      0.242198691       2.15401030E-10  -6.79575387E-05   2.62832865E-02   2.00483613E-04  -2.55743814      0.452258408      -4.20535915E-02
   12.0000000       800.000000       8.94047245E-02   11.3320246      0.240646034       2.12337911E-10  -5.12247316E-05   2.59719323E-02   1.84016564E-04  -2.56100440      0.452274203      -3.65325250E-02
   13.0000000       800.000000       9.00711343E-02   11.4218473      0.239040107       2.09263634E-10  -3.90477107E-05   2.56646015E-02   1.65560210E-04  -2.56399322      0.452289194      -2.94727292E-02
   2.00000000       800.000000       9.07422155E-02   11.5118284      0.237373754       2.06173217E-10  -3.25551700E-05   2.53607389E-02   1.42900710E-04  -2.56633496      0.452303052      -2.21256074E-02
   3.00000000       800.000000       9.14164707E-02   11.6033077      0.235649884       2.03069395E-10  -3.13207493E-05   2.50610970E-02   1.16695264E-04  -2.56802416      0.452313364      -1.54343378E-02
   4.00000000       800.000000       9.20993984E-02   11.6952047      0.233882546       1.99964684E-10  -3.37321399E-05   2.47645807E-02   9.05040215E-05  -2.56916714      0.452322096      -9.89639852E-03
   5.00000000       800.000000       9.27866399E-02   11.7873383      0.232084632       1.96871380E-10  -3.81930149E-05   2.44718939E-02   6.48003479E-05  -2.56985593      0.452326626      -5.23209944E-03
   6.00000000       800.000000       9.34779644E-02   11.8806105      0.230264544       1.93796326E-10  -4.35394759E-05   2.41827145E-02   4.00571662E-05  -2.57014251      0.452331334      -1.21591415E-03
   7.00000000       800.000000       9.41774696E-02   11.9743528      0.228429794       1.90745655E-10  -4.86981335E-05   2.38968506E-02   1.70921121E-05  -2.57008052      0.452333510       2.15562643E-03
   8.00000000       800.000000       9.48819369E-02   12.0688763      0.226589322       1.87727223E-10  -5.27208067E-05   2.36145612E-02  -4.43337876E-06  -2.56973505      0.452332973       4.72134771E-03
   9.00000000       800.000000       9.55979601E-02   12.1640635      0.224757791       1.84751270E-10  -5.42143935E-05   2.33357623E-02  -2.34354666E-05  -2.56918621      0.452330649       6.07189862E-03
   10.0000000       800.000000       9.63135287E-02   12.2600622      0.222950771       1.81831619E-10  -5.09453748E-05   2.30602641E-02  -4.07182124E-05  -2.56856871      0.452325881       6.12039119E-03
   11.0000000       800.000000       9.70358253E-02   12.3568468      0.221178487       1.78974974E-10  -4.12435802E-05   2.27879491E-02  -5.59793370E-05  -2.56800413      0.452320665       5.69362519E-03
   12.0000000       800.000000       9.77677032E-02   12.4544106      0.219431281       1.76172646E-10  -2.62094709E-05   2.25192625E-02  -6.87006032E-05  -2.56746149      0.452313811       6.98665110E-03
   13.0000000       800.000000       9.85076427E-02   12.5523767      0.217669651       1.73392245E-10  -1.07938586E-05   2.22536605E-02  -8.01930146E-05  -2.56662726      0.452306181       1.18797477E-02
   2.00000000       800.000000       9.92456749E-02   12.6510534      0.215853438       1.70601172E-10  -3.70355622E-07   2.19913386E-02  -9.02598113E-05  -2.56511164      0.452296376       1.91337243E-02
   3.00000000       800.000000       9.99961421E-02   12.7503929      0.213976175       1.67796263E-10   3.71189935E-06   2.17321683E-02  -9.77367963E-05  -2.56281924      0.452287912       2.60444861E-02
   4.00000000       800.000000      0.100751281       12.8514633      0.212054357       1.64990299E-10   2.97264501E-06   2.14761905E-02  -1.02408041E-04  -2.55988073      0.452277631       3.17220837E-02
   5.00000000       800.000000      0.101513669       12.9527330      0.210100845       1.62193980E-10  -6.61478850E-07   2.12233216E-02  -1.04837687E-04  -2.55640125      0.452266693       3.63439992E-02
   6.00000000       800.000000      0.102282949       13.0543804      0.208127543       1.59416536E-10  -5.40564952E-06   2.09731776E-02  -1.04890925E-04  -2.55247736      0.452256233       3.99813242E-02
   7.00000000       800.000000      0.103057869       13.1565609      0.206146404       1.56666582E-10  -9.85886982E-06   2.07260940E-02  -1.02712918E-04  -2.54818869      0.452244699       4.27056327E-02
   8.00000000       800.000000      0.103839546       13.2604132      0.204168126       1.53952920E-10  -1.26262084E-05   2.04821173E-02  -9.87000531E-05  -2.54363990      0.452235162       4.43255529E-02
   9.00000000       800.000000      0.104626514       13.3645535      0.202207863       1.51285762E-10  -1.20742643E-05   2.02410258E-02  -9.34690543E-05  -2.53895187      0.452224731       4.51655015E-02
   10.0000000       800.000000      0.105420068       13.4691267      0.200268731       1.48666482E-10  -7.19712034E-06   2.00029928E-02  -8.72200544E-05  -2.53415298      0.452216148       4.57281917E-02
   11.0000000       800.000000      0.106228657       13.5754204      0.198348880       1.46093707E-10   1.80647191E-06   1.97675098E-02  -8.04206647E-05  -2.52927446      0.452207893       4.67001796E-02
   12.0000000       800.000000      0.107034281       13.6821260      0.196431905       1.43554238E-10   1.25928163E-05   1.95350237E-02  -7.31046021E-05  -2.52419424      0.452199906       4.97518480E-02
   13.0000000       800.000000      0.107849084       13.7891541      0.194484636       1.41023415E-10   2.07751564E-05   1.93052851E-02  -6.48117639E-05  -2.51858068      0.452192694       5.51047102E-02
   2.00000000       800.000000      0.108672515       13.8981247      0.192492694       1.38491690E-10   2.41851758E-05   1.90784950E-02  -5.57690364E-05  -2.51226044      0.452187330       6.06122911E-02
   3.00000000       800.000000      0.109497771       14.0066690      0.190469548       1.35969111E-10   2.35821681E-05   1.88540444E-02  -4.61461314E-05  -2.50535536      0.452182174       6.52563348E-02
   4.00000000       800.000000      0.110339761       14.1170921      0.188422859       1.33460895E-10   2.03993550E-05   1.86325572E-02  -3.61915190E-05  -2.49791574      0.452177435       6.90650195E-02
   5.00000000       800.000000      0.111177742       14.2269335      0.186365604       1.30975744E-10   1.65132005E-05   1.84135493E-02  -2.62555004E-05  -2.49005818      0.452175200       7.16778934E-02
   6.00000000       800.000000      0.112030037       14.3394938      0.184313238       1.28525260E-10   1.39318981E-05   1.81972738E-02  -1.65175607E-05  -2.48191857      0.452173173       7.29819834E-02
   7.00000000       800.000000      0.112885214       14.4517355      0.182279587       1.26118060E-10   1.42409554E-05   1.79834366E-02  -7.56976578E-06  -2.47364378      0.452172399       7.36537203E-02
   8.00000000       800.000000      0.113750286       14.5650282      0.180263788       1.23752897E-10   1.79804483E-05   1.77718904E-02   1.03465402E-06  -2.46522713      0.452172130       7.43671134E-02
   9.00000000       800.000000      0.114624061       14.6793976      0.178262979       1.21427160E-10   2.46187974E-05   1.75634306E-02   8.95276207E-06  -2.45665646      0.452172577       7.54571930E-02
   10.0000000       800.000000      0.115506783       14.7940674      0.176265866       1.19133065E-10   3.23483546E-05   1.73571091E-02   1.63541208E-05  -2.44786096      0.452175021       7.79588446E-02
   11.0000000       800.000000      0.116393380       14.9101496      0.174250081       1.16854984E-10   3.80953570E-05   1.71532463E-02   2.31707127E-05  -2.43858290      0.452177942       8.18841830E-02
   12.0000000       800.000000      0.117281690       15.0272551      0.172208115       1.14587680E-10   4.03431441E-05   1.69519130E-02   2.94364345E-05  -2.42872596      0.452181399       8.58870745E-02
   13.0000000       800.000000      0.118191823       15.1445360      0.170147389       1.12336258E-10   3.95985480E-05   1.67530030E-02   3.45077751E-05  -2.41835809      0.452185154       8.93010646E-02
   2.00000000       800.000000      0.119099334       15.2630339      0.168075085       1.10105487E-10   3.71495553E-05   1.65562537E-02   3.84380983E-05  -2.40753651      0.452189416       9.18526798E-02
   3.00000000       800.000000      0.120015435       15.3828135      0.166004866       1.07904262E-10   3.48953981E-05   1.63619965E-02   4.13197740E-05  -2.39639688      0.452194780       9.32180956E-02
   4.00000000       800.000000      0.120940529       15.5036430      0.163949877       1.05740014E-10   3.45910448E-05   1.61699932E-02   4.31544831E-05  -2.38507366      0.452200115       9.38217193E-02
   5.00000000       800.000000      0.121867239       15.6249332      0.161912337       1.03614575E-10   3.68596448E-05   1.59801263E-02   4.41164120E-05  -2.37361431      0.452205986       9.43915620E-02
   6.00000000       800.000000      0.122810721       15.7464323      0.159888178       1.01524296E-10   4.11874389E-05   1.57927144E-02   4.44225516E-05  -2.36197853      0.452211827       9.53423381E-02
   7.00000000       800.000000      0.123757191       15.8707790      0.157870099       9.94642008E-11   4.62027674E-05   1.56074828E-02   4.40211479E-05  -2.35010386      0.452217042       9.70898941E-02
   8.00000000       800.000000      0.124716990       15.9948425      0.155845761       9.74262476E-11   4.99943235E-05   1.54244490E-02   4.28589992E-05  -2.33785415      0.452221364       9.96355265E-02
   9.00000000       800.000000      0.125679165       16.1200333      0.153810516       9.54071336E-11   5.15245447E-05   1.52434781E-02   4.10149369E-05  -2.32515812      0.452226073      0.102262735    
   10.0000000       800.000000      0.126648560       16.2460766      0.151767999       9.34092109E-11   5.11204053E-05   1.50646400E-02   3.84280975E-05  -2.31204963      0.452231824      0.104420535    
   11.0000000       800.000000      0.127627030       16.3736973      0.149726093       9.14367054E-11   4.99557791E-05   1.48883555E-02   3.51693343E-05  -2.29860210      0.452236861      0.105823569    
   12.0000000       800.000000      0.128622070       16.5009899      0.147694558       8.94956401E-11   4.95370041E-05   1.47134401E-02   3.16320002E-05  -2.28493333      0.452240199      0.106442332    
   13.0000000       800.000000      0.129615709       16.6299458      0.145679459       8.75892067E-11   5.07597069E-05   1.45413885E-02   2.77893141E-05  -2.27111983      0.452244014      0.106837168    
   2.00000000       800.000000      0.130617574       16.7607040      0.143677980       8.57152890E-11   5.34631217E-05   1.43704275E-02   2.39065594E-05  -2.25712752      0.452246457      0.107416853    
   3.00000000       800.000000      0.131631613       16.8909397      0.141687527       8.38715764E-11   5.68843134E-05   1.42020937E-02   2.00090017E-05  -2.24294639      0.452249348      0.108350426    
   4.00000000       800.000000      0.132658064       17.0234966      0.139701188       8.20539678E-11   5.98865045E-05   1.40359346E-02   1.61236767E-05  -2.22849560      0.452252001      0.109748401    
   5.00000000       800.000000      0.133689612       17.1564980      0.137714818       8.02594380E-11   6.16185498E-05   1.38711995E-02   1.22824731E-05  -2.21371675      0.452253163      0.111271992    
   6.00000000       800.000000      0.134727374       17.2917385      0.135730579       7.84888890E-11   6.21099971E-05   1.37088867E-02   8.46564217E-06  -2.19862413      0.452254266      0.112536140    
   7.00000000       800.000000      0.135772675       17.4260139      0.133752272       7.67445552E-11   6.20263891E-05   1.35483183E-02   4.78693210E-06  -2.18327975      0.452255398      0.113360599    
   8.00000000       800.000000      0.136831790       17.5625153      0.131785184       7.50291079E-11   6.22149819E-05   1.33895036E-02   1.29854129E-06  -2.16772389      0.452255130      0.113774575    
   9.00000000       800.000000      0.137887821       17.6995029      0.129832491       7.33438449E-11   6.31141666E-05   1.32328440E-02  -1.97290024E-06  -2.15201974      0.452255398      0.114064768    
   10.0000000       800.000000      0.138969555       17.8388729      0.127892807       7.16873505E-11   6.45189721E-05   1.30774342E-02  -4.95535642E-06  -2.13614345      0.452254593      0.114459120    
   11.0000000       800.000000      0.140046909       17.9775219      0.125963852       7.00581260E-11   6.59337238E-05   1.29241934E-02  -7.63289063E-06  -2.12008119      0.452254057      0.115008272    
   12.0000000       800.000000      0.141143247       18.1181393      0.124043711       6.84550819E-11   6.68862122E-05   1.27729913E-02  -9.97290863E-06  -2.10380673      0.452252448      0.115621865    
   13.0000000       800.000000      0.142242312       18.2606220      0.122133262       6.68776423E-11   6.73317845E-05   1.26231005E-02  -1.19433453E-05  -2.08731914      0.452250421      0.116085380    
   2.00000000       800.000000      0.143348306       18.4025784      0.120234631       6.53271673E-11   6.76537820E-05   1.24757877E-02  -1.35361606E-05  -2.07065225      0.452248245      0.116281666    
   3.00000000       800.000000      0.144470185       18.5468769      0.118351020       6.38048295E-11   6.83640756E-05   1.23291491E-02  -1.47594756E-05  -2.05384803      0.452245533      0.116226584    
   4.00000000       800.000000      0.145599216       18.6916237      0.116483763       6.23109203E-11   6.96636926E-05   1.21853752E-02  -1.56364640E-05  -2.03693891      0.452243239      0.116127521    
   5.00000000       800.000000      0.146730632       18.8387299      0.114631660       6.08442463E-11   7.13046757E-05   1.20426500E-02  -1.61835960E-05  -2.01989770      0.452241182      0.116115339    
   6.00000000       800.000000      0.147886083       18.9852219      0.112793021       5.94039123E-11   7.29057501E-05   1.19017223E-02  -1.64010471E-05  -2.00273347      0.452239543      0.116174765    
   7.00000000       800.000000      0.149040878       19.1336536      0.110967375       5.79889921E-11   7.41461699E-05   1.17621804E-02  -1.63223413E-05  -1.98540950      0.452237219      0.116268292    
   8.00000000       800.000000      0.150206983       19.2841053      0.109153934       5.65988263E-11   7.49416067E-05   1.16246939E-02  -1.59661176E-05  -1.96793699      0.452234626      0.116276979    
   9.00000000       800.000000      0.151375279       19.4338169      0.107354984       5.52340014E-11   7.55124274E-05   1.14882020E-02  -1.53703295E-05  -1.95033622      0.452231973      0.116105050    
   10.0000000       800.000000      0.152559474       19.5859928      0.105572313       5.38954437E-11   7.61702977E-05   1.13539882E-02  -1.45787326E-05  -1.93265152      0.452229500      0.115784392    
   11.0000000       800.000000      0.153755501       19.7391071      0.103805788       5.25824974E-11   7.70243132E-05   1.12210223E-02  -1.36324988E-05  -1.91487634      0.452227145      0.115409352    
   12.0000000       800.000000      0.154966682       19.8943138      0.102056704       5.12952250E-11   7.79982802E-05   1.10894116E-02  -1.25625184E-05  -1.89700818      0.452225775      0.115020022    
   13.0000000       800.000000      0.156182289       20.0499210      0.100323901       5.00329465E-11   7.89519981E-05   1.09596485E-02  -1.13945280E-05  -1.87908006      0.452223986      0.114632323    
   2.00000000       800.000000      0.157407701       20.2067699       9.86067280E-02   4.87951901E-11   7.97634057E-05   1.08318059E-02  -1.01444020E-05  -1.86106265      0.452222407      0.114218600    
   3.00000000       800.000000      0.158632427       20.3635406       9.69062895E-02   4.75814319E-11   8.04463052E-05   1.07053956E-02  -8.82971926E-06  -1.84298134      0.452221096      0.113729917    
   4.00000000       800.000000      0.159881696       20.5234394       9.52239782E-02   4.63922720E-11   8.10995189E-05   1.05799381E-02  -7.47075910E-06  -1.82484972      0.452219605      0.113160618    
   5.00000000       800.000000      0.161134437       20.6836548       9.35580581E-02   4.52271345E-11   8.17784094E-05   1.04560200E-02  -6.08899200E-06  -1.80666566      0.452218950      0.112539023    
   6.00000000       800.000000      0.162408039       20.8466339       9.19106007E-02   4.40860230E-11   8.24585950E-05   1.03338677E-02  -4.70738723E-06  -1.78843963      0.452218175      0.111887448    
   7.00000000       800.000000      0.163673609       21.0080662       9.02808234E-02   4.29683719E-11   8.30926219E-05   1.02127371E-02  -3.34871652E-06  -1.77017486      0.452217609      0.111205414    
   8.00000000       800.000000      0.164970547       21.1726456       8.86694044E-02   4.18736573E-11   8.36647087E-05   1.00934291E-02  -2.03664536E-06  -1.75189221      0.452217489      0.110480212    
   9.00000000       800.000000      0.166260168       21.3390827       8.70759413E-02   4.08024864E-11   8.42128866E-05   9.97531042E-03  -7.93249342E-07  -1.73357081      0.452216297      0.109697938    
   10.0000000       800.000000      0.167571649       21.5048828       8.55016857E-02   3.97534679E-11   8.47967167E-05   9.85866413E-03   3.62107812E-07  -1.71526480      0.452216506      0.108862042    
   11.0000000       800.000000      0.168884769       21.6747990       8.39460120E-02   3.87274622E-11   8.54441532E-05   9.74287651E-03   1.41667113E-06  -1.69695318      0.452216923      0.107989013    
   12.0000000       800.000000      0.170220941       21.8437004       8.24098140E-02   3.77232030E-11   8.61414010E-05   9.62964445E-03   2.36045048E-06  -1.67863929      0.452217281      0.107089683    
   13.0000000       800.000000      0.171562597       22.0148487       8.08922872E-02   3.67414363E-11   8.68579082E-05   9.51673929E-03   3.18731895E-06  -1.66034818      0.452218264      0.106168032    
   2.00000000       800.000000      0.172911152       22.1867790       7.93936253E-02   3.57811281E-11   8.75637415E-05   9.40513704E-03   3.89776369E-06  -1.64207637      0.452218950      0.105223380    
   3.00000000       800.000000      0.174262822       22.3595982       7.79146031E-02   3.48417510E-11   8.82387685E-05   9.29524004E-03   4.49391155E-06  -1.62382817      0.452219635      0.104255348    
   4.00000000       800.000000      0.175636902       22.5350342       7.64552653E-02   3.39233086E-11   8.88639624E-05   9.18659382E-03   4.97680867E-06  -1.60557747      0.452220291      0.103265919    
   5.00000000       800.000000      0.177029908       22.7109966       7.50143155E-02   3.30256031E-11   8.94191035E-05   9.07898787E-03   5.34679793E-06  -1.58739400      0.452221572      0.102254681    
   6.00000000       800.000000      0.178427994       22.8897495       7.35924467E-02   3.21482702E-11   8.98930957E-05   8.97321850E-03   5.60537364E-06  -1.56924105      0.452222764      0.101219870    
   7.00000000       800.000000      0.179832757       23.0675335       7.21895546E-02   3.12909490E-11   9.02944594E-05   8.86820909E-03   5.75411559E-06  -1.55112755      0.452223301      0.100156903    
   8.00000000       800.000000      0.181247130       23.2492962       7.08070248E-02   3.04528520E-11   9.06561545E-05   8.76426790E-03   5.79679681E-06  -1.53307450      0.452224761       9.90617275E-02
   9.00000000       800.000000      0.182678327       23.4303741       6.94437921E-02   2.96345448E-11   9.10230083E-05   8.66171811E-03   5.74028263E-06  -1.51510453      0.452225745       9.79358330E-02
   10.0000000       800.000000      0.184120178       23.6137962       6.81006089E-02   2.88355936E-11   9.14319389E-05   8.56048055E-03   5.59419868E-06  -1.49716306      0.452226430       9.67868045E-02
   11.0000000       800.000000      0.185574606       23.7995758       6.67752102E-02   2.80550323E-11   9.18890728E-05   8.46084300E-03   5.36981361E-06  -1.47932124      0.452227652       9.56240967E-02
   12.0000000       800.000000      0.187039450       23.9845982       6.54718727E-02   2.72934678E-11   9.23709740E-05   8.36177636E-03   5.07913910E-06  -1.46151543      0.452228546       9.44555849E-02
   13.0000000       800.000000      0.188515589       24.1725788       6.41864091E-02   2.65499202E-11   9.28395384E-05   8.26404057E-03   4.73372938E-06  -1.44382751      0.452229619       9.32842717E-02
   2.00000000       800.000000      0.190003842       24.3626595       6.29206151E-02   2.58240911E-11   9.32617913E-05   8.16725940E-03   4.34443064E-06  -1.42621469      0.452230513       9.21071544E-02
   3.00000000       800.000000      0.191507503       24.5538692       6.16740100E-02   2.51159423E-11   9.36228607E-05   8.07186682E-03   3.92089032E-06  -1.40870512      0.452231318       9.09206122E-02
   4.00000000       800.000000      0.193027228       24.7454605       6.04466721E-02   2.44249568E-11   9.39266611E-05   7.97779113E-03   3.47142327E-06  -1.39126801      0.452232301       8.97224396E-02
   5.00000000       800.000000      0.194553345       24.9383144       5.92385717E-02   2.37504981E-11   9.41867038E-05   7.88434315E-03   3.00363831E-06  -1.37392139      0.452232897       8.85127187E-02
   6.00000000       800.000000      0.196085945       25.1336231       5.80490120E-02   2.30927430E-11   9.44155836E-05   7.79200625E-03   2.52509153E-06  -1.35667145      0.452233404       8.72938409E-02
   7.00000000       800.000000      0.197636858       25.3313236       5.68794645E-02   2.24512561E-11   9.46223809E-05   7.70121068E-03   2.04344178E-06  -1.33955097      0.452233940       8.60670283E-02
   8.00000000       800.000000      0.199212298       25.5304661       5.57276867E-02   2.18262717E-11   9.48175511E-05   7.61082442E-03   1.56667761E-06  -1.32253397      0.452233881       8.48335922E-02
   9.00000000       800.000000      0.200781316       25.7297115       5.45952879E-02   2.12165164E-11   9.50157046E-05   7.52203353E-03   1.10304848E-06  -1.30562198      0.452233970       8.35936368E-02
   10.0000000       800.000000      0.202371761       25.9304714       5.34832403E-02   2.06223112E-11   9.52319824E-05   7.43416930E-03   6.60926958E-07  -1.28882587      0.452234328       8.23494941E-02
   11.0000000       800.000000      0.203978211       26.1335907       5.23879193E-02   2.00429777E-11   9.54783391E-05   7.34710461E-03   2.47890966E-07  -1.27215397      0.452234417       8.11028555E-02
   12.0000000       800.000000      0.205590189       26.3390236       5.13125807E-02   1.94790538E-11   9.57607044E-05   7.26126600E-03  -1.30836270E-07  -1.25561202      0.452234447       7.98567384E-02
   13.0000000       800.000000      0.207215562       26.5462608       5.02534807E-02   1.89288498E-11   9.60665857E-05   7.17663532E-03  -4.71338581E-07  -1.23919177      0.452234179       7.86164701E-02
   2.00000000       800.000000      0.208862230       26.7531796       4.92140353E-02   1.83934777E-11   9.63724742E-05   7.09270965E-03  -7.71178009E-07  -1.22289574      0.452233613       7.73827806E-02
   3.00000000       800.000000      0.210511744       26.9634609       4.81927805E-02   1.78716035E-11   9.66581720E-05   7.00950762E-03  -1.02912452E-06  -1.20673180      0.452233553       7.61551633E-02
   4.00000000       800.000000      0.212182373       27.1744270       4.71895710E-02   1.73632411E-11   9.69132889E-05   6.92750188E-03  -1.24451583E-06  -1.19070911      0.452232987       7.49322996E-02
   5.00000000       800.000000      0.213867262       27.3881035       4.62029539E-02   1.68682689E-11   9.71402915E-05   6.84668263E-03  -1.41746182E-06  -1.17481303      0.452232748       7.37127662E-02
   6.00000000       800.000000      0.215570495       27.6017551       4.52344865E-02   1.63859776E-11   9.73449642E-05   6.76666433E-03  -1.54889528E-06  -1.15906632      0.452232391       7.24980459E-02
   7.00000000       800.000000      0.217280358       27.8196926       4.42834273E-02   1.59169032E-11   9.75231960E-05   6.68731797E-03  -1.64029370E-06  -1.14342690      0.452232093       7.12910891E-02
   8.00000000       800.000000      0.218995273       28.0367794       4.33492959E-02   1.54596665E-11   9.76581869E-05   6.60914369E-03  -1.69382349E-06  -1.12795520      0.452231616       7.00942054E-02
   9.00000000       800.000000      0.220740929       28.2576332       4.24321145E-02   1.50148696E-11   9.77334348E-05   6.53207256E-03  -1.71240106E-06  -1.11260211      0.452231199       6.89065531E-02
   10.0000000       800.000000      0.222490728       28.4788132       4.15316261E-02   1.45819919E-11   9.77541786E-05   6.45574043E-03  -1.69943439E-06  -1.09740353      0.452230722       6.77228272E-02
   11.0000000       800.000000      0.224248633       28.7025547       4.06483002E-02   1.41605425E-11   9.77544914E-05   6.38012169E-03  -1.65859853E-06  -1.08234930      0.452230662       6.65405914E-02
   12.0000000       800.000000      0.226034790       28.9273281       3.97806764E-02   1.37505259E-11   9.77854725E-05   6.30569225E-03  -1.59379192E-06  -1.06744325      0.452230006       6.53593019E-02
   13.0000000       800.000000      0.227838799       29.1540203       3.89297046E-02   1.33516904E-11   9.78865355E-05   6.23196177E-03  -1.50913399E-06  -1.05269670      0.452229619       6.41833916E-02
   2.00000000       800.000000      0.229636580       29.3828106       3.80950794E-02   1.29637742E-11   9.80592376E-05   6.15898659E-03  -1.40878512E-06  -1.03808630      0.452229261       6.30226061E-02
   3.00000000       800.000000      0.231463313       29.6143074       3.72764207E-02   1.25864033E-11   9.82604106E-05   6.08713552E-03  -1.29666967E-06  -1.02363002      0.452228963       6.18817806E-02
   4.00000000       800.000000      0.233298600       29.8444633       3.64733785E-02   1.22193488E-11   9.84275321E-05   6.01582089E-03  -1.17617526E-06  -1.00933456      0.452228606       6.07609265E-02
   5.00000000       800.000000      0.235164225       30.0788250       3.56854647E-02   1.18623522E-11   9.85142178E-05   5.94540965E-03  -1.05018898E-06 -0.995167255      0.452228516       5.96562736E-02
   6.00000000       800.000000      0.237021416       30.3152733       3.49126756E-02   1.15149999E-11   9.85121223E-05   5.87632740E-03  -9.21175740E-07 -0.981162667      0.452228278       5.85615225E-02
   7.00000000       800.000000      0.238909259       30.5545444       3.41547988E-02   1.11774661E-11   9.84483922E-05   5.80765726E-03  -7.91263403E-07 -0.967287838      0.452227980       5.74730970E-02
   8.00000000       800.000000      0.240805298       30.7942753       3.34119052E-02   1.08489832E-11   9.83624923E-05   5.73938200E-03  -6.62395735E-07 -0.953577459      0.452227861       5.63916937E-02
   9.00000000       800.000000      0.242732763       31.0363560       3.26836444E-02   1.05298504E-11   9.82759229E-05   5.67244412E-03  -5.36321181E-07 -0.940022290      0.452227652       5.53220026E-02
   10.0000000       800.000000      0.244650185       31.2805672       3.19697484E-02   1.02196038E-11   9.81839912E-05   5.60591044E-03  -4.14573151E-07 -0.926620364      0.452227414       5.42671755E-02
   11.0000000       800.000000      0.246601894       31.5240726       3.12696733E-02   9.91792933E-12   9.80686527E-05   5.54066151E-03  -2.98412203E-07 -0.913360596      0.452227384       5.32280542E-02
   12.0000000       800.000000      0.248575494       31.7732716       3.05834040E-02   9.62475846E-12   9.79165998E-05   5.47582004E-03  -1.88784171E-07 -0.900264740      0.452227384       5.22030331E-02
   13.0000000       800.000000      0.250549018       32.0229034       2.99113337E-02   9.33986569E-12   9.77321033E-05   5.41185634E-03  -8.63924896E-08 -0.887310445      0.452227384       5.11898547E-02
   2.00000000       800.000000      0.252544135       32.2734489       2.92527545E-02   9.06295525E-12   9.75327202E-05   5.34825819E-03   8.37670200E-09 -0.874508798      0.452227175       5.01877256E-02
   3.00000000       800.000000      0.254557490       32.5260506       2.86070742E-02   8.79392306E-12   9.73382412E-05   5.28599042E-03   9.53586436E-08 -0.861860573      0.452227294       4.91969809E-02
   4.00000000       800.000000      0.256586730       32.7818604       2.79749967E-02   8.53250543E-12   9.71726404E-05   5.22416783E-03   1.74427342E-07 -0.849360943      0.452227384       4.82169539E-02
   5.00000000       800.000000      0.258610994       33.0395813       2.73558125E-02   8.27864600E-12   9.70656256E-05   5.16300416E-03   2.45496977E-07 -0.837021351      0.452227503       4.72479314E-02
   6.00000000       800.000000      0.260681123       33.2992859       2.67493334E-02   8.03197005E-12   9.70396577E-05   5.10239135E-03   3.08357926E-07 -0.824831367      0.452227592       4.62912917E-02
   7.00000000       800.000000      0.262756377       33.5623474       2.61556674E-02   7.79240474E-12   9.70943438E-05   5.04297018E-03   3.62610592E-07 -0.812789857      0.452227741       4.53519523E-02
   8.00000000       800.000000      0.264846563       33.8261070       2.55739801E-02   7.55979827E-12   9.71877962E-05   4.98389453E-03   4.07785365E-07 -0.800898373      0.452228040       4.44336087E-02
   9.00000000       800.000000      0.266964108       34.0918350       2.50045247E-02   7.33379937E-12   9.72552807E-05   4.92566731E-03   4.43413001E-07 -0.789158702      0.452228099       4.35367264E-02
   10.0000000       800.000000      0.269089431       34.3593788       2.44467501E-02   7.11416863E-12   9.72448615E-05   4.86778654E-03   4.69198653E-07 -0.777566254      0.452228069       4.26579863E-02
   11.0000000       800.000000      0.271236569       34.6304741       2.39004642E-02   6.90095463E-12   9.71321351E-05   4.81107552E-03   4.85367593E-07 -0.766117036      0.452228397       4.17942032E-02
   12.0000000       800.000000      0.273390830       34.9008446       2.33654194E-02   6.69391539E-12   9.69274333E-05   4.75480361E-03   4.92773893E-07 -0.754800320      0.452228546       4.09409851E-02
   13.0000000       800.000000      0.275573671       35.1773834       2.28418577E-02   6.49278027E-12   9.66759908E-05   4.69896011E-03   4.92472168E-07 -0.743640244      0.452228725       4.00962569E-02
   2.00000000       800.000000      0.277770936       35.4531212       2.23290529E-02   6.29752500E-12   9.64344945E-05   4.64417227E-03   4.85599685E-07 -0.732614100      0.452228934       3.92600074E-02
   3.00000000       800.000000      0.279982239       35.7325478       2.18272638E-02   6.10792840E-12   9.62587364E-05   4.58981050E-03   4.73305590E-07 -0.721740782      0.452229053       3.84321734E-02
   4.00000000       800.000000      0.282222867       36.0137329       2.13361792E-02   5.92395707E-12   9.61853875E-05   4.53589903E-03   4.56174689E-07 -0.711009383      0.452229083       3.76172215E-02
   5.00000000       800.000000      0.284471065       36.2968369       2.08557714E-02   5.74534864E-12   9.62089471E-05   4.48299618E-03   4.34696688E-07 -0.700419188      0.452229291       3.68182771E-02
   6.00000000       800.000000      0.286742091       36.5804558       2.03856919E-02   5.57205020E-12   9.62888880E-05   4.43053897E-03   4.09699311E-07 -0.689975500      0.452229410       3.60389240E-02
   7.00000000       800.000000      0.289016098       36.8690605       1.99256670E-02   5.40372651E-12   9.63526472E-05   4.37853765E-03   3.81500257E-07 -0.679671168      0.452229559       3.52812633E-02
   8.00000000       800.000000      0.291324228       37.1585426       1.94753576E-02   5.24035329E-12   9.63296407E-05   4.32724738E-03   3.50170723E-07 -0.669501603      0.452229530       3.45415175E-02
   9.00000000       800.000000      0.293644518       37.4530144       1.90345999E-02   5.08178308E-12   9.61847618E-05   4.27655550E-03   3.16133224E-07 -0.659464240      0.452229649       3.38173173E-02
   10.0000000       800.000000      0.296003997       37.7481918       1.86032746E-02   4.92783548E-12   9.59449098E-05   4.22666688E-03   2.80092308E-07 -0.649560034      0.452229768       3.31006199E-02
   11.0000000       800.000000      0.298353791       38.0451622       1.81812793E-02   4.77841681E-12   9.56676813E-05   4.17709351E-03   2.42784125E-07 -0.639790356      0.452229857       3.23927552E-02
   12.0000000       800.000000      0.300734103       38.3437805       1.77683774E-02   4.63340694E-12   9.53758354E-05   4.12822142E-03   2.05059038E-07 -0.630154848      0.452230066       3.16971876E-02
   13.0000000       800.000000      0.303147912       38.6467476       1.73644517E-02   4.49271956E-12   9.50662870E-05   4.07982012E-03   1.67497845E-07 -0.620649755      0.452230096       3.10156662E-02
   2.00000000       800.000000      0.305555582       38.9513550       1.69692356E-02   4.35615780E-12   9.47168955E-05   4.03211964E-03   1.30562057E-07 -0.611273885      0.452230275       3.03491112E-02
   3.00000000       800.000000      0.307996303       39.2577019       1.65826827E-02   4.22367263E-12   9.43373016E-05   3.98475444E-03   9.44998746E-08 -0.602029502      0.452230394       2.96919942E-02
   4.00000000       800.000000      0.310469896       39.5681572       1.62046105E-02   4.09510750E-12   9.39845777E-05   3.93804023E-03   5.95450516E-08 -0.592909932      0.452230543       2.90425103E-02
   5.00000000       800.000000      0.312931180       39.8770142       1.58350114E-02   3.97041558E-12   9.37085060E-05   3.89196165E-03   2.58676316E-08 -0.583922505      0.452230483       2.84030307E-02
   6.00000000       800.000000      0.315432847       40.1933212       1.54734151E-02   3.84943683E-12   9.35275457E-05   3.84642021E-03  -6.29703933E-09 -0.575062692      0.452230334       2.77759172E-02
   7.00000000       800.000000      0.317947745       40.5082169       1.51200145E-02   3.73210664E-12   9.34259078E-05   3.80135002E-03  -3.66032999E-08 -0.566330552      0.452230304       2.71635521E-02
   8.00000000       800.000000      0.320495814       40.8281288       1.47744576E-02   3.61828189E-12   9.33592892E-05   3.75679391E-03  -6.46300435E-08 -0.557721734      0.452230215       2.65670475E-02
   9.00000000       800.000000      0.323059022       41.1489258       1.44363400E-02   3.50783660E-12   9.32693001E-05   3.71272350E-03  -8.99701647E-08 -0.549232721      0.452230304       2.59866416E-02
   10.0000000       800.000000      0.325634599       41.4749947       1.41057521E-02   3.40071829E-12   9.31083268E-05   3.66939767E-03  -1.12241366E-07 -0.540863991      0.452230215       2.54202522E-02
   11.0000000       800.000000      0.328246117       41.8027420       1.37824686E-02   3.29676607E-12   9.28627924E-05   3.62621620E-03  -1.31153456E-07 -0.532609463      0.452230096       2.48646550E-02
   12.0000000       800.000000      0.330868602       42.1312904       1.34662325E-02   3.19593115E-12   9.25529894E-05   3.58388713E-03  -1.46545659E-07 -0.524476171      0.452230096       2.43182350E-02
   13.0000000       800.000000      0.333499759       42.4624519       1.31569887E-02   3.09810966E-12   9.22133622E-05   3.54187796E-03  -1.58482919E-07 -0.516454279      0.452230006       2.37802807E-02
   2.00000000       800.000000      0.336178690       42.7972488       1.28546748E-02   3.00324327E-12   9.18727019E-05   3.50027438E-03  -1.67158632E-07 -0.508549213      0.452230006       2.32518278E-02
   3.00000000       800.000000      0.338866234       43.1343956       1.25590479E-02   2.91124763E-12   9.15460114E-05   3.45925707E-03  -1.72733849E-07 -0.500758529      0.452229947       2.27333102E-02
   4.00000000       800.000000      0.341564178       43.4764404       1.22701293E-02   2.82199090E-12   9.12481264E-05   3.41875106E-03  -1.75290779E-07 -0.493081391      0.452229947       2.22245082E-02
   5.00000000       800.000000      0.344298780       43.8198090       1.19876824E-02   2.73546160E-12   9.10031376E-05   3.37858475E-03  -1.74875410E-07 -0.485514253      0.452229768       2.17247717E-02
   6.00000000       800.000000      0.347046673       44.1641579       1.17115593E-02   2.65153568E-12   9.08239817E-05   3.33890319E-03  -1.71632422E-07 -0.478060991      0.452229738       2.12354101E-02
   7.00000000       800.000000      0.349838823       44.5138283       1.14417123E-02   2.57017736E-12   9.06799323E-05   3.29978601E-03  -1.65813390E-07 -0.470717639      0.452229708       2.07594819E-02
   8.00000000       800.000000      0.352615893       44.8651733       1.11778975E-02   2.49126436E-12   9.05020352E-05   3.26118222E-03  -1.57714041E-07 -0.463478446      0.452229708       2.02978812E-02
   9.00000000       800.000000      0.355454803       45.2186356       1.09200431E-02   2.41472185E-12   9.02294705E-05   3.22285434E-03  -1.47744956E-07 -0.456344575      0.452229649       1.98481716E-02
   10.0000000       800.000000      0.358279139       45.5763397       1.06678354E-02   2.34047308E-12   8.98588769E-05   3.18517839E-03  -1.36311627E-07 -0.449311286      0.452229649       1.94063615E-02
   11.0000000       800.000000      0.361149102       45.9357567       1.04213217E-02   2.26848054E-12   8.94445911E-05   3.14771431E-03  -1.23840167E-07 -0.442383409      0.452229649       1.89697463E-02
   12.0000000       800.000000      0.364027262       46.2968864       1.01803364E-02   2.19867939E-12   8.90661395E-05   3.11086467E-03  -1.10797878E-07 -0.435557216      0.452229559       1.85379088E-02
   13.0000000       800.000000      0.366944253       46.6631355       9.94494837E-03   2.13100869E-12   8.87946590E-05   3.07431025E-03  -9.76405374E-08 -0.428830534      0.452229440       1.81125440E-02
   2.00000000       800.000000      0.369876415       47.0312233       9.71491821E-03   2.06541056E-12   8.86483904E-05   3.03830812E-03  -8.46818438E-08 -0.422209501      0.452229321       1.76972486E-02
   3.00000000       800.000000      0.372847915       47.4044495       9.49011650E-03   2.00181430E-12   8.85968184E-05   3.00257024E-03  -7.21293105E-08 -0.415687293      0.452229261       1.72930527E-02
   4.00000000       800.000000      0.375840873       47.7758026       9.27051995E-03   1.94017870E-12   8.85842164E-05   2.96730804E-03  -6.01317751E-08 -0.409261316      0.452229291       1.69007964E-02
   5.00000000       800.000000      0.378836393       48.1548996       9.05579422E-03   1.88039168E-12   8.85342743E-05   2.93254317E-03  -4.88192953E-08 -0.402936071      0.452229202       1.65208075E-02
   6.00000000       800.000000      0.381849557       48.5329056       8.84598587E-03   1.82242481E-12   8.83795947E-05   2.89813383E-03  -3.82871477E-08 -0.396697670      0.452229112       1.61513332E-02
   7.00000000       800.000000      0.384928495       48.9166336       8.64079688E-03   1.76620643E-12   8.81027081E-05   2.86398851E-03  -2.86186932E-08 -0.390544772      0.452229083       1.57890301E-02
   8.00000000       800.000000      0.388007849       49.3037720       8.44027102E-03   1.71169578E-12   8.77465427E-05   2.83049815E-03  -1.99140207E-08 -0.384494215      0.452229112       1.54316686E-02
   9.00000000       800.000000      0.391112477       49.6939621       8.24431516E-03   1.65885459E-12   8.73805693E-05   2.79715355E-03  -1.21790427E-08 -0.378529161      0.452229083       1.50789404E-02
   10.0000000       800.000000      0.394236952       50.0870171       8.05284269E-03   1.60761541E-12   8.70625154E-05   2.76433001E-03  -5.37389022E-09 -0.372650445      0.452229083       1.47320917E-02
   11.0000000       800.000000      0.397388846       50.4830971       7.86573160E-03   1.55795602E-12   8.67977142E-05   2.73184036E-03   6.02414896E-10 -0.366863638      0.452229112       1.43939098E-02
   12.0000000       800.000000      0.400564700       50.8813133       7.68298190E-03   1.50982948E-12   8.65363399E-05   2.69985036E-03   5.86896487E-09 -0.361161917      0.452229083       1.40661001E-02
   13.0000000       800.000000      0.403795749       51.2825050       7.50438869E-03   1.46315609E-12   8.62271772E-05   2.66802195E-03   1.05135838E-08 -0.355548918      0.452229083       1.37465578E-02
   2.00000000       800.000000      0.406995207       51.6878319       7.32975919E-03   1.41791657E-12   8.58685889E-05   2.63681868E-03   1.46141304E-08 -0.350018591      0.452229083       1.34331947E-02
   3.00000000       800.000000      0.410275906       52.0953789       7.15923775E-03   1.37404834E-12   8.54914906E-05   2.60587991E-03   1.82852364E-08 -0.344571948      0.452229083       1.31253507E-02
   4.00000000       800.000000      0.413564175       52.5095062       6.99250679E-03   1.33153135E-12   8.51263976E-05   2.57528014E-03   2.15790852E-08 -0.339206040      0.452229083       1.28231430E-02
   5.00000000       800.000000      0.416869521       52.9231834       6.82972092E-03   1.29031822E-12   8.48011041E-05   2.54488760E-03   2.44957850E-08 -0.333921641      0.452229112       1.25270141E-02
   6.00000000       800.000000      0.420203984       53.3436661       6.67066593E-03   1.25038088E-12   8.45225368E-05   2.51495908E-03   2.69977640E-08 -0.328719437      0.452229112       1.22377863E-02
   7.00000000       800.000000      0.423574746       53.7655487       6.51524868E-03   1.21167258E-12   8.42684240E-05   2.48539727E-03   2.90267046E-08 -0.323596328      0.452229112       1.19560650E-02
   8.00000000       800.000000      0.426962882       54.1887779       6.36344776E-03   1.17414769E-12   8.40097491E-05   2.45621451E-03   3.05233954E-08 -0.318550915      0.452229202       1.16815455E-02
   9.00000000       800.000000      0.430381179       54.6191368       6.21502800E-03   1.13777455E-12   8.37227490E-05   2.42745993E-03   3.14465858E-08 -0.313580602      0.452229202       1.14139235E-02
   10.0000000       800.000000      0.433835030       55.0515404       6.07008347E-03   1.10251597E-12   8.33940940E-05   2.39893654E-03   3.17764020E-08 -0.308685601      0.452229261       1.11523122E-02
   11.0000000       800.000000      0.437294513       55.4855461       5.92848100E-03   1.06833509E-12   8.30313875E-05   2.37072702E-03   3.15285078E-08 -0.303864956      0.452229291       1.08960671E-02
   12.0000000       800.000000      0.440796643       55.9234009       5.79003664E-03   1.03520686E-12   8.26521136E-05   2.34273332E-03   3.07602086E-08 -0.299117804      0.452229321       1.06449071E-02
   13.0000000       800.000000      0.444335788       56.3692284       5.65486401E-03   1.00309778E-12   8.22731818E-05   2.31517944E-03   2.95637363E-08 -0.294444144      0.452229321       1.03990408E-02
   2.00000000       800.000000      0.447884768       56.8128738       5.52282389E-03   9.71978899E-13   8.19054112E-05   2.28797714E-03   2.80540888E-08 -0.289839834      0.452229321       1.01583079E-02
   3.00000000       800.000000      0.451492101       57.2652702       5.39381010E-03   9.41823767E-13   8.15566600E-05   2.26115505E-03   2.63507847E-08 -0.285307735      0.452229321       9.92282946E-03
   4.00000000       800.000000      0.455087274       57.7184486       5.26779890E-03   9.12588798E-13   8.12333965E-05   2.23448663E-03   2.45564369E-08 -0.280844837      0.452229291       9.69272666E-03
   5.00000000       800.000000      0.458740443       58.1730003       5.14469063E-03   8.84259463E-13   8.09409903E-05   2.20823474E-03   2.27372823E-08 -0.276450068      0.452229291       9.46750026E-03
   6.00000000       800.000000      0.462410837       58.6358948       5.02445176E-03   8.56814673E-13   8.06882381E-05   2.18234514E-03   2.09144151E-08 -0.272123396      0.452229291       9.24721546E-03
   7.00000000       800.000000      0.466109008       59.0983734       4.90700779E-03   8.30207322E-13   8.04809679E-05   2.15662364E-03   1.90764204E-08 -0.267863661      0.452229291       9.03185364E-03
   8.00000000       800.000000      0.469850868       59.5668716       4.79223300E-03   8.04424019E-13   8.03142320E-05   2.13114615E-03   1.71954184E-08 -0.263671815      0.452229321       8.82171094E-03
   9.00000000       800.000000      0.473630607       60.0369263       4.68018046E-03   7.79441941E-13   8.01779097E-05   2.10618507E-03   1.52485065E-08 -0.259539902      0.452229321       8.61667562E-03
   10.0000000       800.000000      0.477417022       60.5153427       4.57071420E-03   7.55227315E-13   8.00635753E-05   2.08139233E-03   1.32335085E-08 -0.255474925      0.452229381       8.41653720E-03
   11.0000000       800.000000      0.481236160       60.9947357       4.46377322E-03   7.31770330E-13   7.99637710E-05   2.05693021E-03   1.11704912E-08 -0.251471967      0.452229321       8.22115317E-03
   12.0000000       800.000000      0.485106736       61.4788399       4.35934309E-03   7.09014715E-13   7.98685724E-05   2.03272561E-03   9.09351350E-09 -0.247529730      0.452229321       8.03050213E-03
   13.0000000       800.000000      0.489003509       61.9645309       4.25729621E-03   6.86982101E-13   7.97662215E-05   2.00878852E-03   7.04032521E-09 -0.243649498      0.452229291       7.84459990E-03
   2.00000000       800.000000      0.492917389       62.4534645       4.15756367E-03   6.65622722E-13   7.96467284E-05   1.98508124E-03   5.04315034E-09 -0.239828184      0.452229291       7.66301714E-03
   3.00000000       800.000000      0.496857613       62.9518318       4.06019157E-03   6.44921941E-13   7.95056549E-05   1.96171622E-03   3.12575654E-09 -0.236065403      0.452229291       7.48550938E-03
   4.00000000       800.000000      0.500846684       63.4490204       3.96504486E-03   6.24857154E-13   7.93386353E-05   1.93868717E-03   1.29809463E-09 -0.232358962      0.452229291       7.31244171E-03
   5.00000000       800.000000      0.504872501       63.9528084       3.87212937E-03   6.05411283E-13   7.91372295E-05   1.91587827E-03  -4.40614600E-10 -0.228711218      0.452229291       7.14349560E-03
   6.00000000       800.000000      0.508909047       64.4573593       3.78132146E-03   5.86570072E-13   7.88905963E-05   1.89321069E-03  -2.09062301E-09 -0.225117907      0.452229291       6.97854953E-03
   7.00000000       800.000000      0.512971818       64.9687729       3.69261322E-03   5.68303976E-13   7.85863595E-05   1.87097967E-03  -3.64619601E-09 -0.221579999      0.452229291       6.81787031E-03
   8.00000000       800.000000      0.517089903       65.4843674       3.60595807E-03   5.50599659E-13   7.82047282E-05   1.84886961E-03  -5.09222220E-09 -0.218095094      0.452229291       6.66121440E-03
   9.00000000       800.000000      0.521240056       66.0012741       3.52128409E-03   5.33441292E-13   7.77164314E-05   1.82720518E-03  -6.41059117E-09 -0.214662462      0.452229291       6.50897715E-03
   10.0000000       800.000000      0.525399923       66.5273361       3.43851792E-03   5.16807951E-13   7.71092746E-05   1.80564774E-03  -7.56521601E-09 -0.211281672      0.452229321       6.36004470E-03
   11.0000000       800.000000      0.529633105       67.0519409       3.35765677E-03   5.00687491E-13   7.63974458E-05   1.78433373E-03  -8.51772253E-09 -0.207952887      0.452229321       6.21395605E-03
   12.0000000       800.000000      0.533852458       67.5886993       3.27868154E-03   4.85058066E-13   7.56168884E-05   1.76334369E-03  -9.23483423E-09 -0.204675660      0.452229321       6.07027858E-03
   13.0000000       800.000000      0.538169861       68.1238251       3.20154615E-03   4.69921682E-13   7.48192397E-05   1.74253667E-03  -9.69474900E-09 -0.201445639      0.452229321       5.92894433E-03
   2.00000000       800.000000      0.542478204       68.6609192       3.12619330E-03   4.55249553E-13   7.40636970E-05   1.72200834E-03  -9.89160576E-09 -0.198267922      0.452229321       5.78958774E-03
   3.00000000       800.000000      0.546837091       69.2043610       3.05259158E-03   4.41035283E-13   7.34185887E-05   1.70178781E-03  -9.83579884E-09 -0.195138931      0.452229321       5.65224886E-03
   4.00000000       800.000000      0.551184714       69.7545853       2.98080733E-03   4.27269412E-13   7.29463063E-05   1.68166275E-03  -9.55733181E-09 -0.192060247      0.452229291       5.51717961E-03
   5.00000000       800.000000      0.555633724       70.3113556       2.91067129E-03   4.13938035E-13   7.26809085E-05   1.66181580E-03  -9.08861075E-09 -0.189030409      0.452229291       5.38515393E-03
   6.00000000       800.000000      0.560065687       70.8701859       2.84224725E-03   4.01024537E-13   7.26100989E-05   1.64223684E-03  -8.46698178E-09 -0.186050653      0.452229291       5.25701838E-03
   7.00000000       800.000000      0.564574599       71.4266510       2.77544279E-03   3.88510459E-13   7.26680591E-05   1.62287208E-03  -7.73015163E-09 -0.183119550      0.452229291       5.13353897E-03
   8.00000000       800.000000      0.569091976       71.9988251       2.71016476E-03   3.76387615E-13   7.27514125E-05   1.60376378E-03  -6.90914215E-09 -0.180232704      0.452229291       5.01499092E-03
   9.00000000       800.000000      0.573642910       72.5662689       2.64635682E-03   3.64634348E-13   7.27478400E-05   1.58484699E-03  -6.02606010E-09 -0.177388445      0.452229291       4.90101334E-03
   10.0000000       800.000000      0.578249216       73.1417236       2.58401898E-03   3.53247352E-13   7.25732752E-05   1.56613602E-03  -5.10158094E-09 -0.174586341      0.452229291       4.79066418E-03
   11.0000000       800.000000      0.582887828       73.7225037       2.52307439E-03   3.42189981E-13   7.22080949E-05   1.54765940E-03  -4.16232560E-09 -0.171826214      0.452229291       4.68257442E-03
   12.0000000       800.000000      0.587557673       74.3115692       2.46348884E-03   3.31484243E-13   7.17105140E-05   1.52942212E-03  -3.24408966E-09 -0.169105768      0.452229291       4.57549794E-03
   13.0000000       800.000000      0.592285097       74.9019089       2.40532402E-03   3.21107182E-13   7.12059773E-05   1.51137670E-03  -2.38308617E-09 -0.166428760      0.452229261       4.46868315E-03
   2.00000000       800.000000      0.597044110       75.4963303       2.34850869E-03   3.11052372E-13   7.08505686E-05   1.49350660E-03  -1.60271429E-09 -0.163791060      0.452229261       4.36217431E-03
   3.00000000       800.000000      0.601813197       76.0937424       2.29308172E-03   3.01317917E-13   7.07678410E-05   1.47597329E-03  -9.10234721E-10 -0.161198437      0.452229261       4.25697723E-03
   4.00000000       800.000000      0.606662095       76.6995621       2.23895325E-03   2.91889966E-13   7.09842789E-05   1.45848130E-03  -3.00599823E-10 -0.158647761      0.452229261       4.15494805E-03
   5.00000000       800.000000      0.611538589       77.3089294       2.18612980E-03   2.82757053E-13   7.13888949E-05   1.44130026E-03   2.37482228E-10 -0.156135380      0.452229261       4.05803602E-03
   6.00000000       800.000000      0.616429627       77.9216690       2.13455083E-03   2.73904353E-13   7.17475195E-05   1.42431166E-03   7.15576098E-10 -0.153666347      0.452229261       3.96735268E-03
   7.00000000       800.000000      0.621346176       78.5425873       2.08398700E-03   2.65311319E-13   7.17691073E-05   1.40745100E-03   1.14403753E-09 -0.151224494      0.452229261       3.88272852E-03
   8.00000000       800.000000      0.626343310       79.1605453       2.03456171E-03   2.56980987E-13   7.12153196E-05   1.39089045E-03   1.53655078E-09 -0.148820803      0.452229261       3.80237796E-03
   9.00000000       800.000000      0.631355822       79.7936478       1.98613666E-03   2.48885005E-13   7.00057135E-05   1.37446425E-03   1.91391680E-09 -0.146444231      0.452229291       3.72340530E-03
   10.0000000       800.000000      0.636449695       80.4251099       1.93871453E-03   2.41031506E-13   6.82791724E-05   1.35822222E-03   2.29701547E-09 -0.144098610      0.452229291       3.64299491E-03
   11.0000000       800.000000      0.641569495       81.0633545       1.89240498E-03   2.33416910E-13   6.63716419E-05   1.34211604E-03   2.68682521E-09 -0.141788334      0.452229291       3.55933700E-03
   12.0000000       800.000000      0.646703839       81.7070923       1.84719288E-03   2.26043698E-13   6.47059060E-05   1.32631895E-03   3.04610537E-09 -0.139513344      0.452229291       3.47260828E-03
   13.0000000       800.000000      0.651862979       82.3593216       1.80310570E-03   2.18911816E-13   6.36352561E-05   1.31059904E-03   3.29611471E-09 -0.137278944      0.452229291       3.38479551E-03
   2.00000000       800.000000      0.657104909       83.0148392       1.76017685E-03   2.12013363E-13   6.33178279E-05   1.29510392E-03   3.33733863E-09 -0.135083959      0.452229291       3.29893618E-03
   3.00000000       800.000000      0.662361264       83.6720734       1.71832542E-03   2.05337890E-13   6.36879849E-05   1.27983070E-03   3.09009396E-09 -0.132925734      0.452229291       3.21761356E-03
   4.00000000       800.000000      0.667716920       84.3404617       1.67745969E-03   1.98867236E-13   6.45116306E-05   1.26463617E-03   2.53380450E-09 -0.130799279      0.452229291       3.14216781E-03
   5.00000000       800.000000      0.673070669       85.0116577       1.63749966E-03   1.92608760E-13   6.55127878E-05   1.24977506E-03   1.73407355E-09 -0.128715590      0.452229291       3.07182432E-03
   6.00000000       800.000000      0.678464949       85.6865540       1.59845699E-03   1.86529991E-13   6.64912004E-05   1.23499311E-03   8.28063951E-10 -0.126647934      0.452229291       3.00554791E-03
   7.00000000       800.000000      0.683868349       86.3630829       1.56022690E-03   1.80634872E-13   6.73656396E-05   1.22032338E-03  -1.05441064E-11 -0.124619082      0.452229291       2.94101145E-03
   8.00000000       800.000000      0.689361989       87.0500107       1.52287039E-03   1.74916939E-13   6.81681631E-05   1.20592082E-03  -6.27951136E-10 -0.122610301      0.452229291       2.87838862E-03
   9.00000000       800.000000      0.694936693       87.7468338       1.48634508E-03   1.69377777E-13   6.89854205E-05   1.19162025E-03  -9.37979805E-10 -0.120632693      0.452229291       2.81612086E-03
   10.0000000       800.000000      0.700467765       88.4404068       1.45064399E-03   1.64002533E-13   6.99068769E-05   1.17754901E-03  -9.51066448E-10 -0.118681975      0.452229291       2.75760680E-03
   11.0000000       800.000000      0.706084132       89.1438522       1.41571532E-03   1.58793633E-13   7.09675369E-05   1.16355089E-03  -7.69253328E-10 -0.116754934      0.452229291       2.69919448E-03
   12.0000000       800.000000      0.711785257       89.8559036       1.38164102E-03   1.53748880E-13   7.22180921E-05   1.14984077E-03  -5.29323307E-10 -0.114856102      0.452229291       2.64884206E-03
   13.0000000       800.000000      0.717506111       90.5660553       1.34830782E-03   1.48854968E-13   7.36634538E-05   1.13623741E-03  -3.52568530E-10 -0.112971306      0.452229291       2.59735319E-03
   2.00000000       800.000000      0.723254204       91.2924652       1.31581619E-03   1.44114714E-13   7.53598069E-05   1.12272997E-03  -2.97763703E-10 -0.111114509      0.452229291       2.56101834E-03
   3.00000000       800.000000      0.729030788       92.0148239       1.28393434E-03   1.39517751E-13   7.71947380E-05   1.10942987E-03  -3.29480221E-10 -0.109252937      0.452229291       2.51843128E-03
   4.00000000       800.000000      0.734885931       92.7492523       1.25279510E-03   1.35063794E-13   7.91672137E-05   1.09630765E-03  -3.57729651E-10 -0.107425079      0.452229291       2.50464678E-03
   5.00000000       800.000000      0.740812361       93.4854507       1.22238370E-03   1.30738695E-13   8.09729827E-05   1.08337053E-03  -2.92752600E-10 -0.105556428      0.452229291       2.47343676E-03
   6.00000000       800.000000      0.746736884       94.2303009       1.19261420E-03   1.26560546E-13   8.27692566E-05   1.07051805E-03  -8.86675872E-11 -0.103746735      0.452229291       2.49671843E-03
   7.00000000       800.000000      0.752711892       94.9802017       1.16362725E-03   1.22501320E-13   8.40326829E-05   1.05786917E-03   2.13718862E-10 -0.101808421      0.452229291       2.47731945E-03
   8.00000000       800.000000      0.758787692       95.7357407       1.13525847E-03   1.18568038E-13   8.53087695E-05   1.04546186E-03   5.20015087E-10 -0.100003898      0.452229291       2.56095384E-03
   9.00000000       800.000000      0.764886141       96.4991150       1.10766571E-03   1.14778819E-13   8.63576061E-05   1.03308330E-03   7.22380267E-10  -9.79084000E-02  0.452229291       2.53867079E-03
   10.0000000       800.000000      0.770997465       97.2638321       1.08066946E-03   1.11095493E-13   8.67063718E-05   1.02108438E-03   7.59519336E-10  -9.61026102E-02  0.452229291       2.79009179E-03
   11.0000000       800.000000      0.777200460       98.0346756       1.05502759E-03   1.07605304E-13   9.63084167E-05   1.00904738E-03   6.16787788E-10  -9.35872719E-02  0.452229291       2.65345071E-03
   12.0000000       800.000000      0.783445537       98.8157425       1.02573493E-03   1.03787977E-13   5.97672770E-05   9.97542986E-04   3.57265220E-20  -9.19640511E-02  0.452229291       3.18472972E-04
   13.0000000       800.000000      0.789714217       99.6048737       1.00181869E-03   1.00566528E-13   5.95398888E-05   9.85780265E-04   1.18722148E-20  -9.30891633E-02  0.452229291      -1.42300094E-03
