   0.00000000       190.000000       3.40428352E-02   1.01702809       1.71214764E-04   1.68311469E-12  -8.26423541E-02   1.70963037      -1.97893387E-15  -3.97072523E-04  -6.73699103E-17  -5.23921056E-03
   1.00000000       197.000000       3.40447091E-02   1.05104125       1.68419196E-04   1.60200564E-12  -7.55427778E-02   1.59125638       3.90048825E-16  -5.75433660E-04  -5.40904520E-17  -6.24150853E-04
   2.00000000       200.000000       3.40499915E-02   1.08514261       1.65755861E-04   1.52720024E-12 -0.143659368      0.866200030       5.18027954E-02  -4.39575088E-04   1.76388968E-03   2.33558100E-03
   3.00000000       200.000000       3.40571664E-02   1.11914527       2.05978737E-04   1.84007410E-12 -0.131365165      0.786240876       9.34267789E-02  -4.16365423E-04   4.94569121E-03  -2.09131348E-03
   4.00000000       200.000000       3.40652503E-02   1.15326166       2.71945028E-04   2.35762625E-12 -0.110701725      0.738659501      0.143524721      -5.82039414E-04   9.83492192E-03  -5.00673335E-03
   5.00000000       200.000000       3.40752266E-02   1.18727005       3.54434422E-04   2.98460844E-12  -9.81779918E-02  0.715150774      0.206060961      -7.57531670E-04   1.68567002E-02  -5.85491955E-03
   6.00000000       200.000000       3.40886116E-02   1.22141874       4.63804376E-04   3.79661970E-12  -8.86201486E-02  0.698502421      0.286945522      -9.81143559E-04   2.66385097E-02  -7.63226952E-03
   7.00000000       200.000000       3.41038704E-02   1.25543642       6.11545111E-04   4.87007570E-12  -8.28310549E-02  0.674523711      0.392464876      -1.27800601E-03   4.00233902E-02  -9.53506026E-03
   8.00000000       200.000000       3.41209993E-02   1.28956389       8.02729919E-04   6.22350955E-12  -7.66652226E-02  0.656333923      0.518124461      -1.63168670E-03   5.77027798E-02  -1.13070160E-02
   9.00000000       200.000000       3.41415480E-02   1.32373023       1.04412541E-03   7.88633308E-12  -7.09267259E-02  0.641273618      0.655953169      -2.04986287E-03   8.00981000E-02  -1.34886745E-02
   10.0000000       200.000000       3.41642797E-02   1.35789859       1.34473480E-03   9.90143991E-12  -6.58151880E-02  0.624322951      0.800916016      -2.55303201E-03  0.107460186      -1.64175071E-02
   11.0000000       200.000000       3.41873281E-02   1.39207828       1.72291708E-03   1.23746265E-11  -6.07978255E-02  0.606947005      0.949703932      -3.17201647E-03  0.139928356      -2.04095785E-02
   2.00000000       200.000000       3.42125520E-02   1.42626679       2.19879765E-03   1.54139462E-11  -5.60760237E-02  0.590652168       1.10169351      -3.94907687E-03  0.177621230      -2.62524132E-02
   3.00000000       200.000000       3.42412032E-02   1.46045995       2.81137903E-03   1.92464239E-11  -5.18306121E-02  0.574827254       1.25589538      -4.96914890E-03  0.220625922      -3.43727916E-02
   4.00000000       200.000000       3.42717990E-02   1.49468386       3.59258591E-03   2.40309161E-11  -4.90310602E-02  0.559239686       1.40178502      -6.30412484E-03  0.268668890      -4.37298752E-02
   5.00000000       200.000000       3.43041234E-02   1.52902329       4.57034074E-03   2.98855836E-11  -4.71237339E-02  0.543746769       1.51854169      -7.96806999E-03  0.320763081      -5.64969368E-02
   6.00000000       200.000000       3.43400165E-02   1.56331646       5.82657102E-03   3.72638032E-11  -4.60777655E-02  0.528263450       1.60994780      -1.01824040E-02  0.376049817      -7.43350089E-02
   7.00000000       200.000000       3.43780145E-02   1.59766877       7.46738305E-03   4.67307720E-11  -4.59026098E-02  0.512755334       1.66314423      -1.30761983E-02  0.433224320     -0.101422384    
   8.00000000       400.000000       3.44163403E-02   1.63212323       9.61076748E-03   5.88764454E-11  -4.58357781E-02  0.497372270       1.65296924      -1.71597041E-02  0.490114659     -0.130181119    
   9.00000000       400.000000       3.44596468E-02   1.66651404       1.23546598E-02   7.41220627E-11  -4.45274264E-02  0.482606888       1.53848684      -2.20425166E-02  0.543128431     -0.166803643    
   10.0000000       400.000000       3.45019177E-02   1.70102203       1.59077588E-02   9.35045028E-11  -4.14816476E-02  0.468397826       1.30095160      -2.86625959E-02  0.588013470     -0.223055482    
   11.0000000       400.000000       3.45477760E-02   1.73553383       2.04780679E-02   1.17974075E-10  -3.74208055E-02  0.454725206      0.908692241      -3.74445729E-02  0.619407773     -0.293595254    
   12.0000000       400.000000       3.45973931E-02   1.77006423       2.63185482E-02   1.48660070E-10  -3.29828560E-02  0.441576242      0.341264784      -4.89631966E-02  0.631214619     -0.383253664    
   13.0000000       400.000000       3.46456654E-02   1.80469894       3.37161608E-02   1.86792679E-10  -2.83374581E-02  0.428925484     -0.396177739      -6.39822930E-02  0.617487609     -0.496637046    
   2.00000000       400.000000       3.46989296E-02   1.83938944       4.29617353E-02   2.33528086E-10  -2.35738549E-02  0.416691482      -1.24431884      -8.34031850E-02  0.574310541     -0.635419369    
   3.00000000       400.000000       3.47537622E-02   1.87406790       5.43138236E-02   2.89764879E-10  -1.88029222E-02  0.404791474      -2.05997467     -0.108114816      0.502717435     -0.795242429    
   4.00000000       400.000000       3.48123796E-02   1.90886545       6.79317713E-02   3.55813573E-10  -1.41671309E-02  0.393179357      -2.60308003     -0.138724908      0.412100315     -0.959750712    
   5.00000000       400.000000       3.48717459E-02   1.94381344       8.37363452E-02   4.30732783E-10  -9.87397414E-03  0.381863534      -2.58356619     -0.174992472      0.322009385      -1.09501684    
   6.00000000       400.000000       3.49331126E-02   1.97864985      0.101185560       5.11310438E-10  -6.18005125E-03  0.370891184      -1.81837511     -0.215160549      0.258489430      -1.16011286    
   7.00000000       400.000000       3.49960364E-02   2.01366401      0.119111493       5.91443783E-10  -3.35287326E-03  0.360334307     -0.471375495     -0.256117463      0.241993040      -1.13999188    
   8.00000000       400.000000       3.50628383E-02   2.04869795      0.135992005       6.63718247E-10  -1.63814193E-03  0.350231826      0.846305668     -0.295026869      0.271666795      -1.07133758    
   9.00000000       400.000000       3.51311862E-02   2.08382654      0.150937155       7.24251714E-10  -1.04872952E-03  0.340564668       1.49271107     -0.331316918      0.324105829      -1.01669443    
   10.0000000       400.000000       3.52015831E-02   2.11898565      0.164417937       7.75846942E-10  -1.25801878E-03  0.331285477       1.34676528     -0.366532356      0.371513456      -1.00035834    
   11.0000000       400.000000       3.52728553E-02   2.15418029      0.177169949       8.22343971E-10  -1.76658598E-03  0.322360575      0.790297091     -0.401817083      0.399389923      -1.00236535    
   12.0000000       400.000000       3.53475511E-02   2.18945503      0.189390689       8.64889271E-10  -2.13349704E-03  0.313769877      0.236068502     -0.437321216      0.407735109     -0.993272603    
   13.0000000       400.000000       3.54251340E-02   2.22494793      0.200894475       9.02834474E-10  -2.13520601E-03  0.305499315      -8.48089829E-02 -0.472115427      0.404729784     -0.949189186    
   2.00000000       400.000000       3.55066359E-02   2.26028228      0.211513102       9.35640010E-10  -1.88178476E-03  0.297539979     -0.136004284     -0.504648328      0.399901152     -0.860720515    
   3.00000000       400.000000       3.55888382E-02   2.29589605      0.220842421       9.61783986E-10  -1.54780375E-03  0.289891541      -2.67348718E-02 -0.533306658      0.398949474     -0.721895039    
   4.00000000       400.000000       3.56727764E-02   2.33153582      0.228315473       9.79134440E-10  -1.24469993E-03  0.282562286       8.39043781E-02 -0.556089342      0.401942879     -0.544121146    
   5.00000000       400.000000       3.57585363E-02   2.36718988      0.233806819       9.87559923E-10  -1.02879433E-03  0.275560677       9.17957127E-02 -0.572172403      0.405225962     -0.358478099    
   6.00000000       400.000000       3.58451568E-02   2.40296197      0.237589687       9.88585769E-10  -8.96580284E-04  0.268892288      -1.43477945E-02 -0.581758618      0.404710859     -0.194935411    
   7.00000000       400.000000       3.59365791E-02   2.43895650      0.240107730       9.84362147E-10  -8.08978162E-04  0.262561351     -0.152740359     -0.586166441      0.399221510      -8.17168728E-02
   8.00000000       400.000000       3.60317938E-02   2.47496963      0.241683856       9.76418835E-10  -7.34449364E-04  0.256557316     -0.216695249     -0.587639809      0.391414195      -3.79803479E-02
   9.00000000       400.000000       3.61256152E-02   2.51087451      0.242598325       9.66030367E-10  -6.57758734E-04  0.250851005     -0.154989362     -0.588906229      0.385814250      -5.40726148E-02
   10.0000000       400.000000       3.62243615E-02   2.54723430      0.243010640       9.53929935E-10  -5.72652032E-04  0.245405212      -1.49445916E-02 -0.591551542      0.385273635      -9.48662013E-02
   11.0000000       400.000000       3.63236889E-02   2.58347154      0.243063256       9.40739153E-10  -5.01300674E-04  0.240182355      0.102106050     -0.595789075      0.388982594     -0.131528720    
   12.0000000       400.000000       3.64281610E-02   2.61973166      0.242877811       9.26970778E-10  -4.58872964E-04  0.235154867      0.123412661     -0.601120770      0.393477857     -0.154220328    
   13.0000000       400.000000       3.65312435E-02   2.65625191      0.242572770       9.13091824E-10  -4.49871382E-04  0.230304256       5.08583337E-02 -0.607041001      0.395335704     -0.166045934    
   2.00000000       400.000000       3.66381556E-02   2.69287086      0.242237046       8.99440189E-10  -4.58485243E-04  0.225615054      -5.50075397E-02 -0.613269985      0.393320799     -0.174078718    
   3.00000000       400.000000       3.67491208E-02   2.72951531      0.241930515       8.86225038E-10  -4.65435238E-04  0.221077368     -0.122853249     -0.619816303      0.388806313     -0.182395592    
   4.00000000       400.000000       3.68596762E-02   2.76648116      0.241667479       8.73485895E-10  -4.58030816E-04  0.216682881     -0.116884753     -0.626696169      0.384497166     -0.189904809    
   5.00000000       400.000000       3.69738303E-02   2.80324292      0.241441533       8.61175464E-10  -4.41612152E-04  0.212422386      -5.35431094E-02 -0.633837998      0.382517457     -0.195970908    
   6.00000000       400.000000       3.70923392E-02   2.84031177      0.241248310       8.49269932E-10  -4.23487771E-04  0.208290949       1.79699119E-02 -0.641210675      0.383183986     -0.202242002    
   7.00000000       400.000000       3.72101963E-02   2.87746811      0.241092607       8.37762637E-10  -4.12219990E-04  0.204284042       5.54035790E-02 -0.648864090      0.385245770     -0.210501552    
   8.00000000       400.000000       3.73310633E-02   2.91468883      0.240993515       8.26711033E-10  -4.09147469E-04  0.200392500       4.88181822E-02 -0.656902194      0.387067944     -0.220559567    
   9.00000000       400.000000       3.74547355E-02   2.95214677      0.240969256       8.16157586E-10  -4.11520508E-04  0.196612671       1.85863320E-02 -0.665360093      0.387764275     -0.229940161    
   10.0000000       400.000000       3.75822932E-02   2.98967767      0.241034418       8.06133937E-10  -4.12818597E-04  0.192937791      -5.95136080E-03 -0.674156666      0.387540817     -0.236719355    
   11.0000000       400.000000       3.77115831E-02   3.02733731      0.241185308       7.96607835E-10  -4.09361906E-04  0.189362526      -8.57613701E-03 -0.683183193      0.387217015     -0.241245389    
   12.0000000       400.000000       3.78417671E-02   3.06507659      0.241400242       7.87490628E-10  -4.03149315E-04  0.185885176       6.21472346E-03 -0.692384124      0.387452424     -0.245352134    
   13.0000000       400.000000       3.79736088E-02   3.10296249      0.241664588       7.78723086E-10  -3.97193158E-04  0.182501748       2.34638602E-02 -0.701784611      0.388343573     -0.250109464    
   2.00000000       400.000000       3.81093584E-02   3.14102793      0.241974592       7.70278508E-10  -3.93446884E-04  0.179207563       3.08483150E-02 -0.711412787      0.389518797     -0.255908191    
   3.00000000       400.000000       3.82481478E-02   3.17926812      0.242341101       7.62179819E-10  -3.91496898E-04  0.176000267       2.65267659E-02 -0.721325696      0.390534252     -0.262542039    
   4.00000000       400.000000       3.83906849E-02   3.21746230      0.242770493       7.54437512E-10  -3.90227477E-04  0.172876492       1.72064938E-02 -0.731533229      0.391194254     -0.268650383    
   5.00000000       400.000000       3.85340862E-02   3.25593615      0.243264958       7.47045092E-10  -3.88375600E-04  0.169831589       9.45164077E-03 -0.741990864      0.391558647     -0.273465306    
   6.00000000       400.000000       3.86794209E-02   3.29459786      0.243814275       7.39957706E-10  -3.85721039E-04  0.166863263       5.52444952E-03 -0.752648771      0.391772389     -0.277449369    
   7.00000000       400.000000       3.88261117E-02   3.33332801      0.244408935       7.33141381E-10  -3.82131868E-04  0.163969681       4.53907158E-03 -0.763494074      0.391948372     -0.281319082    
   8.00000000       400.000000       3.89781781E-02   3.37215042      0.245041177       7.26558091E-10  -3.77946300E-04  0.161148340       4.52123815E-03 -0.774536133      0.392124474     -0.285489142    
   9.00000000       400.000000       3.91310640E-02   3.41121101      0.245708063       7.20195348E-10  -3.73690593E-04  0.158395633       3.49905645E-03 -0.785793483      0.392262042     -0.289976776    
   10.0000000       400.000000       3.92854065E-02   3.45050335      0.246409401       7.14042714E-10  -3.69501911E-04  0.155709863       1.50448945E-03 -0.797275960      0.392320812     -0.294522405    
   11.0000000       400.000000       3.94439995E-02   3.48992372      0.247150287       7.08110848E-10  -3.65404121E-04  0.153088316      -1.34976965E-03 -0.808981836      0.392267495     -0.298914582    
   12.0000000       400.000000       3.96043137E-02   3.52931929      0.247932225       7.02395642E-10  -3.61504761E-04  0.150529087      -5.02190366E-03 -0.820903897      0.392068774     -0.303255826    
   13.0000000       400.000000       3.97699885E-02   3.56905532      0.248756796       6.96897762E-10  -3.56980687E-04  0.148030102      -7.83003960E-03 -0.833052099      0.391757578     -0.307635695    
   2.00000000       400.000000       3.99327539E-02   3.60901117      0.249620184       6.91594781E-10  -3.51590745E-04  0.145589128      -8.47039372E-03 -0.845421970      0.391419232     -0.311902404    
   3.00000000       400.000000       4.01016437E-02   3.64905024      0.250518084       6.86469825E-10  -3.46270797E-04  0.143204436      -7.24020973E-03 -0.858015895      0.391128659     -0.315662771    
   4.00000000       400.000000       4.02740240E-02   3.68916464      0.251438528       6.81486423E-10  -3.41911800E-04  0.140874892      -6.55022031E-03 -0.870795190      0.390864909     -0.318831652    
   5.00000000       400.000000       4.04453352E-02   3.72949243      0.252380431       6.76635248E-10  -3.39057675E-04  0.138596997      -7.69431284E-03 -0.883753240      0.390553802     -0.322115511    
   6.00000000       400.000000       4.06209007E-02   3.77015471      0.253343672       6.71916245E-10  -3.35983437E-04  0.136370778      -9.20562074E-03 -0.896908700      0.390180290     -0.325545132    
   7.00000000       400.000000       4.08019014E-02   3.81062984      0.254328877       6.67323252E-10  -3.33256874E-04  0.134194240      -8.95694457E-03 -0.910258710      0.389813602     -0.328980416    
   8.00000000       400.000000       4.09835242E-02   3.85157919      0.255331010       6.62840061E-10  -3.29815579E-04  0.132064506      -6.93790568E-03 -0.923814535      0.389530063     -0.332003713    
   9.00000000       400.000000       4.11677249E-02   3.89264297      0.256348521       6.58459232E-10  -3.28485912E-04  0.129981756      -5.45441639E-03 -0.937533855      0.389305264     -0.334992349    
   10.0000000       800.000000       4.13518026E-02   3.93391180      0.257390618       6.54202748E-10  -3.25206900E-04  0.127943963      -5.30692702E-03 -0.951456070      0.389085770     -0.338420510    
   11.0000000       800.000000       4.15420607E-02   3.97551847      0.258448392       6.50042298E-10  -3.23656772E-04  0.125949278      -5.03546884E-03 -0.965588033      0.388876587     -0.341621131    
   12.0000000       800.000000       4.17331755E-02   4.01692963      0.259524256       6.45982712E-10  -3.20655323E-04  0.123997189      -3.44365812E-03 -0.979907215      0.388733208     -0.344855547    
   13.0000000       800.000000       4.19295840E-02   4.05884504      0.260620654       6.42024378E-10  -3.18110338E-04  0.122085601      -1.54963543E-03 -0.994438887      0.388668001     -0.347930580    
   2.00000000       800.000000       4.21275869E-02   4.10084629      0.261733085       6.38158082E-10  -3.14405479E-04  0.120214678      -5.70104399E-04  -1.00915217      0.388644218     -0.351101488    
   3.00000000       800.000000       4.23264094E-02   4.14324856      0.262865633       6.34387598E-10  -3.10497097E-04  0.118381560      -6.06698777E-05  -1.02408838      0.388641566     -0.354363531    
   4.00000000       800.000000       4.25276794E-02   4.18554831      0.264012814       6.30697494E-10  -3.05492547E-04  0.116587117       9.00417333E-04  -1.03921938      0.388679653     -0.357283860    
   5.00000000       800.000000       4.27326299E-02   4.22826385      0.265172780       6.27082553E-10  -3.00604996E-04  0.114826925       2.08089384E-03  -1.05455053      0.388767898     -0.359918565    
   6.00000000       800.000000       4.29400988E-02   4.27117634      0.266342759       6.23531393E-10  -2.95781269E-04  0.113104582       2.77732685E-03  -1.07005692      0.388887286     -0.362336218    
   7.00000000       800.000000       4.31519486E-02   4.31416321      0.267520905       6.20041130E-10  -2.91271863E-04  0.111414976       3.25323339E-03  -1.08574688      0.389028311     -0.364808440    
   8.00000000       800.000000       4.33655083E-02   4.35740662      0.268706173       6.16604601E-10  -2.86667841E-04  0.109758556       3.78939766E-03  -1.10161948      0.389192909     -0.367110163    
   9.00000000       800.000000       4.35808785E-02   4.40067959      0.269895583       6.13215423E-10  -2.82898196E-04  0.108136110       3.96702019E-03  -1.11766446      0.389365673     -0.369215399    
   10.0000000       800.000000       4.38009016E-02   4.44439697      0.271089613       6.09874429E-10  -2.78909836E-04  0.106545694       3.73106124E-03  -1.13388383      0.389529288     -0.371442676    
   11.0000000       800.000000       4.40220647E-02   4.48833799      0.272293448       6.06589390E-10  -2.75215483E-04  0.104985073       3.77571699E-03  -1.15028989      0.389695436     -0.373656809    
   12.0000000       800.000000       4.42490242E-02   4.53246212      0.273500502       6.03344652E-10  -2.70721765E-04  0.103453010       4.01424430E-03  -1.16686594      0.389872402     -0.375835776    
   13.0000000       800.000000       4.44775447E-02   4.57707596      0.274713635       6.00148931E-10  -2.66756164E-04  0.101950616       3.65738012E-03  -1.18363285      0.390035123     -0.377831817    
   2.00000000       800.000000       4.47068773E-02   4.62136841      0.275928319       5.96985905E-10  -2.62384565E-04  0.100477874       2.90185539E-03  -1.20055985      0.390165210     -0.379840970    
   3.00000000       800.000000       4.49385233E-02   4.66624355      0.277150810       5.93871785E-10  -2.58082437E-04   9.90336314E-02   2.61198357E-03  -1.21768486      0.390282393     -0.381823987    
   4.00000000       800.000000       4.51754220E-02   4.71121693      0.278373659       5.90786142E-10  -2.53266626E-04   9.76130366E-02   2.54211924E-03  -1.23496807      0.390397668     -0.383619964    
   5.00000000       800.000000       4.54156250E-02   4.75678205      0.279597461       5.87733140E-10  -2.48985423E-04   9.62209031E-02   1.98775879E-03  -1.25243545      0.390487671     -0.385288745    
   6.00000000       800.000000       4.56556603E-02   4.80203438      0.280818850       5.84703896E-10  -2.44752446E-04   9.48546529E-02   1.28579047E-03  -1.27005839      0.390546381     -0.386833370    
   7.00000000       800.000000       4.59001064E-02   4.84787893      0.282039970       5.81700133E-10  -2.40788824E-04   9.35121179E-02   9.51022201E-04  -1.28785276      0.390589952     -0.388305515    
   8.00000000       800.000000       4.61495221E-02   4.89382601      0.283255666       5.78714410E-10  -2.37068103E-04   9.21946988E-02   6.88709260E-04  -1.30580318      0.390621245     -0.389557868    
   9.00000000       800.000000       4.64015417E-02   4.94037914      0.284466326       5.75744230E-10  -2.33897503E-04   9.08990353E-02   2.26471224E-04  -1.32390916      0.390632212     -0.390772313    
   10.0000000       800.000000       4.66544069E-02   4.98703766      0.285673320       5.72792314E-10  -2.30929232E-04   8.96284804E-02  -1.62474666E-04  -1.34216666      0.390625298     -0.391954482    
   11.0000000       800.000000       4.69110720E-02   5.03345490      0.286874771       5.69855052E-10  -2.27969154E-04   8.83797780E-02  -4.53062414E-04  -1.36058044      0.390602946     -0.393096179    
   12.0000000       800.000000       4.71705161E-02   5.08080530      0.288070977       5.66932445E-10  -2.25024225E-04   8.71519893E-02  -7.85871584E-04  -1.37914729      0.390566111     -0.394180894    
   13.0000000       800.000000       4.74330559E-02   5.12793064      0.289262831       5.64027880E-10  -2.21872950E-04   8.59462991E-02  -1.02049415E-03  -1.39787114      0.390517890     -0.395229995    
   2.00000000       800.000000       4.76989783E-02   5.17558718      0.290449739       5.61137026E-10  -2.18574583E-04   8.47624838E-02  -1.22086925E-03  -1.41674888      0.390459299     -0.396068513    
   3.00000000       800.000000       4.79672700E-02   5.22343826      0.291625977       5.58250890E-10  -2.15400418E-04   8.35977122E-02  -1.49849814E-03  -1.43576348      0.390388101     -0.396725416    
   4.00000000       800.000000       4.82396744E-02   5.27148342      0.292794317       5.55373414E-10  -2.12321422E-04   8.24533552E-02  -1.62221526E-03  -1.45491588      0.390309483     -0.397306651    
   5.00000000       800.000000       4.85143214E-02   5.32006216      0.293953359       5.52501489E-10  -2.09362610E-04   8.13291967E-02  -1.67484977E-03  -1.47420323      0.390228748     -0.397712797    
   6.00000000       800.000000       4.87925000E-02   5.36836243      0.295099378       5.49627788E-10  -2.06609446E-04   8.02221149E-02  -1.81824015E-03  -1.49361634      0.390139431     -0.397965848    
   7.00000000       800.000000       4.90735136E-02   5.41723442      0.296234012       5.46757639E-10  -2.03985153E-04   7.91364461E-02  -1.79220410E-03  -1.51315141      0.390051305     -0.398183703    
   8.00000000       800.000000       4.93605398E-02   5.46674824      0.297357589       5.43889822E-10  -2.01396266E-04   7.80672580E-02  -1.69940456E-03  -1.53281236      0.389967322     -0.398278803    
   9.00000000       800.000000       4.96459454E-02   5.51635075      0.298465461       5.41017953E-10  -1.98913520E-04   7.70156235E-02  -1.70149200E-03  -1.55258298      0.389883518     -0.398205072    
   10.0000000       800.000000       4.99367975E-02   5.56616688      0.299560130       5.38144140E-10  -1.96480905E-04   7.59797394E-02  -1.53408479E-03  -1.57246423      0.389806360     -0.398051351    
   11.0000000       800.000000       5.02316244E-02   5.61612844      0.300640136       5.35268219E-10  -1.94160762E-04   7.49636143E-02  -1.33154460E-03  -1.59245622      0.389739245     -0.397736192    
   12.0000000       800.000000       5.05279116E-02   5.66623640      0.301701725       5.32382638E-10  -1.92026273E-04   7.39632696E-02  -1.24266546E-03  -1.61253977      0.389676929     -0.397241533    
   13.0000000       800.000000       5.08273505E-02   5.71697474      0.302747220       5.29491839E-10  -1.89960338E-04   7.29772002E-02  -1.00627344E-03  -1.63271773      0.389625639     -0.396738082    
   2.00000000       800.000000       5.11321910E-02   5.76780939      0.303775847       5.26595711E-10  -1.87845362E-04   7.20100477E-02  -7.86761055E-04  -1.65299213      0.389585763     -0.396155477    
   3.00000000       800.000000       5.14377542E-02   5.81939650      0.304786772       5.23691535E-10  -1.85629819E-04   7.10559487E-02  -6.70743058E-04  -1.67335021      0.389551729     -0.395441175    
   4.00000000       800.000000       5.17485440E-02   5.87104797      0.305780411       5.20780585E-10  -1.83198834E-04   7.01186061E-02  -4.16583644E-04  -1.69379830      0.389529675     -0.394676954    
   5.00000000       800.000000       5.20629622E-02   5.92277527      0.306755662       5.17863641E-10  -1.80641757E-04   6.91952109E-02  -2.27105294E-04  -1.71432376      0.389517933     -0.393730998    
   6.00000000       800.000000       5.23787588E-02   5.97483015      0.307709724       5.14933263E-10  -1.78023882E-04   6.82868212E-02  -8.71210432E-05  -1.73491800      0.389513105     -0.392589390    
   7.00000000       800.000000       5.26992045E-02   6.02751064      0.308642894       5.11993004E-10  -1.75457739E-04   6.73903003E-02   1.66030077E-04  -1.75557601      0.389521986     -0.391285717    
   8.00000000       800.000000       5.30240014E-02   6.08028364      0.309551299       5.09036757E-10  -1.73099179E-04   6.65134713E-02   3.07837472E-04  -1.77628505      0.389537603     -0.389770746    
   9.00000000       800.000000       5.33496812E-02   6.13364077      0.310435146       5.06062636E-10  -1.70975807E-04   6.56455457E-02   4.53073910E-04  -1.79703879      0.389562219     -0.388135225    
   10.0000000       800.000000       5.36804311E-02   6.18732548      0.311294079       5.03074360E-10  -1.69027175E-04   6.47915453E-02   6.28315262E-04  -1.81782961      0.389596850     -0.386393607    
   11.0000000       800.000000       5.40157408E-02   6.24103832      0.312126637       5.00067265E-10  -1.67259495E-04   6.39516339E-02   6.70615816E-04  -1.83865070      0.389632523     -0.384517103    
   12.0000000       800.000000       5.43518029E-02   6.29508209      0.312932730       4.97044184E-10  -1.65606500E-04   6.31250739E-02   7.68824655E-04  -1.85949719      0.389674634     -0.382568210    
   13.0000000       800.000000       5.46922497E-02   6.34962225      0.313713163       4.94004893E-10  -1.63952689E-04   6.23078682E-02   7.99029483E-04  -1.88036692      0.389717638     -0.380563557    
   2.00000000       800.000000       5.50380871E-02   6.40445566      0.314466625       4.90949004E-10  -1.62165583E-04   6.15075678E-02   7.92384613E-04  -1.90125680      0.389761627     -0.378495842    
   3.00000000       800.000000       5.53847216E-02   6.45976830      0.315194368       4.87879959E-10  -1.60175259E-04   6.07161187E-02   8.25230731E-04  -1.92216098      0.389806598     -0.376316816    
   4.00000000       800.000000       5.57359010E-02   6.51546860      0.315894276       4.84792928E-10  -1.57997900E-04   5.99376783E-02   7.73905020E-04  -1.94307280      0.389850259     -0.373985052    
   5.00000000       800.000000       5.60912378E-02   6.57112312      0.316565216       4.81689688E-10  -1.55686910E-04   5.91686442E-02   7.78910413E-04  -1.96398199      0.389894575     -0.371464223    
   6.00000000       800.000000       5.64479530E-02   6.62756824      0.317206681       4.78566187E-10  -1.53333764E-04   5.84131964E-02   7.35040812E-04  -1.98487544      0.389935255     -0.368757159    
   7.00000000       800.000000       5.68098128E-02   6.68420267      0.317815304       4.75422535E-10  -1.50978492E-04   5.76689057E-02   6.89986395E-04  -2.00574875      0.389974564     -0.365922064    
   8.00000000       800.000000       5.71758151E-02   6.74102211      0.318391860       4.72259620E-10  -1.48610634E-04   5.69352917E-02   6.45333144E-04  -2.02658963      0.390011996     -0.362957329    
   9.00000000       800.000000       5.75454868E-02   6.79867172      0.318935663       4.69075168E-10  -1.46083359E-04   5.62139116E-02   5.56875253E-04  -2.04738784      0.390044153     -0.359966427    
   10.0000000       800.000000       5.79212233E-02   6.85620070      0.319448560       4.65872230E-10  -1.43325873E-04   5.54995760E-02   4.91713232E-04  -2.06815290      0.390071690     -0.356866121    
   11.0000000       800.000000       5.82982525E-02   6.91421032      0.319926858       4.62648614E-10  -1.40324904E-04   5.47973141E-02   3.90263333E-04  -2.08886266      0.390095264     -0.353609771    
   12.0000000       800.000000       5.86755127E-02   6.97270107      0.320371449       4.59405680E-10  -1.37173643E-04   5.41080162E-02   3.11743468E-04  -2.10951638      0.390113115     -0.350198656    
   13.0000000       800.000000       5.90622984E-02   7.03143930      0.320779711       4.56140098E-10  -1.34048008E-04   5.34234010E-02   2.21020018E-04  -2.13009214      0.390125901     -0.346583456    
   2.00000000       800.000000       5.94485030E-02   7.09108067      0.321150392       4.52851284E-10  -1.31045395E-04   5.27514890E-02   1.43676298E-04  -2.15058279      0.390134275     -0.342870593    
   3.00000000       800.000000       5.98436110E-02   7.15043688      0.321485400       4.49542792E-10  -1.28165688E-04   5.20898029E-02   6.37604899E-05  -2.17099428      0.390137821     -0.339055330    
   4.00000000       800.000000       6.02373928E-02   7.21079636      0.321781725       4.46210346E-10  -1.25362334E-04   5.14377542E-02  -1.32751802E-05  -2.19130516      0.390138239     -0.335174084    
   5.00000000       800.000000       6.06374219E-02   7.27131176      0.322042316       4.42859749E-10  -1.22671132E-04   5.07925935E-02  -8.77740604E-05  -2.21150804      0.390132934     -0.331142902    
   6.00000000       800.000000       6.10392392E-02   7.33202028      0.322263837       4.39486419E-10  -1.20055309E-04   5.01573533E-02  -1.59007672E-04  -2.23158717      0.390122712     -0.327024966    
   7.00000000       800.000000       6.14471473E-02   7.39313030      0.322447658       4.36094938E-10  -1.17546937E-04   4.95316349E-02  -2.26059958E-04  -2.25156856      0.390108645     -0.322768271    
   8.00000000       800.000000       6.18590638E-02   7.45494413      0.322591513       4.32681391E-10  -1.15109651E-04   4.89144586E-02  -2.79537402E-04  -2.27139330      0.390090972     -0.318396062    
   9.00000000       800.000000       6.22721761E-02   7.51700449      0.322696418       4.29249220E-10  -1.12749083E-04   4.83062230E-02  -3.27650341E-04  -2.29108763      0.390070915     -0.313913077    
   10.0000000       800.000000       6.26941621E-02   7.57950735      0.322761893       4.25795343E-10  -1.10419343E-04   4.77061160E-02  -3.56410397E-04  -2.31062722      0.390048653     -0.309329003    
   11.0000000       800.000000       6.31151870E-02   7.64244461      0.322786182       4.22322871E-10  -1.08097185E-04   4.71141301E-02  -3.82067112E-04  -2.33000708      0.390024662     -0.304649800    
   12.0000000       800.000000       6.35424033E-02   7.70559978      0.322769672       4.18830165E-10  -1.05723062E-04   4.65311930E-02  -3.89841676E-04  -2.34921193      0.389999509     -0.299874336    
   13.0000000       800.000000       6.39760271E-02   7.76949692      0.322712302       4.15319806E-10  -1.03305014E-04   4.59545180E-02  -3.96076124E-04  -2.36824751      0.389974743     -0.294973075    
   2.00000000       800.000000       6.44085407E-02   7.83382225      0.322612137       4.11788853E-10  -1.00888756E-04   4.53872681E-02  -3.87182401E-04  -2.38708472      0.389949828     -0.289901346    
   3.00000000       800.000000       6.48498610E-02   7.89831066      0.322469711       4.08239276E-10  -9.85536171E-05   4.48280945E-02  -3.75242875E-04  -2.40571666      0.389924914     -0.284697920    
   4.00000000       800.000000       6.52926117E-02   7.96304750      0.322281182       4.04665523E-10  -9.63202401E-05   4.42751125E-02  -3.52108211E-04  -2.42413545      0.389901966     -0.279368907    
   5.00000000       800.000000       6.57397360E-02   8.02879810      0.322050244       4.01075034E-10  -9.42094412E-05   4.37317081E-02  -3.24630644E-04  -2.44231558      0.389881074     -0.273955345    
   6.00000000       800.000000       6.61928579E-02   8.09504509      0.321773440       3.97465255E-10  -9.21717947E-05   4.31920663E-02  -2.92731798E-04  -2.46028686      0.389861971     -0.268460721    
   7.00000000       800.000000       6.66503683E-02   8.16145802      0.321453243       3.93837740E-10  -9.01952881E-05   4.26636674E-02  -2.57615175E-04  -2.47798562      0.389844567     -0.262909710    
   8.00000000       800.000000       6.71091229E-02   8.22835445      0.321086943       3.90191074E-10  -8.82122913E-05   4.21390980E-02  -2.22000992E-04  -2.49544668      0.389829278     -0.257280171    
   9.00000000       800.000000       6.75772652E-02   8.29508305      0.320676655       3.86530807E-10  -8.62425004E-05   4.16252278E-02  -1.83877506E-04  -2.51264024      0.389816731     -0.251580089    
   10.0000000       800.000000       6.80434331E-02   8.36327362      0.320221037       3.82850612E-10  -8.42426452E-05   4.11149487E-02  -1.46596969E-04  -2.52956367      0.389807373     -0.245794758    
   11.0000000       800.000000       6.85164854E-02   8.43160915      0.319720238       3.79157289E-10  -8.22440270E-05   4.06117961E-02  -1.06517968E-04  -2.54620481      0.389800012     -0.239926651    
   12.0000000       800.000000       6.89990669E-02   8.50011826      0.319174856       3.75448311E-10  -8.02349314E-05   4.01159041E-02  -6.88092405E-05  -2.56256342      0.389795125     -0.233978316    
   13.0000000       800.000000       6.94770738E-02   8.56972027      0.318582743       3.71724845E-10  -7.82206334E-05   3.96275148E-02  -2.99383846E-05  -2.57859755      0.389792681     -0.227960199    
   2.00000000       800.000000       6.99650571E-02   8.63913631      0.317945004       3.67986697E-10  -7.61912743E-05   3.91462408E-02   5.83080964E-06  -2.59434557      0.389793098     -0.221881047    
   3.00000000       800.000000       7.04544336E-02   8.70913506      0.317262262       3.64235198E-10  -7.41199765E-05   3.86678763E-02   4.03307058E-05  -2.60975695      0.389796048     -0.215759665    
   4.00000000       800.000000       7.09533468E-02   8.77987480      0.316533387       3.60472402E-10  -7.20123862E-05   3.81999798E-02   7.24629281E-05  -2.62485671      0.389800996     -0.209557086    
   5.00000000       800.000000       7.14557767E-02   8.85152435      0.315758586       3.56698088E-10  -6.98756194E-05   3.77350524E-02   1.01169047E-04  -2.63960409      0.389807969     -0.203291446    
   6.00000000       800.000000       7.19595850E-02   8.92326069      0.314938515       3.52911977E-10  -6.77339849E-05   3.72772813E-02   1.26858504E-04  -2.65400386      0.389817476     -0.196953446    
   7.00000000       800.000000       7.24673644E-02   8.99552822      0.314072579       3.49114154E-10  -6.56124466E-05   3.68266441E-02   1.47558574E-04  -2.66805768      0.389828622     -0.190548211    
   8.00000000       800.000000       7.29827210E-02   9.06822109      0.313157886       3.45308865E-10  -6.35174874E-05   3.63788791E-02   1.63703400E-04  -2.68171024      0.389840007     -0.184092507    
   9.00000000       800.000000       7.35015273E-02   9.14107132      0.312198460       3.41491085E-10  -6.14592718E-05   3.59403193E-02   1.74870685E-04  -2.69501710      0.389853239     -0.177594379    
   10.0000000       800.000000       7.40236938E-02   9.21487141      0.311193705       3.37667144E-10  -5.94170779E-05   3.55054773E-02   1.81129712E-04  -2.70791960      0.389867157     -0.171071842    
   11.0000000       800.000000       7.45541826E-02   9.28909588      0.310139537       3.33833600E-10  -5.73720827E-05   3.50754149E-02   1.83433367E-04  -2.72043300      0.389880955     -0.164534047    
   12.0000000       800.000000       7.50876293E-02   9.36382198      0.309043795       3.29995670E-10  -5.53074315E-05   3.46527733E-02   1.81710217E-04  -2.73254395      0.389893770     -0.157977074    
   13.0000000       800.000000       7.56227747E-02   9.43945217      0.307901889       3.26151578E-10  -5.32001213E-05   3.42347808E-02   1.76560585E-04  -2.74424291      0.389907032     -0.151410192    
   2.00000000       800.000000       7.61684179E-02   9.51551723      0.306713998       3.22302518E-10  -5.10476493E-05   3.38216797E-02   1.68504776E-04  -2.75553513      0.389919758     -0.144822940    
   3.00000000       800.000000       7.67170042E-02   9.59179592      0.305483103       3.18450016E-10  -4.88508049E-05   3.34162600E-02   1.57706178E-04  -2.76638889      0.389932156     -0.138219193    
   4.00000000       800.000000       7.72694573E-02   9.66848755      0.304207832       3.14594600E-10  -4.66110505E-05   3.30128558E-02   1.44724501E-04  -2.77681279      0.389943779     -0.131598175    
   5.00000000       800.000000       7.78230131E-02   9.74612713      0.302888483       3.10738463E-10  -4.43501813E-05   3.26160491E-02   1.29935390E-04  -2.78679943      0.389953524     -0.124951556    
   6.00000000       800.000000       7.83851892E-02   9.82425022      0.301523566       3.06880105E-10  -4.20977885E-05   3.22259329E-02   1.13614049E-04  -2.79633403      0.389962226     -0.118279621    
   7.00000000       800.000000       7.89523125E-02   9.90284920      0.300116271       3.03021080E-10  -3.98762859E-05   3.18375491E-02   9.61568585E-05  -2.80540681      0.389970243     -0.111596689    
   8.00000000       800.000000       7.95280412E-02   9.98241329      0.298664093       2.99161390E-10  -3.76999706E-05   3.14559974E-02   7.79275360E-05  -2.81401181      0.389976859     -0.104912534    
   9.00000000       800.000000       8.01055804E-02   10.0623922      0.297169715       2.95303032E-10  -3.55760894E-05   3.10796667E-02   5.93326404E-05  -2.82215667      0.389980435      -9.82352570E-02
   10.0000000       800.000000       8.06882754E-02   10.1425762      0.295632392       2.91446423E-10  -3.35040058E-05   3.07076611E-02   4.07369298E-05  -2.82981157      0.389983714      -9.15785804E-02
   11.0000000       800.000000       8.12722519E-02   10.2231703      0.294053763       2.87593171E-10  -3.14706776E-05   3.03396117E-02   2.25190743E-05  -2.83698511      0.389986902      -8.49552900E-02
   12.0000000       800.000000       8.18665698E-02   10.3048105      0.292431384       2.83743501E-10  -2.94573729E-05   2.99759004E-02   5.11341204E-06  -2.84366894      0.389987469      -7.83701390E-02
   13.0000000       800.000000       8.24698508E-02   10.3871059      0.290772289       2.79900908E-10  -2.74516369E-05   2.96173505E-02  -1.10891160E-05  -2.84986186      0.389985800      -7.18222857E-02
   2.00000000       800.000000       8.30690786E-02   10.4702911      0.289070219       2.76062895E-10  -2.54450460E-05   2.92641148E-02  -2.57661140E-05  -2.85555601      0.389983714      -6.53157607E-02
   3.00000000       800.000000       8.36792067E-02   10.5531397      0.287328720       2.72233458E-10  -2.34321087E-05   2.89149825E-02  -3.86521606E-05  -2.86075234      0.389980465      -5.88506572E-02
   4.00000000       800.000000       8.42924491E-02   10.6371202      0.285550088       2.68410960E-10  -2.14150714E-05   2.85697300E-02  -4.96251923E-05  -2.86543751      0.389975965      -5.24248444E-02
   5.00000000       800.000000       8.49149227E-02   10.7222576      0.283732384       2.64598510E-10  -1.94043114E-05   2.82287113E-02  -5.86427050E-05  -2.86960745      0.389971107      -4.60387506E-02
   6.00000000       800.000000       8.55400413E-02   10.8070173      0.281879038       2.60796384E-10  -1.74077195E-05   2.78924741E-02  -6.57864366E-05  -2.87329268      0.389965504      -3.97026502E-02
   7.00000000       800.000000       8.61672983E-02   10.8929453      0.279987216       2.57004945E-10  -1.54231711E-05   2.75595877E-02  -7.11864559E-05  -2.87644100      0.389959037      -3.34287174E-02
   8.00000000       800.000000       8.68062824E-02   10.9799843      0.278058857       2.53224636E-10  -1.34438824E-05   2.72315424E-02  -7.49558822E-05  -2.87909579      0.389952719      -2.72209961E-02
   9.00000000       800.000000       8.74475688E-02   11.0664978      0.276097953       2.49459425E-10  -1.14640006E-05   2.69081164E-02  -7.71796622E-05  -2.88119960      0.389946461      -2.10835822E-02
   10.0000000       800.000000       8.80924463E-02   11.1543617      0.274103105       2.45706899E-10  -9.47676017E-06   2.65877098E-02  -7.79343754E-05  -2.88277626      0.389939338      -1.50228664E-02
   11.0000000       800.000000       8.87458175E-02   11.2425718      0.272073358       2.41969084E-10  -7.47217609E-06   2.62722224E-02  -7.72594722E-05  -2.88383985      0.389932334      -9.04358458E-03
   12.0000000       800.000000       8.94047245E-02   11.3320246      0.270013154       2.38250253E-10  -5.44094110E-06   2.59596333E-02  -7.52097549E-05  -2.88437557      0.389926136      -3.14835389E-03
   13.0000000       800.000000       9.00711343E-02   11.4218473      0.267920226       2.34547048E-10  -3.37982510E-06   2.56500226E-02  -7.18847296E-05  -2.88441014      0.389919162       2.66522868E-03
   2.00000000       800.000000       9.07422155E-02   11.5118284      0.265798926       2.30861469E-10  -1.29763578E-06   2.53452398E-02  -6.73828108E-05  -2.88390636      0.389912426       8.40426702E-03
   3.00000000       800.000000       9.14164707E-02   11.6033077      0.263646275       2.27194652E-10   7.80513687E-07   2.50456743E-02  -6.18608829E-05  -2.88287783      0.389907062       1.40762571E-02
   4.00000000       800.000000       9.20993984E-02   11.6952047      0.261465698       2.23547333E-10   2.81925850E-06   2.47488804E-02  -5.55188162E-05  -2.88131833      0.389902055       1.96813252E-02
   5.00000000       800.000000       9.27866399E-02   11.7873383      0.259256154       2.19920998E-10   4.78711127E-06   2.44546961E-02  -4.85977980E-05  -2.87923384      0.389897734       2.52076220E-02
   6.00000000       800.000000       9.34779644E-02   11.8806105      0.257020861       2.16314189E-10   6.67305767E-06   2.41648071E-02  -4.13460511E-05  -2.87662077      0.389894158       3.06333322E-02
   7.00000000       800.000000       9.41774696E-02   11.9743528      0.254758716       2.12729528E-10   8.49157550E-06   2.38791071E-02  -3.39744074E-05  -2.87348533      0.389889717       3.59398499E-02
   8.00000000       800.000000       9.48819369E-02   12.0688763      0.252469391       2.09169293E-10   1.02699260E-05   2.35961787E-02  -2.66499646E-05  -2.86982965      0.389888257       4.11207750E-02
   9.00000000       800.000000       9.55979601E-02   12.1640635      0.250159979       2.05631748E-10   1.20339564E-05   2.33154390E-02  -1.94854492E-05  -2.86565924      0.389887303       4.61773239E-02
   10.0000000       800.000000       9.63135287E-02   12.2600622      0.247826606       2.02120112E-10   1.38000087E-05   2.30405368E-02  -1.25756587E-05  -2.86096787      0.389885426       5.11154160E-02
   11.0000000       800.000000       9.70358253E-02   12.3568468      0.245471701       1.98633221E-10   1.55691432E-05   2.27678828E-02  -5.97380858E-06  -2.85577083      0.389884681       5.59423827E-02
   12.0000000       800.000000       9.77677032E-02   12.4544106      0.243097290       1.95173835E-10   1.73325607E-05   2.24988069E-02   2.84863830E-07  -2.85008049      0.389884144       6.06604107E-02
   13.0000000       800.000000       9.85076427E-02   12.5523767      0.240703210       1.91739277E-10   1.90814990E-05   2.22320408E-02   6.15678300E-06  -2.84387827      0.389884919       6.52636141E-02
   2.00000000       800.000000       9.92456749E-02   12.6510534      0.238293111       1.88335306E-10   2.08166402E-05   2.19690986E-02   1.15806115E-05  -2.83718419      0.389885932       6.97413534E-02
   3.00000000       800.000000       9.99961421E-02   12.7503929      0.235863805       1.84959464E-10   2.25514195E-05   2.17095073E-02   1.64644134E-05  -2.82997060      0.389887691       7.40849227E-02
   4.00000000       800.000000      0.100751281       12.8514633      0.233419538       1.81612114E-10   2.43034483E-05   2.14537159E-02   2.07274843E-05  -2.82227612      0.389889985       7.82936886E-02
   5.00000000       800.000000      0.101513669       12.9527330      0.230958998       1.78295725E-10   2.60833458E-05   2.12010965E-02   2.42931819E-05  -2.81413031      0.389891893       8.23738202E-02
   6.00000000       800.000000      0.102282949       13.0543804      0.228488207       1.75010895E-10   2.78860625E-05   2.09502410E-02   2.71153476E-05  -2.80550885      0.389895141       8.63344222E-02
   7.00000000       800.000000      0.103057869       13.1565609      0.226001397       1.71757317E-10   2.96909711E-05   2.07023807E-02   2.91975557E-05  -2.79640341      0.389898568       9.01837349E-02
   8.00000000       800.000000      0.103839546       13.2604132      0.223504603       1.68534353E-10   3.14689169E-05   2.04582233E-02   3.05856302E-05  -2.78683376      0.389901698       9.39228907E-02
   9.00000000       800.000000      0.104626514       13.3645535      0.220997617       1.65344710E-10   3.31931697E-05   2.02176776E-02   3.13349265E-05  -2.77682543      0.389905363       9.75460410E-02
   10.0000000       800.000000      0.105420068       13.4691267      0.218481973       1.62187250E-10   3.48514950E-05   1.99802592E-02   3.15026991E-05  -2.76635098      0.389907748      0.101040103    
   11.0000000       800.000000      0.106228657       13.5754204      0.215958089       1.59063179E-10   3.64502557E-05   1.97443496E-02   3.11349904E-05  -2.75545025      0.389911741      0.104393654    
   12.0000000       800.000000      0.107034281       13.6821260      0.213424623       1.55973082E-10   3.80050224E-05   1.95117351E-02   3.02646749E-05  -2.74408603      0.389914513      0.107605033    
   13.0000000       800.000000      0.107849084       13.7891541      0.210887954       1.52918303E-10   3.95305615E-05   1.92821734E-02   2.89109248E-05  -2.73231959      0.389917433      0.110674702    
   2.00000000       800.000000      0.108672515       13.8981247      0.208343044       1.49896415E-10   4.10406210E-05   1.90543458E-02   2.70998826E-05  -2.72012949      0.389920503      0.113604166    
   3.00000000       800.000000      0.109497771       14.0066690      0.205799341       1.46911830E-10   4.25442995E-05   1.88298058E-02   2.48758097E-05  -2.70752692      0.389923513      0.116397962    
   4.00000000       800.000000      0.110339761       14.1170921      0.203249291       1.43962064E-10   4.40445147E-05   1.86080933E-02   2.23087445E-05  -2.69454384      0.389926016      0.119059004    
   5.00000000       800.000000      0.111177742       14.2269335      0.200698957       1.41048992E-10   4.55425834E-05   1.83901154E-02   1.94712575E-05  -2.68117309      0.389928102      0.121587627    
   6.00000000       800.000000      0.112030037       14.3394938      0.198149353       1.38172487E-10   4.70420855E-05   1.81731861E-02   1.64481480E-05  -2.66739655      0.389930010      0.123982780    
   7.00000000       800.000000      0.112885214       14.4517355      0.195598006       1.35332148E-10   4.85484416E-05   1.79595295E-02   1.33264575E-05  -2.65326214      0.389931262      0.126245201    
   8.00000000       800.000000      0.113750286       14.5650282      0.193050355       1.32531333E-10   5.00622191E-05   1.77488066E-02   1.01832111E-05  -2.63877773      0.389932662      0.128381103    
   9.00000000       800.000000      0.114624061       14.6793976      0.190504968       1.29766489E-10   5.15732063E-05   1.75399035E-02   7.08675407E-06  -2.62396193      0.389933586      0.130398005    
   10.0000000       800.000000      0.115506783       14.7940674      0.187962979       1.27038588E-10   5.30617872E-05   1.73339043E-02   4.08924143E-06  -2.60878849      0.389933795      0.132301211    
   11.0000000       800.000000      0.116393380       14.9101496      0.185424522       1.24348878E-10   5.45072944E-05   1.71306096E-02   1.24194821E-06  -2.59327626      0.389934152      0.134088293    
   12.0000000       800.000000      0.117281690       15.0272551      0.182891846       1.21697125E-10   5.58968095E-05   1.69293210E-02  -1.40421253E-06  -2.57744789      0.389933556      0.135756120    
   13.0000000       800.000000      0.118191823       15.1445360      0.180367246       1.19082244E-10   5.72278841E-05   1.67306922E-02  -3.81146742E-06  -2.56129980      0.389933348      0.137299910    
   2.00000000       800.000000      0.119099334       15.2630339      0.177848086       1.16508095E-10   5.85067319E-05   1.65336281E-02  -5.94660014E-06  -2.54487967      0.389932573      0.138717055    
   3.00000000       800.000000      0.120015435       15.3828135      0.175336078       1.13970423E-10   5.97462204E-05   1.63402576E-02  -7.78805770E-06  -2.52815747      0.389931321      0.140007034    
   4.00000000       800.000000      0.120940529       15.5036430      0.172835514       1.11470590E-10   6.09627350E-05   1.61476117E-02  -9.32207058E-06  -2.51115799      0.389930576      0.141170710    
   5.00000000       800.000000      0.121867239       15.6249332      0.170341760       1.09010433E-10   6.21723011E-05   1.59593001E-02  -1.05469417E-05  -2.49384737      0.389929891      0.142211393    
   6.00000000       800.000000      0.122810721       15.7464323      0.167861447       1.06588641E-10   6.33850577E-05   1.57717261E-02  -1.14665363E-05  -2.47633457      0.389927983      0.143136203    
   7.00000000       800.000000      0.123757191       15.8707790      0.165391028       1.04203972E-10   6.46030021E-05   1.55865317E-02  -1.20907398E-05  -2.45856142      0.389926463      0.143951029    
   8.00000000       800.000000      0.124716990       15.9948425      0.162938297       1.01860374E-10   6.58241042E-05   1.54036600E-02  -1.24348016E-05  -2.44056916      0.389925241      0.144659325    
   9.00000000       800.000000      0.125679165       16.1200333      0.160494134       9.95530602E-11   6.70432128E-05   1.52231306E-02  -1.25169236E-05  -2.42234635      0.389923543      0.145265654    
   10.0000000       800.000000      0.126648560       16.2460766      0.158063918       9.72853603E-11   6.82487807E-05   1.50448261E-02  -1.23594573E-05  -2.40394211      0.389922053      0.145775437    
   11.0000000       800.000000      0.127627030       16.3736973      0.155650377       9.50543116E-11   6.94254195E-05   1.48683432E-02  -1.19889492E-05  -2.38530517      0.389920175      0.146192715    
   12.0000000       800.000000      0.128622070       16.5009899      0.153250292       9.28619681E-11   7.05572820E-05   1.46941235E-02  -1.14364811E-05  -2.36641860      0.389919013      0.146517858    
   13.0000000       800.000000      0.129615709       16.6299458      0.150865108       9.07084824E-11   7.16343930E-05   1.45221977E-02  -1.07347159E-05  -2.34739733      0.389917552      0.146749452    
   2.00000000       800.000000      0.130617574       16.7607040      0.148500830       8.85919185E-11   7.26573271E-05   1.43517172E-02  -9.91221987E-06  -2.32823038      0.389916301      0.146884158    
   3.00000000       800.000000      0.131631613       16.8909397      0.146151781       8.65123320E-11   7.36371803E-05   1.41833657E-02  -8.99551378E-06  -2.30894113      0.389914960      0.146922126    
   4.00000000       800.000000      0.132658064       17.0234966      0.143816441       8.44717352E-11   7.45916914E-05   1.40176062E-02  -8.00689486E-06  -2.28944421      0.389913768      0.146861017    
   5.00000000       800.000000      0.133689612       17.1564980      0.141504809       8.24670610E-11   7.55430010E-05   1.38535192E-02  -6.96730012E-06  -2.26980686      0.389912814      0.146705478    
   6.00000000       800.000000      0.134727374       17.2917385      0.139208391       8.04995445E-11   7.65071600E-05   1.36909485E-02  -5.89550973E-06  -2.25005460      0.389911920      0.146462917    
   7.00000000       800.000000      0.135772675       17.4260139      0.136932477       7.85707333E-11   7.74877190E-05   1.35307312E-02  -4.81011011E-06  -2.23019457      0.389910996      0.146141842    
   8.00000000       800.000000      0.136831790       17.5625153      0.134678602       7.66765471E-11   7.84748045E-05   1.33728068E-02  -3.72890622E-06  -2.21019912      0.389910430      0.145751551    
   9.00000000       800.000000      0.137887821       17.6995029      0.132443950       7.48188525E-11   7.94473308E-05   1.32163800E-02  -2.66732718E-06  -2.19014192      0.389910161      0.145297930    
   10.0000000       800.000000      0.138969555       17.8388729      0.130230352       7.29972680E-11   8.03807925E-05   1.30614992E-02  -1.63721279E-06  -2.16999793      0.389910311      0.144783258    
   11.0000000       800.000000      0.140046909       17.9775219      0.128036484       7.12122306E-11   8.12574799E-05   1.29088378E-02  -6.47933007E-07  -2.14976859      0.389909983      0.144204512    
   12.0000000       800.000000      0.141143247       18.1181393      0.125863805       6.94606178E-11   8.20745554E-05   1.27576180E-02   2.91689673E-07  -2.12941480      0.389910161      0.143557742    
   13.0000000       800.000000      0.142242312       18.2606220      0.123717658       6.77445322E-11   8.28434495E-05   1.26087582E-02   1.17311140E-06  -2.10907507      0.389910400      0.142840281    
   2.00000000       800.000000      0.143348306       18.4025784      0.121588103       6.60638974E-11   8.35854589E-05   1.24610150E-02   1.98619091E-06  -2.08866787      0.389910728      0.142052546    
   3.00000000       800.000000      0.144470185       18.5468769      0.119483948       6.44157089E-11   8.43226226E-05   1.23155378E-02   2.71874751E-06  -2.06818295      0.389911205      0.141200081    
   4.00000000       800.000000      0.145599216       18.6916237      0.117402323       6.28032973E-11   8.50683646E-05   1.21713337E-02   3.35789991E-06  -2.04767823      0.389911622      0.140289903    
   5.00000000       800.000000      0.146730632       18.8387299      0.115345329       6.12231932E-11   8.58223430E-05   1.20290741E-02   3.89229945E-06  -2.02716470      0.389912218      0.139330208    
   6.00000000       800.000000      0.147886083       18.9852219      0.113309421       5.96767913E-11   8.65723196E-05   1.18886735E-02   4.31275430E-06  -2.00665355      0.389912844      0.138327643    
   7.00000000       800.000000      0.149040878       19.1336536      0.111300036       5.81619856E-11   8.72993551E-05   1.17492704E-02   4.61460741E-06  -1.98612499      0.389913440      0.137285650    
   8.00000000       800.000000      0.150206983       19.2841053      0.109311789       5.66810938E-11   8.79861909E-05   1.16119431E-02   4.79771461E-06  -1.96556139      0.389914423      0.136204630    
   9.00000000       800.000000      0.151375279       19.4338169      0.107348338       5.52307228E-11   8.86253838E-05   1.14766248E-02   4.86641829E-06  -1.94502020      0.389915109      0.135081470    
   10.0000000       800.000000      0.152559474       19.5859928      0.105409384       5.38117849E-11   8.92237003E-05   1.13424901E-02   4.82849646E-06  -1.92449510      0.389915854      0.133914217    
   11.0000000       800.000000      0.153755501       19.7391071      0.103494778       5.24241553E-11   8.97976424E-05   1.12096630E-02   4.69436964E-06  -1.90401161      0.389916658      0.132703364    
   12.0000000       800.000000      0.154966682       19.8943138      0.101603091       5.10680283E-11   9.03655673E-05   1.10792499E-02   4.47664297E-06  -1.88352835      0.389917314      0.131451324    
   13.0000000       800.000000      0.156182289       20.0499210       9.97374505E-02   4.97404513E-11   9.09394294E-05   1.09496322E-02   4.18950867E-06  -1.86310935      0.389917880      0.130164772    
   2.00000000       800.000000      0.157407701       20.2067699       9.78954285E-02   4.84432251E-11   9.15183045E-05   1.08218323E-02   3.84791429E-06  -1.84271812      0.389918536      0.128851086    
   3.00000000       800.000000      0.158632427       20.3635406       9.60813835E-02   4.71756800E-11   9.20901221E-05   1.06948661E-02   3.46645493E-06  -1.82237971      0.389919281      0.127515063    
   4.00000000       800.000000      0.159881696       20.5234394       9.42884907E-02   4.59373269E-11   9.26389330E-05   1.05704106E-02   3.05851927E-06  -1.80210006      0.389919549      0.126158193    
   5.00000000       800.000000      0.161134437       20.6836548       9.25206840E-02   4.47268264E-11   9.31518880E-05   1.04465717E-02   2.63552465E-06  -1.78188336      0.389920056      0.124780364    
   6.00000000       800.000000      0.162408039       20.8466339       9.07785669E-02   4.35437936E-11   9.36269644E-05   1.03245517E-02   2.20658626E-06  -1.76173210      0.389920384      0.123380028    
   7.00000000       800.000000      0.163673609       21.0080662       8.90616626E-02   4.23880271E-11   9.40729078E-05   1.02042845E-02   1.77878496E-06  -1.74165297      0.389920563      0.121955566    
   8.00000000       800.000000      0.164970547       21.1726456       8.73689577E-02   4.12595479E-11   9.45035135E-05   1.00855334E-02   1.35764310E-06  -1.72165060      0.389920861      0.120509490    
   9.00000000       800.000000      0.166260168       21.3390827       8.57008696E-02   4.01576307E-11   9.49274909E-05   9.96751804E-03   9.47871001E-07  -1.70172477      0.389921069      0.119046099    
   10.0000000       800.000000      0.167571649       21.5048828       8.40567946E-02   3.90819599E-11   9.53438648E-05   9.85106640E-03   5.53572931E-07  -1.68191206      0.389920950      0.117569923    
   11.0000000       800.000000      0.168884769       21.6747990       8.24378431E-02   3.80314079E-11   9.57454031E-05   9.73585900E-03   1.78325152E-07  -1.66217673      0.389921129      0.116084434    
   12.0000000       800.000000      0.170220941       21.8437004       8.08430463E-02   3.70063459E-11   9.61239857E-05   9.62244812E-03  -1.74810069E-07  -1.64253986      0.389921010      0.114589728    
   13.0000000       800.000000      0.171562597       22.0148487       7.92731792E-02   3.60059586E-11   9.64757710E-05   9.51000862E-03  -5.03201250E-07  -1.62301004      0.389920861      0.113085866    
   2.00000000       800.000000      0.172911152       22.1867790       7.77268186E-02   3.50296112E-11   9.68049571E-05   9.39905643E-03  -8.04279921E-07  -1.60358906      0.389920980      0.111573264    
   3.00000000       800.000000      0.174262822       22.3595982       7.62052983E-02   3.40772237E-11   9.71211120E-05   9.28889774E-03  -1.07524704E-06  -1.58428693      0.389920771      0.110050902    
   4.00000000       800.000000      0.175636902       22.5350342       7.47074857E-02   3.31479948E-11   9.74324648E-05   9.18051042E-03  -1.31301965E-06  -1.56507814      0.389920413      0.108522072    
   5.00000000       800.000000      0.177029908       22.7109966       7.32333958E-02   3.22418411E-11   9.77427335E-05   9.07336269E-03  -1.51417760E-06  -1.54600370      0.389920175      0.106990933    
   6.00000000       800.000000      0.178427994       22.8897495       7.17833266E-02   3.13577775E-11   9.80458863E-05   8.96787178E-03  -1.67538053E-06  -1.52705920      0.389919728      0.105460823    
   7.00000000       800.000000      0.179832757       23.0675335       7.03564882E-02   3.04959495E-11   9.83307036E-05   8.86330381E-03  -1.79388996E-06  -1.50820684      0.389919549      0.103932261    
   8.00000000       800.000000      0.181247130       23.2492962       6.89533800E-02   2.96557431E-11   9.85892548E-05   8.75987206E-03  -1.86817408E-06  -1.48951900      0.389919311      0.102405749    
   9.00000000       800.000000      0.182678327       23.4303741       6.75735548E-02   2.88366189E-11   9.88193060E-05   8.65742005E-03  -1.89818866E-06  -1.47094989      0.389919013      0.100880578    
   10.0000000       800.000000      0.184120178       23.6137962       6.62162751E-02   2.80379140E-11   9.90275221E-05   8.55633616E-03  -1.88562694E-06  -1.45250940      0.389918566       9.93556827E-02
   11.0000000       800.000000      0.185574606       23.7995758       6.48823977E-02   2.72596355E-11   9.92239511E-05   8.45661014E-03  -1.83389011E-06  -1.43422282      0.389918268       9.78318602E-02
   12.0000000       800.000000      0.187039450       23.9845982       6.35709539E-02   2.65012647E-11   9.94159054E-05   8.35787784E-03  -1.74766001E-06  -1.41606820      0.389917970       9.63125005E-02
   13.0000000       800.000000      0.188515589       24.1725788       6.22816309E-02   2.57622760E-11   9.96034723E-05   8.26023519E-03  -1.63252230E-06  -1.39804995      0.389917850       9.47993249E-02
   2.00000000       800.000000      0.190003842       24.3626595       6.10148758E-02   2.50420032E-11   9.97821116E-05   8.16356950E-03  -1.49446510E-06  -1.38017631      0.389917612       9.32946801E-02
   3.00000000       800.000000      0.191507503       24.5538692       5.97702377E-02   2.43406580E-11   9.99468684E-05   8.06821231E-03  -1.33953233E-06  -1.36245871      0.389917403       9.17980149E-02
   4.00000000       800.000000      0.193027228       24.7454605       5.85471913E-02   2.36573209E-11   1.00095640E-04   7.97447469E-03  -1.17338311E-06  -1.34488213      0.389917046       9.03097615E-02
   5.00000000       800.000000      0.194553345       24.9383144       5.73457591E-02   2.29917682E-11   1.00229336E-04   7.88116548E-03  -1.00088403E-06  -1.32745457      0.389916748       8.88297558E-02
   6.00000000       800.000000      0.196085945       25.1336231       5.61655723E-02   2.23435697E-11   1.00349396E-04   7.78945582E-03  -8.25846712E-07  -1.31018054      0.389916509       8.73610824E-02
   7.00000000       800.000000      0.197636858       25.3313236       5.50065003E-02   2.17124374E-11   1.00456324E-04   7.69813964E-03  -6.51144262E-07  -1.29305816      0.389916450       8.59017745E-02
   8.00000000       800.000000      0.199212298       25.5304661       5.38684353E-02   2.10979463E-11   1.00549929E-04   7.60841416E-03  -4.78839013E-07  -1.27609038      0.389916390       8.44525024E-02
   9.00000000       800.000000      0.200781316       25.7297115       5.27505912E-02   2.04996766E-11   1.00629346E-04   7.51943467E-03  -3.10512434E-07  -1.25927997      0.389916301       8.30163583E-02
   10.0000000       800.000000      0.202371761       25.9304714       5.16534112E-02   1.99171894E-11   1.00696998E-04   7.43168173E-03  -1.47757191E-07  -1.24262309      0.389916211       8.15921426E-02
   11.0000000       800.000000      0.203978211       26.1335907       5.05763888E-02   1.93502592E-11   1.00754143E-04   7.34518887E-03   7.48554463E-09  -1.22612190      0.389916062       8.01797807E-02
   12.0000000       800.000000      0.205590189       26.3390236       4.95190285E-02   1.87984350E-11   1.00803038E-04   7.25936890E-03   1.52865226E-07  -1.20978200      0.389916003       7.87806287E-02
   13.0000000       800.000000      0.207215562       26.5462608       4.84812707E-02   1.82614358E-11   1.00843477E-04   7.17476988E-03   2.85824825E-07  -1.19360256      0.389915973       7.73947090E-02
   2.00000000       800.000000      0.208862230       26.7531796       4.74630445E-02   1.77388416E-11   1.00874087E-04   7.09094806E-03   4.03899378E-07  -1.17757976      0.389916062       7.60245547E-02
   3.00000000       800.000000      0.210511744       26.9634609       4.64640558E-02   1.72303231E-11   1.00893878E-04   7.00814370E-03   5.05048320E-07  -1.16171825      0.389916092       7.46667534E-02
   4.00000000       800.000000      0.212182373       27.1744270       4.54835370E-02   1.67355695E-11   1.00904268E-04   6.92617940E-03   5.87940178E-07  -1.14601874      0.389916211       7.33254328E-02
   5.00000000       800.000000      0.213867262       27.3881035       4.45216559E-02   1.62542011E-11   1.00907891E-04   6.84547098E-03   6.52168580E-07  -1.13048077      0.389916331       7.19971806E-02
   6.00000000       800.000000      0.215570495       27.6017551       4.35780250E-02   1.57860131E-11   1.00906494E-04   6.76540192E-03   6.98175427E-07  -1.11510372      0.389916599       7.06841499E-02
   7.00000000       800.000000      0.217280358       27.8196926       4.26525176E-02   1.53305025E-11   1.00898840E-04   6.68655522E-03   7.26972644E-07  -1.09988368      0.389916658       6.93883225E-02
   8.00000000       800.000000      0.218995273       28.0367794       4.17447425E-02   1.48874836E-11   1.00882331E-04   6.60838233E-03   7.39994391E-07  -1.08483052      0.389916718       6.81077167E-02
   9.00000000       800.000000      0.220740929       28.2576332       4.08545025E-02   1.44566381E-11   1.00853882E-04   6.53134845E-03   7.38797553E-07  -1.06993544      0.389916778       6.68433309E-02
   10.0000000       800.000000      0.222490728       28.4788132       3.99815217E-02   1.40376426E-11   1.00813479E-04   6.45506801E-03   7.24965219E-07  -1.05520189      0.389916956       6.55957460E-02
   11.0000000       800.000000      0.224248633       28.7025547       3.91254872E-02   1.36301864E-11   1.00762038E-04   6.37988420E-03   7.00081785E-07  -1.04062951      0.389917165       6.43637702E-02
   12.0000000       800.000000      0.226034790       28.9273281       3.82862724E-02   1.32340267E-11   1.00701669E-04   6.30507898E-03   6.65643029E-07  -1.02621830      0.389917403       6.31479323E-02
   13.0000000       800.000000      0.227838799       29.1540203       3.74635234E-02   1.28488505E-11   1.00634250E-04   6.23135641E-03   6.23110395E-07  -1.01197076      0.389917672       6.19480386E-02
   2.00000000       800.000000      0.229636580       29.3828106       3.66570726E-02   1.24743679E-11   1.00562000E-04   6.15881616E-03   5.73898376E-07 -0.997876644      0.389917880       6.07640781E-02
   3.00000000       800.000000      0.231463313       29.6143074       3.58664766E-02   1.21102911E-11   1.00484758E-04   6.08655624E-03   5.19373714E-07 -0.983947814      0.389918000       5.95980175E-02
   4.00000000       800.000000      0.233298600       29.8444633       3.50917317E-02   1.17564101E-11   1.00400553E-04   6.01576688E-03   4.60784577E-07 -0.970184028      0.389918208       5.84483184E-02
   5.00000000       800.000000      0.235164225       30.0788250       3.43321599E-02   1.14123867E-11   1.00307036E-04   5.94525924E-03   3.99225598E-07 -0.956569016      0.389918268       5.73154800E-02
   6.00000000       800.000000      0.237021416       30.3152733       3.35880630E-02   1.10780768E-11   1.00203542E-04   5.87588036E-03   3.35680824E-07 -0.943116367      0.389918417       5.61996885E-02
   7.00000000       800.000000      0.238909259       30.5545444       3.28587405E-02   1.07531831E-11   1.00091216E-04   5.80720883E-03   2.71086122E-07 -0.929820061      0.389918566       5.50994463E-02
   8.00000000       800.000000      0.240805298       30.7942753       3.21442075E-02   1.04374573E-11   9.99733602E-05   5.73938107E-03   2.06415294E-07 -0.916683733      0.389918566       5.40166944E-02
   9.00000000       800.000000      0.242732763       31.0363560       3.14440131E-02   1.01304876E-11   9.98528631E-05   5.67245344E-03   1.42718619E-07 -0.903704166      0.389918447       5.29496968E-02
   10.0000000       800.000000      0.244650185       31.2805672       3.07581387E-02   9.83233286E-12   9.97303941E-05   5.60592348E-03   8.11310912E-08 -0.890875161      0.389918506       5.18992878E-02
   11.0000000       800.000000      0.246601894       31.5240726       3.00862510E-02   9.54261063E-12   9.96064846E-05   5.54079330E-03   2.27618493E-08 -0.878204525      0.389918506       5.08655757E-02
   12.0000000       800.000000      0.248575494       31.7732716       2.94281337E-02   9.26111618E-12   9.94782167E-05   5.47598395E-03  -3.14351212E-08 -0.865686178      0.389918536       4.98491973E-02
   13.0000000       800.000000      0.250549018       32.0229034       2.87835058E-02   8.98762228E-12   9.93424037E-05   5.41203190E-03  -8.06815095E-08 -0.853324115      0.389918566       4.88498434E-02
   2.00000000       800.000000      0.252544135       32.2734489       2.81518307E-02   8.72195371E-12   9.91979905E-05   5.34844073E-03  -1.24563982E-07 -0.841111660      0.389918536       4.78659831E-02
   3.00000000       800.000000      0.254557490       32.5260506       2.75334045E-02   8.46385982E-12   9.90451153E-05   5.28620463E-03  -1.62922134E-07 -0.829052925      0.389918506       4.68980558E-02
   4.00000000       800.000000      0.256586730       32.7818604       2.69279629E-02   8.21315498E-12   9.88869360E-05   5.22424327E-03  -1.95733762E-07 -0.817140877      0.389918417       4.59472165E-02
   5.00000000       800.000000      0.258610994       33.0395813       2.63346862E-02   7.96961629E-12   9.87228123E-05   5.16320532E-03  -2.22958676E-07 -0.805381000      0.389918327       4.50120121E-02
   6.00000000       800.000000      0.260681123       33.2992859       2.57538687E-02   7.73306245E-12   9.85522056E-05   5.10305213E-03  -2.44503525E-07 -0.793768227      0.389918178       4.40931097E-02
   7.00000000       800.000000      0.262756377       33.5623474       2.51851398E-02   7.50333302E-12   9.83740683E-05   5.04309265E-03  -2.60178467E-07 -0.782300293      0.389918178       4.31899726E-02
   8.00000000       800.000000      0.264846563       33.8261070       2.46283878E-02   7.28019468E-12   9.81908743E-05   4.98414226E-03  -2.69901335E-07 -0.770980120      0.389918089       4.23023440E-02
   9.00000000       800.000000      0.266964108       34.0918350       2.40830816E-02   7.06352208E-12   9.80037439E-05   4.92592482E-03  -2.73731700E-07 -0.759808242      0.389917940       4.14302126E-02
   10.0000000       800.000000      0.269089431       34.3593788       2.35493034E-02   6.85310229E-12   9.78137759E-05   4.86849109E-03  -2.71951592E-07 -0.748774767      0.389917821       4.05734777E-02
   11.0000000       800.000000      0.271236569       34.6304741       2.30270140E-02   6.64875620E-12   9.76210940E-05   4.81134048E-03  -2.65070355E-07 -0.737880588      0.389917850       3.97317894E-02
   12.0000000       800.000000      0.273390830       34.9008446       2.25155205E-02   6.45034720E-12   9.74274590E-05   4.75507462E-03  -2.53764256E-07 -0.727132559      0.389917731       3.89054269E-02
   13.0000000       800.000000      0.275573671       35.1773834       2.20147483E-02   6.25772220E-12   9.72314374E-05   4.69965534E-03  -2.38710555E-07 -0.716523826      0.389917672       3.80941518E-02
   2.00000000       800.000000      0.277770936       35.4531212       2.15247367E-02   6.07068475E-12   9.70314213E-05   4.64445911E-03  -2.20530708E-07 -0.706056476      0.389917672       3.72976325E-02
   3.00000000       800.000000      0.279982239       35.7325478       2.10450441E-02   5.88907048E-12   9.68274471E-05   4.59010340E-03  -1.99807630E-07 -0.695718646      0.389917433       3.65159139E-02
   4.00000000       800.000000      0.282222867       36.0137329       2.05755588E-02   5.71275189E-12   9.66196239E-05   4.53661522E-03  -1.77088381E-07 -0.685523748      0.389917433       3.57485488E-02
   5.00000000       800.000000      0.284471065       36.2968369       2.01161597E-02   5.54155766E-12   9.64089340E-05   4.48341342E-03  -1.52948815E-07 -0.675462425      0.389917433       3.49953547E-02
   6.00000000       800.000000      0.286742091       36.5804558       1.96664836E-02   5.37544098E-12   9.61947371E-05   4.43084305E-03  -1.27977842E-07 -0.665534616      0.389917433       3.42563763E-02
   7.00000000       800.000000      0.289016098       36.8690605       1.92264728E-02   5.21413555E-12   9.59772369E-05   4.37925477E-03  -1.02789663E-07 -0.655737758      0.389917403       3.35312784E-02
   8.00000000       800.000000      0.291324228       37.1585426       1.87958479E-02   5.05755420E-12   9.57571465E-05   4.32783039E-03  -7.79546454E-08 -0.646073520      0.389917284       3.28196324E-02
   9.00000000       800.000000      0.293644518       37.4530144       1.83745902E-02   4.90555903E-12   9.55354481E-05   4.27723303E-03  -5.39606830E-08 -0.636539757      0.389917284       3.21215428E-02
   10.0000000       800.000000      0.296003997       37.7481918       1.79623216E-02   4.75803901E-12   9.53142444E-05   4.22726292E-03  -3.11903143E-08 -0.627133846      0.389917284       3.14364694E-02
   11.0000000       800.000000      0.298353791       38.0451622       1.75589025E-02   4.61485320E-12   9.50939648E-05   4.17780131E-03  -9.93031879E-09 -0.617855012      0.389917225       3.07647754E-02
   12.0000000       800.000000      0.300734103       38.3437805       1.71642806E-02   4.47588537E-12   9.48734596E-05   4.12870618E-03   9.57450652E-09 -0.608702421      0.389917195       3.01061776E-02
   13.0000000       800.000000      0.303147912       38.6467476       1.67781468E-02   4.34101453E-12   9.46493674E-05   4.08052374E-03   2.71047167E-08 -0.599674404      0.389917195       2.94605847E-02
   2.00000000       800.000000      0.305555582       38.9513550       1.64003875E-02   4.21012183E-12   9.44205312E-05   4.03278880E-03   4.25163940E-08 -0.590769112      0.389917225       2.88275760E-02
   3.00000000       800.000000      0.307996303       39.2577019       1.60308611E-02   4.08309411E-12   9.41870676E-05   3.98541009E-03   5.57127251E-08 -0.581986487      0.389917225       2.82068737E-02
   4.00000000       800.000000      0.310469896       39.5681572       1.56692676E-02   3.95982075E-12   9.39501624E-05   3.93869542E-03   6.66478357E-08 -0.573324919      0.389917314       2.75983475E-02
   5.00000000       800.000000      0.312931180       39.8770142       1.53156016E-02   3.84019119E-12   9.37114819E-05   3.89265339E-03   7.53259641E-08 -0.564782560      0.389917314       2.70016175E-02
   6.00000000       800.000000      0.315432847       40.1933212       1.49696758E-02   3.72409915E-12   9.34685377E-05   3.84710659E-03   8.17814509E-08 -0.556358516      0.389917314       2.64172256E-02
   7.00000000       800.000000      0.317947745       40.5082169       1.46312322E-02   3.61145987E-12   9.32188123E-05   3.80203268E-03   8.60706564E-08 -0.548051476      0.389917403       2.58447081E-02
   8.00000000       800.000000      0.320495814       40.8281288       1.43002523E-02   3.50217403E-12   9.29654343E-05   3.75747564E-03   8.83110047E-08 -0.539859056      0.389917403       2.52828170E-02
   9.00000000       800.000000      0.323059022       41.1489258       1.39765674E-02   3.39611217E-12   9.27130895E-05   3.71352839E-03   8.86419542E-08 -0.531779051      0.389917433       2.47322433E-02
   10.0000000       800.000000      0.325634599       41.4749947       1.36599438E-02   3.29322160E-12   9.24639098E-05   3.66981304E-03   8.72314914E-08 -0.523811340      0.389917433       2.41925735E-02
   11.0000000       800.000000      0.328246117       41.8027420       1.33501627E-02   3.19338219E-12   9.22164909E-05   3.62684415E-03   8.42860501E-08 -0.515959561      0.389917433       2.36640852E-02
   12.0000000       800.000000      0.330868602       42.1312904       1.30473394E-02   3.09652521E-12   9.19670638E-05   3.58427688E-03   8.00354414E-08 -0.508216321      0.389917523       2.31464878E-02
   13.0000000       800.000000      0.333499759       42.4624519       1.27511639E-02   3.00255133E-12   9.17133366E-05   3.54230404E-03   7.47186348E-08 -0.500582218      0.389917612       2.26397570E-02
   2.00000000       800.000000      0.336178690       42.7972488       1.24615161E-02   2.91136950E-12   9.14551056E-05   3.50092119E-03   6.85701096E-08 -0.493055046      0.389917552       2.21431628E-02
   3.00000000       800.000000      0.338866234       43.1343956       1.21781500E-02   2.82293069E-12   9.11938332E-05   3.45990877E-03   6.18170688E-08 -0.485635728      0.389917552       2.16565430E-02
   4.00000000       800.000000      0.341564178       43.4764404       1.19011560E-02   2.73714471E-12   9.09295995E-05   3.41922441E-03   5.46669909E-08 -0.478319138      0.389917552       2.11800877E-02
   5.00000000       800.000000      0.344298780       43.8198090       1.16302613E-02   2.65389035E-12   9.06614368E-05   3.37916939E-03   4.73103583E-08 -0.471108884      0.389917552       2.07135752E-02
   6.00000000       800.000000      0.347046673       44.1641579       1.13652954E-02   2.57314504E-12   9.03914042E-05   3.33967688E-03   3.98850410E-08 -0.464000314      0.389917552       2.02563982E-02
   7.00000000       800.000000      0.349838823       44.5138283       1.11063309E-02   2.49482661E-12   9.01217281E-05   3.30037624E-03   3.24836016E-08 -0.456989706      0.389917552       1.98086910E-02
   8.00000000       800.000000      0.352615893       44.8651733       1.08530540E-02   2.41884746E-12   8.98519429E-05   3.26163950E-03   2.51900136E-08 -0.450086176      0.389917552       1.93703938E-02
   9.00000000       800.000000      0.355454803       45.2186356       1.06054340E-02   2.34514773E-12   8.95835547E-05   3.22342082E-03   1.80732851E-08 -0.443276525      0.389917552       1.89411025E-02
   10.0000000       800.000000      0.358279139       45.5763397       1.03633292E-02   2.27366238E-12   8.93197721E-05   3.18559678E-03   1.11940830E-08 -0.436565876      0.389917552       1.85206085E-02
   11.0000000       800.000000      0.361149102       45.9357567       1.01266112E-02   2.20433350E-12   8.90584852E-05   3.14817368E-03   4.61934846E-09 -0.429951578      0.389917552       1.81091633E-02
   12.0000000       800.000000      0.364027262       46.2968864       9.89512913E-03   2.13708218E-12   8.87953429E-05   3.11128935E-03  -1.55753588E-09 -0.423433095      0.389917552       1.77066289E-02
   13.0000000       800.000000      0.366944253       46.6631355       9.66889318E-03   2.07185527E-12   8.85292029E-05   3.07472982E-03  -7.22883486E-09 -0.417006910      0.389917552       1.73125882E-02
   2.00000000       800.000000      0.369876415       47.0312233       9.44764726E-03   2.00860162E-12   8.82614986E-05   3.03874491E-03  -1.22797275E-08 -0.410673857      0.389917552       1.69266872E-02
   3.00000000       800.000000      0.372847915       47.4044495       9.23138577E-03   1.94724705E-12   8.79947111E-05   3.00311530E-03  -1.66039431E-08 -0.404435992      0.389917552       1.65489167E-02
   4.00000000       800.000000      0.375840873       47.7758026       9.01996437E-03   1.88773368E-12   8.77306156E-05   2.96783447E-03  -2.01144523E-08 -0.398287266      0.389917552       1.61791462E-02
   5.00000000       800.000000      0.378836393       48.1548996       8.81325640E-03   1.83001769E-12   8.74709003E-05   2.93298042E-03  -2.27603181E-08 -0.392226934      0.389917552       1.58171356E-02
   6.00000000       800.000000      0.381849557       48.5329056       8.61123111E-03   1.77405063E-12   8.72163655E-05   2.89857271E-03  -2.45388723E-08 -0.386253625      0.389917552       1.54627720E-02
   7.00000000       800.000000      0.384928495       48.9166336       8.41369666E-03   1.71978154E-12   8.69637006E-05   2.86449818E-03  -2.54858428E-08 -0.380373299      0.389917552       1.51163461E-02
   8.00000000       800.000000      0.388007849       49.3037720       8.22060555E-03   1.66713724E-12   8.67084746E-05   2.83093331E-03  -2.56885162E-08 -0.374568433      0.389917552       1.47773810E-02
   9.00000000       800.000000      0.391112477       49.6939621       8.03186186E-03   1.61609853E-12   8.64479953E-05   2.79764878E-03  -2.52561492E-08 -0.368854463      0.389917552       1.44459391E-02
   10.0000000       800.000000      0.394236952       50.0870171       7.84738827E-03   1.56660134E-12   8.61797307E-05   2.76476098E-03  -2.43056970E-08 -0.363222808      0.389917552       1.41213993E-02
   11.0000000       800.000000      0.397388846       50.4830971       7.66703300E-03   1.51859417E-12   8.59021820E-05   2.73230043E-03  -2.29458461E-08 -0.357677519      0.389917552       1.38044348E-02
   12.0000000       800.000000      0.400564700       50.8813133       7.49078067E-03   1.47204579E-12   8.56208935E-05   2.70030089E-03  -2.12845315E-08 -0.352211475      0.389917552       1.34936534E-02
   13.0000000       800.000000      0.403795749       51.2825050       7.31844269E-03   1.42691750E-12   8.53407182E-05   2.66847736E-03  -1.94142160E-08 -0.346823901      0.389917552       1.31893773E-02
   2.00000000       800.000000      0.406995207       51.6878319       7.15005863E-03   1.38312788E-12   8.50628130E-05   2.63727340E-03  -1.74100840E-08 -0.341517180      0.389917552       1.28918253E-02
   3.00000000       800.000000      0.410275906       52.0953789       6.98546553E-03   1.34071020E-12   8.47858319E-05   2.60629342E-03  -1.53368269E-08 -0.336287469      0.389917552       1.26009025E-02
   4.00000000       800.000000      0.413564175       52.5095062       6.82456838E-03   1.29955009E-12   8.45073591E-05   2.57551903E-03  -1.32451108E-08 -0.331135660      0.389917552       1.23161254E-02
   5.00000000       800.000000      0.416869521       52.9231834       6.66732388E-03   1.25964397E-12   8.42334266E-05   2.54535628E-03  -1.11672147E-08 -0.326059937      0.389917552       1.20373461E-02
   6.00000000       800.000000      0.420203984       53.3436661       6.51368452E-03   1.22095574E-12   8.39671411E-05   2.51534767E-03  -9.13076637E-09 -0.321060121      0.389917552       1.17647666E-02
   7.00000000       800.000000      0.423574746       53.7655487       6.36350038E-03   1.18344440E-12   8.37059924E-05   2.48578424E-03  -7.15300930E-09 -0.316132009      0.389917552       1.14981858E-02
   8.00000000       800.000000      0.426962882       54.1887779       6.21670205E-03   1.14707300E-12   8.34466337E-05   2.45666481E-03  -5.24518340E-09 -0.311280340      0.389917552       1.12376362E-02
   9.00000000       800.000000      0.430381179       54.6191368       6.07330119E-03   1.11181301E-12   8.31874495E-05   2.42770277E-03  -3.41484530E-09 -0.306497514      0.389917552       1.09827109E-02
   10.0000000       800.000000      0.433835030       55.0515404       5.93300769E-03   1.07762215E-12   8.29282799E-05   2.39931862E-03  -1.67189407E-09 -0.301788419      0.389917552       1.07334163E-02
   11.0000000       800.000000      0.437294513       55.4855461       5.79597941E-03   1.04446757E-12   8.26696851E-05   2.37096194E-03  -3.08279895E-11 -0.297148526      0.389917552       1.04896724E-02
   12.0000000       800.000000      0.440796643       55.9234009       5.66212041E-03   1.01232835E-12   8.24057061E-05   2.34317617E-03   1.48505908E-09 -0.292577356      0.389917552       1.02515426E-02
   13.0000000       800.000000      0.444335788       56.3692284       5.53127239E-03   9.81173801E-13   8.21347130E-05   2.31554918E-03   2.84866197E-09 -0.288074374      0.389917552       1.00185424E-02
   2.00000000       800.000000      0.447884768       56.8128738       5.40338783E-03   9.50965326E-13   8.18615736E-05   2.28834851E-03   4.03941769E-09 -0.283638507      0.389917552       9.79049876E-03
   3.00000000       800.000000      0.451492101       57.2652702       5.27843228E-03   9.21675063E-13   8.15892636E-05   2.26152479E-03   5.02281905E-09 -0.279269278      0.389917552       9.56756622E-03
   4.00000000       800.000000      0.455087274       57.7184486       5.15630795E-03   8.93278832E-13   8.13193255E-05   2.23490898E-03   5.77718984E-09 -0.274965048      0.389917552       9.34933405E-03
   5.00000000       800.000000      0.458740443       58.1730003       5.03697246E-03   8.65751264E-13   8.10517304E-05   2.20860168E-03   6.30620356E-09 -0.270725518      0.389917552       9.13606491E-03
   6.00000000       800.000000      0.462410837       58.6358948       4.92039416E-03   8.39065688E-13   8.07806282E-05   2.18252023E-03   6.60848265E-09 -0.266548455      0.389917552       8.92794970E-03
   7.00000000       800.000000      0.466109008       59.0983734       4.80640540E-03   8.13194401E-13   8.04984738E-05   2.15687323E-03   6.69075906E-09 -0.262436390      0.389917552       8.72454327E-03
   8.00000000       800.000000      0.469850868       59.5668716       4.69507976E-03   7.88115883E-13   8.02025097E-05   2.13149237E-03   6.58721477E-09 -0.258381784      0.389917552       8.52552336E-03
   9.00000000       800.000000      0.473630607       60.0369263       4.58625751E-03   7.63793054E-13   7.98995461E-05   2.10652337E-03   6.34471187E-09 -0.254392773      0.389917552       8.33074935E-03
   10.0000000       800.000000      0.477417022       60.5153427       4.47992841E-03   7.40224613E-13   7.96013992E-05   2.08172738E-03   5.99076744E-09 -0.250459403      0.389917552       8.14004615E-03
   11.0000000       800.000000      0.481236160       60.9947357       4.37603984E-03   7.17375269E-13   7.93160725E-05   2.05711368E-03   5.55447022E-09 -0.246588320      0.389917552       7.95328896E-03
   12.0000000       800.000000      0.485106736       61.4788399       4.27452521E-03   6.95228922E-13   7.90487538E-05   2.03291094E-03   5.06626030E-09 -0.242774531      0.389917552       7.77082052E-03
   13.0000000       800.000000      0.489003509       61.9645309       4.17534495E-03   6.73769254E-13   7.87996178E-05   2.00900226E-03   4.54185800E-09 -0.239018917      0.389917552       7.59235304E-03
   2.00000000       800.000000      0.492917389       62.4534645       4.07843897E-03   6.52953711E-13   7.85675584E-05   1.98542210E-03   3.99330347E-09 -0.235319212      0.389917552       7.41815753E-03
   3.00000000       800.000000      0.496857613       62.9518318       3.98377515E-03   6.32784406E-13   7.83508949E-05   1.96205382E-03   3.43804252E-09 -0.231676713      0.389917552       7.24774506E-03
   4.00000000       800.000000      0.500846684       63.4490204       3.89127503E-03   6.13231959E-13   7.81449271E-05   1.93885900E-03   2.89385849E-09 -0.228087783      0.389917552       7.08137173E-03
   5.00000000       800.000000      0.504872501       63.9528084       3.80088296E-03   5.94276147E-13   7.79463153E-05   1.91606453E-03   2.37444198E-09 -0.224554703      0.389917552       6.91875117E-03
   6.00000000       800.000000      0.508909047       64.4573593       3.71256168E-03   5.75904775E-13   7.77535679E-05   1.89352082E-03   1.90078242E-09 -0.221073896      0.389917552       6.75984751E-03
   7.00000000       800.000000      0.512971818       64.9687729       3.62630538E-03   5.58096267E-13   7.75588778E-05   1.87115150E-03   1.48754709E-09 -0.217645243      0.389917552       6.60487125E-03
   8.00000000       800.000000      0.517089903       65.4843674       3.54196993E-03   5.40830510E-13   7.73506908E-05   1.84917659E-03   1.13335785E-09 -0.214273766      0.389917552       6.45358721E-03
   9.00000000       800.000000      0.521240056       66.0012741       3.45964055E-03   5.24099915E-13   7.71237610E-05   1.82738085E-03   8.34029623E-10 -0.210945278      0.389917552       6.30560750E-03
   10.0000000       800.000000      0.525399923       66.5273361       3.37912375E-03   5.07878028E-13   7.68788377E-05   1.80582423E-03   5.82694282E-10 -0.207674131      0.389917552       6.16106903E-03
   11.0000000       800.000000      0.529633105       67.0519409       3.30047216E-03   4.92160186E-13   7.66213416E-05   1.78463385E-03   3.67286146E-10 -0.204447791      0.389917552       6.01966353E-03
   12.0000000       800.000000      0.533852458       67.5886993       3.22362571E-03   4.76913864E-13   7.63623320E-05   1.76352402E-03   1.76415979E-10 -0.201271832      0.389917552       5.88116469E-03
   13.0000000       800.000000      0.538169861       68.1238251       3.14861396E-03   4.62144103E-13   7.61091796E-05   1.74283108E-03   2.96195924E-12 -0.198141187      0.389917552       5.74570196E-03
   2.00000000       800.000000      0.542478204       68.6609192       3.07525788E-03   4.47828894E-13   7.58608949E-05   1.72230054E-03  -1.57484234E-10 -0.195060998      0.389917552       5.61352540E-03
   3.00000000       800.000000      0.546837091       69.2043610       3.00361752E-03   4.33953627E-13   7.56177178E-05   1.70197419E-03  -3.05318798E-10 -0.192024350      0.389917552       5.48412558E-03
   4.00000000       800.000000      0.551184714       69.7545853       2.93355063E-03   4.20502337E-13   7.53825152E-05   1.68185134E-03  -4.41079645E-10 -0.189036295      0.389917552       5.35772648E-03
   5.00000000       800.000000      0.555633724       70.3113556       2.86518247E-03   4.07464237E-13   7.51649350E-05   1.66209973E-03  -5.61573732E-10 -0.186096296      0.389917552       5.23396768E-03
   6.00000000       800.000000      0.560065687       70.8701859       2.79835635E-03   3.94830273E-13   7.49683968E-05   1.64251437E-03  -6.64300559E-10 -0.183200985      0.389917552       5.11309365E-03
   7.00000000       800.000000      0.564574599       71.4266510       2.73310253E-03   3.82585511E-13   7.47886952E-05   1.62315113E-03  -7.39238060E-10 -0.180346906      0.389917552       4.99506854E-03
   8.00000000       800.000000      0.569091976       71.9988251       2.66933185E-03   3.70716207E-13   7.46206424E-05   1.60404015E-03  -7.75742581E-10 -0.177537128      0.389917552       4.87990864E-03
   9.00000000       800.000000      0.573642910       72.5662689       2.60703871E-03   3.59217295E-13   7.44531717E-05   1.58504676E-03  -7.72321540E-10 -0.174769163      0.389917552       4.76755435E-03
   10.0000000       800.000000      0.578249216       73.1417236       2.54616141E-03   3.48065679E-13   7.42792035E-05   1.56640774E-03  -7.29672600E-10 -0.172044843      0.389917552       4.65793582E-03
   11.0000000       800.000000      0.582887828       73.7225037       2.48669996E-03   3.37262553E-13   7.40994728E-05   1.54786417E-03  -6.44356180E-10 -0.169361010      0.389917552       4.55067679E-03
   12.0000000       800.000000      0.587557673       74.3115692       2.42861104E-03   3.26784661E-13   7.39196475E-05   1.52968836E-03  -5.20670396E-10 -0.166718379      0.389917552       4.44588577E-03
   13.0000000       800.000000      0.592285097       74.9019089       2.37184833E-03   3.16635823E-13   7.37454029E-05   1.51158636E-03  -3.75764780E-10 -0.164115310      0.389917552       4.34339419E-03
   2.00000000       800.000000      0.597044110       75.4963303       2.31637503E-03   3.06796878E-13   7.35834401E-05   1.49376853E-03  -2.30977473E-10 -0.161551997      0.389917552       4.24324861E-03
   3.00000000       800.000000      0.601813197       76.0937424       2.26223422E-03   2.97261835E-13   7.34400237E-05   1.47612637E-03  -1.01681517E-10 -0.159028783      0.389917552       4.14532516E-03
   4.00000000       800.000000      0.606662095       76.6995621       2.20930506E-03   2.88021397E-13   7.33160341E-05   1.45869877E-03  -1.30768183E-12 -0.156542853      0.389917552       4.04972536E-03
   5.00000000       800.000000      0.611538589       77.3089294       2.15758872E-03   2.79064125E-13   7.32063709E-05   1.44149258E-03   5.62185194E-11 -0.154096305      0.389917552       3.95651162E-03
   6.00000000       800.000000      0.616429627       77.9216690       2.10706913E-03   2.70381699E-13   7.31010005E-05   1.42453285E-03   6.96787628E-11 -0.151685640      0.389917552       3.86551605E-03
   7.00000000       800.000000      0.621346176       78.5425873       2.05771020E-03   2.61970025E-13   7.30016836E-05   1.40767638E-03   4.66059760E-11 -0.149310559      0.389917552       3.77653888E-03
   8.00000000       800.000000      0.626343310       79.1605453       2.00949376E-03   2.53814900E-13   7.29155581E-05   1.39111897E-03   3.13522022E-13 -0.146971583      0.389917552       3.68944486E-03
   9.00000000       800.000000      0.631355822       79.7936478       1.96238863E-03   2.45909928E-13   7.28440646E-05   1.37470989E-03  -5.28727652E-11 -0.144670367      0.389917552       3.60427028E-03
   10.0000000       800.000000      0.636449695       80.4251099       1.91638514E-03   2.38251259E-13   7.27931692E-05   1.35847821E-03  -9.73766623E-11 -0.142404079      0.389917552       3.52110108E-03
   11.0000000       800.000000      0.641569495       81.0633545       1.87142054E-03   2.30828106E-13   7.27753650E-05   1.34235586E-03  -1.23903568E-10 -0.140170068      0.389917552       3.43951234E-03
   12.0000000       800.000000      0.646703839       81.7070923       1.82750262E-03   2.23635238E-13   7.27976949E-05   1.32656109E-03  -1.28521430E-10 -0.137972057      0.389917552       3.35997995E-03
   13.0000000       800.000000      0.651862979       82.3593216       1.78459613E-03   2.16667708E-13   7.28426676E-05   1.31087261E-03  -1.14984071E-10 -0.135807827      0.389917552       3.28270975E-03
   2.00000000       800.000000      0.657104909       83.0148392       1.74268312E-03   2.09905579E-13   7.28801679E-05   1.29537797E-03  -9.34986394E-11 -0.133674860      0.389917552       3.20773385E-03
   3.00000000       800.000000      0.662361264       83.6720734       1.70173682E-03   2.03355575E-13   7.28650266E-05   1.28008414E-03  -7.16129239E-11 -0.131573737      0.389917552       3.13532189E-03
   4.00000000       800.000000      0.667716920       84.3404617       1.66171102E-03   1.97009035E-13   7.27256120E-05   1.26502127E-03  -5.74577920E-11 -0.129505008      0.389917552       3.06560728E-03
   5.00000000       800.000000      0.673070669       85.0116577       1.62254449E-03   1.90846525E-13   7.24106867E-05   1.25003187E-03  -5.68147890E-11 -0.127464697      0.389917552       2.99793016E-03
   6.00000000       800.000000      0.678464949       85.6865540       1.58421486E-03   1.84869521E-13   7.19657837E-05   1.23525655E-03  -6.41347947E-11 -0.125454351      0.389917552       2.93079438E-03
   7.00000000       800.000000      0.683868349       86.3630829       1.54683145E-03   1.79082782E-13   7.15658898E-05   1.22069928E-03  -7.19137389E-11 -0.123472571      0.389917552       2.86295125E-03
   8.00000000       800.000000      0.689361989       87.0500107       1.51029613E-03   1.73476305E-13   7.14763664E-05   1.20622152E-03  -7.68670266E-11 -0.121522114      0.389917552       2.79359682E-03
   9.00000000       800.000000      0.694936693       87.7468338       1.47470331E-03   1.68049670E-13   7.19812379E-05   1.19202968E-03  -7.17561358E-11 -0.119604819      0.389917552       2.72247707E-03
   10.0000000       800.000000      0.700467765       88.4404068       1.44001399E-03   1.62804828E-13   7.32476328E-05   1.17785519E-03  -5.50853460E-11 -0.117722951      0.389917552       2.65112915E-03
   11.0000000       800.000000      0.706084132       89.1438522       1.40625716E-03   1.57732415E-13   7.51378611E-05   1.16396311E-03  -2.66482704E-11 -0.115874469      0.389917552       2.58263317E-03
   12.0000000       800.000000      0.711785257       89.8559036       1.37334492E-03   1.52824341E-13   7.72208587E-05   1.15018734E-03   4.79049135E-12 -0.114060335      0.389917552       2.52071954E-03
   13.0000000       800.000000      0.717506111       90.5660553       1.34121813E-03   1.48071212E-13   7.89532933E-05   1.13659736E-03   3.54167598E-11 -0.112272471      0.389917552       2.46773963E-03
   2.00000000       800.000000      0.723254204       91.2924652       1.30968925E-03   1.43449895E-13   7.97924076E-05   1.12318899E-03   5.36317414E-11 -0.110503092      0.389917552       2.42504617E-03
   3.00000000       800.000000      0.729030788       92.0148239       1.27879262E-03   1.38961799E-13   7.96464592E-05   1.10985641E-03   6.27233196E-11 -0.108750805      0.389917552       2.38844310E-03
   4.00000000       800.000000      0.734885931       92.7492523       1.24839507E-03   1.34585160E-13   7.87169556E-05   1.09674013E-03   5.99454861E-11 -0.107006602      0.389917552       2.36702082E-03
   5.00000000       800.000000      0.740812361       93.4854507       1.21844199E-03   1.30320085E-13   7.69655962E-05   1.08379591E-03   4.90492681E-11 -0.105257764      0.389917552       2.34591332E-03
   6.00000000       800.000000      0.746736884       94.2303009       1.18891196E-03   1.26158456E-13   7.42537522E-05   1.07097614E-03   3.55979794E-11 -0.103518233      0.389917552       2.34782603E-03
   7.00000000       800.000000      0.752711892       94.9802017       1.15985004E-03   1.22103824E-13   7.00504897E-05   1.05832494E-03   2.21725763E-11 -0.101738669      0.389917552       2.34392239E-03
   8.00000000       800.000000      0.758787692       95.7357407       1.13131059E-03   1.18159104E-13   6.47803245E-05   1.04577502E-03   1.10783249E-11  -9.99763608E-02  0.389917552       2.37929984E-03
   9.00000000       800.000000      0.764886141       96.4991150       1.10353739E-03   1.14348269E-13   5.98197039E-05   1.03346759E-03   3.79870961E-12  -9.81120691E-02  0.389917552       2.36839522E-03
   10.0000000       800.000000      0.770997465       97.2638321       1.07666291E-03   1.10683489E-13   5.59909058E-05   1.02130673E-03   3.47526451E-13  -9.63390619E-02  0.389917552       2.57320143E-03
   11.0000000       800.000000      0.777200460       98.0346756       1.05146796E-03   1.07238349E-13   6.42607774E-05   1.00922619E-03  -1.43737214E-12  -9.41293165E-02  0.389917552       2.32709106E-03
   12.0000000       800.000000      0.783445537       98.8157425       1.02573493E-03   1.03787977E-13   5.97672770E-05   9.97542986E-04  -3.38816701E-20  -9.27072689E-02  0.389917552       6.61780185E-04
   13.0000000       800.000000      0.789714217       99.6048737       1.00181869E-03   1.00566528E-13   5.95398888E-05   9.85780265E-04  -6.91559634E-20  -9.30891633E-02  0.389917552      -4.81361960E-04
