   0.00000000       190.000000       3.40428352E-02   1.01702809       3.72355891E-04   3.66041702E-12  -8.26423541E-02   1.70963037      -4.19613600E-15  -8.63549765E-04  -1.42851617E-16  -6.66561676E-03
   1.00000000       197.000000       3.40447091E-02   1.05104125       3.66275635E-04   3.48402795E-12  -7.55427778E-02   1.59125638      -1.70156224E-15  -1.09046919E-03  -2.00782278E-16   3.56391305E-04
   2.00000000       200.000000       3.40499915E-02   1.08514261       3.60483595E-04   3.32134233E-12  -5.53627824E-03   1.22661829       4.16323803E-02  -8.39281769E-04   1.41758739E-03   3.94591922E-03
   3.00000000       200.000000       3.40571664E-02   1.11914527       4.51722619E-04   4.03536276E-12   9.37456265E-02   1.09738457      0.108636141      -8.21725756E-04   5.11736795E-03  -4.13773861E-03
   4.00000000       200.000000       3.40652503E-02   1.15326166       5.89777308E-04   5.11306796E-12  0.113315165      0.992471814      0.192011848      -1.12115126E-03   1.16583165E-02  -9.17379465E-03
   5.00000000       200.000000       3.40752266E-02   1.18727005       7.63323798E-04   6.42778279E-12  0.110956177      0.898488462      0.297475845      -1.44684501E-03   2.17951909E-02  -1.11423247E-02
   6.00000000       200.000000       3.40886116E-02   1.22141874       9.92441666E-04   8.12397285E-12   9.74621996E-02  0.824404478      0.433214188      -1.88067544E-03   3.65632065E-02  -1.52164176E-02
   7.00000000       200.000000       3.41038704E-02   1.25543642       1.31948397E-03   1.05078021E-11   7.67567977E-02  0.765279531      0.622691989      -2.48451228E-03   5.77998087E-02  -2.12378204E-02
   8.00000000       200.000000       3.41209993E-02   1.28956389       1.78212638E-03   1.38167325E-11   5.40070459E-02  0.717334211      0.885665417      -3.32966587E-03   8.80205780E-02  -2.77599189E-02
   9.00000000       200.000000       3.41415480E-02   1.32373023       2.39543617E-03   1.80928484E-11   3.14657353E-02  0.678973138       1.20195985      -4.37950948E-03  0.129057541      -3.21125016E-02
   10.0000000       200.000000       3.41642797E-02   1.35789859       3.16086155E-03   2.32738221E-11   1.12436116E-02  0.647778869       1.54287088      -5.52310795E-03  0.181767300      -3.61537300E-02
   11.0000000       200.000000       3.41873281E-02   1.39207828       4.10602009E-03   2.94909548E-11  -5.93145099E-03  0.621191084       1.88392508      -6.85064774E-03  0.246174350      -4.33155559E-02
   2.00000000       200.000000       3.42125520E-02   1.42626679       5.24693122E-03   3.67819282E-11  -1.90277677E-02  0.598624110       2.17950320      -8.48595519E-03  0.320743054      -5.59379868E-02
   3.00000000       200.000000       3.42412032E-02   1.46045995       6.66013546E-03   4.55946704E-11  -2.84754317E-02  0.578760564       2.43214869      -1.06799304E-02  0.404024482      -7.49279112E-02
   4.00000000       200.000000       3.42717990E-02   1.49468386       8.46397039E-03   5.66156948E-11  -3.55333239E-02  0.560374022       2.65113211      -1.36196222E-02  0.494886279      -9.95326415E-02
   5.00000000       200.000000       3.43041234E-02   1.52902329       1.07963756E-02   7.05978678E-11  -4.12283465E-02  0.542737901       2.82689977      -1.75056998E-02  0.591864765     -0.131368056    
   6.00000000       200.000000       3.43400165E-02   1.56331646       1.38240447E-02   8.84115697E-11  -4.46336754E-02  0.525845051       2.92882514      -2.26375256E-02  0.692441642     -0.172332615    
   7.00000000       200.000000       3.43780145E-02   1.59766877       1.77446790E-02   1.11045770E-10  -4.54074442E-02  0.509609222       2.91695952      -2.93480624E-02  0.792719781     -0.234003276    
   8.00000000       400.000000       3.44163403E-02   1.63212323       2.28299741E-02   1.39858750E-10  -4.43478711E-02  0.493935257       2.75044847      -3.87355573E-02  0.887381732     -0.302302152    
   9.00000000       400.000000       3.44596468E-02   1.66651404       2.92453840E-02   1.75458301E-10  -4.16387469E-02  0.478921920       2.35918546      -5.01692370E-02  0.968675673     -0.385432094    
   10.0000000       400.000000       3.45019177E-02   1.70102203       3.73811200E-02   2.19723198E-10  -3.75001542E-02  0.464611411       1.71994209      -6.53152987E-02   1.02801752     -0.505672395    
   11.0000000       400.000000       3.45477760E-02   1.73553383       4.76484336E-02   2.74502560E-10  -3.28671187E-02  0.450941890      0.799922109      -8.50863457E-02   1.05565262     -0.654652476    
   12.0000000       400.000000       3.45973931E-02   1.77006423       6.05007187E-02   3.41737444E-10  -2.80858632E-02  0.437795401     -0.392430186     -0.110581167       1.04207873     -0.838354707    
   13.0000000       400.000000       3.46456654E-02   1.80469894       7.64265284E-02   4.23413388E-10  -2.33258512E-02  0.425082386      -1.77474868     -0.143136799      0.980586588      -1.06089091    
   2.00000000       400.000000       3.46989296E-02   1.83938944       9.59485397E-02   5.21547971E-10  -1.87019128E-02  0.412737221      -3.16543126     -0.184150621      0.870748222      -1.32099128    
   3.00000000       400.000000       3.47537622E-02   1.87406790      0.119504414       6.37555952E-10  -1.43003426E-02  0.400732249      -4.24878263     -0.234884605      0.723085225      -1.59842062    
   4.00000000       400.000000       3.48123796E-02   1.90886545      0.146994889       7.69929842E-10  -1.02062477E-02  0.389072627      -4.56111860     -0.295345813      0.564305007      -1.83129668    
   5.00000000       400.000000       3.48717459E-02   1.94381344      0.177228093       9.11645426E-10  -6.55108877E-03  0.377800733      -3.66673446     -0.362493902      0.436443686      -1.93524623    
   6.00000000       400.000000       3.49331126E-02   1.97864985      0.207840294       1.05025744E-09  -3.56243807E-03  0.366979688      -1.58566713     -0.430432081      0.381052762      -1.88438010    
   7.00000000       400.000000       3.49960364E-02   2.01366401      0.236175641       1.17272136E-09  -1.63401838E-03  0.356654614      0.775685608     -0.494264573      0.408198565      -1.77478445    
   8.00000000       400.000000       3.50628383E-02   2.04869795      0.261680692       1.27715183E-09  -1.00424327E-03  0.346792877       2.25744748     -0.554770470      0.487349600      -1.73282325    
   9.00000000       400.000000       3.51311862E-02   2.08382654      0.286069810       1.37266909E-09  -1.49616983E-03  0.337338358       2.42336297     -0.615896821      0.572482526      -1.74157190    
   10.0000000       400.000000       3.52015831E-02   2.11898565      0.309265822       1.45934498E-09  -2.19310145E-03  0.328235984       1.74874580     -0.677257180      0.634040833      -1.69400096    
   11.0000000       400.000000       3.52728553E-02   2.15418029      0.329441547       1.52912005E-09  -2.38395412E-03  0.319459558      0.725525737     -0.735279858      0.659632981      -1.63864148    
   12.0000000       400.000000       3.53475511E-02   2.18945503      0.348876655       1.59321323E-09  -2.30137957E-03  0.310997725       2.47604642E-02 -0.792981684      0.660507977      -1.61862159    
   13.0000000       400.000000       3.54251340E-02   2.22494793      0.367735833       1.65263059E-09  -2.04095640E-03  0.302863687      -2.39241403E-02 -0.849837720      0.659660757      -1.51552606    
   2.00000000       400.000000       3.55066359E-02   2.26028228      0.383463919       1.69627701E-09  -1.70413940E-03  0.295030266      0.142540768     -0.900479674      0.664721489      -1.29870749    
   3.00000000       400.000000       3.55888382E-02   2.29589605      0.395384043       1.72193015E-09  -1.35269971E-03  0.287488431      0.303276837     -0.942166150      0.675514460      -1.03837883    
   4.00000000       400.000000       3.56727764E-02   2.33153582      0.404610515       1.73518389E-09  -1.10765663E-03  0.280244678      0.333329290     -0.974475086      0.687405169     -0.705300152    
   5.00000000       400.000000       3.57585363E-02   2.36718988      0.410776615       1.73504422E-09  -9.69473040E-04  0.273322374      0.112119123     -0.992546380      0.691413224     -0.296688080    
   6.00000000       400.000000       3.58451568E-02   2.40296197      0.414239913       1.72360837E-09  -8.93854245E-04  0.266750216     -0.217426836     -0.995718598      0.683619380       5.49168661E-02
   7.00000000       400.000000       3.59365791E-02   2.43895650      0.415192425       1.70215209E-09  -8.33534577E-04  0.260546118     -0.414910048     -0.988602221      0.668708444      0.194001287    
   8.00000000       400.000000       3.60317938E-02   2.47496963      0.414339960       1.67395453E-09  -7.48008897E-04  0.254687309     -0.385070354     -0.981756270      0.654834867       9.75677818E-02
   9.00000000       400.000000       3.61256152E-02   2.51087451      0.412703574       1.64339131E-09  -6.37854973E-04  0.249106631     -0.183710352     -0.981562912      0.648197770      -5.92968948E-02
   10.0000000       400.000000       3.62243615E-02   2.54723430      0.410838872       1.61273617E-09  -5.32081176E-04  0.243750021       5.85880950E-02 -0.986046374      0.650319457     -0.140159339    
   11.0000000       400.000000       3.63236889E-02   2.58347154      0.408767790       1.58207070E-09  -4.60979412E-04  0.238590121      0.184830621     -0.991731822      0.657033920     -0.151045725    
   12.0000000       400.000000       3.64281610E-02   2.61973166      0.406349331       1.55087365E-09  -4.41380951E-04  0.233610332      0.124845214     -0.997035503      0.661581755     -0.132564679    
   13.0000000       400.000000       3.65312435E-02   2.65625191      0.403422236       1.51856350E-09  -4.47189406E-04  0.228797153      -6.11841939E-02  -1.00140262      0.659346581     -0.113637105    
   2.00000000       400.000000       3.66381556E-02   2.69287086      0.400180489       1.48589308E-09  -4.57742251E-04  0.224141926     -0.237916872      -1.00534868      0.650629282     -0.109638847    
   3.00000000       400.000000       3.67491208E-02   2.72951531      0.396900564       1.45390666E-09  -4.51024738E-04  0.219634101     -0.302565932      -1.00944853      0.639510691     -0.116304636    
   4.00000000       400.000000       3.68596762E-02   2.76648116      0.393710077       1.42303191E-09  -4.23912919E-04  0.215267584     -0.233066484      -1.01391184      0.630919278     -0.125163794    
   5.00000000       400.000000       3.69738303E-02   2.80324292      0.390668094       1.39344136E-09  -3.96079588E-04  0.211034998      -9.04588625E-02  -1.01869059      0.627575099     -0.131636143    
   6.00000000       400.000000       3.70923392E-02   2.84031177      0.387671620       1.36472555E-09  -3.76612297E-04  0.206931278       3.78998145E-02  -1.02366066      0.628981471     -0.137109503    
   7.00000000       400.000000       3.72101963E-02   2.87746811      0.384647936       1.33659961E-09  -3.73981922E-04  0.202947408       9.43446755E-02  -1.02887928      0.632491589     -0.139589772    
   8.00000000       400.000000       3.73310633E-02   2.91468883      0.381553560       1.30889366E-09  -3.80203535E-04  0.199077532       8.19004700E-02  -1.03406787      0.635549247     -0.138624474    
   9.00000000       400.000000       3.74547355E-02   2.95214677      0.378464490       1.28185107E-09  -3.84388171E-04  0.195316270       4.11462337E-02  -1.03924692      0.637089968     -0.138688907    
   10.0000000       400.000000       3.75822932E-02   2.98967767      0.375450879       1.25568522E-09  -3.83556850E-04  0.191660091       1.14749810E-02  -1.04447293      0.637520730     -0.140412673    
   11.0000000       400.000000       3.77115831E-02   3.02733731      0.372553557       1.23050015E-09  -3.78801080E-04  0.188103497       1.07657984E-02  -1.04981863      0.637928307     -0.142821923    
   12.0000000       400.000000       3.78417671E-02   3.06507659      0.369788080       1.20631438E-09  -3.72276729E-04  0.184643880       3.17965485E-02  -1.05526364      0.639131367     -0.144411758    
   13.0000000       400.000000       3.79736088E-02   3.10296249      0.367128044       1.18300603E-09  -3.64084786E-04  0.181276381       5.75541742E-02  -1.06076777      0.641315401     -0.144488350    
   2.00000000       400.000000       3.81093584E-02   3.14102793      0.364525765       1.16039356E-09  -3.54648073E-04  0.177998245       7.49101788E-02  -1.06625783      0.644170463     -0.142965883    
   3.00000000       400.000000       3.82481478E-02   3.17926812      0.361935705       1.13831333E-09  -3.44848551E-04  0.174806595       7.71956518E-02  -1.07168412      0.647123992     -0.139978096    
   4.00000000       400.000000       3.83906849E-02   3.21746230      0.359336108       1.11668086E-09  -3.35687742E-04  0.171697512       6.40939698E-02  -1.07698667      0.649583995     -0.135874376    
   5.00000000       400.000000       3.85340862E-02   3.25593615      0.356724054       1.09546672E-09  -3.26790992E-04  0.168667868       4.15294394E-02  -1.08213544      0.651184320     -0.132232323    
   6.00000000       400.000000       3.86794209E-02   3.29459786      0.354123324       1.07473908E-09  -3.17872007E-04  0.165714756       2.18718592E-02  -1.08719349      0.652030349     -0.129909575    
   7.00000000       400.000000       3.88261117E-02   3.33332801      0.351559043       1.05455011E-09  -3.08904273E-04  0.162836134       1.22015709E-02  -1.09220517      0.652504086     -0.128662929    
   8.00000000       400.000000       3.89781781E-02   3.37215042      0.349042118       1.03492592E-09  -2.99739768E-04  0.160028920       1.27958441E-02  -1.09720755      0.653002322     -0.128402755    
   9.00000000       400.000000       3.91310640E-02   3.41121101      0.346580774       1.01586051E-09  -2.89924967E-04  0.157291785       1.72602106E-02  -1.10223162      0.653677583     -0.128369287    
   10.0000000       400.000000       3.92854065E-02   3.45050335      0.344164997       9.97318228E-10  -2.80772714E-04  0.154620051       1.47291282E-02  -1.10727322      0.654256701     -0.127657413    
   11.0000000       400.000000       3.94439995E-02   3.48992372      0.341782510       9.79243242E-10  -2.73581769E-04  0.152013525       1.02193712E-03  -1.11228263      0.654297590     -0.125980392    
   12.0000000       400.000000       3.96043137E-02   3.52931929      0.339426249       9.61600910E-10  -2.68237200E-04  0.149469092      -1.67462360E-02  -1.11722970      0.653633893     -0.123532660    
   13.0000000       400.000000       3.97699885E-02   3.56905532      0.337093979       9.44374023E-10  -2.62763409E-04  0.146984369      -2.70701870E-02  -1.12209082      0.652557194     -0.120938510    
   2.00000000       400.000000       3.99327539E-02   3.60901117      0.334781528       9.27538102E-10  -2.55460647E-04  0.144557834      -2.56041419E-02  -1.12686944      0.651534498     -0.118638724    
   3.00000000       400.000000       4.01016437E-02   3.64905024      0.332478136       9.11057008E-10  -2.46912416E-04  0.142187715      -1.90323405E-02  -1.13158393      0.650772274     -0.116176583    
   4.00000000       400.000000       4.02740240E-02   3.68916464      0.330178231       8.94897101E-10  -2.39463843E-04  0.139871016      -1.72230750E-02  -1.13620758      0.650078714     -0.113234557    
   5.00000000       400.000000       4.04453352E-02   3.72949243      0.327881068       8.79056272E-10  -2.34481908E-04  0.137607425      -2.31153928E-02  -1.14072490      0.649142802     -0.110832661    
   6.00000000       400.000000       4.06209007E-02   3.77015471      0.325601548       8.63558836E-10  -2.30559628E-04  0.135393620      -2.89817713E-02  -1.14519191      0.647965133     -0.109403059    
   7.00000000       400.000000       4.08019014E-02   3.81062984      0.323349357       8.48423498E-10  -2.26423581E-04  0.133229956      -2.68793367E-02  -1.14963317      0.646869183     -0.108257301    
   8.00000000       400.000000       4.09835242E-02   3.85157919      0.321120530       8.33630387E-10  -2.22040879E-04  0.131115794      -1.90424696E-02  -1.15404725      0.646088779     -0.106407218    
   9.00000000       400.000000       4.11677249E-02   3.89264297      0.318908721       8.19152191E-10  -2.19629190E-04  0.129045799      -1.39065413E-02  -1.15837455      0.645515501     -0.104747489    
   10.0000000       800.000000       4.13518026E-02   3.93391180      0.316729069       8.05020439E-10  -2.16896209E-04  0.127022013      -1.42578008E-02  -1.16269112      0.644926190     -0.104142986    
   11.0000000       800.000000       4.15420607E-02   3.97551847      0.314571023       7.91199439E-10  -2.14430955E-04  0.125040829      -1.46811036E-02  -1.16700768      0.644316554     -0.103363015    
   12.0000000       800.000000       4.17331755E-02   4.01692963      0.312440842       7.77695353E-10  -2.11406237E-04  0.123101316      -1.09239453E-02  -1.17129731      0.643860936     -0.101928897    
   13.0000000       800.000000       4.19295840E-02   4.05884504      0.310330898       7.64485086E-10  -2.08412734E-04  0.121203296      -5.32532157E-03  -1.17553568      0.643638015     -0.100174867    
   2.00000000       800.000000       4.21275869E-02   4.10084629      0.308238387       7.51548157E-10  -2.05759687E-04  0.119344883      -1.85364229E-03  -1.17971814      0.643558860      -9.86457542E-02
   3.00000000       800.000000       4.23264094E-02   4.14324856      0.306162834       7.38879957E-10  -2.03212345E-04  0.117525421      -4.20912955E-04  -1.18386495      0.643541694      -9.73045230E-02
   4.00000000       800.000000       4.25276794E-02   4.18554831      0.304104179       7.26471494E-10  -2.00650233E-04  0.115742959       1.18785817E-03  -1.18797612      0.643592358      -9.58096907E-02
   5.00000000       800.000000       4.27326299E-02   4.22826385      0.302060455       7.14314385E-10  -1.98174122E-04  0.113996714       3.12083727E-03  -1.19203532      0.643724859      -9.42772999E-02
   6.00000000       800.000000       4.29400988E-02   4.27117634      0.300034881       7.02408687E-10  -1.95676766E-04  0.112285413       4.80573112E-03  -1.19605184      0.643931627      -9.30095688E-02
   7.00000000       800.000000       4.31519486E-02   4.31416321      0.298030198       6.90754620E-10  -1.92526437E-04  0.110609375       6.45313459E-03  -1.20004153      0.644209206      -9.20161456E-02
   8.00000000       800.000000       4.33655083E-02   4.35740662      0.296047211       6.79344359E-10  -1.88657068E-04  0.108966604       8.01503565E-03  -1.20401287      0.644558191      -9.09859687E-02
   9.00000000       800.000000       4.35808785E-02   4.40067959      0.294081450       6.68167799E-10  -1.84646531E-04  0.107355833       8.48533493E-03  -1.20795131      0.644927740      -8.97936076E-02
   10.0000000       800.000000       4.38009016E-02   4.44439697      0.292131692       6.57212451E-10  -1.80957461E-04  0.105777077       8.04574322E-03  -1.21185911      0.645280540      -8.85954052E-02
   11.0000000       800.000000       4.40220647E-02   4.48833799      0.290197670       6.46474818E-10  -1.77452224E-04  0.104227826       8.14270694E-03  -1.21573389      0.645638645      -8.74281302E-02
   12.0000000       800.000000       4.42490242E-02   4.53246212      0.288278729       6.35947350E-10  -1.74122557E-04  0.102710024       8.77248216E-03  -1.21957552      0.646026671      -8.62169787E-02
   13.0000000       800.000000       4.44775447E-02   4.57707596      0.286373734       6.25619223E-10  -1.71417079E-04  0.101220042       8.52827262E-03  -1.22338367      0.646405339      -8.49794596E-02
   2.00000000       800.000000       4.47068773E-02   4.62136841      0.284481823       6.15492268E-10  -1.69339561E-04   9.97587070E-02   7.46873207E-03  -1.22715485      0.646739364      -8.39336216E-02
   3.00000000       800.000000       4.49385233E-02   4.66624355      0.282608181       6.05564543E-10  -1.67100865E-04   9.83248204E-02   6.90792361E-03  -1.23090792      0.647050738      -8.31233561E-02
   4.00000000       800.000000       4.51754220E-02   4.71121693      0.280753225       5.95836325E-10  -1.64242214E-04   9.69181955E-02   6.67580776E-03  -1.23464394      0.647352219      -8.23987946E-02
   5.00000000       800.000000       4.54156250E-02   4.75678205      0.278915316       5.86299898E-10  -1.60962445E-04   9.55375955E-02   5.77182649E-03  -1.23837197      0.647614002      -8.17217678E-02
   6.00000000       800.000000       4.56556603E-02   4.80203438      0.277097672       5.76955483E-10  -1.57357295E-04   9.41816792E-02   4.64180624E-03  -1.24208713      0.647827089      -8.10746625E-02
   7.00000000       800.000000       4.59001064E-02   4.84787893      0.275298297       5.67796921E-10  -1.53315996E-04   9.28512961E-02   3.96578526E-03  -1.24579537      0.648007333      -8.03528875E-02
   8.00000000       800.000000       4.61495221E-02   4.89382601      0.273512751       5.58809554E-10  -1.49154817E-04   9.15447995E-02   3.21382005E-03  -1.24948585      0.648155689      -7.95606673E-02
   9.00000000       800.000000       4.64015417E-02   4.94037914      0.271740794       5.49988499E-10  -1.45380254E-04   9.02618170E-02   2.18750513E-03  -1.25315928      0.648257256      -7.87653178E-02
   10.0000000       800.000000       4.66544069E-02   4.98703766      0.269985080       5.41336032E-10  -1.41962752E-04   8.90008211E-02   1.31333212E-03  -1.25681484      0.648318410      -7.79101700E-02
   11.0000000       800.000000       4.69110720E-02   5.03345490      0.268240213       5.32839217E-10  -1.38823161E-04   8.77633393E-02   4.83555923E-04  -1.26044679      0.648342788      -7.70383328E-02
   12.0000000       800.000000       4.71705161E-02   5.08080530      0.266506076       5.24492116E-10  -1.36228642E-04   8.65477324E-02  -3.50357732E-04  -1.26406407      0.648324668      -7.62246475E-02
   13.0000000       800.000000       4.74330559E-02   5.12793064      0.264786124       5.16301613E-10  -1.34139147E-04   8.53529647E-02  -1.02348579E-03  -1.26766014      0.648277223      -7.54099041E-02
   2.00000000       800.000000       4.76989783E-02   5.17558718      0.263079971       5.08259324E-10  -1.32223053E-04   8.41792524E-02  -1.73376978E-03  -1.27123606      0.648194730      -7.46533126E-02
   3.00000000       800.000000       4.79672700E-02   5.22343826      0.261386603       5.00363917E-10  -1.30138927E-04   8.30245093E-02  -2.34806770E-03  -1.27480018      0.648081064      -7.40918443E-02
   4.00000000       800.000000       4.82396744E-02   5.27148342      0.259712160       4.92622332E-10  -1.27676656E-04   8.18923116E-02  -2.66583590E-03  -1.27836549      0.647952497      -7.35978931E-02
   5.00000000       800.000000       4.85143214E-02   5.32006216      0.258055717       4.85028517E-10  -1.24752667E-04   8.07778388E-02  -3.10969679E-03  -1.28192258      0.647802711      -7.30212107E-02
   6.00000000       800.000000       4.87925000E-02   5.36836243      0.256413966       4.77574702E-10  -1.21230136E-04   7.96810910E-02  -3.52542312E-03  -1.28546870      0.647630215      -7.24530220E-02
   7.00000000       800.000000       4.90735136E-02   5.41723442      0.254786998       4.70258499E-10  -1.17506796E-04   7.86028355E-02  -3.47878737E-03  -1.28901243      0.647459209      -7.17508718E-02
   8.00000000       800.000000       4.93605398E-02   5.46674824      0.253172308       4.63070776E-10  -1.14109236E-04   7.75446817E-02  -3.52483522E-03  -1.29253209      0.647285223      -7.07260370E-02
   9.00000000       800.000000       4.96459454E-02   5.51635075      0.251563936       4.56000598E-10  -1.11231428E-04   7.65042156E-02  -3.69994366E-03  -1.29601586      0.647101820      -6.96447939E-02
   10.0000000       800.000000       4.99367975E-02   5.56616688      0.249965072       4.49049214E-10  -1.08984066E-04   7.54785389E-02  -3.40666506E-03  -1.29946744      0.646930993      -6.86263740E-02
   11.0000000       800.000000       5.02316244E-02   5.61612844      0.248376667       4.42216569E-10  -1.07333712E-04   7.44705573E-02  -3.19823390E-03  -1.30289054      0.646771133      -6.76090345E-02
   12.0000000       800.000000       5.05279116E-02   5.66623640      0.246798068       4.35499109E-10  -1.05527579E-04   7.34795034E-02  -3.18065193E-03  -1.30628157      0.646610379      -6.68661967E-02
   13.0000000       800.000000       5.08273505E-02   5.71697474      0.245235905       4.28905300E-10  -1.03100101E-04   7.25056082E-02  -2.67819688E-03  -1.30966699      0.646474302      -6.63289204E-02
   2.00000000       800.000000       5.11321910E-02   5.76780939      0.243688032       4.22432367E-10  -1.00063764E-04   7.15461895E-02  -2.31754500E-03  -1.31304252      0.646355987      -6.56361729E-02
   3.00000000       800.000000       5.14377542E-02   5.81939650      0.242151752       4.16069623E-10  -9.65738509E-05   7.06017688E-02  -2.15313537E-03  -1.31639898      0.646245062      -6.48382306E-02
   4.00000000       800.000000       5.17485440E-02   5.87104797      0.240625709       4.09814210E-10  -9.31746690E-05   6.96716234E-02  -1.55721011E-03  -1.31973433      0.646163821      -6.38425574E-02
   5.00000000       800.000000       5.20629622E-02   5.92277527      0.239105612       4.03657580E-10  -9.03999535E-05   6.87564835E-02  -1.22248160E-03  -1.32302582      0.646100044      -6.26264885E-02
   6.00000000       800.000000       5.23787588E-02   5.97483015      0.237590656       3.97593652E-10  -8.82731547E-05   6.78565130E-02  -9.27977148E-04  -1.32627428      0.646052420      -6.15212843E-02
   7.00000000       800.000000       5.26992045E-02   6.02751064      0.236083999       3.91629673E-10  -8.66780902E-05   6.69711530E-02  -3.49530106E-04  -1.32948923      0.646033704      -6.05212562E-02
   8.00000000       800.000000       5.30240014E-02   6.08028364      0.234586686       3.85761617E-10  -8.50982979E-05   6.61008507E-02  -1.54271300E-04  -1.33267331      0.646025121      -5.96984774E-02
   9.00000000       800.000000       5.33496812E-02   6.13364077      0.233100712       3.79993897E-10  -8.30887657E-05   6.52431995E-02   2.07297184E-04  -1.33584321      0.646036565      -5.90781495E-02
   10.0000000       800.000000       5.36804311E-02   6.18732548      0.231627405       3.74327014E-10  -8.06726384E-05   6.43957779E-02   5.84828726E-04  -1.33899641      0.646067202      -5.83514869E-02
   11.0000000       800.000000       5.40157408E-02   6.24103832      0.230163008       3.68751168E-10  -7.80075570E-05   6.35663420E-02   6.79111807E-04  -1.34212601      0.646104097      -5.75428121E-02
   12.0000000       800.000000       5.43518029E-02   6.29508209      0.228707805       3.63265668E-10  -7.54691064E-05   6.27445951E-02   1.02552818E-03  -1.34523427      0.646160543      -5.66214696E-02
   13.0000000       800.000000       5.46922497E-02   6.34962225      0.227258846       3.57865348E-10  -7.33308261E-05   6.19377345E-02   1.11776718E-03  -1.34829950      0.646221757      -5.56052402E-02
   2.00000000       800.000000       5.50380871E-02   6.40445566      0.225816533       3.52547658E-10  -7.14452035E-05   6.11429513E-02   1.24638679E-03  -1.35133314      0.646290064      -5.47260046E-02
   3.00000000       800.000000       5.53847216E-02   6.45976830      0.224383265       3.47315704E-10  -6.96375064E-05   6.03630319E-02   1.41604443E-03  -1.35434258      0.646368265      -5.39217889E-02
   4.00000000       800.000000       5.57359010E-02   6.51546860      0.222958416       3.42167544E-10  -6.75124684E-05   5.95901534E-02   1.37580733E-03  -1.35732484      0.646444559      -5.32325171E-02
   5.00000000       800.000000       5.60912378E-02   6.57112312      0.221544176       3.37103956E-10  -6.50084548E-05   5.88327572E-02   1.50588644E-03  -1.36029494      0.646529675      -5.25669642E-02
   6.00000000       800.000000       5.64479530E-02   6.62756824      0.220138714       3.32121552E-10  -6.22895896E-05   5.80848493E-02   1.44358177E-03  -1.36324286      0.646611094      -5.18046282E-02
   7.00000000       800.000000       5.68098128E-02   6.68420267      0.218740359       3.27215588E-10  -5.94477024E-05   5.73462136E-02   1.44411530E-03  -1.36616278      0.646692157      -5.10572046E-02
   8.00000000       800.000000       5.71758151E-02   6.74102211      0.217350647       3.22387977E-10  -5.67148236E-05   5.66211790E-02   1.40023592E-03  -1.36906135      0.646772206      -5.02460971E-02
   9.00000000       800.000000       5.75454868E-02   6.79867172      0.215966433       3.17631837E-10  -5.39749562E-05   5.59068620E-02   1.29126688E-03  -1.37192643      0.646847546      -4.94849868E-02
   10.0000000       800.000000       5.79212233E-02   6.85620070      0.214590847       3.12951720E-10  -5.13176128E-05   5.52009232E-02   1.24493742E-03  -1.37477362      0.646919489      -4.87711802E-02
   11.0000000       800.000000       5.82982525E-02   6.91421032      0.213222101       3.08342213E-10  -4.85819437E-05   5.45046739E-02   1.08570082E-03  -1.37759471      0.646982968      -4.80922349E-02
   12.0000000       800.000000       5.86755127E-02   6.97270107      0.211862758       3.03806064E-10  -4.58260620E-05   5.38195185E-02   1.00434222E-03  -1.38040268      0.647042394      -4.74727340E-02
   13.0000000       800.000000       5.90622984E-02   7.03143930      0.210511521       2.99341774E-10  -4.29414649E-05   5.31463362E-02   8.29113240E-04  -1.38318598      0.647090733      -4.68590446E-02
   2.00000000       800.000000       5.94485030E-02   7.09108067      0.209169149       2.94947206E-10  -4.00036552E-05   5.24807163E-02   7.05195125E-04  -1.38595426      0.647132218      -4.62408103E-02
   3.00000000       800.000000       5.98436110E-02   7.15043688      0.207834721       2.90621333E-10  -3.72340655E-05   5.18249460E-02   5.28051460E-04  -1.38870180      0.647165477      -4.54992689E-02
   4.00000000       800.000000       6.02373928E-02   7.21079636      0.206505418       2.86358187E-10  -3.48245703E-05   5.11782803E-02   3.74677766E-04  -1.39141750      0.647186458      -4.47305404E-02
   5.00000000       800.000000       6.06374219E-02   7.27131176      0.205183208       2.82159823E-10  -3.29582872E-05   5.05422428E-02   2.04233322E-04  -1.39410448      0.647199273      -4.39296514E-02
   6.00000000       800.000000       6.10392392E-02   7.33202028      0.203866348       2.78021994E-10  -3.14164936E-05   4.99128364E-02   4.59775765E-05  -1.39676321      0.647202373      -4.32402790E-02
   7.00000000       800.000000       6.14471473E-02   7.39313030      0.202558294       2.73950335E-10  -3.00650572E-05   4.92948666E-02  -1.01272650E-04  -1.39940464      0.647195101      -4.26326133E-02
   8.00000000       800.000000       6.18590638E-02   7.45494413      0.201257348       2.69939626E-10  -2.86383529E-05   4.86844182E-02  -2.38662658E-04  -1.40201807      0.647181451      -4.20582369E-02
   9.00000000       800.000000       6.22721761E-02   7.51700449      0.199965149       2.65991867E-10  -2.73261594E-05   4.80808318E-02  -3.54656921E-04  -1.40462291      0.647158802      -4.14005071E-02
   10.0000000       800.000000       6.26941621E-02   7.57950735      0.198677853       2.62101507E-10  -2.62268259E-05   4.74869572E-02  -4.55964415E-04  -1.40719140      0.647130251      -4.06917334E-02
   11.0000000       800.000000       6.31151870E-02   7.64244461      0.197398677       2.58270128E-10  -2.54066854E-05   4.69041131E-02  -5.35798375E-04  -1.40974271      0.647095919      -4.00008522E-02
   12.0000000       800.000000       6.35424033E-02   7.70559978      0.196123853       2.54493704E-10  -2.47782991E-05   4.63256687E-02  -5.97531209E-04  -1.41225946      0.647057593      -3.93301509E-02
   13.0000000       800.000000       6.39760271E-02   7.76949692      0.194857851       2.50775400E-10  -2.42443584E-05   4.57554795E-02  -6.39985432E-04  -1.41475940      0.647017241      -3.87206674E-02
   2.00000000       800.000000       6.44085407E-02   7.83382225      0.193596870       2.47111026E-10  -2.37044387E-05   4.51951958E-02  -6.61676924E-04  -1.41723144      0.646975160      -3.81053351E-02
   3.00000000       800.000000       6.48498610E-02   7.89831066      0.192344874       2.43503911E-10  -2.32078764E-05   4.46402021E-02  -6.70652895E-04  -1.41968298      0.646931410      -3.74795049E-02
   4.00000000       800.000000       6.52926117E-02   7.96304750      0.191097125       2.39947506E-10  -2.27619512E-05   4.40943688E-02  -6.60664460E-04  -1.42210841      0.646888077      -3.68408002E-02
   5.00000000       800.000000       6.57397360E-02   8.02879810      0.189857602       2.36445558E-10  -2.24186460E-05   4.35557924E-02  -6.43691223E-04  -1.42451501      0.646845639      -3.62121910E-02
   6.00000000       800.000000       6.61928579E-02   8.09504509      0.188622788       2.32992986E-10  -2.21010232E-05   4.30225842E-02  -6.12971664E-04  -1.42688715      0.646804810      -3.55929472E-02
   7.00000000       800.000000       6.66503683E-02   8.16145802      0.187395528       2.29594829E-10  -2.18209680E-05   4.24975269E-02  -5.76722086E-04  -1.42923617      0.646766782      -3.49961184E-02
   8.00000000       800.000000       6.71091229E-02   8.22835445      0.186174497       2.26244426E-10  -2.14816082E-05   4.19827104E-02  -5.33003302E-04  -1.43156743      0.646730602      -3.44053879E-02
   9.00000000       800.000000       6.75772652E-02   8.29508305      0.184959978       2.22943455E-10  -2.11476854E-05   4.14718054E-02  -4.83071693E-04  -1.43387973      0.646697938      -3.38177197E-02
   10.0000000       800.000000       6.80434331E-02   8.36327362      0.183751285       2.19689558E-10  -2.07697758E-05   4.09682095E-02  -4.29764506E-04  -1.43614602      0.646668851      -3.32231186E-02
   11.0000000       800.000000       6.85164854E-02   8.43160915      0.182549402       2.16484886E-10  -2.04286862E-05   4.04696353E-02  -3.71198053E-04  -1.43841279      0.646644473      -3.26204970E-02
   12.0000000       800.000000       6.89990669E-02   8.50011826      0.181351230       2.13325732E-10  -2.00845152E-05   3.99785116E-02  -3.10543779E-04  -1.44064212      0.646622777      -3.20160091E-02
   13.0000000       800.000000       6.94770738E-02   8.56972027      0.180160984       2.10213541E-10  -1.97736699E-05   3.94967943E-02  -2.48195895E-04  -1.44284356      0.646604598      -3.14207375E-02
   2.00000000       800.000000       6.99650571E-02   8.63913631      0.178975120       2.07145551E-10  -1.94555487E-05   3.90171520E-02  -1.83192009E-04  -1.44501841      0.646592259      -3.08247190E-02
   3.00000000       800.000000       7.04544336E-02   8.70913506      0.177796289       2.04120193E-10  -1.91280742E-05   3.85457128E-02  -1.18788543E-04  -1.44717431      0.646584392      -3.02427951E-02
   4.00000000       800.000000       7.09533468E-02   8.77987480      0.176622421       2.01138939E-10  -1.88110898E-05   3.80804390E-02  -5.50120712E-05  -1.44930518      0.646579862      -2.96468511E-02
   5.00000000       800.000000       7.14557767E-02   8.85152435      0.175453648       1.98201913E-10  -1.84868168E-05   3.76222022E-02   7.73445299E-06  -1.45139372      0.646579981      -2.90668812E-02
   6.00000000       800.000000       7.19595850E-02   8.92326069      0.174290627       1.95305688E-10  -1.81651631E-05   3.71703096E-02   6.54967589E-05  -1.45345867      0.646585405      -2.84858420E-02
   7.00000000       800.000000       7.24673644E-02   8.99552822      0.173133358       1.92450722E-10  -1.78469563E-05   3.67220528E-02   1.19569471E-04  -1.45550716      0.646594822      -2.78996043E-02
   8.00000000       800.000000       7.29827210E-02   9.06822109      0.171981096       1.89637264E-10  -1.75583918E-05   3.62808406E-02   1.66881568E-04  -1.45752120      0.646605611      -2.73065083E-02
   9.00000000       800.000000       7.35015273E-02   9.14107132      0.170834333       1.86863247E-10  -1.72927648E-05   3.58450375E-02   2.06659213E-04  -1.45950556      0.646620929      -2.67244205E-02
   10.0000000       800.000000       7.40236938E-02   9.21487141      0.169692874       1.84128782E-10  -1.70416915E-05   3.54156867E-02   2.39094894E-04  -1.46146500      0.646639049      -2.61458978E-02
   11.0000000       800.000000       7.45541826E-02   9.28909588      0.168557167       1.81433396E-10  -1.68002553E-05   3.49906199E-02   2.62839807E-04  -1.46339190      0.646658301      -2.55663916E-02
   12.0000000       800.000000       7.50876293E-02   9.36382198      0.167426080       1.78776605E-10  -1.65659585E-05   3.45733352E-02   2.78687046E-04  -1.46528780      0.646679640      -2.49895863E-02
   13.0000000       800.000000       7.56227747E-02   9.43945217      0.166300163       1.76156451E-10  -1.63407421E-05   3.41586210E-02   2.87518953E-04  -1.46716368      0.646701694      -2.44189966E-02
   2.00000000       800.000000       7.61684179E-02   9.51551723      0.165179297       1.73573544E-10  -1.61017597E-05   3.37518677E-02   2.89718475E-04  -1.46899736      0.646723807      -2.38545705E-02
   3.00000000       800.000000       7.67170042E-02   9.59179592      0.164063126       1.71028844E-10  -1.58351850E-05   3.33480500E-02   2.86614435E-04  -1.47080779      0.646744967      -2.32959036E-02
   4.00000000       800.000000       7.72694573E-02   9.66848755      0.162953511       1.68517658E-10  -1.55378948E-05   3.29507664E-02   2.79207830E-04  -1.47258449      0.646765828      -2.27402877E-02
   5.00000000       800.000000       7.78230131E-02   9.74612713      0.161848575       1.66042166E-10  -1.52033199E-05   3.25565338E-02   2.68021511E-04  -1.47433317      0.646787703      -2.21830774E-02
   6.00000000       800.000000       7.83851892E-02   9.82425022      0.160746962       1.63602146E-10  -1.48418649E-05   3.21680196E-02   2.53648526E-04  -1.47605026      0.646807492      -2.16203798E-02
   7.00000000       800.000000       7.89523125E-02   9.90284920      0.159651950       1.61197111E-10  -1.44788855E-05   3.17857265E-02   2.36585038E-04  -1.47773945      0.646826565      -2.10475959E-02
   8.00000000       800.000000       7.95280412E-02   9.98241329      0.158561572       1.58824440E-10  -1.41388018E-05   3.14082205E-02   2.16870641E-04  -1.47938383      0.646843672      -2.04667281E-02
   9.00000000       800.000000       8.01055804E-02   10.0623922      0.157474011       1.56485852E-10  -1.38226051E-05   3.10354084E-02   1.94554144E-04  -1.48100483      0.646859169      -1.98904742E-02
   10.0000000       800.000000       8.06882754E-02   10.1425762      0.156392679       1.54176741E-10  -1.35114506E-05   3.06650717E-02   1.69855513E-04  -1.48259020      0.646872699      -1.93233751E-02
   11.0000000       800.000000       8.12722519E-02   10.2231703      0.155313388       1.51901686E-10  -1.31830620E-05   3.03019006E-02   1.43078054E-04  -1.48414171      0.646885037      -1.87657084E-02
   12.0000000       800.000000       8.18665698E-02   10.3048105      0.154241726       1.49658286E-10  -1.28143183E-05   2.99427863E-02   1.14647330E-04  -1.48565459      0.646893978      -1.82157867E-02
   13.0000000       800.000000       8.24698508E-02   10.3871059      0.153173834       1.47446874E-10  -1.23975760E-05   2.95868870E-02   8.52647427E-05  -1.48713315      0.646900535      -1.76663697E-02
   2.00000000       800.000000       8.30690786E-02   10.4702911      0.152109325       1.45267048E-10  -1.19453834E-05   2.92360056E-02   5.57444000E-05  -1.48858190      0.646905124      -1.71122178E-02
   3.00000000       800.000000       8.36792067E-02   10.5531397      0.151048750       1.43113868E-10  -1.14798495E-05   2.88903732E-02   2.69635948E-05  -1.48998678      0.646908402      -1.65497866E-02
   4.00000000       800.000000       8.42924491E-02   10.6371202      0.149995953       1.40990997E-10  -1.10293640E-05   2.85490286E-02  -2.45477935E-07  -1.49134994      0.646908581      -1.59772225E-02
   5.00000000       800.000000       8.49149227E-02   10.7222576      0.148942307       1.38899919E-10  -1.06203915E-05   2.82111689E-02  -2.51474630E-05  -1.49267209      0.646905422      -1.53982388E-02
   6.00000000       800.000000       8.55400413E-02   10.8070173      0.147897154       1.36834905E-10  -1.02610902E-05   2.78777461E-02  -4.72112260E-05  -1.49399090      0.646901965      -1.48220090E-02
   7.00000000       800.000000       8.61672983E-02   10.8929453      0.146853358       1.34797284E-10  -9.93884805E-06   2.75490172E-02  -6.61943559E-05  -1.49522662      0.646896422      -1.42536918E-02
   8.00000000       800.000000       8.68062824E-02   10.9799843      0.145814151       1.32790418E-10  -9.63759248E-06   2.72222459E-02  -8.21109643E-05  -1.49645758      0.646888375      -1.36921974E-02
   9.00000000       800.000000       8.74475688E-02   11.0664978      0.144778490       1.30809030E-10  -9.34664968E-06   2.69012582E-02  -9.51012989E-05  -1.49760306      0.646880269      -1.31359482E-02
   10.0000000       800.000000       8.80924463E-02   11.1543617      0.143746912       1.28854580E-10  -9.05015804E-06   2.65837424E-02  -1.05466046E-04  -1.49873960      0.646870673      -1.25880456E-02
   11.0000000       800.000000       8.87458175E-02   11.2425718      0.142719254       1.26928287E-10  -8.72977398E-06   2.62705106E-02  -1.13510847E-04  -1.49984705      0.646861553      -1.20476242E-02
   12.0000000       800.000000       8.94047245E-02   11.3320246      0.141696617       1.25027710E-10  -8.37356856E-06   2.59620547E-02  -1.19450691E-04  -1.50090170      0.646850109      -1.15114590E-02
   13.0000000       800.000000       9.00711343E-02   11.4218473      0.140677273       1.23153182E-10  -7.97478970E-06   2.56551486E-02  -1.23396443E-04  -1.50190854      0.646838486      -1.09775634E-02
   2.00000000       800.000000       9.07422155E-02   11.5118284      0.139662340       1.21304550E-10  -7.53693030E-06   2.53526662E-02  -1.25302846E-04  -1.50288689      0.646827579      -1.04407715E-02
   3.00000000       800.000000       9.14164707E-02   11.6033077      0.138651237       1.19481758E-10  -7.07265190E-06   2.50549223E-02  -1.25040795E-04  -1.50380862      0.646816611      -9.89975780E-03
   4.00000000       800.000000       9.20993984E-02   11.6952047      0.137643263       1.17683446E-10  -6.59490297E-06   2.47600432E-02  -1.22481404E-04  -1.50470185      0.646805942      -9.35404841E-03
   5.00000000       800.000000       9.27866399E-02   11.7873383      0.136640236       1.15908623E-10  -6.12084432E-06   2.44682487E-02  -1.17574535E-04  -1.50552964      0.646794200      -8.80194455E-03
   6.00000000       800.000000       9.34779644E-02   11.8806105      0.135641292       1.14159168E-10  -5.66864082E-06   2.41814125E-02  -1.10424568E-04  -1.50633681      0.646784008      -8.24477151E-03
   7.00000000       800.000000       9.41774696E-02   11.9743528      0.134644374       1.12432917E-10  -5.24954430E-06   2.38977633E-02  -1.01277212E-04  -1.50707686      0.646775723      -7.68471137E-03
   8.00000000       800.000000       9.48819369E-02   12.0688763      0.133651122       1.10729391E-10  -4.87024136E-06   2.36163866E-02  -9.05291818E-05  -1.50778675      0.646766245      -7.12375902E-03
   9.00000000       800.000000       9.55979601E-02   12.1640635      0.132661983       1.09049457E-10  -4.53451048E-06   2.33388469E-02  -7.86857636E-05  -1.50845611      0.646758139      -6.56206254E-03
   10.0000000       800.000000       9.63135287E-02   12.2600622      0.131675944       1.07390104E-10  -4.24348991E-06   2.30645221E-02  -6.62651873E-05  -1.50904381      0.646751285      -6.00162195E-03
   11.0000000       800.000000       9.70358253E-02   12.3568468      0.130692914       1.05755855E-10  -3.98974771E-06   2.27955710E-02  -5.37189298E-05  -1.50958860      0.646746039      -5.44655370E-03
   12.0000000       800.000000       9.77677032E-02   12.4544106      0.129713655       1.04141390E-10  -3.75796367E-06   2.25268509E-02  -4.13822781E-05  -1.51009583      0.646742702      -4.89874510E-03
   13.0000000       800.000000       9.85076427E-02   12.5523767      0.128737569       1.02549649E-10  -3.53047062E-06   2.22627707E-02  -2.94401452E-05  -1.51055896      0.646740139      -4.35875216E-03
   2.00000000       800.000000       9.92456749E-02   12.6510534      0.127764568       1.00980654E-10  -3.28923329E-06   2.20029522E-02  -1.79619474E-05  -1.51098764      0.646738052      -3.82671109E-03
   3.00000000       800.000000       9.99961421E-02   12.7503929      0.126795903       9.94313035E-11  -3.02071498E-06   2.17439961E-02  -6.94187338E-06  -1.51131809      0.646736741      -3.29950545E-03
   4.00000000       800.000000      0.100751281       12.8514633      0.125830814       9.79031509E-11  -2.72067268E-06   2.14891173E-02   3.61671982E-06  -1.51161861      0.646737695      -2.77451798E-03
   5.00000000       800.000000      0.101513669       12.9527330      0.124868035       9.63957733E-11  -2.38869734E-06   2.12373622E-02   1.36399667E-05  -1.51188195      0.646738708      -2.25173938E-03
   6.00000000       800.000000      0.102282949       13.0543804      0.123910017       9.49094067E-11  -2.02756041E-06   2.09891908E-02   2.29738853E-05  -1.51208353      0.646741390      -1.72915286E-03
   7.00000000       800.000000      0.103057869       13.1565609      0.122955009       9.34430311E-11  -1.64546168E-06   2.07441486E-02   3.13961464E-05  -1.51224637      0.646744847      -1.20549602E-03
   8.00000000       800.000000      0.103839546       13.2604132      0.122003011       9.19966603E-11  -1.24790461E-06   2.05004271E-02   3.86690517E-05  -1.51234388      0.646749437      -6.82647398E-04
   9.00000000       800.000000      0.104626514       13.3645535      0.121054515       9.05690661E-11  -8.36911056E-07   2.02606767E-02   4.45904152E-05  -1.51238954      0.646753967      -1.61172880E-04
   10.0000000       800.000000      0.105420068       13.4691267      0.120108664       8.91611091E-11  -4.15467781E-07   2.00236719E-02   4.90491948E-05  -1.51237845      0.646758556       3.60134320E-04
   11.0000000       800.000000      0.106228657       13.5754204      0.119167075       8.77730597E-11   1.04939497E-08   1.97904520E-02   5.20600588E-05  -1.51232362      0.646764457       8.82257009E-04
   12.0000000       800.000000      0.107034281       13.6821260      0.118229330       8.64029473E-11   4.34366143E-07   1.95581988E-02   5.37492633E-05  -1.51217580      0.646770358       1.40441302E-03
   13.0000000       800.000000      0.107849084       13.7891541      0.117294110       8.50515769E-11   8.51889297E-07   1.93298645E-02   5.42955459E-05  -1.51201272      0.646776497       1.92660326E-03
   2.00000000       800.000000      0.108672515       13.8981247      0.116359629       8.37178868E-11   1.25954409E-06   1.91040225E-02   5.38855493E-05  -1.51176870      0.646782935       2.44779256E-03
   3.00000000       800.000000      0.109497771       14.0066690      0.115431577       8.24021823E-11   1.66132440E-06   1.88816916E-02   5.26568983E-05  -1.51149142      0.646788299       2.96437670E-03
   4.00000000       800.000000      0.110339761       14.1170921      0.114506051       8.11047965E-11   2.07085054E-06   1.86606795E-02   5.06858232E-05  -1.51111567      0.646793723       3.47424857E-03
   5.00000000       800.000000      0.111177742       14.2269335      0.113582388       7.98247371E-11   2.50115954E-06   1.84430201E-02   4.79917544E-05  -1.51069748      0.646797776       3.97926569E-03
   6.00000000       800.000000      0.112030037       14.3394938      0.112663098       7.85618445E-11   2.95617519E-06   1.82268377E-02   4.45836922E-05  -1.51022351      0.646802425       4.48315125E-03
   7.00000000       800.000000      0.112885214       14.4517355      0.111746900       7.73166531E-11   3.42980707E-06   1.80139150E-02   4.04980638E-05  -1.50969625      0.646807015       4.98873508E-03
   8.00000000       800.000000      0.113750286       14.5650282      0.110833377       7.60883995E-11   3.90786818E-06   1.78034753E-02   3.58305988E-05  -1.50910950      0.646811664       5.49861835E-03
   9.00000000       800.000000      0.114624061       14.6793976      0.109922864       7.48757792E-11   4.37037124E-06   1.75965335E-02   3.07396258E-05  -1.50843453      0.646815598       6.01340970E-03
   10.0000000       800.000000      0.115506783       14.7940674      0.109014489       7.36799927E-11   4.79918981E-06   1.73911452E-02   2.54270726E-05  -1.50772512      0.646818817       6.53138151E-03
   11.0000000       800.000000      0.116393380       14.9101496      0.108110130       7.24998464E-11   5.18519209E-06   1.71881244E-02   2.00962022E-05  -1.50692177      0.646821022       7.04839500E-03
   12.0000000       800.000000      0.117281690       15.0272551      0.107208245       7.13360621E-11   5.53059954E-06   1.69870742E-02   1.49101270E-05  -1.50606334      0.646822393       7.56113697E-03
   13.0000000       800.000000      0.118191823       15.1445360      0.106308512       7.01877029E-11   5.84693089E-06   1.67887658E-02   9.96425297E-06  -1.50512791      0.646823287       8.06649309E-03
   2.00000000       800.000000      0.119099334       15.2630339      0.105412871       6.90560872E-11   6.15597446E-06   1.65936984E-02   5.29443605E-06  -1.50415254      0.646824181       8.56067427E-03
   3.00000000       800.000000      0.120015435       15.3828135      0.104519591       6.79381204E-11   6.48536297E-06   1.63994581E-02   9.01493536E-07  -1.50310063      0.646824479       9.04363208E-03
   4.00000000       800.000000      0.120940529       15.5036430      0.103628650       6.68363767E-11   6.85796931E-06   1.62086375E-02  -3.21483276E-06  -1.50198042      0.646824479       9.51781403E-03
   5.00000000       800.000000      0.121867239       15.6249332      0.102742150       6.57492116E-11   7.28547684E-06   1.60191189E-02  -7.03080286E-06  -1.50079477      0.646823168       9.98724904E-03
   6.00000000       800.000000      0.122810721       15.7464323      0.101858146       6.46774648E-11   7.76452362E-06   1.58322584E-02  -1.04909368E-05  -1.49953103      0.646821976       1.04570910E-02
   7.00000000       800.000000      0.123757191       15.8707790      0.100977868       6.36200467E-11   8.27809254E-06   1.56479087E-02  -1.35254732E-05  -1.49820995      0.646820068       1.09308762E-02
   8.00000000       800.000000      0.124716990       15.9948425      0.100100696       6.25775334E-11   8.80169409E-06   1.54651087E-02  -1.60754644E-05  -1.49681354      0.646818280       1.14099719E-02
   9.00000000       800.000000      0.125679165       16.1200333       9.92257297E-02   6.15488910E-11   9.31095110E-06   1.52854752E-02  -1.81149353E-05  -1.49534357      0.646815956       1.18928524E-02
   10.0000000       800.000000      0.126648560       16.2460766       9.83529240E-02   6.05340708E-11   9.79082779E-06   1.51071362E-02  -1.96561869E-05  -1.49382961      0.646813512       1.23758046E-02
   11.0000000       800.000000      0.127627030       16.3736973       9.74844024E-02   5.95330729E-11   1.02394806E-05   1.49307949E-02  -2.07386383E-05  -1.49220169      0.646810234       1.28547475E-02
   12.0000000       800.000000      0.128622070       16.5009899       9.66176242E-02   5.85458973E-11   1.06671241E-05   1.47566106E-02  -2.14079519E-05  -1.49050832      0.646807849       1.33264847E-02
   13.0000000       800.000000      0.129615709       16.6299458       9.57545340E-02   5.75724364E-11   1.10901665E-05   1.45848263E-02  -2.16957560E-05  -1.48876917      0.646805048       1.37903644E-02
   2.00000000       800.000000      0.130617574       16.7607040       9.48936641E-02   5.66115731E-11   1.15222274E-05   1.44154094E-02  -2.16151202E-05  -1.48692513      0.646801651       1.42479818E-02
   3.00000000       800.000000      0.131631613       16.8909397       9.40364450E-02   5.56643065E-11   1.19692249E-05   1.42475385E-02  -2.11692804E-05  -1.48502088      0.646799147       1.47030661E-02
   4.00000000       800.000000      0.132658064       17.0234966       9.31816697E-02   5.47312438E-11   1.24242843E-05   1.40804071E-02  -2.03689888E-05  -1.48303354      0.646796644       1.51586458E-02
   5.00000000       800.000000      0.133689612       17.1564980       9.23294201E-02   5.38101161E-11   1.28715365E-05   1.39163677E-02  -1.92392054E-05  -1.48100150      0.646793485       1.56164933E-02
   6.00000000       800.000000      0.134727374       17.2917385       9.14817303E-02   5.29013812E-11   1.32969535E-05   1.37546668E-02  -1.78279042E-05  -1.47884667      0.646791279       1.60744935E-02
   7.00000000       800.000000      0.135772675       17.4260139       9.06357095E-02   5.20051849E-11   1.36960398E-05   1.35943871E-02  -1.61889202E-05  -1.47665501      0.646789253       1.65291131E-02
   8.00000000       800.000000      0.136831790       17.5625153       8.97918716E-02   5.11213884E-11   1.40785151E-05   1.34356525E-02  -1.43774305E-05  -1.47433102      0.646787822       1.69757959E-02
   9.00000000       800.000000      0.137887821       17.6995029       8.89518559E-02   5.02494504E-11   1.44652813E-05   1.32790515E-02  -1.24345406E-05  -1.47196078      0.646786392       1.74120795E-02
   10.0000000       800.000000      0.138969555       17.8388729       8.81146118E-02   4.93905472E-11   1.48807030E-05   1.31248282E-02  -1.03925904E-05  -1.46950996      0.646785438       1.78383123E-02
   11.0000000       800.000000      0.140046909       17.9775219       8.72797221E-02   4.85433499E-11   1.53412402E-05   1.29714636E-02  -8.28207249E-06  -1.46699774      0.646783590       1.82579290E-02
   12.0000000       800.000000      0.141143247       18.1181393       8.64495337E-02   4.77076711E-11   1.58476778E-05   1.28208213E-02  -6.14103055E-06  -1.46440995      0.646782577       1.86757408E-02
   13.0000000       800.000000      0.142242312       18.2606220       8.56205449E-02   4.68841077E-11   1.63848144E-05   1.26711195E-02  -4.01822490E-06  -1.46169662      0.646781862       1.90957170E-02
   2.00000000       800.000000      0.143348306       18.4025784       8.47947299E-02   4.60722398E-11   1.69273080E-05   1.25235701E-02  -1.96802489E-06  -1.45895112      0.646781623       1.95193626E-02
   3.00000000       800.000000      0.144470185       18.5468769       8.39725956E-02   4.52702736E-11   1.74508623E-05   1.23773636E-02  -4.05623268E-08  -1.45610285      0.646781802       1.99447703E-02
   4.00000000       800.000000      0.145599216       18.6916237       8.31529051E-02   4.44818175E-11   1.79419676E-05   1.22334026E-02   1.72659816E-06  -1.45316851      0.646781743       2.03679092E-02
   5.00000000       800.000000      0.146730632       18.8387299       8.23371559E-02   4.37025416E-11   1.84021828E-05   1.20904371E-02   3.31019714E-06  -1.45013642      0.646782160       2.07842961E-02
   6.00000000       800.000000      0.147886083       18.9852219       8.15220252E-02   4.29348571E-11   1.88446775E-05   1.19497487E-02   4.69824408E-06  -1.44703090      0.646782994       2.11919229E-02
   7.00000000       800.000000      0.149040878       19.1336536       8.07119161E-02   4.21783615E-11   1.92857824E-05   1.18103037E-02   5.88428429E-06  -1.44384778      0.646783471       2.15907674E-02
   8.00000000       800.000000      0.150206983       19.2841053       7.99043700E-02   4.14318163E-11   1.97369900E-05   1.16728842E-02   6.86419298E-06  -1.44057500      0.646784484       2.19828282E-02
   9.00000000       800.000000      0.151375279       19.4338169       7.90988728E-02   4.06964670E-11   2.02005995E-05   1.15364688E-02   7.63664957E-06  -1.43721855      0.646785855       2.23707724E-02
   10.0000000       800.000000      0.152559474       19.5859928       7.82971233E-02   3.99713179E-11   2.06723107E-05   1.14021236E-02   8.20578225E-06  -1.43376970      0.646787345       2.27557924E-02
   11.0000000       800.000000      0.153755501       19.7391071       7.74983391E-02   3.92567853E-11   2.11475708E-05   1.12689557E-02   8.58206568E-06  -1.43022692      0.646788955       2.31367145E-02
   12.0000000       800.000000      0.154966682       19.8943138       7.67036229E-02   3.85524009E-11   2.16276294E-05   1.11375172E-02   8.78079391E-06  -1.42662823      0.646790743       2.35119853E-02
   13.0000000       800.000000      0.156182289       20.0499210       7.59111643E-02   3.78578453E-11   2.21191749E-05   1.10077197E-02   8.81871347E-06  -1.42291272      0.646791875       2.38802787E-02
   2.00000000       800.000000      0.157407701       20.2067699       7.51205385E-02   3.71731361E-11   2.26296343E-05   1.08795166E-02   8.71086286E-06  -1.41914570      0.646792829       2.42427569E-02
   3.00000000       800.000000      0.158632427       20.3635406       7.43343309E-02   3.64986791E-11   2.31597915E-05   1.07524907E-02   8.46920193E-06  -1.41528130      0.646793664       2.46013440E-02
   4.00000000       800.000000      0.159881696       20.5234394       7.35510588E-02   3.58340926E-11   2.37009081E-05   1.06273862E-02   8.10430538E-06  -1.41130030      0.646795213       2.49583405E-02
   5.00000000       800.000000      0.161134437       20.6836548       7.27717504E-02   3.51790611E-11   2.42390834E-05   1.05035510E-02   7.62697118E-06  -1.40727782      0.646796525       2.53140535E-02
   6.00000000       800.000000      0.162408039       20.8466339       7.19946101E-02   3.45335462E-11   2.47624066E-05   1.03812087E-02   7.04888362E-06  -1.40311718      0.646798134       2.56670099E-02
   7.00000000       800.000000      0.163673609       21.0080662       7.12201819E-02   3.38965175E-11   2.52669524E-05   1.02596302E-02   6.38238134E-06  -1.39887941      0.646798670       2.60149315E-02
   8.00000000       800.000000      0.164970547       21.1726456       7.04492256E-02   3.32700915E-11   2.57582433E-05   1.01398434E-02   5.64057837E-06  -1.39456272      0.646799862       2.63551679E-02
   9.00000000       800.000000      0.166260168       21.3390827       6.96811080E-02   3.26522247E-11   2.62479825E-05   1.00215897E-02   4.83798840E-06  -1.39014387      0.646800518       2.66868100E-02
   10.0000000       800.000000      0.167571649       21.5048828       6.89173117E-02   3.20425769E-11   2.67468185E-05   9.90485307E-03   3.99172040E-06  -1.38566661      0.646801412       2.70110350E-02
   11.0000000       800.000000      0.168884769       21.6747990       6.81559071E-02   3.14430947E-11   2.72590023E-05   9.78892855E-03   3.12178213E-06  -1.38107288      0.646801949       2.73293070E-02
   12.0000000       800.000000      0.170220941       21.8437004       6.73972368E-02   3.08513666E-11   2.77821491E-05   9.67459008E-03   2.24994506E-06  -1.37640369      0.646802664       2.76428126E-02
   13.0000000       800.000000      0.171562597       22.0148487       6.66443557E-02   3.02690997E-11   2.83114132E-05   9.56193730E-03   1.39761050E-06  -1.37161553      0.646802902       2.79516783E-02
   2.00000000       800.000000      0.172911152       22.1867790       6.58915490E-02   2.96961206E-11   2.88433403E-05   9.45050642E-03   5.83515259E-07  -1.36675322      0.646802843       2.82551497E-02
   3.00000000       800.000000      0.174262822       22.3595982       6.51435927E-02   2.91310830E-11   2.93784342E-05   9.34025273E-03  -1.77381366E-07  -1.36181808      0.646802783       2.85517983E-02
   4.00000000       800.000000      0.175636902       22.5350342       6.43989295E-02   2.85747832E-11   2.99187523E-05   9.23115201E-03  -8.73910778E-07  -1.35675955      0.646802843       2.88419463E-02
   5.00000000       800.000000      0.177029908       22.7109966       6.36581406E-02   2.80253945E-11   3.04647965E-05   9.12298076E-03  -1.49830737E-06  -1.35163343      0.646802723       2.91259084E-02
   6.00000000       800.000000      0.178427994       22.8897495       6.29194155E-02   2.74854514E-11   3.10142423E-05   9.01649334E-03  -2.04545563E-06  -1.34641445      0.646802306       2.94043776E-02
   7.00000000       800.000000      0.179832757       23.0675335       6.21845387E-02   2.69536095E-11   3.15625475E-05   8.91124178E-03  -2.51247252E-06  -1.34111643      0.646801531       2.96775233E-02
   8.00000000       800.000000      0.181247130       23.2492962       6.14533424E-02   2.64308627E-11   3.21056941E-05   8.80758557E-03  -2.89831837E-06  -1.33570123      0.646800876       2.99447402E-02
   9.00000000       800.000000      0.182678327       23.4303741       6.07270710E-02   2.59146159E-11   3.26431327E-05   8.70466512E-03  -3.20325444E-06  -1.33020985      0.646800280       3.02050877E-02
   10.0000000       800.000000      0.184120178       23.6137962       6.00023717E-02   2.54064270E-11   3.31774863E-05   8.60261451E-03  -3.42856833E-06  -1.32462251      0.646799624       3.04579753E-02
   11.0000000       800.000000      0.185574606       23.7995758       5.92813790E-02   2.49065265E-11   3.37139136E-05   8.50247405E-03  -3.57625413E-06  -1.31895757      0.646799088       3.07029597E-02
   12.0000000       800.000000      0.187039450       23.9845982       5.85632324E-02   2.44140871E-11   3.42573767E-05   8.40318017E-03  -3.64917423E-06  -1.31318307      0.646798849       3.09403352E-02
   13.0000000       800.000000      0.188515589       24.1725788       5.78504317E-02   2.39292110E-11   3.48114845E-05   8.30460526E-03  -3.65143092E-06  -1.30733109      0.646798313       3.11704054E-02
   2.00000000       800.000000      0.190003842       24.3626595       5.71405627E-02   2.34520962E-11   3.53759497E-05   8.20744503E-03  -3.58845205E-06  -1.30137289      0.646797180       3.13941762E-02
   3.00000000       800.000000      0.191507503       24.5538692       5.64348362E-02   2.29823886E-11   3.59461592E-05   8.11183546E-03  -3.46702814E-06  -1.29534590      0.646796525       3.16125788E-02
   4.00000000       800.000000      0.193027228       24.7454605       5.57320192E-02   2.25194707E-11   3.65144006E-05   8.01670738E-03  -3.29477939E-06  -1.28922081      0.646795869       3.18258703E-02
   5.00000000       800.000000      0.194553345       24.9383144       5.50334081E-02   2.20643694E-11   3.70730595E-05   7.92312622E-03  -3.07957384E-06  -1.28301942      0.646795392       3.20333317E-02
   6.00000000       800.000000      0.196085945       25.1336231       5.43360449E-02   2.16160215E-11   3.76192074E-05   7.83028454E-03  -2.82879796E-06  -1.27670300      0.646794856       3.22338305E-02
   7.00000000       800.000000      0.197636858       25.3313236       5.36459088E-02   2.11750634E-11   3.81570571E-05   7.73873692E-03  -2.54883457E-06  -1.27032912      0.646794438       3.24257351E-02
   8.00000000       800.000000      0.199212298       25.5304661       5.29578850E-02   2.07412438E-11   3.86964639E-05   7.64845777E-03  -2.24505220E-06  -1.26383603      0.646793962       3.26079465E-02
   9.00000000       800.000000      0.200781316       25.7297115       5.22738285E-02   2.03142052E-11   3.92479342E-05   7.55883148E-03  -1.92215816E-06  -1.25727832      0.646793604       3.27809900E-02
   10.0000000       800.000000      0.202371761       25.9304714       5.15932217E-02   1.98939268E-11   3.98173215E-05   7.47054163E-03  -1.58496141E-06  -1.25061858      0.646793127       3.29459831E-02
   11.0000000       800.000000      0.203978211       26.1335907       5.09170629E-02   1.94806411E-11   4.04021157E-05   7.38321105E-03  -1.23886673E-06  -1.24390376      0.646793187       3.31047401E-02
   12.0000000       800.000000      0.205590189       26.3390236       5.02448156E-02   1.90739872E-11   4.09927998E-05   7.29682809E-03  -8.90265369E-07  -1.23707759      0.646792829       3.32582481E-02
   13.0000000       800.000000      0.207215562       26.5462608       4.95759360E-02   1.86740311E-11   4.15785580E-05   7.21150963E-03  -5.46377635E-07  -1.23015940      0.646792471       3.34059112E-02
   2.00000000       800.000000      0.208862230       26.7531796       4.89124507E-02   1.82803408E-11   4.21527329E-05   7.12704845E-03  -2.14692790E-07  -1.22317004      0.646792293       3.35464142E-02
   3.00000000       800.000000      0.210511744       26.9634609       4.82522026E-02   1.78932893E-11   4.27165069E-05   7.04365876E-03   9.77465646E-08  -1.21609163      0.646792173       3.36780734E-02
   4.00000000       800.000000      0.212182373       27.1744270       4.75957245E-02   1.75127569E-11   4.32773122E-05   6.96109375E-03   3.84980439E-07  -1.20893300      0.646792293       3.37999351E-02
   5.00000000       800.000000      0.213867262       27.3881035       4.69434708E-02   1.71382700E-11   4.38438401E-05   6.87962677E-03   6.42561645E-07  -1.20168793      0.646792591       3.39123458E-02
   6.00000000       800.000000      0.215570495       27.6017551       4.62945849E-02   1.67702137E-11   4.44214675E-05   6.79895841E-03   8.67657604E-07  -1.19436657      0.646792710       3.40162031E-02
   7.00000000       800.000000      0.217280358       27.8196926       4.56508286E-02   1.64083729E-11   4.50092120E-05   6.71940297E-03   1.05879917E-06  -1.18696558      0.646792948       3.41126099E-02
   8.00000000       800.000000      0.218995273       28.0367794       4.50110622E-02   1.60525256E-11   4.56016351E-05   6.64062239E-03   1.21550534E-06  -1.17948627      0.646793187       3.42021957E-02
   9.00000000       800.000000      0.220740929       28.2576332       4.43754978E-02   1.57024376E-11   4.61928612E-05   6.56259526E-03   1.33796175E-06  -1.17192936      0.646793485       3.42844799E-02
   10.0000000       800.000000      0.222490728       28.4788132       4.37441804E-02   1.53587941E-11   4.67801110E-05   6.48572110E-03   1.42670092E-06  -1.16429019      0.646793723       3.43585573E-02
   11.0000000       800.000000      0.224248633       28.7025547       4.31169197E-02   1.50206705E-11   4.73645778E-05   6.40981179E-03   1.48270158E-06  -1.15658784      0.646794260       3.44242901E-02
   12.0000000       800.000000      0.226034790       28.9273281       4.24942710E-02   1.46886323E-11   4.79501432E-05   6.33445615E-03   1.50735480E-06  -1.14879322      0.646794498       3.44809778E-02
   13.0000000       800.000000      0.227838799       29.1540203       4.18759622E-02   1.43619725E-11   4.85401688E-05   6.26010960E-03   1.50272069E-06  -1.14094257      0.646795034       3.45290042E-02
   2.00000000       800.000000      0.229636580       29.3828106       4.12623808E-02   1.40415986E-11   4.91352621E-05   6.18681218E-03   1.47141202E-06  -1.13298297      0.646795392       3.45692709E-02
   3.00000000       800.000000      0.231463313       29.6143074       4.06527743E-02   1.37260975E-11   4.97331603E-05   6.11429382E-03   1.41644318E-06  -1.12498856      0.646795690       3.46019380E-02
   4.00000000       800.000000      0.233298600       29.8444633       4.00474630E-02   1.34167269E-11   5.03302908E-05   6.04252005E-03   1.34101435E-06  -1.11691082      0.646795988       3.46270129E-02
   5.00000000       800.000000      0.235164225       30.0788250       3.94469127E-02   1.31125215E-11   5.09234960E-05   5.97185828E-03   1.24812243E-06  -1.10875714      0.646796227       3.46439853E-02
   6.00000000       800.000000      0.237021416       30.3152733       3.88512835E-02   1.28135688E-11   5.15117608E-05   5.90150896E-03   1.14047214E-06  -1.10055709      0.646796525       3.46527062E-02
   7.00000000       800.000000      0.238909259       30.5545444       3.82590517E-02   1.25206113E-11   5.20980866E-05   5.83250541E-03   1.02048705E-06  -1.09228504      0.646796584       3.46528031E-02
   8.00000000       800.000000      0.240805298       30.7942753       3.76725085E-02   1.22324945E-11   5.26868316E-05   5.76399872E-03   8.90565900E-07  -1.08392394      0.646796644       3.46433632E-02
   9.00000000       800.000000      0.242732763       31.0363560       3.70894223E-02   1.19495793E-11   5.32819249E-05   5.69635769E-03   7.53320535E-07  -1.07552528      0.646796703       3.46254334E-02
   10.0000000       800.000000      0.244650185       31.2805672       3.65127176E-02   1.16718250E-11   5.38835229E-05   5.62945800E-03   6.11842552E-07  -1.06702340      0.646796942       3.45995724E-02
   11.0000000       800.000000      0.246601894       31.5240726       3.59393656E-02   1.13990969E-11   5.44882896E-05   5.56351105E-03   4.69578339E-07  -1.05851209      0.646796882       3.45658027E-02
   12.0000000       800.000000      0.248575494       31.7732716       3.53718475E-02   1.11314213E-11   5.50908298E-05   5.49796410E-03   3.30115284E-07  -1.04990900      0.646797061       3.45254019E-02
   13.0000000       800.000000      0.250549018       32.0229034       3.48079726E-02   1.08689854E-11   5.56887135E-05   5.43328747E-03   1.96756488E-07  -1.04128706      0.646797180       3.44761610E-02
   2.00000000       800.000000      0.252544135       32.2734489       3.42495032E-02   1.06110390E-11   5.62825699E-05   5.36941132E-03   7.21556361E-08  -1.03256750      0.646797061       3.44180539E-02
   3.00000000       800.000000      0.254557490       32.5260506       3.36952880E-02   1.03581440E-11   5.68757496E-05   5.30642411E-03  -4.19055439E-08  -1.02382183      0.646797299       3.43511626E-02
   4.00000000       800.000000      0.256586730       32.7818604       3.31468955E-02   1.01098227E-11   5.74709920E-05   5.24424016E-03  -1.44537282E-07  -1.01500678      0.646797180       3.42764109E-02
   5.00000000       800.000000      0.258610994       33.0395813       3.26029249E-02   9.86636293E-12   5.80671440E-05   5.18245064E-03  -2.35550374E-07  -1.00618625      0.646797299       3.41931880E-02
   6.00000000       800.000000      0.260681123       33.2992859       3.20647396E-02   9.62788963E-12   5.86605602E-05   5.12146438E-03  -3.15203749E-07 -0.997314453      0.646797419       3.41022126E-02
   7.00000000       800.000000      0.262756377       33.5623474       3.15305777E-02   9.39349466E-12   5.92480465E-05   5.06133819E-03  -3.83864858E-07 -0.988307238      0.646797180       3.40039358E-02
   8.00000000       800.000000      0.264846563       33.8261070       3.10007222E-02   9.16420152E-12   5.98296610E-05   5.00199618E-03  -4.41776905E-07 -0.979329169      0.646797001       3.38968150E-02
   9.00000000       800.000000      0.266964108       34.0918350       3.04773059E-02   8.93865797E-12   6.04087618E-05   4.94295452E-03  -4.88874718E-07 -0.970295668      0.646796942       3.37818153E-02
   10.0000000       800.000000      0.269089431       34.3593788       2.99580861E-02   8.71823967E-12   6.09886993E-05   4.88491450E-03  -5.24755194E-07 -0.961202085      0.646796882       3.36581059E-02
   11.0000000       800.000000      0.271236569       34.6304741       2.94432398E-02   8.50161955E-12   6.15711324E-05   4.82749939E-03  -5.48829007E-07 -0.952131748      0.646796703       3.35262008E-02
   12.0000000       800.000000      0.273390830       34.9008446       2.89354865E-02   8.28972481E-12   6.21555009E-05   4.77060303E-03  -5.60628052E-07 -0.942949295      0.646796525       3.33873332E-02
   13.0000000       800.000000      0.275573671       35.1773834       2.84318551E-02   8.08186938E-12   6.27403570E-05   4.71471203E-03  -5.60111459E-07 -0.933815241      0.646796346       3.32400016E-02
   2.00000000       800.000000      0.277770936       35.4531212       2.79313549E-02   7.87800207E-12   6.33249074E-05   4.65895887E-03  -5.47912066E-07 -0.924560130      0.646796167       3.30867954E-02
   3.00000000       800.000000      0.279982239       35.7325478       2.74397787E-02   7.67857739E-12   6.39089267E-05   4.60433448E-03  -5.25363987E-07 -0.915315211      0.646796107       3.29243429E-02
   4.00000000       800.000000      0.282222867       36.0137329       2.69514285E-02   7.48306452E-12   6.44918255E-05   4.55000065E-03  -4.94283427E-07 -0.906050563      0.646795869       3.27563360E-02
   5.00000000       800.000000      0.284471065       36.2968369       2.64667794E-02   7.29132987E-12   6.50714865E-05   4.49656975E-03  -4.56658967E-07 -0.896740019      0.646795750       3.25805172E-02
   6.00000000       800.000000      0.286742091       36.5804558       2.59900056E-02   7.10360893E-12   6.56456177E-05   4.44345037E-03  -4.14306015E-07 -0.887443542      0.646795750       3.23979221E-02
   7.00000000       800.000000      0.289016098       36.8690605       2.55171079E-02   6.92014111E-12   6.62126913E-05   4.39139502E-03  -3.68644947E-07 -0.878132761      0.646795690       3.22078578E-02
   8.00000000       800.000000      0.291324228       37.1585426       2.50506792E-02   6.74048621E-12   6.67729546E-05   4.33945609E-03  -3.20675070E-07 -0.868777514      0.646795630       3.20110880E-02
   9.00000000       800.000000      0.293644518       37.4530144       2.45884098E-02   6.56453754E-12   6.73289178E-05   4.28859983E-03  -2.71082911E-07 -0.859368801      0.646795571       3.18072550E-02
   10.0000000       800.000000      0.296003997       37.7481918       2.41308976E-02   6.39221575E-12   6.78825818E-05   4.23805788E-03  -2.20446807E-07 -0.850009501      0.646795571       3.15963142E-02
   11.0000000       800.000000      0.298353791       38.0451622       2.36801151E-02   6.22354208E-12   6.84354818E-05   4.18800022E-03  -1.69422066E-07 -0.840605319      0.646795511       3.13791893E-02
   12.0000000       800.000000      0.300734103       38.3437805       2.32342351E-02   6.05861888E-12   6.89877052E-05   4.13871557E-03  -1.18847822E-07 -0.831212640      0.646795452       3.11545376E-02
   13.0000000       800.000000      0.303147912       38.6467476       2.27928944E-02   5.89721588E-12   6.95383860E-05   4.09001391E-03  -6.97292961E-08 -0.821789205      0.646795213       3.09243295E-02
   2.00000000       800.000000      0.305555582       38.9513550       2.23574545E-02   5.73927277E-12   7.00866876E-05   4.04167594E-03  -2.31485835E-08 -0.812387228      0.646795154       3.06877289E-02
   3.00000000       800.000000      0.307996303       39.2577019       2.19275597E-02   5.58499124E-12   7.06312640E-05   3.99400666E-03   1.99032328E-08 -0.802954197      0.646795154       3.04447934E-02
   4.00000000       800.000000      0.310469896       39.5681572       2.15028338E-02   5.43411583E-12   7.11714092E-05   3.94717697E-03   5.86753224E-08 -0.793561459      0.646795154       3.01961824E-02
   5.00000000       800.000000      0.312931180       39.8770142       2.10836381E-02   5.28640022E-12   7.17059593E-05   3.90052283E-03   9.27457791E-08 -0.784136176      0.646795094       2.99418718E-02
   6.00000000       800.000000      0.315432847       40.1933212       2.06697863E-02   5.14214192E-12   7.22341429E-05   3.85460979E-03   1.22019458E-07 -0.774748206      0.646795094       2.96818763E-02
   7.00000000       800.000000      0.317947745       40.5082169       2.02612747E-02   5.00113622E-12   7.27553343E-05   3.80899152E-03   1.46612251E-07 -0.765338123      0.646795154       2.94164810E-02
   8.00000000       800.000000      0.320495814       40.8281288       1.98581330E-02   4.86331505E-12   7.32699336E-05   3.76415160E-03   1.66724703E-07 -0.755963385      0.646795273       2.91452128E-02
   9.00000000       800.000000      0.323059022       41.1489258       1.94604695E-02   4.72863545E-12   7.37786031E-05   3.71965906E-03   1.82523181E-07 -0.746597826      0.646795273       2.88693178E-02
   10.0000000       800.000000      0.325634599       41.4749947       1.90680828E-02   4.59707663E-12   7.42826378E-05   3.67579004E-03   1.94105240E-07 -0.737227023      0.646795392       2.85883006E-02
   11.0000000       800.000000      0.328246117       41.8027420       1.86813194E-02   4.46858306E-12   7.47825325E-05   3.63254128E-03   2.01516954E-07 -0.727896512      0.646795392       2.83016264E-02
   12.0000000       800.000000      0.330868602       42.1312904       1.82998329E-02   4.34307885E-12   7.52784690E-05   3.58963455E-03   2.04822925E-07 -0.718584478      0.646795452       2.80112401E-02
   13.0000000       800.000000      0.333499759       42.4624519       1.79235078E-02   4.22054102E-12   7.57695307E-05   3.54737719E-03   2.04169098E-07 -0.709291756      0.646795452       2.77168173E-02
   2.00000000       800.000000      0.336178690       42.7972488       1.75527837E-02   4.10093704E-12   7.62552736E-05   3.50561598E-03   1.99816967E-07 -0.700024188      0.646795511       2.74175778E-02
   3.00000000       800.000000      0.338866234       43.1343956       1.71874873E-02   3.98412813E-12   7.67345773E-05   3.46408901E-03   1.92125469E-07 -0.690776706      0.646795511       2.71151047E-02
   4.00000000       800.000000      0.341564178       43.4764404       1.68276019E-02   3.87011560E-12   7.72068670E-05   3.42331990E-03   1.81511240E-07 -0.681572616      0.646795511       2.68083215E-02
   5.00000000       800.000000      0.344298780       43.8198090       1.64728593E-02   3.75896319E-12   7.76721572E-05   3.38275474E-03   1.68425871E-07 -0.672390878      0.646795630       2.64981538E-02
   6.00000000       800.000000      0.347046673       44.1641579       1.61236338E-02   3.65047185E-12   7.81298877E-05   3.34291835E-03   1.53304626E-07 -0.663251877      0.646795690       2.61844005E-02
   7.00000000       800.000000      0.349838823       44.5138283       1.57795995E-02   3.54461382E-12   7.85801094E-05   3.30350804E-03   1.36562306E-07 -0.654142141      0.646795690       2.58679483E-02
   8.00000000       800.000000      0.352615893       44.8651733       1.54409828E-02   3.44136893E-12   7.90224440E-05   3.26442881E-03   1.18586875E-07 -0.645082831      0.646795630       2.55481694E-02
   9.00000000       800.000000      0.355454803       45.2186356       1.51074901E-02   3.34067474E-12   7.94565785E-05   3.22594447E-03   9.97590561E-08 -0.636056185      0.646795630       2.52258983E-02
   10.0000000       800.000000      0.358279139       45.5763397       1.47794075E-02   3.24260475E-12   7.98828696E-05   3.18782101E-03   8.04662363E-08 -0.627073348      0.646795630       2.49001905E-02
   11.0000000       800.000000      0.361149102       45.9357567       1.44567527E-02   3.14689811E-12   8.03012881E-05   3.15008569E-03   6.11136031E-08 -0.618136585      0.646795630       2.45725252E-02
   12.0000000       800.000000      0.364027262       46.2968864       1.41390683E-02   3.05365629E-12   8.07126708E-05   3.11289332E-03   4.21201705E-08 -0.609253883      0.646795630       2.42426395E-02
   13.0000000       800.000000      0.366944253       46.6631355       1.38267288E-02   2.96284915E-12   8.11169812E-05   3.07622366E-03   2.38924986E-08 -0.600417495      0.646795630       2.39103902E-02
   2.00000000       800.000000      0.369876415       47.0312233       1.35195097E-02   2.87427851E-12   8.15149469E-05   3.03991674E-03   6.79156065E-09 -0.591633618      0.646795630       2.35773288E-02
   3.00000000       800.000000      0.372847915       47.4044495       1.32176131E-02   2.78805841E-12   8.19063716E-05   3.00406781E-03  -8.90178775E-09 -0.582911968      0.646795630       2.32415665E-02
   4.00000000       800.000000      0.375840873       47.7758026       1.29205780E-02   2.70409172E-12   8.22906077E-05   2.96868104E-03  -2.30081572E-08 -0.574239731      0.646795630       2.29052361E-02
   5.00000000       800.000000      0.378836393       48.1548996       1.26289185E-02   2.62229648E-12   8.26655960E-05   2.93350196E-03  -3.54441205E-08 -0.565620959      0.646795630       2.25673318E-02
   6.00000000       800.000000      0.381849557       48.5329056       1.23420563E-02   2.54269349E-12   8.30306672E-05   2.89881858E-03  -4.61930512E-08 -0.557068467      0.646795571       2.22284794E-02
   7.00000000       800.000000      0.384928495       48.9166336       1.20605733E-02   2.46518019E-12   8.33850936E-05   2.86472705E-03  -5.52735955E-08 -0.548579335      0.646795571       2.18891297E-02
   8.00000000       800.000000      0.388007849       49.3037720       1.17837181E-02   2.38975224E-12   8.37293701E-05   2.83084740E-03  -6.27008205E-08 -0.540151954      0.646795630       2.15492044E-02
   9.00000000       800.000000      0.391112477       49.6939621       1.15120988E-02   2.31634872E-12   8.40658540E-05   2.79723876E-03  -6.84841694E-08 -0.531789243      0.646795630       2.12085787E-02
   10.0000000       800.000000      0.394236952       50.0870171       1.12453103E-02   2.24494360E-12   8.43956295E-05   2.76426389E-03  -7.26303568E-08 -0.523493946      0.646795630       2.08676774E-02
   11.0000000       800.000000      0.397388846       50.4830971       1.09834187E-02   2.17546163E-12   8.47196643E-05   2.73169554E-03  -7.51701421E-08 -0.515270650      0.646795630       2.05271374E-02
   12.0000000       800.000000      0.400564700       50.8813133       1.07264444E-02   2.10789350E-12   8.50372380E-05   2.69938097E-03  -7.61741603E-08 -0.507115662      0.646795630       2.01869570E-02
   13.0000000       800.000000      0.403795749       51.2825050       1.04742898E-02   2.04219215E-12   8.53463134E-05   2.66744965E-03  -7.57508900E-08 -0.499031991      0.646795571       1.98472776E-02
   2.00000000       800.000000      0.406995207       51.6878319       1.02268616E-02   1.97832245E-12   8.56449187E-05   2.63595744E-03  -7.40247756E-08 -0.491021812      0.646795571       1.95088517E-02
   3.00000000       800.000000      0.410275906       52.0953789       9.98416357E-03   1.91624689E-12   8.59311986E-05   2.60490784E-03  -7.11291932E-08 -0.483087033      0.646795571       1.91713907E-02
   4.00000000       800.000000      0.413564175       52.5095062       9.74617340E-03   1.85588545E-12   8.62061206E-05   2.57399632E-03  -6.71855460E-08 -0.475228071      0.646795571       1.88345946E-02
   5.00000000       800.000000      0.416869521       52.9231834       9.51278489E-03   1.79723434E-12   8.64710819E-05   2.54356838E-03  -6.23142711E-08 -0.467447013      0.646795571       1.84993278E-02
   6.00000000       800.000000      0.420203984       53.3436661       9.28400643E-03   1.74025269E-12   8.67278213E-05   2.51352857E-03  -5.66461544E-08 -0.459744632      0.646795571       1.81653462E-02
   7.00000000       800.000000      0.423574746       53.7655487       9.05982312E-03   1.68488791E-12   8.69768992E-05   2.48386897E-03  -5.03281044E-08 -0.452118009      0.646795571       1.78328753E-02
   8.00000000       800.000000      0.426962882       54.1887779       8.84006266E-03   1.63111603E-12   8.72182354E-05   2.45463476E-03  -4.35363035E-08 -0.444574147      0.646795571       1.75030231E-02
   9.00000000       800.000000      0.430381179       54.6191368       8.62479489E-03   1.57891582E-12   8.74503967E-05   2.42563826E-03  -3.64557629E-08 -0.437109917      0.646795571       1.71745513E-02
   10.0000000       800.000000      0.433835030       55.0515404       8.41384102E-03   1.52820714E-12   8.76728518E-05   2.39695446E-03  -2.92692839E-08 -0.429736733      0.646795571       1.68474503E-02
   11.0000000       800.000000      0.437294513       55.4855461       8.20734445E-03   1.47900095E-12   8.78854116E-05   2.36855238E-03  -2.21436274E-08 -0.422439456      0.646795571       1.65241119E-02
   12.0000000       800.000000      0.440796643       55.9234009       8.00505374E-03   1.43120260E-12   8.80886291E-05   2.34066579E-03  -1.52238933E-08 -0.415228188      0.646795571       1.62025969E-02
   13.0000000       800.000000      0.444335788       56.3692284       7.80693162E-03   1.38485664E-12   8.82835157E-05   2.31300760E-03  -8.63321326E-09 -0.408094972      0.646795571       1.58837344E-02
   2.00000000       800.000000      0.447884768       56.8128738       7.61301816E-03   1.33982495E-12   8.84710535E-05   2.28558644E-03  -2.47615306E-09 -0.401056975      0.646795571       1.55676240E-02
   3.00000000       800.000000      0.451492101       57.2652702       7.42325932E-03   1.29618506E-12   8.86515845E-05   2.25866493E-03   3.16133275E-09 -0.394098878      0.646795571       1.52545189E-02
   4.00000000       800.000000      0.455087274       57.7184486       7.23756989E-03   1.25382929E-12   8.88249269E-05   2.23196577E-03   8.21363422E-09 -0.387222767      0.646795571       1.49444630E-02
   5.00000000       800.000000      0.458740443       58.1730003       7.05585117E-03   1.21274854E-12   8.89920921E-05   2.20550713E-03   1.26377717E-08 -0.380437732      0.646795571       1.46374637E-02
   6.00000000       800.000000      0.462410837       58.6358948       6.87809382E-03   1.17291604E-12   8.91521850E-05   2.17951275E-03   1.64128124E-08 -0.373738855      0.646795571       1.43342186E-02
   7.00000000       800.000000      0.466109008       59.0983734       6.70418050E-03   1.13428407E-12   8.93066244E-05   2.15376215E-03   1.95363690E-08 -0.367128104      0.646795571       1.40338996E-02
   8.00000000       800.000000      0.469850868       59.5668716       6.53410982E-03   1.09682435E-12   8.94551267E-05   2.12824531E-03   2.20202345E-08 -0.360602707      0.646795571       1.37375183E-02
   9.00000000       800.000000      0.473630607       60.0369263       6.36789529E-03   1.06051528E-12   8.95979974E-05   2.10318691E-03   2.38861002E-08 -0.354168504      0.646795571       1.34448176E-02
   10.0000000       800.000000      0.477417022       60.5153427       6.20539859E-03   1.02532056E-12   8.97372302E-05   2.07820931E-03   2.51631231E-08 -0.347818226      0.646795571       1.31556513E-02
   11.0000000       800.000000      0.481236160       60.9947357       6.04635430E-03   9.91214489E-13   8.98724393E-05   2.05373741E-03   2.58860045E-08 -0.341555059      0.646795630       1.28705418E-02
   12.0000000       800.000000      0.485106736       61.4788399       5.89106698E-03   9.58153370E-13   9.00018640E-05   2.02942686E-03   2.60947850E-08 -0.335379273      0.646795630       1.25895916E-02
   13.0000000       800.000000      0.489003509       61.9645309       5.73919620E-03   9.26132651E-13   9.01278472E-05   2.00553937E-03   2.58321506E-08 -0.329291910      0.646795630       1.23125585E-02
   2.00000000       800.000000      0.492917389       62.4534645       5.59096411E-03   8.95097527E-13   9.02493121E-05   1.98174338E-03   2.51386805E-08 -0.323289156      0.646795630       1.20398309E-02
   3.00000000       800.000000      0.496857613       62.9518318       5.44601120E-03   8.65041220E-13   9.03662076E-05   1.95836835E-03   2.40536338E-08 -0.317373902      0.646795630       1.17712812E-02
   4.00000000       800.000000      0.500846684       63.4490204       5.30437892E-03   8.35921718E-13   9.04814297E-05   1.93516153E-03   2.26176269E-08 -0.311547190      0.646795630       1.15071097E-02
   5.00000000       800.000000      0.504872501       63.9528084       5.16605377E-03   8.07722975E-13   9.05953275E-05   1.91228068E-03   2.08757971E-08 -0.305803597      0.646795630       1.12472828E-02
   6.00000000       800.000000      0.508909047       64.4573593       5.03097847E-03   7.80412464E-13   9.07093490E-05   1.88970787E-03   1.88800140E-08 -0.300144196      0.646795630       1.09918350E-02
   7.00000000       800.000000      0.512971818       64.9687729       4.89898911E-03   7.53973164E-13   9.08264192E-05   1.86733436E-03   1.66905298E-08 -0.294570684      0.646795630       1.07408939E-02
   8.00000000       800.000000      0.517089903       65.4843674       4.77015227E-03   7.28368321E-13   9.09464943E-05   1.84534944E-03   1.43708130E-08 -0.289079905      0.646795630       1.04945190E-02
   9.00000000       800.000000      0.521240056       66.0012741       4.64432919E-03   7.03573809E-13   9.10694507E-05   1.82345824E-03   1.19853842E-08 -0.283673882      0.646795630       1.02527756E-02
   10.0000000       800.000000      0.525399923       66.5273361       4.52149427E-03   6.79575591E-13   9.11965544E-05   1.80195877E-03   9.59336255E-09 -0.278348774      0.646795630       1.00155482E-02
   11.0000000       800.000000      0.529633105       67.0519409       4.40151803E-03   6.56340921E-13   9.13281910E-05   1.78055395E-03   7.24583504E-09 -0.273106754      0.646795571       9.78302862E-03
   12.0000000       800.000000      0.533852458       67.5886993       4.28444380E-03   6.33856682E-13   9.14653720E-05   1.75953202E-03   4.98394037E-09 -0.267946333      0.646795571       9.55513027E-03
   13.0000000       800.000000      0.538169861       68.1238251       4.17014118E-03   6.12091486E-13   9.16092904E-05   1.73872185E-03   2.83960677E-09 -0.262864143      0.646795571       9.33189411E-03
   2.00000000       800.000000      0.542478204       68.6609192       4.05856874E-03   5.91028582E-13   9.17611251E-05   1.71818351E-03   8.37947656E-10 -0.257862031      0.646795571       9.11334716E-03
   3.00000000       800.000000      0.546837091       69.2043610       3.94963613E-03   5.70640703E-13   9.19203594E-05   1.69786520E-03  -1.00041253E-09 -0.252936274      0.646795571       8.89945775E-03
   4.00000000       800.000000      0.551184714       69.7545853       3.84336314E-03   5.50913373E-13   9.20908278E-05   1.67770253E-03  -2.65804490E-09 -0.248089150      0.646795571       8.69015139E-03
   5.00000000       800.000000      0.555633724       70.3113556       3.73962871E-03   5.31822904E-13   9.22728068E-05   1.65792624E-03  -4.12038048E-09 -0.243316829      0.646795571       8.48560873E-03
   6.00000000       800.000000      0.560065687       70.8701859       3.63836647E-03   5.13351406E-13   9.24694905E-05   1.63826405E-03  -5.37668665E-09 -0.238621339      0.646795571       8.28570407E-03
   7.00000000       800.000000      0.564574599       71.4266510       3.53956409E-03   4.95478604E-13   9.26814610E-05   1.61886227E-03  -6.42120312E-09 -0.233998880      0.646795571       8.09053518E-03
   8.00000000       800.000000      0.569091976       71.9988251       3.44312261E-03   4.78184712E-13   9.29074158E-05   1.59974198E-03  -7.25461247E-09 -0.229449764      0.646795571       7.90006388E-03
   9.00000000       800.000000      0.573642910       72.5662689       3.34902457E-03   4.61450973E-13   9.31529867E-05   1.58071832E-03  -7.88274779E-09 -0.224969998      0.646795571       7.71426409E-03
   10.0000000       800.000000      0.578249216       73.1417236       3.25717125E-03   4.45260392E-13   9.34173077E-05   1.56206940E-03  -8.31711233E-09 -0.220564276      0.646795571       7.53304409E-03
   11.0000000       800.000000      0.582887828       73.7225037       3.16754752E-03   4.29598550E-13   9.37076693E-05   1.54351920E-03  -8.57221760E-09 -0.216226861      0.646795571       7.35640293E-03
   12.0000000       800.000000      0.587557673       74.3115692       3.08007235E-03   4.14441512E-13   9.40271420E-05   1.52520405E-03  -8.66455085E-09 -0.211955100      0.646795571       7.18438253E-03
   13.0000000       800.000000      0.592285097       74.9019089       2.99464958E-03   3.99780876E-13   9.43760242E-05   1.50711171E-03  -8.60661320E-09 -0.207748517      0.646795571       7.01702572E-03
   2.00000000       800.000000      0.597044110       75.4963303       2.91137723E-03   3.85596665E-13   9.47587178E-05   1.48920331E-03  -8.40917735E-09 -0.203607172      0.646795571       6.85418118E-03
   3.00000000       800.000000      0.601813197       76.0937424       2.83007184E-03   3.71881074E-13   9.51773036E-05   1.47153041E-03  -8.08263323E-09 -0.199528605      0.646795571       6.69590337E-03
   4.00000000       800.000000      0.606662095       76.6995621       2.75067613E-03   3.58599408E-13   9.56345466E-05   1.45409233E-03  -7.63752439E-09 -0.195514768      0.646795571       6.54236926E-03
   5.00000000       800.000000      0.611538589       77.3089294       2.67320336E-03   3.45749877E-13   9.61291807E-05   1.43676565E-03  -7.08767667E-09 -0.191563591      0.646795571       6.39327057E-03
   6.00000000       800.000000      0.616429627       77.9216690       2.59757834E-03   3.33322969E-13   9.66609005E-05   1.41976483E-03  -6.44969145E-09 -0.187666059      0.646795571       6.24884991E-03
   7.00000000       800.000000      0.621346176       78.5425873       2.52374611E-03   3.21299573E-13   9.72378548E-05   1.40285853E-03  -5.74315884E-09 -0.183826938      0.646795571       6.10880274E-03
   8.00000000       800.000000      0.626343310       79.1605453       2.45167408E-03   3.09664160E-13   9.78612879E-05   1.38617703E-03  -4.98812192E-09 -0.180043802      0.646795571       5.97341172E-03
   9.00000000       800.000000      0.631355822       79.7936478       2.38130405E-03   2.98404693E-13   9.85368606E-05   1.36970833E-03  -4.20433643E-09 -0.176313818      0.646795571       5.84224146E-03
   10.0000000       800.000000      0.636449695       80.4251099       2.31258688E-03   2.87513448E-13   9.92686837E-05   1.35344383E-03  -3.40961370E-09 -0.172635898      0.646795571       5.71604539E-03
   11.0000000       800.000000      0.641569495       81.0633545       2.24552769E-03   2.76971805E-13   1.00057878E-04   1.33728981E-03  -2.62082867E-09 -0.169008315      0.646795571       5.59379905E-03
   12.0000000       800.000000      0.646703839       81.7070923       2.18000659E-03   2.66770492E-13   1.00916295E-04   1.32133067E-03  -1.85321136E-09 -0.165429503      0.646795571       5.47690922E-03
   13.0000000       800.000000      0.651862979       82.3593216       2.11604056E-03   2.56900458E-13   1.01836711E-04   1.30559236E-03  -1.12097742E-09 -0.161895961      0.646795571       5.36365760E-03
   2.00000000       800.000000      0.657104909       83.0148392       2.05357675E-03   2.47351618E-13   1.02837213E-04   1.29007141E-03  -4.36093661E-10 -0.158408567      0.646795571       5.25665144E-03
   3.00000000       800.000000      0.662361264       83.6720734       1.99257396E-03   2.38111207E-13   1.03905637E-04   1.27463567E-03   1.92002900E-10 -0.154959783      0.646795571       5.15268696E-03
   4.00000000       800.000000      0.667716920       84.3404617       1.93300424E-03   2.29169900E-13   1.05067644E-04   1.25939073E-03   7.56854190E-10 -0.151555479      0.646795571       5.05657354E-03
   5.00000000       800.000000      0.673070669       85.0116577       1.87483616E-03   2.20522236E-13   1.06300213E-04   1.24436966E-03   1.25471977E-09 -0.148180455      0.646795571       4.96221054E-03
   6.00000000       800.000000      0.678464949       85.6865540       1.81803224E-03   2.12157305E-13   1.07648520E-04   1.22953556E-03   1.68346959E-09 -0.144849196      0.646795571       4.87868860E-03
   7.00000000       800.000000      0.683868349       86.3630829       1.76259258E-03   2.04067313E-13   1.09066823E-04   1.21480844E-03   2.04265915E-09 -0.141534135      0.646795571       4.79431776E-03
   8.00000000       800.000000      0.689361989       87.0500107       1.70850393E-03   1.96241650E-13   1.10632049E-04   1.20038469E-03   2.33164221E-09 -0.138265222      0.646795571       4.72647557E-03
   9.00000000       800.000000      0.694936693       87.7468338       1.65569037E-03   1.88671141E-13   1.12248985E-04   1.18596107E-03   2.55024446E-09 -0.134990826      0.646795571       4.65252390E-03
   10.0000000       800.000000      0.700467765       88.4404068       1.60418986E-03   1.81364364E-13   1.14065944E-04   1.17183174E-03   2.69988898E-09 -0.131772950      0.646795571       4.60604858E-03
   11.0000000       800.000000      0.706084132       89.1438522       1.55393325E-03   1.74296694E-13   1.15890383E-04   1.15782605E-03   2.78279599E-09 -0.128513381      0.646795571       4.54270234E-03
   12.0000000       800.000000      0.711785257       89.8559036       1.50506292E-03   1.67482808E-13   1.18009128E-04   1.14407041E-03   2.80542767E-09 -0.125330478      0.646795571       4.52805031E-03
   13.0000000       800.000000      0.717506111       90.5660553       1.45742961E-03   1.60902663E-13   1.20018136E-04   1.13039941E-03   2.77176304E-09 -0.122039437      0.646795571       4.47402010E-03
   2.00000000       800.000000      0.723254204       91.2924652       1.41113962E-03   1.54561517E-13   1.22498604E-04   1.11699547E-03   2.69170042E-09 -0.118885592      0.646795571       4.51060291E-03
   3.00000000       800.000000      0.729030788       92.0148239       1.36619713E-03   1.48457161E-13   1.24609389E-04   1.10370817E-03   2.57125632E-09 -0.115493171      0.646795571       4.46034316E-03
   4.00000000       800.000000      0.734885931       92.7492523       1.32267200E-03   1.42598078E-13   1.27552048E-04   1.09076523E-03   2.42042208E-09 -0.112356357      0.646795571       4.58515994E-03
   5.00000000       800.000000      0.740812361       93.4854507       1.28056877E-03   1.36966759E-13   1.29584485E-04   1.07788946E-03   2.24401631E-09 -0.108723082      0.646795571       4.52179601E-03
   6.00000000       800.000000      0.746736884       94.2303009       1.24008663E-03   1.31586975E-13   1.33206151E-04   1.06543582E-03   2.05124917E-09 -0.105629884      0.646795571       4.80829645E-03
   7.00000000       800.000000      0.752711892       94.9802017       1.20114104E-03   1.26452139E-13   1.34806760E-04   1.05292292E-03   1.84134519E-09 -0.101513490      0.646795571       4.68494045E-03
   8.00000000       800.000000      0.758787692       95.7357407       1.16416311E-03   1.21589276E-13   1.39467811E-04   1.04117382E-03   1.62816860E-09  -9.85447466E-02  0.646795571       5.28587541E-03
   9.00000000       800.000000      0.764886141       96.4991150       1.12906646E-03   1.16988857E-13   1.40431555E-04   1.02909177E-03   1.38399614E-09  -9.34600532E-02  0.646795571       4.97148558E-03
   10.0000000       800.000000      0.770997465       97.2638321       1.09600532E-03   1.12672702E-13   1.45948434E-04   1.01830438E-03   1.21078536E-09  -9.09149498E-02  0.646795571       6.37099519E-03
   11.0000000       800.000000      0.777200460       98.0346756       1.06612861E-03   1.08726742E-13   1.72485656E-04   1.00667495E-03   7.84510956E-10  -8.35952014E-02  0.646795571       5.29515371E-03
   12.0000000       800.000000      0.783445537       98.8157425       1.02573493E-03   1.03787977E-13   5.97672770E-05   9.97542986E-04   7.22189550E-20  -8.26487765E-02  0.646795571      -6.03320496E-03
   13.0000000       800.000000      0.789714217       99.6048737       1.00181869E-03   1.00566528E-13   5.95398888E-05   9.85780265E-04   2.08924638E-21  -9.30891633E-02  0.646795571      -1.32170767E-02
