   0.00000000       190.000000       3.40428352E-02   1.01702809       3.14287259E-04   3.08957829E-12  -8.26423541E-02   1.70963037      -1.27826022E-14  -7.28878193E-04  -4.35165877E-16  -6.75569801E-03
   1.00000000       197.000000       3.40447091E-02   1.05104125       3.09155672E-04   2.94069239E-12  -7.55427778E-02   1.59125638      -2.08795231E-15  -9.58866673E-04  -5.06251740E-16   2.28374440E-04
   2.00000000       200.000000       3.40499915E-02   1.08514261       3.04265937E-04   2.80337949E-12  -4.91839200E-02   1.13014734       3.75716276E-02  -7.13327783E-04   1.27931673E-03   3.86225502E-03
   3.00000000       200.000000       3.40571664E-02   1.11914527       3.81869002E-04   3.41134608E-12   3.15461047E-02   1.01186991       9.52130631E-02  -6.95820025E-04   4.52195667E-03  -3.52127897E-03
   4.00000000       200.000000       3.40652503E-02   1.15326166       5.00718947E-04   4.34098243E-12   4.80582416E-02  0.918967366      0.166208148      -9.53203999E-04   1.01839006E-02  -7.71415327E-03
   5.00000000       200.000000       3.40752266E-02   1.18727005       6.46264409E-04   5.44204222E-12   4.84475195E-02  0.838260591      0.253784180      -1.22147612E-03   1.88319087E-02  -9.14925802E-03
   6.00000000       200.000000       3.40886116E-02   1.22141874       8.36310850E-04   6.84589017E-12   4.15668786E-02  0.780387461      0.365052730      -1.57686684E-03   3.12763490E-02  -1.23358201E-02
   7.00000000       200.000000       3.41038704E-02   1.25543642       1.10193319E-03   8.77530774E-12   2.97705401E-02  0.736593723      0.517497063      -2.06270255E-03   4.89253812E-02  -1.72550119E-02
   8.00000000       200.000000       3.41209993E-02   1.28956389       1.47805503E-03   1.14592485E-11   1.51006840E-02  0.699552178      0.726821721      -2.75412458E-03   7.37259910E-02  -2.32149381E-02
   9.00000000       200.000000       3.41415480E-02   1.32373023       1.99803710E-03   1.50913171E-11   4.47283383E-04  0.668221414      0.997156084      -3.64744384E-03  0.107770517      -2.69533284E-02
   10.0000000       200.000000       3.41642797E-02   1.35789859       2.65030633E-03   1.95145167E-11  -1.30833928E-02  0.641504884       1.29229319      -4.59518144E-03  0.151919797      -2.97158454E-02
   11.0000000       200.000000       3.41873281E-02   1.39207828       3.44200549E-03   2.47217923E-11  -2.39830296E-02  0.617950916       1.57831478      -5.67855267E-03  0.205878660      -3.60862613E-02
   2.00000000       200.000000       3.42125520E-02   1.42626679       4.39282088E-03   3.07943809E-11  -3.12005952E-02  0.597281277       1.82101953      -7.06352619E-03  0.268182218      -4.74306084E-02
   3.00000000       200.000000       3.42412032E-02   1.46045995       5.58340643E-03   3.82234834E-11  -3.60206813E-02  0.578373492       2.03623414      -8.92546866E-03  0.337907076      -6.33798093E-02
   4.00000000       200.000000       3.42717990E-02   1.49468386       7.09969923E-03   4.74899703E-11  -4.01819609E-02  0.560349882       2.22359872      -1.14059588E-02  0.414116383      -8.40859860E-02
   5.00000000       200.000000       3.43041234E-02   1.52902329       9.06086806E-03   5.92493277E-11  -4.38061915E-02  0.542890370       2.37081504      -1.46919265E-02  0.495448291     -0.110923797    
   6.00000000       200.000000       3.43400165E-02   1.56331646       1.15981940E-02   7.41760126E-11  -4.57265638E-02  0.526100457       2.45375204      -1.90204121E-02  0.579710543     -0.145329580    
   7.00000000       200.000000       3.43780145E-02   1.59766877       1.48870684E-02   9.31628039E-11  -4.55746315E-02  0.509904027       2.44064999      -2.46787053E-02  0.663613796     -0.197026014    
   8.00000000       400.000000       3.44163403E-02   1.63212323       1.91470459E-02   1.17296478E-10  -4.40676175E-02  0.494200349       2.29973912      -3.25747617E-02  0.742764592     -0.254395843    
   9.00000000       400.000000       3.44596468E-02   1.66651404       2.45193765E-02   1.47104981E-10  -4.12307419E-02  0.479101241       1.97086716      -4.22003232E-02  0.810678959     -0.323842406    
   10.0000000       400.000000       3.45019177E-02   1.70102203       3.13334391E-02   1.84175161E-10  -3.71616744E-02  0.464697957       1.43280709      -5.49071617E-02  0.860113204     -0.423301160    
   11.0000000       400.000000       3.45477760E-02   1.73553383       3.99252996E-02   2.30010053E-10  -3.26012708E-02  0.450968355      0.659499586      -7.14295432E-02  0.882895350     -0.546800733    
   12.0000000       400.000000       3.45973931E-02   1.77006423       5.06738350E-02   2.86230567E-10  -2.78929248E-02  0.437795699     -0.340383291      -9.27156284E-02  0.871121585     -0.699851453    
   13.0000000       400.000000       3.46456654E-02   1.80469894       6.39886260E-02   3.54505647E-10  -2.31907703E-02  0.425067246      -1.49706054     -0.119889513      0.819252193     -0.885635197    
   2.00000000       400.000000       3.46989296E-02   1.83938944       8.03130269E-02   4.36558428E-10  -1.86111499E-02  0.412715256      -2.65844798     -0.154131398      0.727005780      -1.10323989    
   3.00000000       400.000000       3.47537622E-02   1.87406790      0.100020863       5.33611932E-10  -1.42440731E-02  0.400710821      -3.56122780     -0.196514159      0.603236914      -1.33594227    
   4.00000000       400.000000       3.48123796E-02   1.90886545      0.123031095       6.44412912E-10  -1.01789776E-02  0.389053255      -3.81925774     -0.247067541      0.470282435      -1.53134751    
   5.00000000       400.000000       3.48717459E-02   1.94381344      0.148314700       7.62921837E-10  -6.53499411E-03  0.377783984      -3.06463408     -0.303222060      0.363416880      -1.61722982    
   6.00000000       400.000000       3.49331126E-02   1.97864985      0.173884466       8.78673911E-10  -3.53905954E-03  0.366965413      -1.31617284     -0.359955192      0.317439586      -1.57266402    
   7.00000000       400.000000       3.49960364E-02   2.01366401      0.197515845       9.80758030E-10  -1.59322866E-03  0.356644005      0.660541654     -0.413195670      0.340555936      -1.48053920    
   8.00000000       400.000000       3.50628383E-02   2.04869795      0.218780816       1.06777431E-09  -9.48328467E-04  0.346786737       1.89850700     -0.463679165      0.407121837      -1.44914889    
   9.00000000       400.000000       3.51311862E-02   2.08382654      0.239234015       1.14793242E-09  -1.48141955E-03  0.337334484       2.03069067     -0.514914930      0.478460461      -1.45806575    
   10.0000000       400.000000       3.52015831E-02   2.11898565      0.258646965       1.22048871E-09  -2.21009739E-03  0.328234524       1.46149266     -0.566226780      0.529906511      -1.41365945    
   11.0000000       400.000000       3.52728553E-02   2.15418029      0.275402784       1.27829647E-09  -2.39259051E-03  0.319459260      0.597958684     -0.614542127      0.550997615      -1.36728239    
   12.0000000       400.000000       3.53475511E-02   2.18945503      0.291671276       1.33197686E-09  -2.31146556E-03  0.310998023       9.40992311E-03 -0.662786722      0.551330805      -1.35449398    
   13.0000000       400.000000       3.54251340E-02   2.22494793      0.307487845       1.38187084E-09  -2.04855669E-03  0.302866101      -1.82727147E-02 -0.710404813      0.550684273      -1.26968539    
   2.00000000       400.000000       3.55066359E-02   2.26028228      0.320620745       1.41828449E-09  -1.71256717E-03  0.295033425      0.120041445     -0.752847493      0.554945469      -1.08799565    
   3.00000000       400.000000       3.55888382E-02   2.29589605      0.330550611       1.43957413E-09  -1.35570287E-03  0.287491918      0.258055717     -0.787754476      0.564129949     -0.870826662    
   4.00000000       400.000000       3.56727764E-02   2.33153582      0.338298321       1.45079881E-09  -1.11001439E-03  0.280246317      0.290920973     -0.814900637      0.574507475     -0.590788305    
   5.00000000       400.000000       3.57585363E-02   2.36718988      0.343489379       1.45083823E-09  -9.73291462E-04  0.273322225      0.108099572     -0.829954326      0.578371882     -0.244640768    
   6.00000000       400.000000       3.58451568E-02   2.40296197      0.346411914       1.44138357E-09  -8.96886282E-04  0.266750902     -0.170983016     -0.832419336      0.572243869       5.03289551E-02
   7.00000000       400.000000       3.59365791E-02   2.43895650      0.347214788       1.42346446E-09  -8.34135630E-04  0.260549635     -0.341181457     -0.826341391      0.559982240      0.162527218    
   8.00000000       400.000000       3.60317938E-02   2.47496963      0.346499562       1.39988110E-09  -7.50117877E-04  0.254692972     -0.323493093     -0.820721745      0.548326552       7.63009414E-02
   9.00000000       400.000000       3.61256152E-02   2.51087451      0.345146567       1.37437872E-09  -6.37859397E-04  0.249113709     -0.162315309     -0.820836008      0.542463481      -5.59531897E-02
   10.0000000       400.000000       3.62243615E-02   2.54723430      0.343615443       1.34885247E-09  -5.33008249E-04  0.243756935       3.78134660E-02 -0.824769914      0.543832898     -0.121263221    
   11.0000000       400.000000       3.63236889E-02   2.58347154      0.341923058       1.32336264E-09  -4.61859512E-04  0.238596693      0.146593124     -0.829633772      0.549157917     -0.129136398    
   12.0000000       400.000000       3.64281610E-02   2.61973166      0.339953423       1.29746891E-09  -4.42188699E-04  0.233616337      0.101980388     -0.834165037      0.552872479     -0.112923145    
   13.0000000       400.000000       3.65312435E-02   2.65625191      0.337543607       1.27058120E-09  -4.45498503E-04  0.228803813      -4.90732677E-02 -0.837870598      0.551079750      -9.65418667E-02
   2.00000000       400.000000       3.66381556E-02   2.69287086      0.334858447       1.24334909E-09  -4.55195666E-04  0.224147782     -0.195213363     -0.841228127      0.543926895      -9.28238630E-02
   3.00000000       400.000000       3.67491208E-02   2.72951531      0.332126737       1.21663091E-09  -4.49442508E-04  0.219640031     -0.252744108     -0.844683588      0.534639120      -9.81478989E-02
   4.00000000       400.000000       3.68596762E-02   2.76648116      0.329465419       1.19082466E-09  -4.23636637E-04  0.215273514     -0.198273525     -0.848453462      0.527329981     -0.105947554    
   5.00000000       400.000000       3.69738303E-02   2.80324292      0.326937169       1.16612509E-09  -3.97568423E-04  0.211041093      -8.05040523E-02 -0.852506459      0.524354041     -0.111739129    
   6.00000000       400.000000       3.70923392E-02   2.84031177      0.324454159       1.14217835E-09  -3.78704659E-04  0.206937075       2.84022037E-02 -0.856732249      0.525407672     -0.116824538    
   7.00000000       400.000000       3.72101963E-02   2.87746811      0.321949363       1.11873122E-09  -3.76152719E-04  0.202953547       7.90838748E-02 -0.861188054      0.528350830     -0.119128212    
   8.00000000       400.000000       3.73310633E-02   2.91468883      0.319383979       1.09562304E-09  -3.82288214E-04  0.199083969       7.15688542E-02 -0.865609288      0.531022370     -0.117772758    
   9.00000000       400.000000       3.74547355E-02   2.95214677      0.316817909       1.07305409E-09  -3.86876578E-04  0.195322424       3.73225212E-02 -0.869996011      0.532419980     -0.117650673    
   10.0000000       400.000000       3.75822932E-02   2.98967767      0.314320534       1.05123821E-09  -3.85622581E-04  0.191666096       1.05959084E-02 -0.874439061      0.532818079     -0.119411498    
   11.0000000       400.000000       3.77115831E-02   3.02733731      0.311924815       1.03024966E-09  -3.80478130E-04  0.188109443       8.40572640E-03 -0.878986478      0.533135116     -0.121571094    
   12.0000000       400.000000       3.78417671E-02   3.06507659      0.309638441       1.01009701E-09  -3.73202318E-04  0.184649602       2.58618575E-02 -0.883624256      0.534113586     -0.123172425    
   13.0000000       400.000000       3.79736088E-02   3.10296249      0.307442278       9.90679205E-10  -3.64720094E-04  0.181281760       4.85325046E-02 -0.888323724      0.535956740     -0.123265281    
   2.00000000       400.000000       3.81093584E-02   3.14102793      0.305291027       9.71834169E-10  -3.54472169E-04  0.178004250       6.41909316E-02 -0.893001616      0.538402557     -0.121925607    
   3.00000000       400.000000       3.82481478E-02   3.17926812      0.303149790       9.53429335E-10  -3.44130502E-04  0.174812466       6.59434348E-02 -0.897635758      0.540926039     -0.119272083    
   4.00000000       400.000000       3.83906849E-02   3.21746230      0.300993115       9.35372779E-10  -3.35466495E-04  0.171702847       5.40362149E-02 -0.902143657      0.543000042     -0.115411907    
   5.00000000       400.000000       3.85340862E-02   3.25593615      0.298823625       9.17660004E-10  -3.27556161E-04  0.168673366       3.43298577E-02 -0.906511962      0.544322312     -0.112230889    
   6.00000000       400.000000       3.86794209E-02   3.29459786      0.296662360       9.00346298E-10  -3.18939390E-04  0.165720433       1.77539941E-02 -0.910808206      0.545009375     -0.110374540    
   7.00000000       400.000000       3.88261117E-02   3.33332801      0.294532120       8.83490725E-10  -3.09930532E-04  0.162841052       9.94565990E-03 -0.915067196      0.545395732     -0.109383218    
   8.00000000       400.000000       3.89781781E-02   3.37215042      0.292443842       8.67109273E-10  -3.00390442E-04  0.160034791       1.03393113E-02 -0.919318855      0.545798481     -0.109299347    
   9.00000000       400.000000       3.91310640E-02   3.41121101      0.290404707       8.51204829E-10  -2.89959920E-04  0.157296330       1.35148661E-02 -0.923604846      0.546326756     -0.109462105    
   10.0000000       400.000000       3.92854065E-02   3.45050335      0.288405657       8.35740144E-10  -2.79895932E-04  0.154625565       1.09392544E-02 -0.927902937      0.546756804     -0.109048799    
   11.0000000       400.000000       3.94439995E-02   3.48992372      0.286437601       8.20674417E-10  -2.71550642E-04  0.152018905      -5.73802856E-04 -0.932189524      0.546734571     -0.107750192    
   12.0000000       400.000000       3.96043137E-02   3.52931929      0.284489036       8.05961908E-10  -2.65233452E-04  0.149474055      -1.50263226E-02 -0.936419785      0.546139479     -0.105516084    
   13.0000000       400.000000       3.97699885E-02   3.56905532      0.282555729       7.91583854E-10  -2.59850611E-04  0.146989003      -2.32691318E-02 -0.940564632      0.545213699     -0.103041038    
   2.00000000       400.000000       3.99327539E-02   3.60901117      0.280635387       7.77524045E-10  -2.53156992E-04  0.144562796      -2.18226183E-02 -0.944631815      0.544341862     -0.101001061    
   3.00000000       400.000000       4.01016437E-02   3.64905024      0.278722316       7.63754060E-10  -2.45387811E-04  0.142192572      -1.61768030E-02 -0.948649228      0.543693900      -9.89238769E-02
   4.00000000       400.000000       4.02740240E-02   3.68916464      0.276808709       7.50246476E-10  -2.38737877E-04  0.139876083      -1.42362798E-02 -0.952584386      0.543121099      -9.64498222E-02
   5.00000000       400.000000       4.04453352E-02   3.72949243      0.274900019       7.37011285E-10  -2.34488441E-04  0.137612492      -1.87515840E-02 -0.956434906      0.542362511      -9.44883451E-02
   6.00000000       400.000000       4.06209007E-02   3.77015471      0.273006082       7.24063587E-10  -2.30912148E-04  0.135398522      -2.35892050E-02 -0.960243881      0.541404068      -9.33891088E-02
   7.00000000       400.000000       4.08019014E-02   3.81062984      0.271136671       7.11424697E-10  -2.26770557E-04  0.133235484      -2.18917206E-02 -0.964037776      0.540510595      -9.25904140E-02
   8.00000000       400.000000       4.09835242E-02   3.85157919      0.269289583       6.99076186E-10  -2.22039060E-04  0.131120086      -1.50766931E-02 -0.967816472      0.539893091      -9.12180617E-02
   9.00000000       400.000000       4.11677249E-02   3.89264297      0.267460138       6.87000790E-10  -2.18768881E-04  0.129050300      -1.03900563E-02 -0.971532285      0.539465666      -8.99647623E-02
   10.0000000       800.000000       4.13518026E-02   3.93391180      0.265657783       6.75215106E-10  -2.14877451E-04  0.127026394      -1.06835226E-02 -0.975239575      0.539023101      -8.95185545E-02
   11.0000000       800.000000       4.15420607E-02   3.97551847      0.263872951       6.63686606E-10  -2.11431063E-04  0.125044897      -1.14088012E-02 -0.978951335      0.538549066      -8.88246149E-02
   12.0000000       800.000000       4.17331755E-02   4.01692963      0.262110114       6.52419951E-10  -2.07855934E-04  0.123106100      -8.54943879E-03 -0.982637286      0.538192451      -8.75077024E-02
   13.0000000       800.000000       4.19295840E-02   4.05884504      0.260362923       6.41390996E-10  -2.04644457E-04  0.121207967      -3.83227738E-03 -0.986273527      0.538031876      -8.59285966E-02
   2.00000000       800.000000       4.21275869E-02   4.10084629      0.258628041       6.30586638E-10  -2.02053940E-04  0.119349539      -9.17687081E-04 -0.989860594      0.537993729      -8.45436752E-02
   3.00000000       800.000000       4.23264094E-02   4.14324856      0.256905288       6.20002605E-10  -1.99902686E-04  0.117530122      -1.64147023E-05 -0.993414283      0.537992835      -8.33407491E-02
   4.00000000       800.000000       4.25276794E-02   4.18554831      0.255194336       6.09632012E-10  -1.97942674E-04  0.115747638       1.02780329E-03 -0.996929944      0.538036525      -8.20770934E-02
   5.00000000       800.000000       4.27326299E-02   4.22826385      0.253497452       5.99471306E-10  -1.95943794E-04  0.114001475       2.58537452E-03  -1.00041366      0.538146377      -8.08692649E-02
   6.00000000       800.000000       4.29400988E-02   4.27117634      0.251816779       5.89524929E-10  -1.93767075E-04  0.112290680       4.00268100E-03  -1.00385928      0.538318694      -7.98669457E-02
   7.00000000       800.000000       4.31519486E-02   4.31416321      0.250154376       5.79789272E-10  -1.90743405E-04  0.110614575       5.28151309E-03  -1.00728679      0.538546801      -7.90811256E-02
   8.00000000       800.000000       4.33655083E-02   4.35740662      0.248510838       5.70262337E-10  -1.86788617E-04  0.108971000       6.49606902E-03  -1.01070261      0.538828790      -7.82966092E-02
   9.00000000       800.000000       4.35808785E-02   4.40067959      0.246881798       5.60927860E-10  -1.82565185E-04  0.107360445       6.91901846E-03  -1.01409447      0.539129376      -7.73311630E-02
   10.0000000       800.000000       4.38009016E-02   4.44439697      0.245266587       5.51779511E-10  -1.78652292E-04  0.105781168       6.57192571E-03  -1.01745903      0.539417267      -7.63264298E-02
   11.0000000       800.000000       4.40220647E-02   4.48833799      0.243664384       5.42811740E-10  -1.74981004E-04  0.104232989       6.63047517E-03  -1.02079701      0.539709866      -7.53474310E-02
   12.0000000       800.000000       4.42490242E-02   4.53246212      0.242073521       5.34016775E-10  -1.71573338E-04  0.102714479       7.21720839E-03  -1.02411032      0.540028512      -7.43055418E-02
   13.0000000       800.000000       4.44775447E-02   4.57707596      0.240492597       5.25388122E-10  -1.69048028E-04  0.101224430       7.12342467E-03  -1.02739072      0.540346980      -7.31913447E-02
   2.00000000       800.000000       4.47068773E-02   4.62136841      0.238921240       5.16919507E-10  -1.67526101E-04   9.97634977E-02   6.24953955E-03  -1.03063738      0.540625095      -7.21987486E-02
   3.00000000       800.000000       4.49385233E-02   4.66624355      0.237363458       5.08615150E-10  -1.66217316E-04   9.83297229E-02   5.76083455E-03  -1.03386390      0.540885270      -7.14396536E-02
   4.00000000       800.000000       4.51754220E-02   4.71121693      0.235820621       5.00477715E-10  -1.64416808E-04   9.69223902E-02   5.60408318E-03  -1.03707588      0.541137099      -7.08409324E-02
   5.00000000       800.000000       4.54156250E-02   4.75678205      0.234293640       4.92502206E-10  -1.62038283E-04   9.55420732E-02   4.84926812E-03  -1.04028118      0.541356683      -7.03756884E-02
   6.00000000       800.000000       4.56556603E-02   4.80203438      0.232784808       4.84690232E-10  -1.58937561E-04   9.41857174E-02   3.83570651E-03  -1.04348350      0.541532040      -7.00052157E-02
   7.00000000       800.000000       4.59001064E-02   4.84787893      0.231294170       4.77038409E-10  -1.54901820E-04   9.28561091E-02   3.24009894E-03  -1.04669094      0.541681707      -6.95814490E-02
   8.00000000       800.000000       4.61495221E-02   4.89382601      0.229816899       4.69535077E-10  -1.50319232E-04   9.15484950E-02   2.61030602E-03  -1.04989159      0.541801870      -6.90475702E-02
   9.00000000       800.000000       4.64015417E-02   4.94037914      0.228351951       4.62172078E-10  -1.45939601E-04   9.02656242E-02   1.70354254E-03  -1.05308211      0.541881561      -6.84303492E-02
   10.0000000       800.000000       4.66544069E-02   4.98703766      0.226900190       4.54949023E-10  -1.41953555E-04   8.90058875E-02   9.27908346E-04  -1.05625939      0.541924059      -6.76874667E-02
   11.0000000       800.000000       4.69110720E-02   5.03345490      0.225456506       4.47852283E-10  -1.38474876E-04   8.77680182E-02   2.34331324E-04  -1.05941308      0.541935265      -6.68730587E-02
   12.0000000       800.000000       4.71705161E-02   5.08080530      0.224019408       4.40877945E-10  -1.35949464E-04   8.65519121E-02  -4.82421368E-04  -1.06254780      0.541912436      -6.60825744E-02
   13.0000000       800.000000       4.74330559E-02   5.12793064      0.222592726       4.34029590E-10  -1.34294416E-04   8.53573605E-02  -1.09078467E-03  -1.06566596      0.541859508      -6.53348342E-02
   2.00000000       800.000000       4.76989783E-02   5.17558718      0.221176967       4.27304969E-10  -1.32882589E-04   8.41831341E-02  -1.67362322E-03  -1.06876540      0.541780829      -6.47475049E-02
   3.00000000       800.000000       4.79672700E-02   5.22343826      0.219773844       4.20705998E-10  -1.31108434E-04   8.30293447E-02  -2.13515176E-03  -1.07186067      0.541678488      -6.43751100E-02
   4.00000000       800.000000       4.82396744E-02   5.27148342      0.218387038       4.14236756E-10  -1.28741391E-04   8.18950534E-02  -2.38768547E-03  -1.07495952      0.541562021      -6.40473962E-02
   5.00000000       800.000000       4.85143214E-02   5.32006216      0.217016056       4.07892581E-10  -1.25741615E-04   8.07807669E-02  -2.73677614E-03  -1.07805634      0.541430354      -6.36251643E-02
   6.00000000       800.000000       4.87925000E-02   5.36836243      0.215657294       4.01665007E-10  -1.22134908E-04   7.96842426E-02  -3.02464887E-03  -1.08115017      0.541282415      -6.31610751E-02
   7.00000000       800.000000       4.90735136E-02   5.41723442      0.214310542       3.95551703E-10  -1.18405827E-04   7.86093473E-02  -2.95842136E-03  -1.08423793      0.541137218      -6.25604019E-02
   8.00000000       800.000000       4.93605398E-02   5.46674824      0.212973639       3.89546090E-10  -1.15110975E-04   7.75473490E-02  -2.97027943E-03  -1.08730698      0.540990472      -6.16990626E-02
   9.00000000       800.000000       4.96459454E-02   5.51635075      0.211642355       3.83636567E-10  -1.12367510E-04   7.65074342E-02  -3.06571857E-03  -1.09034741      0.540838361      -6.08047172E-02
   10.0000000       800.000000       4.99367975E-02   5.56616688      0.210318610       3.77826798E-10  -1.10276080E-04   7.54838884E-02  -2.79584411E-03  -1.09336436      0.540699244      -5.99817187E-02
   11.0000000       800.000000       5.02316244E-02   5.61612844      0.209003925       3.72115921E-10  -1.08702974E-04   7.44764060E-02  -2.60228058E-03  -1.09635413      0.540568292      -5.91778681E-02
   12.0000000       800.000000       5.05279116E-02   5.66623640      0.207697332       3.66502689E-10  -1.06919033E-04   7.34850317E-02  -2.56276131E-03  -1.09932458      0.540438831      -5.85893802E-02
   13.0000000       800.000000       5.08273505E-02   5.71697474      0.206405044       3.60992319E-10  -1.04518847E-04   7.25094229E-02  -2.13512685E-03  -1.10229194      0.540330172      -5.81496544E-02
   2.00000000       800.000000       5.11321910E-02   5.76780939      0.205124065       3.55582563E-10  -1.01565791E-04   7.15487078E-02  -1.82622264E-03  -1.10525429      0.540235877      -5.75715415E-02
   3.00000000       800.000000       5.14377542E-02   5.81939650      0.203852370       3.50263735E-10  -9.82221100E-05   7.06037283E-02  -1.68177893E-03  -1.10819781      0.540150046      -5.69076575E-02
   4.00000000       800.000000       5.17485440E-02   5.87104797      0.202589780       3.45035694E-10  -9.50000394E-05   6.96747452E-02  -1.19177962E-03  -1.11112392      0.540089071      -5.61029762E-02
   5.00000000       800.000000       5.20629622E-02   5.92277527      0.201332659       3.39889172E-10  -9.23246916E-05   6.87607750E-02  -9.22175648E-04  -1.11402261      0.540040851      -5.51492088E-02
   6.00000000       800.000000       5.23787588E-02   5.97483015      0.200080141       3.34822170E-10  -9.01350868E-05   6.78610057E-02  -6.89083245E-04  -1.11688721      0.540004253      -5.43091744E-02
   7.00000000       800.000000       5.26992045E-02   6.02751064      0.198836118       3.29840544E-10  -8.82798849E-05   6.69751689E-02  -2.26980890E-04  -1.11972880      0.539991498      -5.35669662E-02
   8.00000000       800.000000       5.30240014E-02   6.08028364      0.197599918       3.24939797E-10  -8.62497982E-05   6.61033913E-02  -8.68369025E-05  -1.12254953      0.539987981      -5.29457852E-02
   9.00000000       800.000000       5.33496812E-02   6.13364077      0.196373895       3.20123900E-10  -8.37751140E-05   6.52465597E-02   1.89802347E-04  -1.12536204      0.539998114      -5.24288267E-02
   10.0000000       800.000000       5.36804311E-02   6.18732548      0.195158035       3.15390075E-10  -8.10328565E-05   6.44028932E-02   4.79526236E-04  -1.12816024      0.540024281      -5.17787971E-02
   11.0000000       800.000000       5.40157408E-02   6.24103832      0.193948165       3.10730386E-10  -7.82815187E-05   6.35685250E-02   5.44776325E-04  -1.13093853      0.540053308      -5.10506444E-02
   12.0000000       800.000000       5.43518029E-02   6.29508209      0.192745849       3.06145193E-10  -7.58458045E-05   6.27488941E-02   8.22400325E-04  -1.13369477      0.540097594      -5.02683856E-02
   13.0000000       800.000000       5.46922497E-02   6.34962225      0.191548422       3.01631775E-10  -7.38101808E-05   6.19441681E-02   8.96159036E-04  -1.13641894      0.540147483      -4.94591109E-02
   2.00000000       800.000000       5.50380871E-02   6.40445566      0.190356553       2.97186997E-10  -7.19769741E-05   6.11482859E-02   1.00849872E-03  -1.13912117      0.540202618      -4.87419777E-02
   3.00000000       800.000000       5.53847216E-02   6.45976830      0.189172179       2.92814134E-10  -7.02145844E-05   6.03648648E-02   1.15525257E-03  -1.14180124      0.540267229      -4.80573066E-02
   4.00000000       800.000000       5.57359010E-02   6.51546860      0.187994733       2.88510243E-10  -6.82902682E-05   5.95963039E-02   1.13639969E-03  -1.14446008      0.540329695      -4.74530198E-02
   5.00000000       800.000000       5.60912378E-02   6.57112312      0.186824322       2.84274965E-10  -6.62088714E-05   5.88373877E-02   1.25697989E-03  -1.14710760      0.540400982      -4.68585417E-02
   6.00000000       800.000000       5.64479530E-02   6.62756824      0.185662046       2.80106827E-10  -6.39220161E-05   5.80895282E-02   1.21252565E-03  -1.14973307      0.540469348      -4.62598875E-02
   7.00000000       800.000000       5.68098128E-02   6.68420267      0.184506759       2.76005607E-10  -6.13322627E-05   5.73524535E-02   1.22626172E-03  -1.15234649      0.540538847      -4.57538664E-02
   8.00000000       800.000000       5.71758151E-02   6.74102211      0.183359429       2.71970640E-10  -5.85667076E-05   5.66253550E-02   1.19002513E-03  -1.15494859      0.540606439      -4.51860614E-02
   9.00000000       800.000000       5.75454868E-02   6.79867172      0.182218105       2.67997069E-10  -5.55886290E-05   5.59087768E-02   1.10540166E-03  -1.15753114      0.540670633      -4.46056575E-02
   10.0000000       800.000000       5.79212233E-02   6.85620070      0.181083679       2.64085726E-10  -5.27176417E-05   5.52059785E-02   1.06349413E-03  -1.16009974      0.540731668      -4.39981371E-02
   11.0000000       800.000000       5.82982525E-02   6.91421032      0.179954693       2.60233807E-10  -4.99138041E-05   5.45097366E-02   9.24534397E-04  -1.16264462      0.540785253      -4.33950387E-02
   12.0000000       800.000000       5.86755127E-02   6.97270107      0.178832129       2.56440980E-10  -4.72521788E-05   5.38259521E-02   8.52881582E-04  -1.16517627      0.540835500      -4.28616367E-02
   13.0000000       800.000000       5.90622984E-02   7.03143930      0.177716702       2.52708104E-10  -4.45084806E-05   5.31510450E-02   6.94038521E-04  -1.16768944      0.540877044      -4.23646607E-02
   2.00000000       800.000000       5.94485030E-02   7.09108067      0.176608577       2.49034349E-10  -4.17049814E-05   5.24855107E-02   5.85412665E-04  -1.17019618      0.540911794      -4.18744236E-02
   3.00000000       800.000000       5.98436110E-02   7.15043688      0.175507188       2.45416881E-10  -3.90584282E-05   5.18306158E-02   4.27127001E-04  -1.17268550      0.540937603      -4.12752926E-02
   4.00000000       800.000000       6.02373928E-02   7.21079636      0.174410373       2.41852344E-10  -3.67722241E-05   5.11837527E-02   2.97109917E-04  -1.17515314      0.540954411      -4.06616479E-02
   5.00000000       800.000000       6.06374219E-02   7.27131176      0.173319533       2.38342041E-10  -3.50045048E-05   5.05469143E-02   1.51196553E-04  -1.17760110      0.540963590      -4.00278680E-02
   6.00000000       800.000000       6.10392392E-02   7.33202028      0.172233284       2.34882724E-10  -3.35194854E-05   4.99180965E-02   2.25092790E-05  -1.18002355      0.540965676      -3.94836664E-02
   7.00000000       800.000000       6.14471473E-02   7.39313030      0.171154663       2.31478378E-10  -3.22052147E-05   4.93006073E-02  -9.74697177E-05  -1.18243599      0.540958941      -3.89924385E-02
   8.00000000       800.000000       6.18590638E-02   7.45494413      0.170081541       2.28125033E-10  -3.08476374E-05   4.86898609E-02  -2.05560806E-04  -1.18483186      0.540947080      -3.85233872E-02
   9.00000000       800.000000       6.22721761E-02   7.51700449      0.169016078       2.24824215E-10  -2.96558646E-05   4.80868630E-02  -2.96742917E-04  -1.18721902      0.540928364      -3.79886478E-02
   10.0000000       800.000000       6.26941621E-02   7.57950735      0.167954817       2.21570165E-10  -2.86675513E-05   4.74933460E-02  -3.74418771E-04  -1.18958151      0.540905058      -3.74275036E-02
   11.0000000       800.000000       6.31151870E-02   7.64244461      0.166900232       2.18366839E-10  -2.79226806E-05   4.69067432E-02  -4.36078903E-04  -1.19192851      0.540876865      -3.68859284E-02
   12.0000000       800.000000       6.35424033E-02   7.70559978      0.165849835       2.15209017E-10  -2.73347341E-05   4.63310964E-02  -4.82297182E-04  -1.19424868      0.540847123      -3.63561660E-02
   13.0000000       800.000000       6.39760271E-02   7.76949692      0.164806888       2.12100754E-10  -2.68258336E-05   4.57610823E-02  -5.14959451E-04  -1.19656408      0.540813804      -3.58727798E-02
   2.00000000       800.000000       6.44085407E-02   7.83382225      0.163768187       2.09036677E-10  -2.62980084E-05   4.51980233E-02  -5.30657067E-04  -1.19885957      0.540779471      -3.53863947E-02
   3.00000000       800.000000       6.48498610E-02   7.89831066      0.162736669       2.06020478E-10  -2.57854754E-05   4.46462296E-02  -5.39362722E-04  -1.20113635      0.540744364      -3.49057913E-02
   4.00000000       800.000000       6.52926117E-02   7.96304750      0.161709875       2.03048106E-10  -2.52649006E-05   4.40981388E-02  -5.32804581E-04  -1.20339727      0.540710032      -3.44124846E-02
   5.00000000       800.000000       6.57397360E-02   8.02879810      0.160689741       2.00120434E-10  -2.48064625E-05   4.35586348E-02  -5.23589028E-04  -1.20564783      0.540675282      -3.39173377E-02
   6.00000000       800.000000       6.61928579E-02   8.09504509      0.159673586       1.97234562E-10  -2.43658251E-05   4.30293307E-02  -5.02575014E-04  -1.20787418      0.540642083      -3.34209874E-02
   7.00000000       800.000000       6.66503683E-02   8.16145802      0.158664152       1.94392502E-10  -2.39954661E-05   4.25033756E-02  -4.79027629E-04  -1.21008718      0.540610254      -3.29273082E-02
   8.00000000       800.000000       6.71091229E-02   8.22835445      0.157659054       1.91591007E-10  -2.36290252E-05   4.19850200E-02  -4.47348313E-04  -1.21227682      0.540580153      -3.24398838E-02
   9.00000000       800.000000       6.75772652E-02   8.29508305      0.156659827       1.88830840E-10  -2.33063838E-05   4.14748900E-02  -4.10678855E-04  -1.21445823      0.540551960      -3.19650508E-02
   10.0000000       800.000000       6.80434331E-02   8.36327362      0.155664310       1.86110238E-10  -2.29630641E-05   4.09712419E-02  -3.68746347E-04  -1.21661592      0.540526927      -3.14822048E-02
   11.0000000       800.000000       6.85164854E-02   8.43160915      0.154675633       1.83429827E-10  -2.26811026E-05   4.04741429E-02  -3.21213854E-04  -1.21875644      0.540505528      -3.09983287E-02
   12.0000000       800.000000       6.89990669E-02   8.50011826      0.153691113       1.80788176E-10  -2.23967454E-05   3.99852619E-02  -2.69784796E-04  -1.22087526      0.540486693      -3.05202808E-02
   13.0000000       800.000000       6.94770738E-02   8.56972027      0.152710512       1.78182968E-10  -2.21216214E-05   3.94993350E-02  -2.15414679E-04  -1.22298336      0.540472150      -3.00591942E-02
   2.00000000       800.000000       6.99650571E-02   8.63913631      0.151736304       1.75618048E-10  -2.17995512E-05   3.90239358E-02  -1.57996372E-04  -1.22506559      0.540460885      -2.95968074E-02
   3.00000000       800.000000       7.04544336E-02   8.70913506      0.150766626       1.73088918E-10  -2.14549891E-05   3.85513790E-02  -1.00431651E-04  -1.22713637      0.540453851      -2.91309431E-02
   4.00000000       800.000000       7.09533468E-02   8.77987480      0.149801418       1.70595718E-10  -2.11584374E-05   3.80860679E-02  -4.46229424E-05  -1.22918832      0.540450096      -2.86428519E-02
   5.00000000       800.000000       7.14557767E-02   8.85152435      0.148840412       1.68138628E-10  -2.08995243E-05   3.76281366E-02   9.90468288E-06  -1.23121238      0.540450811      -2.81688180E-02
   6.00000000       800.000000       7.19595850E-02   8.92326069      0.147884473       1.65714970E-10  -2.06819805E-05   3.71759571E-02   5.82773428E-05  -1.23323596      0.540455163      -2.76940539E-02
   7.00000000       800.000000       7.24673644E-02   8.99552822      0.146932378       1.63326755E-10  -2.05037413E-05   3.67278978E-02   1.02347542E-04  -1.23521805      0.540462017      -2.72221137E-02
   8.00000000       800.000000       7.29827210E-02   9.06822109      0.145985410       1.60972985E-10  -2.03565069E-05   3.62857617E-02   1.39700991E-04  -1.23718405      0.540472806      -2.67552026E-02
   9.00000000       800.000000       7.35015273E-02   9.14107132      0.145042926       1.58651897E-10  -2.02070296E-05   3.58505622E-02   1.69729683E-04  -1.23913705      0.540485799      -2.63035297E-02
   10.0000000       800.000000       7.40236938E-02   9.21487141      0.144104943       1.56364144E-10  -2.00375525E-05   3.54215018E-02   1.93929969E-04  -1.24107480      0.540500283      -2.58571338E-02
   11.0000000       800.000000       7.45541826E-02   9.28909588      0.143171191       1.54109836E-10  -1.98405523E-05   3.49961184E-02   2.11131832E-04  -1.24297905      0.540515721      -2.54105628E-02
   12.0000000       800.000000       7.50876293E-02   9.36382198      0.142243326       1.51886323E-10  -1.96079345E-05   3.45768854E-02   2.22564253E-04  -1.24486637      0.540532589      -2.49676853E-02
   13.0000000       800.000000       7.56227747E-02   9.43945217      0.141318962       1.49694215E-10  -1.93488031E-05   3.41643915E-02   2.29244339E-04  -1.24674296      0.540549219      -2.45247092E-02
   2.00000000       800.000000       7.61684179E-02   9.51551723      0.140399024       1.47533957E-10  -1.90627597E-05   3.37547697E-02   2.31216443E-04  -1.24859142      0.540566444      -2.40792204E-02
   3.00000000       800.000000       7.67170042E-02   9.59179592      0.139483884       1.45403994E-10  -1.87603364E-05   3.33534181E-02   2.29472978E-04  -1.25042307      0.540584862      -2.36310773E-02
   4.00000000       800.000000       7.72694573E-02   9.66848755      0.138572603       1.43303910E-10  -1.84587916E-05   3.29537876E-02   2.24683565E-04  -1.25222456      0.540601373      -2.31803413E-02
   5.00000000       800.000000       7.78230131E-02   9.74612713      0.137665808       1.41234385E-10  -1.81485721E-05   3.25622186E-02   2.16842134E-04  -1.25401831      0.540617824      -2.27337535E-02
   6.00000000       800.000000       7.83851892E-02   9.82425022      0.136762947       1.39193018E-10  -1.78181708E-05   3.21733095E-02   2.06173514E-04  -1.25578547      0.540636361      -2.22901721E-02
   7.00000000       800.000000       7.89523125E-02   9.90284920      0.135864362       1.37179532E-10  -1.74748257E-05   3.17915566E-02   1.92941850E-04  -1.25752711      0.540651083      -2.18444951E-02
   8.00000000       800.000000       7.95280412E-02   9.98241329      0.134969816       1.35194453E-10  -1.71201409E-05   3.14123146E-02   1.77030975E-04  -1.25924635      0.540664792      -2.13991553E-02
   9.00000000       800.000000       8.01055804E-02   10.0623922      0.134079099       1.33237435E-10  -1.67483595E-05   3.10388673E-02   1.58464216E-04  -1.26093996      0.540677905      -2.09550001E-02
   10.0000000       800.000000       8.06882754E-02   10.1425762      0.133192927       1.31307284E-10  -1.63649675E-05   3.06703001E-02   1.37549709E-04  -1.26261199      0.540688694      -2.05086507E-02
   11.0000000       800.000000       8.12722519E-02   10.2231703      0.132309780       1.29403738E-10  -1.59764877E-05   3.03062685E-02   1.14750474E-04  -1.26425612      0.540698171      -2.00617202E-02
   12.0000000       800.000000       8.18665698E-02   10.3048105      0.131430134       1.27526517E-10  -1.55851012E-05   2.99472380E-02   9.06097266E-05  -1.26588702      0.540704548      -1.96140874E-02
   13.0000000       800.000000       8.24698508E-02   10.3871059      0.130556285       1.25674179E-10  -1.51999402E-05   2.95923483E-02   6.59121142E-05  -1.26748419      0.540710628      -1.91638600E-02
   2.00000000       800.000000       8.30690786E-02   10.4702911      0.129683733       1.23848751E-10  -1.48319887E-05   2.92427819E-02   4.15150607E-05  -1.26905847      0.540713906      -1.87115297E-02
   3.00000000       800.000000       8.36792067E-02   10.5531397      0.128815949       1.22047844E-10  -1.44851738E-05   2.88951676E-02   1.82590302E-05  -1.27061009      0.540715635      -1.82605404E-02
   4.00000000       800.000000       8.42924491E-02   10.6371202      0.127950668       1.20271085E-10  -1.41554938E-05   2.85541154E-02  -3.23045788E-06  -1.27212203      0.540714979      -1.78125743E-02
   5.00000000       800.000000       8.49149227E-02   10.7222576      0.127089709       1.18519417E-10  -1.38424075E-05   2.82158069E-02  -2.24849427E-05  -1.27361596      0.540713727      -1.73648596E-02
   6.00000000       800.000000       8.55400413E-02   10.8070173      0.126231462       1.16791604E-10  -1.35483615E-05   2.78827380E-02  -3.92935326E-05  -1.27508152      0.540709913      -1.69182960E-02
   7.00000000       800.000000       8.61672983E-02   10.8929453      0.125377342       1.15086739E-10  -1.32677969E-05   2.75526531E-02  -5.36676889E-05  -1.27652454      0.540705860      -1.64761804E-02
   8.00000000       800.000000       8.68062824E-02   10.9799843      0.124526650       1.13405521E-10  -1.29913797E-05   2.72287019E-02  -6.57892451E-05  -1.27793837      0.540699899      -1.60378721E-02
   9.00000000       800.000000       8.74475688E-02   11.0664978      0.123680025       1.11746848E-10  -1.27130088E-05   2.69065686E-02  -7.58767710E-05  -1.27931905      0.540692031      -1.56022711E-02
   10.0000000       800.000000       8.80924463E-02   11.1543617      0.122836016       1.10111358E-10  -1.24219068E-05   2.65886281E-02  -8.41881119E-05  -1.28068054      0.540685475      -1.51722962E-02
   11.0000000       800.000000       8.87458175E-02   11.2425718      0.121995777       1.08497981E-10  -1.21072617E-05   2.62756720E-02  -9.08712609E-05  -1.28199375      0.540677667      -1.47454403E-02
   12.0000000       800.000000       8.94047245E-02   11.3320246      0.121159136       1.06906817E-10  -1.17686623E-05   2.59659216E-02  -9.59486497E-05  -1.28330171      0.540668666      -1.43182585E-02
   13.0000000       800.000000       9.00711343E-02   11.4218473      0.120325603       1.05337475E-10  -1.14098157E-05   2.56606266E-02  -9.93350259E-05  -1.28457129      0.540659487      -1.38906976E-02
   2.00000000       800.000000       9.07422155E-02   11.5118284      0.119496062       1.03788436E-10  -1.10375286E-05   2.53593437E-02  -1.00862482E-04  -1.28581858      0.540650725      -1.34608671E-02
   3.00000000       800.000000       9.14164707E-02   11.6033077      0.118669935       1.02261692E-10  -1.06626921E-05   2.50599738E-02  -1.00391997E-04  -1.28702271      0.540641844      -1.30280312E-02
   4.00000000       800.000000       9.20993984E-02   11.6952047      0.117846295       1.00755383E-10  -1.02924678E-05   2.47650649E-02  -9.78686876E-05  -1.28819871      0.540632248      -1.25943525E-02
   5.00000000       800.000000       9.27866399E-02   11.7873383      0.117026277       9.92694330E-11  -9.93046979E-06   2.44749002E-02  -9.33492774E-05  -1.28935134      0.540623665      -1.21599007E-02
   6.00000000       800.000000       9.34779644E-02   11.8806105      0.116208047       9.78044382E-11  -9.58238343E-06   2.41859742E-02  -8.70461736E-05  -1.29046416      0.540615857      -1.17234252E-02
   7.00000000       800.000000       9.41774696E-02   11.9743528      0.115393721       9.63583380E-11  -9.25547465E-06   2.39028521E-02  -7.92944629E-05  -1.29155481      0.540609241      -1.12849232E-02
   8.00000000       800.000000       9.48819369E-02   12.0688763      0.114583567       9.49308132E-11  -8.95571156E-06   2.36213040E-02  -7.05147759E-05  -1.29260838      0.540601611      -1.08460188E-02
   9.00000000       800.000000       9.55979601E-02   12.1640635      0.113774568       9.35234182E-11  -8.68326879E-06   2.33452525E-02  -6.11393480E-05  -1.29361308      0.540595591      -1.04080746E-02
   10.0000000       800.000000       9.63135287E-02   12.2600622      0.112969920       9.21341337E-11  -8.43599719E-06   2.30711233E-02  -5.15181819E-05  -1.29459727      0.540590048      -9.97135229E-03
   11.0000000       800.000000       9.70358253E-02   12.3568468      0.112168022       9.07640629E-11  -8.20752757E-06   2.28001680E-02  -4.18989912E-05  -1.29555547      0.540586710      -9.53884143E-03
   12.0000000       800.000000       9.77677032E-02   12.4544106      0.111367948       8.94120750E-11  -7.98186647E-06   2.25330405E-02  -3.24168250E-05  -1.29646134      0.540583074      -9.11278091E-03
   13.0000000       800.000000       9.85076427E-02   12.5523767      0.110571429       8.80785930E-11  -7.74101409E-06   2.22693458E-02  -2.31147878E-05  -1.29732823      0.540581524      -8.69294535E-03
   2.00000000       800.000000       9.92456749E-02   12.6510534      0.109778352       8.67636032E-11  -7.46969181E-06   2.20073275E-02  -1.39934691E-05  -1.29817712      0.540579975      -8.27902835E-03
   3.00000000       800.000000       9.99961421E-02   12.7503929      0.108987719       8.54657456E-11  -7.15810802E-06   2.17506438E-02  -5.06157130E-06  -1.29899085      0.540579021      -7.86777027E-03
   4.00000000       800.000000      0.100751281       12.8514633      0.108200468       8.41858250E-11  -6.80866469E-06   2.14956086E-02   3.59914429E-06  -1.29977119      0.540578961      -7.45565677E-03
   5.00000000       800.000000      0.101513669       12.9527330      0.107416302       8.29231961E-11  -6.43113208E-06   2.12439895E-02   1.18241505E-05  -1.30050600      0.540580750      -7.04220403E-03
   6.00000000       800.000000      0.102282949       13.0543804      0.106635243       8.16772761E-11  -6.03738317E-06   2.09953543E-02   1.93933865E-05  -1.30118370      0.540583372      -6.62595872E-03
   7.00000000       800.000000      0.103057869       13.1565609      0.105855875       8.04480649E-11  -5.64568609E-06   2.07489170E-02   2.60725537E-05  -1.30184782      0.540585577      -6.20457251E-03
   8.00000000       800.000000      0.103839546       13.2604132      0.105081104       7.92354446E-11  -5.27740076E-06   2.05070451E-02   3.16645528E-05  -1.30248070      0.540588796      -5.77872666E-03
   9.00000000       800.000000      0.104626514       13.3645535      0.104306638       7.80396164E-11  -4.94492997E-06   2.02672835E-02   3.60787926E-05  -1.30305886      0.540592492      -5.35257487E-03
   10.0000000       800.000000      0.105420068       13.4691267      0.103535950       7.68592759E-11  -4.64667573E-06   2.00302005E-02   3.93304472E-05  -1.30359280      0.540596366      -4.92983311E-03
   11.0000000       800.000000      0.106228657       13.5754204      0.102768391       7.56944160E-11  -4.37088966E-06   1.97952855E-02   4.15266513E-05  -1.30409646      0.540601134      -4.51251306E-03
   12.0000000       800.000000      0.107034281       13.6821260      0.102003813       7.45453629E-11  -4.10194025E-06   1.95647534E-02   4.28291460E-05  -1.30456233      0.540605843      -4.10121400E-03
   13.0000000       800.000000      0.107849084       13.7891541      0.101241335       7.34107566E-11  -3.82265307E-06   1.93364378E-02   4.33927125E-05  -1.30498540      0.540610313      -3.69642768E-03
   2.00000000       800.000000      0.108672515       13.8981247      0.100481540       7.22922694E-11  -3.51404492E-06   1.91105809E-02   4.33229761E-05  -1.30536151      0.540615380      -3.29785864E-03
   3.00000000       800.000000      0.109497771       14.0066690       9.97242630E-02   7.11899983E-11  -3.16216892E-06   1.88865792E-02   4.26542429E-05  -1.30568802      0.540620089      -2.90351827E-03
   4.00000000       800.000000      0.110339761       14.1170921       9.89696011E-02   7.01010638E-11  -2.76132710E-06   1.86655819E-02   4.13648995E-05  -1.30599785      0.540624321      -2.51062145E-03
   5.00000000       800.000000      0.111177742       14.2269335       9.82202366E-02   6.90270896E-11  -2.31801528E-06   1.84479319E-02   3.94209637E-05  -1.30625212      0.540628314      -2.11498234E-03
   6.00000000       800.000000      0.112030037       14.3394938       9.74704623E-02   6.79686238E-11  -1.85094916E-06   1.82333477E-02   3.68195360E-05  -1.30646408      0.540632784      -1.71405333E-03
   7.00000000       800.000000      0.112885214       14.4517355       9.67253894E-02   6.69226549E-11  -1.38327334E-06   1.80204157E-02   3.36155354E-05  -1.30664766      0.540636420      -1.30732544E-03
   8.00000000       800.000000      0.113750286       14.5650282       9.59808528E-02   6.58925206E-11  -9.40531493E-07   1.78099647E-02   2.99280637E-05  -1.30676031      0.540640295      -8.94161232E-04
   9.00000000       800.000000      0.114624061       14.6793976       9.52409357E-02   6.48747236E-11  -5.46220463E-07   1.76018830E-02   2.59188309E-05  -1.30685234      0.540643275      -4.76263609E-04
   10.0000000       800.000000      0.115506783       14.7940674       9.45016071E-02   6.38703881E-11  -2.14299348E-07   1.73961353E-02   2.17503239E-05  -1.30688238      0.540645719      -5.72329300E-05
   11.0000000       800.000000      0.116393380       14.9101496       9.37643200E-02   6.28804717E-11   5.56242625E-08   1.71931367E-02   1.75524237E-05  -1.30686474      0.540648043       3.58314166E-04
   12.0000000       800.000000      0.117281690       15.0272551       9.30303931E-02   6.19032672E-11   2.80378117E-07   1.69935208E-02   1.34012926E-05  -1.30679107      0.540649176       7.65751116E-04
   13.0000000       800.000000      0.118191823       15.1445360       9.22988206E-02   6.09387957E-11   4.90376010E-07   1.67951994E-02   9.32382500E-06  -1.30667877      0.540650129       1.16188242E-03
   2.00000000       800.000000      0.119099334       15.2630339       9.15693566E-02   5.99873970E-11   7.22138111E-07   1.65988971E-02   5.32418426E-06  -1.30652511      0.540650487       1.54605170E-03
   3.00000000       800.000000      0.120015435       15.3828135       9.08432826E-02   5.90489116E-11   1.00665909E-06   1.64060127E-02   1.41679641E-06  -1.30630660      0.540650606       1.92138366E-03
   4.00000000       800.000000      0.120940529       15.5036430       9.01200250E-02   5.81232736E-11   1.35921721E-06   1.62150245E-02  -2.35166272E-06  -1.30606234      0.540650249       2.29288591E-03
   5.00000000       800.000000      0.121867239       15.6249332       8.93993303E-02   5.72110102E-11   1.77594814E-06   1.60255320E-02  -5.89752335E-06  -1.30575407      0.540649712       2.66574090E-03
   6.00000000       800.000000      0.122810721       15.7464323       8.86801854E-02   5.63096965E-11   2.23645657E-06   1.58386230E-02  -9.11922689E-06  -1.30539846      0.540648997       3.04382714E-03
   7.00000000       800.000000      0.123757191       15.8707790       8.79646912E-02   5.54216742E-11   2.71186605E-06   1.56542975E-02  -1.19263905E-05  -1.30500126      0.540647626       3.42816766E-03
   8.00000000       800.000000      0.124716990       15.9948425       8.72517824E-02   5.45442407E-11   3.17521199E-06   1.54720992E-02  -1.42648278E-05  -1.30455279      0.540645659       3.81696224E-03
   9.00000000       800.000000      0.125679165       16.1200333       8.65397453E-02   5.36793422E-11   3.60920990E-06   1.52917961E-02  -1.61266817E-05  -1.30404556      0.540644288       4.20713192E-03
   10.0000000       800.000000      0.126648560       16.2460766       8.58306885E-02   5.28264515E-11   4.00941417E-06   1.51135586E-02  -1.75391378E-05  -1.30349720      0.540642381       4.59521683E-03
   11.0000000       800.000000      0.127627030       16.3736973       8.51243138E-02   5.19853535E-11   4.38258212E-06   1.49372648E-02  -1.85432455E-05  -1.30288184      0.540639639       4.97870380E-03
   12.0000000       800.000000      0.128622070       16.5009899       8.44206065E-02   5.11549171E-11   4.74134185E-06   1.47628989E-02  -1.91689724E-05  -1.30221713      0.540637434       5.35642123E-03
   13.0000000       800.000000      0.129615709       16.6299458       8.37183148E-02   5.03361068E-11   5.09980418E-06   1.45911993E-02  -1.94317690E-05  -1.30150056      0.540634751       5.72924502E-03
   2.00000000       800.000000      0.130617574       16.7607040       8.30194131E-02   4.95275418E-11   5.46736192E-06   1.44208828E-02  -1.93311407E-05  -1.30072546      0.540632129       6.09868579E-03
   3.00000000       800.000000      0.131631613       16.8909397       8.23219121E-02   4.87309880E-11   5.84506734E-06   1.42528675E-02  -1.88730664E-05  -1.29990292      0.540629566       6.46677800E-03
   4.00000000       800.000000      0.132658064       17.0234966       8.16280097E-02   4.79447905E-11   6.22729203E-06   1.40873883E-02  -1.80757324E-05  -1.29900908      0.540626884       6.83543785E-03
   5.00000000       800.000000      0.133689612       17.1564980       8.09352696E-02   4.71689354E-11   6.60539399E-06   1.39233489E-02  -1.69824343E-05  -1.29807556      0.540624201       7.20445486E-03
   6.00000000       800.000000      0.134727374       17.2917385       8.02457035E-02   4.64035928E-11   6.97209362E-06   1.37607446E-02  -1.56469760E-05  -1.29707611      0.540621996       7.57305417E-03
   7.00000000       800.000000      0.135772675       17.4260139       7.95578286E-02   4.56491962E-11   7.32678109E-06   1.36005366E-02  -1.41282972E-05  -1.29602218      0.540620089       7.93885533E-03
   8.00000000       800.000000      0.136831790       17.5625153       7.88727105E-02   4.49054023E-11   7.67707661E-06   1.34426197E-02  -1.24755106E-05  -1.29491234      0.540618718       8.30015913E-03
   9.00000000       800.000000      0.137887821       17.6995029       7.81895816E-02   4.41703688E-11   8.03350304E-06   1.32854357E-02  -1.07258456E-05  -1.29373848      0.540617228       8.65661073E-03
   10.0000000       800.000000      0.138969555       17.8388729       7.75096267E-02   4.34461599E-11   8.40566554E-06   1.31304972E-02  -8.90918454E-06  -1.29251552      0.540615737       9.00903810E-03
   11.0000000       800.000000      0.140046909       17.9775219       7.68310651E-02   4.27325605E-11   8.79729578E-06   1.29776737E-02  -7.05687262E-06  -1.29124558      0.540614605       9.35892481E-03
   12.0000000       800.000000      0.141143247       18.1181393       7.61561245E-02   4.20273226E-11   9.20468028E-06   1.28265740E-02  -5.20498315E-06  -1.28988183      0.540613890       9.70810745E-03
   13.0000000       800.000000      0.142242312       18.2606220       7.54826963E-02   4.13328712E-11   9.62005379E-06   1.26774479E-02  -3.39349140E-06  -1.28847969      0.540613949       1.00570247E-02
   2.00000000       800.000000      0.143348306       18.4025784       7.48115405E-02   4.06469892E-11   1.00362777E-05   1.25297327E-02  -1.65875861E-06  -1.28700793      0.540614069       1.04048159E-02
   3.00000000       800.000000      0.144470185       18.5468769       7.41429478E-02   3.99714671E-11   1.04505225E-05   1.23837646E-02  -2.87915807E-08  -1.28548479      0.540613472       1.07500432E-02
   4.00000000       800.000000      0.145599216       18.6916237       7.34764934E-02   3.93047053E-11   1.08651820E-05   1.22397002E-02   1.47839035E-06  -1.28390002      0.540613472       1.10916505E-02
   5.00000000       800.000000      0.146730632       18.8387299       7.28123561E-02   3.86473041E-11   1.12846546E-05   1.20965103E-02   2.85061105E-06  -1.28225231      0.540614188       1.14296721E-02
   6.00000000       800.000000      0.147886083       18.9852219       7.21509531E-02   3.79988992E-11   1.17101363E-05   1.19556068E-02   4.07684547E-06  -1.28053355      0.540614843       1.17653301E-02
   7.00000000       800.000000      0.149040878       19.1336536       7.14919046E-02   3.73595183E-11   1.21358935E-05   1.18165584E-02   5.14424482E-06  -1.27874851      0.540615559       1.21002290E-02
   8.00000000       800.000000      0.150206983       19.2841053       7.08353370E-02   3.67293626E-11   1.25502374E-05   1.16789471E-02   6.04043043E-06  -1.27691972      0.540616632       1.24353422E-02
   9.00000000       800.000000      0.151375279       19.4338169       7.01807737E-02   3.61075093E-11   1.29426135E-05   1.15431845E-02   6.75748652E-06  -1.27501631      0.540617704       1.27697801E-02
   10.0000000       800.000000      0.152559474       19.5859928       6.95275441E-02   3.54945899E-11   1.33102849E-05   1.14083327E-02   7.29489375E-06  -1.27304053      0.540618598       1.31006716E-02
   11.0000000       800.000000      0.153755501       19.7391071       6.88772053E-02   3.48894351E-11   1.36635326E-05   1.12758791E-02   7.65954428E-06  -1.27098024      0.540619612       1.34249181E-02
   12.0000000       800.000000      0.154966682       19.8943138       6.82306290E-02   3.42932800E-11   1.40226985E-05   1.11444425E-02   7.86196597E-06  -1.26887488      0.540620804       1.37408525E-02
   13.0000000       800.000000      0.156182289       20.0499210       6.75842687E-02   3.37058957E-11   1.44098776E-05   1.10145099E-02   7.91239017E-06  -1.26671195      0.540622056       1.40492860E-02
   2.00000000       800.000000      0.157407701       20.2067699       6.69409707E-02   3.31255752E-11   1.48381787E-05   1.08857155E-02   7.81926792E-06  -1.26446211      0.540623724       1.43535212E-02
   3.00000000       800.000000      0.158632427       20.3635406       6.63005412E-02   3.25547714E-11   1.53045639E-05   1.07593080E-02   7.59041723E-06  -1.26218486      0.540624917       1.46571575E-02
   4.00000000       800.000000      0.159881696       20.5234394       6.56640753E-02   3.19910938E-11   1.57920658E-05   1.06335590E-02   7.23519406E-06  -1.25980425      0.540625930       1.49630280E-02
   5.00000000       800.000000      0.161134437       20.6836548       6.50289580E-02   3.14355451E-11   1.62776141E-05   1.05095878E-02   6.76636773E-06  -1.25737321      0.540627241       1.52711738E-02
   6.00000000       800.000000      0.162408039       20.8466339       6.43949732E-02   3.08881636E-11   1.67434882E-05   1.03873974E-02   6.19998400E-06  -1.25488508      0.540628016       1.55791994E-02
   7.00000000       800.000000      0.163673609       21.0080662       6.37649745E-02   3.03484252E-11   1.71842912E-05   1.02658402E-02   5.55416818E-06  -1.25229585      0.540628910       1.58842094E-02
   8.00000000       800.000000      0.164970547       21.1726456       6.31359741E-02   2.98160004E-11   1.76049998E-05   1.01467129E-02   4.84781822E-06  -1.24964190      0.540629625       1.61841456E-02
   9.00000000       800.000000      0.166260168       21.3390827       6.25096262E-02   2.92909343E-11   1.80157676E-05   1.00284517E-02   4.10055463E-06  -1.24693477      0.540630400       1.64785050E-02
   10.0000000       800.000000      0.167571649       21.5048828       6.18863218E-02   2.87732251E-11   1.84259243E-05   9.91106592E-03   3.33259322E-06  -1.24413168      0.540631235       1.67676769E-02
   11.0000000       800.000000      0.168884769       21.6747990       6.12657480E-02   2.82637420E-11   1.88412650E-05   9.79602057E-03   2.56421072E-06  -1.24131393      0.540631533       1.70526356E-02
   12.0000000       800.000000      0.170220941       21.8437004       6.06461875E-02   2.77614546E-11   1.92646075E-05   9.68167465E-03   1.81449627E-06  -1.23839009      0.540631831       1.73332728E-02
   13.0000000       800.000000      0.171562597       22.0148487       6.00307509E-02   2.72657608E-11   1.96984001E-05   9.56876762E-03   1.09962389E-06  -1.23535311      0.540632010       1.76098570E-02
   2.00000000       800.000000      0.172911152       22.1867790       5.94151653E-02   2.67774188E-11   2.01452676E-05   9.45676211E-03   4.31697686E-07  -1.23231840      0.540631771       1.78823993E-02
   3.00000000       800.000000      0.174262822       22.3595982       5.88044450E-02   2.62959533E-11   2.06060104E-05   9.34651773E-03  -1.81613260E-07  -1.22916842      0.540632129       1.81511808E-02
   4.00000000       800.000000      0.175636902       22.5350342       5.81956431E-02   2.58213572E-11   2.10784274E-05   9.23742075E-03  -7.36356242E-07  -1.22594237      0.540631711       1.84171870E-02
   5.00000000       800.000000      0.177029908       22.7109966       5.75880110E-02   2.53547149E-11   2.15569107E-05   9.13005322E-03  -1.23132168E-06  -1.22266567      0.540631533       1.86807737E-02
   6.00000000       800.000000      0.178427994       22.8897495       5.69862425E-02   2.48939827E-11   2.20341972E-05   9.02356021E-03  -1.66687289E-06  -1.21930373      0.540631354       1.89418290E-02
   7.00000000       800.000000      0.179832757       23.0675335       5.63831218E-02   2.44400784E-11   2.25047279E-05   8.91830586E-03  -2.04369758E-06  -1.21588135      0.540631235       1.91999674E-02
   8.00000000       800.000000      0.181247130       23.2492962       5.57851754E-02   2.39927540E-11   2.29664347E-05   8.81389249E-03  -2.36187202E-06  -1.21238554      0.540631056       1.94541514E-02
   9.00000000       800.000000      0.182678327       23.4303741       5.51888533E-02   2.35520995E-11   2.34204508E-05   8.71097762E-03  -2.62071376E-06  -1.20880306      0.540630519       1.97039358E-02
   10.0000000       800.000000      0.184120178       23.6137962       5.45946062E-02   2.31168036E-11   2.38689299E-05   8.60965811E-03  -2.81880693E-06  -1.20515168      0.540629923       1.99492127E-02
   11.0000000       800.000000      0.185574606       23.7995758       5.40034175E-02   2.26890711E-11   2.43146751E-05   8.50880146E-03  -2.95502605E-06  -1.20143437      0.540629506       2.01898962E-02
   12.0000000       800.000000      0.187039450       23.9845982       5.34151681E-02   2.22675021E-11   2.47612115E-05   8.40952899E-03  -3.02921012E-06  -1.19762456      0.540628970       2.04255506E-02
   13.0000000       800.000000      0.188515589       24.1725788       5.28283231E-02   2.18519248E-11   2.52134778E-05   8.31164978E-03  -3.04278547E-06  -1.19374752      0.540628433       2.06559580E-02
   2.00000000       800.000000      0.190003842       24.3626595       5.22452816E-02   2.14430244E-11   2.56764251E-05   8.21447838E-03  -2.99879935E-06  -1.18980968      0.540627837       2.08814591E-02
   3.00000000       800.000000      0.191507503       24.5538692       5.16649671E-02   2.10395572E-11   2.61528075E-05   8.11826997E-03  -2.90177786E-06  -1.18578625      0.540627182       2.11027302E-02
   4.00000000       800.000000      0.193027228       24.7454605       5.10862209E-02   2.06422709E-11   2.66401566E-05   8.02373048E-03  -2.75732759E-06  -1.18168485      0.540626645       2.13207435E-02
   5.00000000       800.000000      0.194553345       24.9383144       5.05102351E-02   2.02513024E-11   2.71321042E-05   7.93012325E-03  -2.57170018E-06  -1.17752135      0.540625989       2.15360001E-02
   6.00000000       800.000000      0.196085945       25.1336231       4.99378815E-02   1.98660966E-11   2.76207629E-05   7.83729274E-03  -2.35165430E-06  -1.17327285      0.540625393       2.17484403E-02
   7.00000000       800.000000      0.197636858       25.3313236       4.93677072E-02   1.94868757E-11   2.81013399E-05   7.74574047E-03  -2.10414646E-06  -1.16896725      0.540624976       2.19567697E-02
   8.00000000       800.000000      0.199212298       25.5304661       4.87992540E-02   1.91126854E-11   2.85742426E-05   7.65543384E-03  -1.83613531E-06  -1.16457498      0.540624380       2.21603923E-02
   9.00000000       800.000000      0.200781316       25.7297115       4.82346043E-02   1.87449344E-11   2.90442786E-05   7.56582012E-03  -1.55449050E-06  -1.16008627      0.540623963       2.23581493E-02
   10.0000000       800.000000      0.202371761       25.9304714       4.76724654E-02   1.83823703E-11   2.95179834E-05   7.47713493E-03  -1.26588895E-06  -1.15555739      0.540623784       2.25502010E-02
   11.0000000       800.000000      0.203978211       26.1335907       4.71132472E-02   1.80251855E-11   2.99996627E-05   7.38972239E-03  -9.76666911E-07  -1.15093625      0.540623724       2.27369368E-02
   12.0000000       800.000000      0.205590189       26.3390236       4.65558767E-02   1.76738155E-11   3.04896948E-05   7.30328122E-03  -6.92665424E-07  -1.14623857      0.540623665       2.29194798E-02
   13.0000000       800.000000      0.207215562       26.5462608       4.60031703E-02   1.73279203E-11   3.09849238E-05   7.21797114E-03  -4.18966181E-07  -1.14147365      0.540623784       2.30978448E-02
   2.00000000       800.000000      0.208862230       26.7531796       4.54515219E-02   1.69872397E-11   3.14807330E-05   7.13351835E-03  -1.59719974E-07  -1.13662803      0.540623605       2.32721958E-02
   3.00000000       800.000000      0.210511744       26.9634609       4.49034572E-02   1.66516835E-11   3.19739338E-05   7.05013797E-03   8.19412449E-08  -1.13171804      0.540623605       2.34417934E-02
   4.00000000       800.000000      0.212182373       27.1744270       4.43580896E-02   1.63214772E-11   3.24643843E-05   6.96758134E-03   3.03822389E-07  -1.12671828      0.540623605       2.36062706E-02
   5.00000000       800.000000      0.213867262       27.3881035       4.38159034E-02   1.59966172E-11   3.29549221E-05   6.88612601E-03   5.04374952E-07  -1.12164521      0.540623784       2.37650126E-02
   6.00000000       800.000000      0.215570495       27.6017551       4.32758145E-02   1.56767290E-11   3.34491488E-05   6.80546463E-03   6.82414566E-07  -1.11650908      0.540624082       2.39180252E-02
   7.00000000       800.000000      0.217280358       27.8196926       4.27393578E-02   1.53614881E-11   3.39498947E-05   6.72592269E-03   8.36784182E-07  -1.11129510      0.540624261       2.40657162E-02
   8.00000000       800.000000      0.218995273       28.0367794       4.22052406E-02   1.50517480E-11   3.44571345E-05   6.64714631E-03   9.66331072E-07  -1.10601687      0.540624440       2.42082309E-02
   9.00000000       800.000000      0.220740929       28.2576332       4.16742340E-02   1.47465321E-11   3.49691181E-05   6.56949170E-03   1.06991808E-06  -1.10065842      0.540624797       2.43461896E-02
   10.0000000       800.000000      0.222490728       28.4788132       4.11460809E-02   1.44467363E-11   3.54831027E-05   6.49260264E-03   1.14675186E-06  -1.09522164      0.540625095       2.44793184E-02
   11.0000000       800.000000      0.224248633       28.7025547       4.06213365E-02   1.41513884E-11   3.59964652E-05   6.41636085E-03   1.19654374E-06  -1.08973014      0.540625274       2.46078931E-02
   12.0000000       800.000000      0.226034790       28.9273281       4.00993787E-02   1.38608803E-11   3.65076121E-05   6.34132000E-03   1.21982043E-06  -1.08413947      0.540625513       2.47310940E-02
   13.0000000       800.000000      0.227838799       29.1540203       3.95804606E-02   1.35745521E-11   3.70160378E-05   6.26734411E-03   1.21787639E-06  -1.07850647      0.540625811       2.48492230E-02
   2.00000000       800.000000      0.229636580       29.3828106       3.90639789E-02   1.32933282E-11   3.75230920E-05   6.19377708E-03   1.19269100E-06  -1.07277286      0.540626168       2.49614716E-02
   3.00000000       800.000000      0.231463313       29.6143074       3.85514721E-02   1.30165852E-11   3.80325328E-05   6.12087874E-03   1.14679244E-06  -1.06699586      0.540626407       2.50680409E-02
   4.00000000       800.000000      0.233298600       29.8444633       3.80415507E-02   1.27448902E-11   3.85478234E-05   6.04931917E-03   1.08306017E-06  -1.06113577      0.540626526       2.51683984E-02
   5.00000000       800.000000      0.235164225       30.0788250       3.75345014E-02   1.24768459E-11   3.90709683E-05   5.97844040E-03   1.00446698E-06  -1.05519855      0.540626764       2.52635721E-02
   6.00000000       800.000000      0.237021416       30.3152733       3.70309278E-02   1.22135392E-11   3.96006835E-05   5.90830669E-03   9.13888755E-07  -1.04919851      0.540626884       2.53535695E-02
   7.00000000       800.000000      0.238909259       30.5545444       3.65310982E-02   1.19548000E-11   4.01325851E-05   5.83921047E-03   8.13983604E-07  -1.04311800      0.540627241       2.54389290E-02
   8.00000000       800.000000      0.240805298       30.7942753       3.60333845E-02   1.17003924E-11   4.06623694E-05   5.77060785E-03   7.07153845E-07  -1.03699064      0.540627658       2.55197398E-02
   9.00000000       800.000000      0.242732763       31.0363560       3.55399288E-02   1.14497899E-11   4.11877227E-05   5.70297241E-03   5.95589370E-07  -1.03079605      0.540627956       2.55950820E-02
   10.0000000       800.000000      0.244650185       31.2805672       3.50484364E-02   1.12037653E-11   4.17102565E-05   5.63617190E-03   4.81341999E-07  -1.02452326      0.540627956       2.56640650E-02
   11.0000000       800.000000      0.246601894       31.5240726       3.45608369E-02   1.09618625E-11   4.22340127E-05   5.57014393E-03   3.66381329E-07  -1.01818216      0.540628195       2.57268418E-02
   12.0000000       800.000000      0.248575494       31.7732716       3.40764485E-02   1.07239963E-11   4.27629384E-05   5.50460815E-03   2.52675932E-07  -1.01179397      0.540628195       2.57834289E-02
   13.0000000       800.000000      0.250549018       32.0229034       3.35955136E-02   1.04900862E-11   4.32983979E-05   5.43993432E-03   1.42153738E-07  -1.00529015      0.540628195       2.58347820E-02
   2.00000000       800.000000      0.252544135       32.2734489       3.31172273E-02   1.02604860E-11   4.38389216E-05   5.37605863E-03   3.66920929E-08 -0.998788238      0.540628374       2.58803703E-02
   3.00000000       800.000000      0.254557490       32.5260506       3.26425992E-02   1.00345721E-11   4.43814752E-05   5.31296525E-03  -6.19529246E-08 -0.992198050      0.540628195       2.59207785E-02
   4.00000000       800.000000      0.256586730       32.7818604       3.21717821E-02   9.81266717E-12   4.49233885E-05   5.25087025E-03  -1.52204564E-07 -0.985506535      0.540628254       2.59555541E-02
   5.00000000       800.000000      0.258610994       33.0395813       3.17037329E-02   9.59470090E-12   4.54640649E-05   5.18895639E-03  -2.32730571E-07 -0.978825867      0.540628254       2.59846374E-02
   6.00000000       800.000000      0.260681123       33.2992859       3.12389582E-02   9.38020234E-12   4.60044648E-05   5.12796594E-03  -3.02515303E-07 -0.972036064      0.540628195       2.60077789E-02
   7.00000000       800.000000      0.262756377       33.5623474       3.07790581E-02   9.16996687E-12   4.65461671E-05   5.06782904E-03  -3.60904039E-07 -0.965199709      0.540628076       2.60247141E-02
   8.00000000       800.000000      0.264846563       33.8261070       3.03213857E-02   8.96300135E-12   4.70898740E-05   5.00849122E-03  -4.07672957E-07 -0.958311915      0.540628016       2.60361861E-02
   9.00000000       800.000000      0.266964108       34.0918350       2.98665930E-02   8.75988605E-12   4.76353962E-05   4.94955713E-03  -4.42987044E-07 -0.951338053      0.540627778       2.60416009E-02
   10.0000000       800.000000      0.269089431       34.3593788       2.94155739E-02   8.56061576E-12   4.81820207E-05   4.89139138E-03  -4.67349821E-07 -0.944364667      0.540627658       2.60418821E-02
   11.0000000       800.000000      0.271236569       34.6304741       2.89697312E-02   8.36471777E-12   4.87294928E-05   4.83396463E-03  -4.81469385E-07 -0.937285483      0.540627658       2.60360073E-02
   12.0000000       800.000000      0.273390830       34.9008446       2.85267644E-02   8.17197612E-12   4.92777290E-05   4.77696816E-03  -4.86131739E-07 -0.930193901      0.540627539       2.60244831E-02
   13.0000000       800.000000      0.275573671       35.1773834       2.80857421E-02   7.98343249E-12   4.98262925E-05   4.72075120E-03  -4.82106884E-07 -0.922970474      0.540627301       2.60076150E-02
   2.00000000       800.000000      0.277770936       35.4531212       2.76497137E-02   7.79825943E-12   5.03749143E-05   4.66537476E-03  -4.70096978E-07 -0.915793121      0.540627122       2.59844232E-02
   3.00000000       800.000000      0.279982239       35.7325478       2.72164103E-02   7.61589316E-12   5.09234669E-05   4.61040344E-03  -4.50801792E-07 -0.908496737      0.540626824       2.59558130E-02
   4.00000000       800.000000      0.282222867       36.0137329       2.67874449E-02   7.43764252E-12   5.14720959E-05   4.55639325E-03  -4.24954806E-07 -0.901174784      0.540626645       2.59219632E-02
   5.00000000       800.000000      0.284471065       36.2968369       2.63609383E-02   7.26194105E-12   5.20219292E-05   4.50256234E-03  -3.93380645E-07 -0.893822372      0.540626585       2.58815456E-02
   6.00000000       800.000000      0.286742091       36.5804558       2.59400923E-02   7.09000567E-12   5.25732321E-05   4.44978988E-03  -3.57008844E-07 -0.886394262      0.540626407       2.58360449E-02
   7.00000000       800.000000      0.289016098       36.8690605       2.55210679E-02   6.92110648E-12   5.31264304E-05   4.39738762E-03  -3.16853260E-07 -0.878931463      0.540626228       2.57847998E-02
   8.00000000       800.000000      0.291324228       37.1585426       2.51061711E-02   6.75555748E-12   5.36805455E-05   4.34566988E-03  -2.73952054E-07 -0.871434987      0.540626109       2.57286131E-02
   9.00000000       800.000000      0.293644518       37.4530144       2.46963501E-02   6.59282351E-12   5.42342750E-05   4.29440010E-03  -2.29312676E-07 -0.863871992      0.540626109       2.56662145E-02
   10.0000000       800.000000      0.296003997       37.7481918       2.42878180E-02   6.43391547E-12   5.47867603E-05   4.24385443E-03  -1.83849224E-07 -0.856298745      0.540625989       2.55987197E-02
   11.0000000       800.000000      0.298353791       38.0451622       2.38846336E-02   6.27757698E-12   5.53378159E-05   4.19401424E-03  -1.38376350E-07 -0.848657370      0.540626049       2.55255923E-02
   12.0000000       800.000000      0.300734103       38.3437805       2.34841444E-02   6.12386660E-12   5.58877946E-05   4.14460991E-03  -9.36164284E-08 -0.841020942      0.540626049       2.54468899E-02
   13.0000000       800.000000      0.303147912       38.6467476       2.30886247E-02   5.97387938E-12   5.64376423E-05   4.09578299E-03  -5.02537212E-08 -0.833277285      0.540625989       2.53625158E-02
   2.00000000       800.000000      0.305555582       38.9513550       2.26970650E-02   5.82645000E-12   5.69882395E-05   4.04740963E-03  -8.97696761E-09 -0.825584233      0.540625930       2.52726525E-02
   3.00000000       800.000000      0.307996303       39.2577019       2.23083068E-02   5.68193713E-12   5.75401791E-05   3.99972592E-03   2.94956308E-08 -0.817793429      0.540625989       2.51771882E-02
   4.00000000       800.000000      0.310469896       39.5681572       2.19232123E-02   5.54041665E-12   5.80935775E-05   3.95272253E-03   6.44505960E-08 -0.810032785      0.540625989       2.50764508E-02
   5.00000000       800.000000      0.312931180       39.8770142       2.15420350E-02   5.40169905E-12   5.86481692E-05   3.90618388E-03   9.52514227E-08 -0.802161932      0.540626049       2.49703545E-02
   6.00000000       800.000000      0.315432847       40.1933212       2.11656038E-02   5.26552630E-12   5.92030374E-05   3.86014814E-03   1.21439939E-07 -0.794326961      0.540625989       2.48595234E-02
   7.00000000       800.000000      0.317947745       40.5082169       2.07929574E-02   5.13225183E-12   5.97580583E-05   3.81462998E-03   1.42788906E-07 -0.786396623      0.540626109       2.47427933E-02
   8.00000000       800.000000      0.320495814       40.8281288       2.04236358E-02   5.00182708E-12   6.03117987E-05   3.76960472E-03   1.59327953E-07 -0.778535962      0.540626168       2.46215649E-02
   9.00000000       800.000000      0.323059022       41.1489258       2.00576615E-02   4.87401048E-12   6.08647206E-05   3.72505723E-03   1.71292029E-07 -0.770586610      0.540626109       2.44954079E-02
   10.0000000       800.000000      0.325634599       41.4749947       1.96968503E-02   4.74874914E-12   6.14161763E-05   3.68118263E-03   1.79034458E-07 -0.762627125      0.540626109       2.43639965E-02
   11.0000000       800.000000      0.328246117       41.8027420       1.93394441E-02   4.62602309E-12   6.19657512E-05   3.63765913E-03   1.82944987E-07 -0.754631817      0.540626109       2.42277347E-02
   12.0000000       800.000000      0.330868602       42.1312904       1.89854726E-02   4.50571655E-12   6.25139946E-05   3.59474798E-03   1.83381943E-07 -0.746658623      0.540626109       2.40864102E-02
   13.0000000       800.000000      0.333499759       42.4624519       1.86361577E-02   4.38830179E-12   6.30602954E-05   3.55243660E-03   1.80682349E-07 -0.738647044      0.540626109       2.39403974E-02
   2.00000000       800.000000      0.336178690       42.7972488       1.82903875E-02   4.27306714E-12   6.36058830E-05   3.51047679E-03   1.75143754E-07 -0.730612934      0.540626168       2.37902682E-02
   3.00000000       800.000000      0.338866234       43.1343956       1.79480482E-02   4.16067137E-12   6.41506995E-05   3.46911908E-03   1.67073708E-07 -0.722592950      0.540626168       2.36345604E-02
   4.00000000       800.000000      0.341564178       43.4764404       1.76110733E-02   4.05029352E-12   6.46948247E-05   3.42815905E-03   1.56775442E-07 -0.714554191      0.540626287       2.34748609E-02
   5.00000000       800.000000      0.344298780       43.8198090       1.72765143E-02   3.94242972E-12   6.52376330E-05   3.38754058E-03   1.44580056E-07 -0.706499040      0.540626287       2.33112369E-02
   6.00000000       800.000000      0.347046673       44.1641579       1.69472955E-02   3.83684057E-12   6.57786150E-05   3.34768300E-03   1.30811600E-07 -0.698433101      0.540626287       2.31429748E-02
   7.00000000       800.000000      0.349838823       44.5138283       1.66213848E-02   3.73366529E-12   6.63175160E-05   3.30821821E-03   1.15794876E-07 -0.690361738      0.540626407       2.29702890E-02
   8.00000000       800.000000      0.352615893       44.8651733       1.62994023E-02   3.63262220E-12   6.68551802E-05   3.26912128E-03   9.98391698E-08 -0.682287455      0.540626407       2.27935724E-02
   9.00000000       800.000000      0.355454803       45.2186356       1.59818847E-02   3.53394549E-12   6.73900649E-05   3.23044020E-03   8.32547542E-08 -0.674215794      0.540626466       2.26132330E-02
   10.0000000       800.000000      0.358279139       45.5763397       1.56679247E-02   3.43749291E-12   6.79251025E-05   3.19227017E-03   6.63587940E-08 -0.666146815      0.540626526       2.24285349E-02
   11.0000000       800.000000      0.361149102       45.9357567       1.53575074E-02   3.34299016E-12   6.84580664E-05   3.15465988E-03   4.94875714E-08 -0.658077240      0.540626526       2.22398806E-02
   12.0000000       800.000000      0.364027262       46.2968864       1.50517747E-02   3.25079070E-12   6.89901935E-05   3.11725331E-03   3.29919487E-08 -0.650015593      0.540626526       2.20477413E-02
   13.0000000       800.000000      0.366944253       46.6631355       1.47499610E-02   3.16065121E-12   6.95208146E-05   3.08038900E-03   1.72195307E-08 -0.641961575      0.540626526       2.18516719E-02
   2.00000000       800.000000      0.369876415       47.0312233       1.44520784E-02   3.07258667E-12   7.00497840E-05   3.04410723E-03   2.47733478E-09 -0.633917511      0.540626526       2.16522515E-02
   3.00000000       800.000000      0.372847915       47.4044495       1.41581818E-02   2.98648042E-12   7.05765488E-05   3.00797867E-03  -1.09947944E-08 -0.625884414      0.540626526       2.14494597E-02
   4.00000000       800.000000      0.375840873       47.7758026       1.38682146E-02   2.90236433E-12   7.11004977E-05   2.97257747E-03  -2.30459527E-08 -0.617860079      0.540626526       2.12433897E-02
   5.00000000       800.000000      0.378836393       48.1548996       1.35821979E-02   2.82028155E-12   7.16211216E-05   2.93732225E-03  -3.36110020E-08 -0.609848440      0.540626526       2.10341271E-02
   6.00000000       800.000000      0.381849557       48.5329056       1.33001236E-02   2.74009439E-12   7.21380929E-05   2.90262862E-03  -4.26878550E-08 -0.601861119      0.540626526       2.08218470E-02
   7.00000000       800.000000      0.384928495       48.9166336       1.30219907E-02   2.66173693E-12   7.26513390E-05   2.86829215E-03  -5.03038571E-08 -0.593885601      0.540626407       2.06065159E-02
   8.00000000       800.000000      0.388007849       49.3037720       1.27478242E-02   2.58530567E-12   7.31616601E-05   2.83432682E-03  -5.64879841E-08 -0.585930467      0.540626407       2.03883164E-02
   9.00000000       800.000000      0.391112477       49.6939621       1.24781393E-02   2.51069976E-12   7.36693983E-05   2.80091446E-03  -6.12577722E-08 -0.577999353      0.540626407       2.01675501E-02
   10.0000000       800.000000      0.394236952       50.0870171       1.22118238E-02   2.43788106E-12   7.41750264E-05   2.76765274E-03  -6.46198117E-08 -0.570096850      0.540626407       1.99441556E-02
   11.0000000       800.000000      0.397388846       50.4830971       1.19495261E-02   2.36682440E-12   7.46783335E-05   2.73504341E-03  -6.65905446E-08 -0.562209010      0.540626407       1.97183602E-02
   12.0000000       800.000000      0.400564700       50.8813133       1.16911530E-02   2.29750550E-12   7.51806583E-05   2.70268368E-03  -6.72121061E-08 -0.554361105      0.540626407       1.94901917E-02
   13.0000000       800.000000      0.403795749       51.2825050       1.14368768E-02   2.22989097E-12   7.56794398E-05   2.67067295E-03  -6.65685107E-08 -0.546539366      0.540626407       1.92601606E-02
   2.00000000       800.000000      0.406995207       51.6878319       1.11863669E-02   2.16394676E-12   7.61748888E-05   2.63893115E-03  -6.47664748E-08 -0.538739562      0.540626407       1.90281365E-02
   3.00000000       800.000000      0.410275906       52.0953789       1.09397955E-02   2.09963991E-12   7.66665544E-05   2.60781520E-03  -6.19347915E-08 -0.530982554      0.540626407       1.87938493E-02
   4.00000000       800.000000      0.413564175       52.5095062       1.06970510E-02   2.03694830E-12   7.71553896E-05   2.57685268E-03  -5.82051776E-08 -0.523255050      0.540626407       1.85586289E-02
   5.00000000       800.000000      0.416869521       52.9231834       1.04581015E-02   1.97585806E-12   7.76410525E-05   2.54633697E-03  -5.37099005E-08 -0.515568912      0.540626466       1.83209144E-02
   6.00000000       800.000000      0.420203984       53.3436661       1.02231354E-02   1.91629677E-12   7.81245253E-05   2.51626805E-03  -4.85846989E-08 -0.507923424      0.540626466       1.80830210E-02
   7.00000000       800.000000      0.423574746       53.7655487       9.99192707E-03   1.85821931E-12   7.86050514E-05   2.48645968E-03  -4.29632045E-08 -0.500312030      0.540626466       1.78428721E-02
   8.00000000       800.000000      0.426962882       54.1887779       9.76457261E-03   1.80172348E-12   7.90825070E-05   2.45704432E-03  -3.69891993E-08 -0.492745817      0.540626466       1.76021978E-02
   9.00000000       800.000000      0.430381179       54.6191368       9.54079721E-03   1.74664265E-12   7.95567757E-05   2.42795446E-03  -3.08042907E-08 -0.485227019      0.540626466       1.73599515E-02
   10.0000000       800.000000      0.433835030       55.0515404       9.32096504E-03   1.69296055E-12   8.00281196E-05   2.39909207E-03  -2.45468836E-08 -0.477743566      0.540626466       1.71168726E-02
   11.0000000       800.000000      0.437294513       55.4855461       9.10480600E-03   1.64071404E-12   8.04967058E-05   2.37080245E-03  -1.83457747E-08 -0.470313400      0.540626466       1.68729238E-02
   12.0000000       800.000000      0.440796643       55.9234009       8.89233779E-03   1.58987591E-12   8.09623962E-05   2.34269258E-03  -1.23181962E-08 -0.462922573      0.540626466       1.66286435E-02
   13.0000000       800.000000      0.444335788       56.3692284       8.68360605E-03   1.54032830E-12   8.14257364E-05   2.31493497E-03  -6.56894272E-09 -0.455589563      0.540626466       1.63842961E-02
   2.00000000       800.000000      0.447884768       56.8128738       8.47849809E-03   1.49215991E-12   8.18877888E-05   2.28741439E-03  -1.18926136E-09 -0.448308200      0.540626466       1.61394104E-02
   3.00000000       800.000000      0.451492101       57.2652702       8.27701576E-03   1.44524323E-12   8.23468217E-05   2.26031570E-03   3.74521480E-09 -0.441072583      0.540626407       1.58942975E-02
   4.00000000       800.000000      0.455087274       57.7184486       8.07914976E-03   1.39963746E-12   8.28039119E-05   2.23353202E-03   8.17762480E-09 -0.433898181      0.540626407       1.56485736E-02
   5.00000000       800.000000      0.458740443       58.1730003       7.88488798E-03   1.35525543E-12   8.32586957E-05   2.20714370E-03   1.20703527E-08 -0.426774651      0.540626407       1.54037308E-02
   6.00000000       800.000000      0.462410837       58.6358948       7.69415777E-03   1.31205420E-12   8.37120679E-05   2.18101661E-03   1.54034101E-08 -0.419706136      0.540626407       1.51592838E-02
   7.00000000       800.000000      0.466109008       59.0983734       7.50689581E-03   1.27007974E-12   8.41639558E-05   2.15515704E-03   1.81696702E-08 -0.412705809      0.540626407       1.49149941E-02
   8.00000000       800.000000      0.469850868       59.5668716       7.32309464E-03   1.22925921E-12   8.46135736E-05   2.12955242E-03   2.03695478E-08 -0.405753583      0.540626407       1.46708703E-02
   9.00000000       800.000000      0.473630607       60.0369263       7.14291213E-03   1.18957806E-12   8.50631477E-05   2.10428215E-03   2.20085443E-08 -0.398856401      0.540626466       1.44275790E-02
   10.0000000       800.000000      0.477417022       60.5153427       6.96589006E-03   1.15099521E-12   8.55131511E-05   2.07936438E-03   2.30975417E-08 -0.392028242      0.540626466       1.41854668E-02
   11.0000000       800.000000      0.481236160       60.9947357       6.79238234E-03   1.11350480E-12   8.59637294E-05   2.05468899E-03   2.36566269E-08 -0.385259718      0.540626466       1.39443204E-02
   12.0000000       800.000000      0.485106736       61.4788399       6.62232190E-03   1.07708037E-12   8.64160756E-05   2.03034142E-03   2.37175044E-08 -0.378552884      0.540626466       1.37040634E-02
   13.0000000       800.000000      0.489003509       61.9645309       6.45545963E-03   1.04170188E-12   8.68700517E-05   2.00618058E-03   2.33244322E-08 -0.371914506      0.540626466       1.34647088E-02
   2.00000000       800.000000      0.492917389       62.4534645       6.29197946E-03   1.00732313E-12   8.73260069E-05   1.98236434E-03   2.25304149E-08 -0.365334541      0.540626466       1.32272635E-02
   3.00000000       800.000000      0.496857613       62.9518318       6.13165461E-03   9.73941630E-13   8.77839120E-05   1.95885659E-03   2.13932605E-08 -0.358818978      0.540626466       1.29911192E-02
   4.00000000       800.000000      0.500846684       63.4490204       5.97438635E-03   9.41520516E-13   8.82442182E-05   1.93561486E-03   1.99718695E-08 -0.352372974      0.540626466       1.27568943E-02
   5.00000000       800.000000      0.504872501       63.9528084       5.82054723E-03   9.10043633E-13   8.87077331E-05   1.91262749E-03   1.83216198E-08 -0.345990062      0.540626466       1.25241205E-02
   6.00000000       800.000000      0.508909047       64.4573593       5.66966878E-03   8.79492171E-13   8.91772870E-05   1.89002231E-03   1.64936278E-08 -0.339675397      0.540626466       1.22929141E-02
   7.00000000       800.000000      0.512971818       64.9687729       5.52186323E-03   8.49825256E-13   8.96522179E-05   1.86760153E-03   1.45338337E-08 -0.333428562      0.540626466       1.20639699E-02
   8.00000000       800.000000      0.517089903       65.4843674       5.37712919E-03   8.21050639E-13   9.01334279E-05   1.84536038E-03   1.24837944E-08 -0.327248544      0.540626466       1.18373996E-02
   9.00000000       800.000000      0.521240056       66.0012741       5.23539493E-03   7.93119802E-13   9.06215791E-05   1.82343367E-03   1.03815969E-08 -0.321136564      0.540626466       1.16127646E-02
   10.0000000       800.000000      0.525399923       66.5273361       5.09662041E-03   7.66022445E-13   9.11197130E-05   1.80182629E-03   8.26313684E-09 -0.315093130      0.540626466       1.13905435E-02
   11.0000000       800.000000      0.529633105       67.0519409       4.96072415E-03   7.39729025E-13   9.16248537E-05   1.78046734E-03   6.16213480E-09 -0.309119046      0.540626466       1.11707225E-02
   12.0000000       800.000000      0.533852458       67.5886993       4.82775318E-03   7.14241546E-13   9.21394603E-05   1.75922422E-03   4.11038581E-09 -0.303213954      0.540626466       1.09533742E-02
   13.0000000       800.000000      0.538169861       68.1238251       4.69751889E-03   6.89496095E-13   9.26629509E-05   1.73837470E-03   2.13919060E-09 -0.297379434      0.540626466       1.07387360E-02
   2.00000000       800.000000      0.542478204       68.6609192       4.57016099E-03   6.65518584E-13   9.32007897E-05   1.71770633E-03   2.78721685E-10 -0.291608453      0.540626466       1.05267270E-02
   3.00000000       800.000000      0.546837091       69.2043610       4.44546668E-03   6.42276759E-13   9.37492368E-05   1.69724796E-03  -1.44138024E-09 -0.285910964      0.540626466       1.03174895E-02
   4.00000000       800.000000      0.551184714       69.7545853       4.32348019E-03   6.19733594E-13   9.43156410E-05   1.67707191E-03  -2.99326675E-09 -0.280283093      0.540626466       1.01110721E-02
   5.00000000       800.000000      0.555633724       70.3113556       4.20415495E-03   5.97885619E-13   9.49013556E-05   1.65715604E-03  -4.35291181E-09 -0.274721056      0.540626466       9.90764145E-03
   6.00000000       800.000000      0.560065687       70.8701859       4.08741552E-03   5.76706380E-13   9.55055657E-05   1.63745799E-03  -5.50268586E-09 -0.269228548      0.540626466       9.70724318E-03
   7.00000000       800.000000      0.564574599       71.4266510       3.97323538E-03   5.56181891E-13   9.61346232E-05   1.61792070E-03  -6.43359011E-09 -0.263803333      0.540626466       9.50994156E-03
   8.00000000       800.000000      0.569091976       71.9988251       3.86155723E-03   5.36296647E-13   9.67892120E-05   1.59868528E-03  -7.14596515E-09 -0.258446246      0.540626466       9.31584742E-03
   9.00000000       800.000000      0.573642910       72.5662689       3.75237153E-03   5.17028423E-13   9.74725990E-05   1.57972064E-03  -7.64909025E-09 -0.253156602      0.540626466       9.12497472E-03
   10.0000000       800.000000      0.578249216       73.1417236       3.64559935E-03   4.98356673E-13   9.81849444E-05   1.56085344E-03  -7.96067656E-09 -0.247934386      0.540626466       8.93751625E-03
   11.0000000       800.000000      0.582887828       73.7225037       3.54113895E-03   4.80272723E-13   9.89317268E-05   1.54225889E-03  -8.09981504E-09 -0.242779806      0.540626466       8.75345152E-03
   12.0000000       800.000000      0.587557673       74.3115692       3.43906065E-03   4.62756081E-13   9.97122334E-05   1.52392976E-03  -8.08586620E-09 -0.237688676      0.540626466       8.57292023E-03
   13.0000000       800.000000      0.592285097       74.9019089       3.33929295E-03   4.45787396E-13   1.00525780E-04   1.50569307E-03  -7.93636534E-09 -0.232663900      0.540626466       8.39597546E-03
   2.00000000       800.000000      0.597044110       75.4963303       3.24169919E-03   4.29352924E-13   1.01379243E-04   1.48774229E-03  -7.66513164E-09 -0.227705359      0.540626466       8.22274107E-03
   3.00000000       800.000000      0.601813197       76.0937424       3.14633362E-03   4.13442934E-13   1.02269521E-04   1.47004775E-03  -7.28428429E-09 -0.222806230      0.540626466       8.05314071E-03
   4.00000000       800.000000      0.606662095       76.6995621       3.05310288E-03   3.98027124E-13   1.03202990E-04   1.45244948E-03  -6.80421008E-09 -0.217969283      0.540626466       7.88731873E-03
   5.00000000       800.000000      0.611538589       77.3089294       2.96201953E-03   3.83112650E-13   1.04184408E-04   1.43510324E-03  -6.23740570E-09 -0.213197693      0.540626466       7.72513263E-03
   6.00000000       800.000000      0.616429627       77.9216690       2.87291664E-03   3.68661102E-13   1.05220417E-04   1.41794479E-03  -5.59917757E-09 -0.208487570      0.540626466       7.56689766E-03
   7.00000000       800.000000      0.621346176       78.5425873       2.78589153E-03   3.54674325E-13   1.06317748E-04   1.40099367E-03  -4.90668883E-09 -0.203832969      0.540626466       7.41239032E-03
   8.00000000       800.000000      0.626343310       79.1605453       2.70082150E-03   3.41135811E-13   1.07480439E-04   1.38426130E-03  -4.17976942E-09 -0.199234769      0.540626466       7.26216380E-03
   9.00000000       800.000000      0.631355822       79.7936478       2.61767558E-03   3.28025530E-13   1.08713437E-04   1.36774685E-03  -3.43924600E-09 -0.194698811      0.540626466       7.11558200E-03
   10.0000000       800.000000      0.636449695       80.4251099       2.53644795E-03   3.15339822E-13   1.10022636E-04   1.35135360E-03  -2.70458478E-09 -0.190213621      0.540626466       6.97367731E-03
   11.0000000       800.000000      0.641569495       81.0633545       2.45703920E-03   3.03063970E-13   1.11413312E-04   1.33514416E-03  -1.99247174E-09 -0.185786441      0.540626466       6.83555426E-03
   12.0000000       800.000000      0.646703839       81.7070923       2.37946934E-03   2.91182605E-13   1.12886664E-04   1.31916639E-03  -1.31556321E-09 -0.181409895      0.540626466       6.70276536E-03
   13.0000000       800.000000      0.651862979       82.3593216       2.30368273E-03   2.79685183E-13   1.14446906E-04   1.30331493E-03  -6.82078227E-10 -0.177082196      0.540626466       6.57346426E-03
   2.00000000       800.000000      0.657104909       83.0148392       2.22963607E-03   2.68558477E-13   1.16106523E-04   1.28769781E-03  -9.76164913E-11 -0.172806174      0.540626466       6.45071920E-03
   3.00000000       800.000000      0.662361264       83.6720734       2.15731864E-03   2.57797825E-13   1.17864300E-04   1.27220468E-03   4.34386332E-10 -0.168569893      0.540626466       6.33086590E-03
   4.00000000       800.000000      0.667716920       84.3404617       2.08667153E-03   2.47389267E-13   1.19741861E-04   1.25694263E-03   9.11047127E-10 -0.164385587      0.540626466       6.21949183E-03
   5.00000000       800.000000      0.673070669       85.0116577       2.01765820E-03   2.37324998E-13   1.21726342E-04   1.24186242E-03   1.32910871E-09 -0.160232827      0.540626466       6.10973313E-03
   6.00000000       800.000000      0.678464949       85.6865540       1.95036060E-03   2.27595232E-13   1.23862352E-04   1.22690201E-03   1.68457215E-09 -0.156126767      0.540626466       6.01268047E-03
   7.00000000       800.000000      0.683868349       86.3630829       1.88460702E-03   2.18186715E-13   1.26108818E-04   1.21212390E-03   1.97610950E-09 -0.152039677      0.540626466       5.91454236E-03
   8.00000000       800.000000      0.689361989       87.0500107       1.82045554E-03   2.09100898E-13   1.28536733E-04   1.19757559E-03   2.20449214E-09 -0.148005322      0.540626466       5.83687332E-03
   9.00000000       800.000000      0.694936693       87.7468338       1.75790465E-03   2.00321761E-13   1.31051624E-04   1.18310051E-03   2.36978659E-09 -0.143961042      0.540626466       5.75166056E-03
   10.0000000       800.000000      0.700467765       88.4404068       1.69695588E-03   1.91858018E-13   1.33812777E-04   1.16895966E-03   2.47553267E-09 -0.139979079      0.540626466       5.70170209E-03
   11.0000000       800.000000      0.706084132       89.1438522       1.63763505E-03   1.83682239E-13   1.36620831E-04   1.15489855E-03   2.52571986E-09 -0.135939389      0.540626466       5.63055044E-03
   12.0000000       800.000000      0.711785257       89.8559036       1.57989888E-03   1.75810253E-13   1.39788681E-04   1.14106585E-03   2.52889842E-09 -0.131997555      0.540626466       5.62504213E-03
   13.0000000       800.000000      0.717506111       90.5660553       1.52374699E-03   1.68223603E-13   1.42858931E-04   1.12731359E-03   2.48299847E-09 -0.127900392      0.540626466       5.56747802E-03
   2.00000000       800.000000      0.723254204       91.2924652       1.46931235E-03   1.60933292E-13   1.46518971E-04   1.11390592E-03   2.39868658E-09 -0.123976246      0.540626466       5.63780358E-03
   3.00000000       800.000000      0.729030788       92.0148239       1.41655304E-03   1.53929509E-13   1.49752770E-04   1.10060815E-03   2.27450281E-09 -0.119711608      0.540626466       5.58751542E-03
   4.00000000       800.000000      0.734885931       92.7492523       1.36559992E-03   1.47227201E-13   1.54030058E-04   1.08766987E-03   2.12218110E-09 -0.115797751      0.540626466       5.79606136E-03
   5.00000000       800.000000      0.740812361       93.4854507       1.31651631E-03   1.40813942E-13   1.57180853E-04   1.07479561E-03   1.94028882E-09 -0.111160882      0.540626466       5.72855165E-03
   6.00000000       800.000000      0.746736884       94.2303009       1.26953749E-03   1.34716768E-13   1.62376440E-04   1.06245396E-03   1.74536019E-09 -0.107269250      0.540626466       6.20329985E-03
   7.00000000       800.000000      0.752711892       94.9802017       1.22467510E-03   1.28922792E-13   1.64891913E-04   1.05006667E-03   1.53410684E-09 -0.101857238      0.540626466       6.04318641E-03
   8.00000000       800.000000      0.758787692       95.7357407       1.18229713E-03   1.23482645E-13   1.71542459E-04   1.03857426E-03   1.32612887E-09  -9.81418490E-02  0.540626466       7.06363237E-03
   9.00000000       800.000000      0.764886141       96.4991150       1.14249217E-03   1.18383059E-13   1.73067368E-04   1.02670467E-03   1.10576015E-09  -9.10965875E-02  0.540626466       6.58228481E-03
   10.0000000       800.000000      0.770997465       97.2638321       1.10554672E-03   1.13656677E-13   1.81238458E-04   1.01661694E-03   9.58746305E-10  -8.80299956E-02  0.540626466       8.97904951E-03
   11.0000000       800.000000      0.777200460       98.0346756       1.07301597E-03   1.09437633E-13   2.17794513E-04   1.00517762E-03   5.78373238E-10  -7.71940351E-02  0.540626466       7.23149674E-03
   12.0000000       800.000000      0.783445537       98.8157425       1.02573493E-03   1.03787977E-13   5.97672770E-05   9.97542986E-04   1.72911522E-19  -7.67432153E-02  0.540626466      -1.01028625E-02
   13.0000000       800.000000      0.789714217       99.6048737       1.00181869E-03   1.00566528E-13   5.95398888E-05   9.85780265E-04  -2.24707594E-19  -9.30891633E-02  0.540626466      -2.06956156E-02
