   0.00000000       190.000000       3.40428352E-02   1.01702809       4.73964843E-04   4.65928468E-12  -8.26142281E-02   1.70756757      -2.13836178E-14  -1.09753502E-03  -7.27976220E-16  -8.09696224E-03
   1.00000000       197.000000       3.40447091E-02   1.05104125       4.66225698E-04   4.43474727E-12  -7.55156726E-02   1.58935535       4.39493633E-15  -1.37318263E-03  -5.78346526E-16   1.38262182E-03
   2.00000000       200.000000       3.40499915E-02   1.08514261       4.58852795E-04   4.22766813E-12  -5.10191768E-02   1.28689098      -2.05840524E-02  -1.00338634E-03  -7.00890319E-04   5.84083749E-03
   3.00000000       200.000000       3.40571664E-02   1.11914527       5.18780085E-04   4.63441872E-12   9.35739204E-02   1.16621041       4.35427688E-02  -9.75384493E-04   7.82031682E-04  -2.67549255E-03
   4.00000000       200.000000       3.40652503E-02   1.15326166       5.92785014E-04   5.13914345E-12  0.129763797       1.05769908      0.107142203      -1.18564535E-03   4.43187170E-03  -5.65705169E-03
   5.00000000       200.000000       3.40752266E-02   1.18727005       6.74876792E-04   5.68298837E-12  0.145947456      0.964929461      0.165681511      -1.36086240E-03   1.00776600E-02  -5.17973816E-03
   6.00000000       200.000000       3.40886116E-02   1.22141874       7.60080758E-04   6.22188715E-12  0.153364211      0.889123023      0.220324993      -1.53872615E-03   1.75884236E-02  -5.11164358E-03
   7.00000000       200.000000       3.41038704E-02   1.25543642       8.51517019E-04   6.78108611E-12  0.156612352      0.826607406      0.269332647      -1.70945062E-03   2.67738979E-02  -5.37974620E-03
   8.00000000       200.000000       3.41209993E-02   1.28956389       9.56040691E-04   7.41212387E-12  0.157423213      0.773987651      0.314592868      -1.90576632E-03   3.75084244E-02  -6.11918466E-03
   9.00000000       200.000000       3.41415480E-02   1.32373023       1.07574463E-03   8.12515593E-12  0.157004327      0.728895664      0.356502533      -2.12716754E-03   4.96800579E-02  -7.07564037E-03
   10.0000000       200.000000       3.41642797E-02   1.35789859       1.21357501E-03   8.93570114E-12  0.155651391      0.689444602      0.395882607      -2.38906802E-03   6.32047653E-02  -8.39264318E-03
   11.0000000       200.000000       3.41873281E-02   1.39207828       1.37276191E-03   9.85969206E-12  0.153848246      0.654620945      0.432543337      -2.70081265E-03   7.79922754E-02  -1.00284321E-02
   2.00000000       200.000000       3.42125520E-02   1.42626679       1.55818940E-03   1.09231808E-11  0.151719809      0.623684883      0.466625661      -3.07502272E-03   9.39573348E-02  -1.20140975E-02
   3.00000000       200.000000       3.42412032E-02   1.46045995       1.77521608E-03   1.21529549E-11  0.149202123      0.595626712      0.497543097      -3.52324941E-03  0.110994294      -1.43360300E-02
   4.00000000       200.000000       3.42717990E-02   1.49468386       2.02829693E-03   1.35673209E-11  0.146422580      0.570144594      0.524882257      -4.05725231E-03  0.128983229      -1.69425346E-02
   5.00000000       200.000000       3.43041234E-02   1.52902329       2.32073246E-03   1.51753506E-11  0.143501744      0.546644390      0.548533082      -4.68513882E-03  0.147800982      -1.98872574E-02
   6.00000000       200.000000       3.43400165E-02   1.56331646       2.65717739E-03   1.69939566E-11  0.140425742      0.524951637      0.568173766      -5.42243617E-03  0.167312399      -2.32937876E-02
   7.00000000       200.000000       3.43780145E-02   1.59766877       3.04500293E-03   1.90555575E-11  0.137438282      0.504485965      0.582698107      -6.28583645E-03  0.187344074      -2.79450249E-02
   8.00000000       400.000000       3.44163403E-02   1.63212323       3.49448435E-03   2.14075580E-11  0.133938834      0.484108031      0.591699958      -7.34490901E-03  0.207708821      -3.24926749E-02
   9.00000000       400.000000       3.44596468E-02   1.66651404       4.01001517E-03   2.40581687E-11  0.129399776      0.465198576      0.593130112      -8.52378178E-03  0.228146926      -3.71266082E-02
   10.0000000       400.000000       3.45019177E-02   1.70102203       4.60067578E-03   2.70423996E-11  0.125152022      0.447824389      0.587452412      -9.90518276E-03  0.248415411      -4.31552343E-02
   11.0000000       400.000000       3.45477760E-02   1.73553383       5.27260220E-03   3.03755181E-11  0.121174663      0.431920767      0.574491501      -1.15036760E-02  0.268263131      -4.96373884E-02
   12.0000000       400.000000       3.45973931E-02   1.77006423       6.03098609E-03   3.40659445E-11  0.117520750      0.417057544      0.554219663      -1.33373523E-02  0.287437320      -5.66501729E-02
   13.0000000       400.000000       3.46456654E-02   1.80469894       6.88089430E-03   3.81211139E-11  0.114273436      0.403389484      0.526512504      -1.54263368E-02  0.305679470      -6.41877130E-02
   2.00000000       400.000000       3.46989296E-02   1.83938944       7.82640558E-03   4.25420359E-11  0.111395739      0.390728235      0.491546035      -1.77885164E-02  0.322735786      -7.21116364E-02
   3.00000000       400.000000       3.47537622E-02   1.87406790       8.86857230E-03   4.73138369E-11  0.108966187      0.378938228      0.450236112      -2.04347670E-02  0.338383168      -8.04245844E-02
   4.00000000       400.000000       3.48123796E-02   1.90886545       1.00091593E-02   5.24260357E-11  0.106843874      0.367963910      0.403469592      -2.33833790E-02  0.352428883      -8.92811567E-02
   5.00000000       400.000000       3.48717459E-02   1.94381344       1.12500060E-02   5.78691955E-11  0.104991585      0.357614040      0.352089286      -2.66561136E-02  0.364705861      -9.85044762E-02
   6.00000000       400.000000       3.49331126E-02   1.97864985       1.25943031E-02   6.36414324E-11  0.103394121      0.347936779      0.296772778      -3.02592665E-02  0.375073403     -0.108055443    
   7.00000000       400.000000       3.49960364E-02   2.01366401       1.40452813E-02   6.97413099E-11  0.102040619      0.338831127      0.238455772      -3.42121720E-02  0.383418053     -0.118056133    
   8.00000000       400.000000       3.50628383E-02   2.04869795       1.56034008E-02   7.61535071E-11  0.100816131      0.330235183      0.178568587      -3.85300331E-02  0.389679164     -0.128296614    
   9.00000000       400.000000       3.51311862E-02   2.08382654       1.72676221E-02   8.28563537E-11   9.97583643E-02  0.322134614      0.118917920      -4.32177335E-02  0.393857330     -0.138586015    
   10.0000000       400.000000       3.52015831E-02   2.11898565       1.90350823E-02   8.98215807E-11   9.88061130E-02  0.314484328       6.16344586E-02  -4.82769683E-02  0.396026403     -0.148835927    
   11.0000000       400.000000       3.52728553E-02   2.15418029       2.09020395E-02   9.70178729E-11   9.78758261E-02  0.307205677       8.56019370E-03  -5.37068695E-02  0.396328568     -0.158907458    
   12.0000000       400.000000       3.53475511E-02   2.18945503       2.28628851E-02   1.04407899E-10   9.70140621E-02  0.300248474      -3.89667302E-02  -5.94993457E-02  0.394951344     -0.168701768    
   13.0000000       400.000000       3.54251340E-02   2.22494793       2.49103680E-02   1.11948957E-10   9.61793140E-02  0.293527275      -8.00462887E-02  -6.56466261E-02  0.392115563     -0.178251743    
   2.00000000       400.000000       3.55066359E-02   2.26028228       2.70393267E-02   1.19610030E-10   9.54519734E-02  0.287043810     -0.114081353      -7.21430406E-02  0.388064981     -0.187604532    
   3.00000000       400.000000       3.55888382E-02   2.29589605       2.92456318E-02   1.27366659E-10   9.47140008E-02  0.280781806     -0.140720800      -7.89840445E-02  0.383056998     -0.196837366    
   4.00000000       400.000000       3.56727764E-02   2.33153582       3.15239467E-02   1.35191136E-10   9.39498693E-02  0.274737984     -0.159674078      -8.61695185E-02  0.377361685     -0.206010044    
   5.00000000       400.000000       3.57585363E-02   2.36718988       3.38711999E-02   1.43066087E-10   9.31635052E-02  0.268870920     -0.170818120      -9.36991200E-02  0.371253550     -0.215094760    
   6.00000000       400.000000       3.58451568E-02   2.40296197       3.62877622E-02   1.50989429E-10   9.23350081E-02  0.263151318     -0.174564317     -0.101571158      0.364995331     -0.224153355    
   7.00000000       400.000000       3.59365791E-02   2.43895650       3.87737267E-02   1.58959498E-10   9.15600285E-02  0.257629424     -0.171686813     -0.109789751      0.358825147     -0.233307675    
   8.00000000       400.000000       3.60317938E-02   2.47496963       4.13290188E-02   1.66972061E-10   9.07686576E-02  0.252297968     -0.163095891     -0.118362017      0.352948785     -0.242726058    
   9.00000000       400.000000       3.61256152E-02   2.51087451       4.39522639E-02   1.75018652E-10   9.00134444E-02  0.247136623     -0.149826691     -0.127304077      0.347536087     -0.252335429    
   10.0000000       400.000000       3.62243615E-02   2.54723430       4.66440544E-02   1.83099480E-10   8.92649516E-02  0.242133692     -0.133140296     -0.136618644      0.342713296     -0.261926442    
   11.0000000       400.000000       3.63236889E-02   2.58347154       4.94041443E-02   1.91211477E-10   8.85268673E-02  0.237303063     -0.113126293     -0.146306619      0.338604093     -0.271641880    
   12.0000000       400.000000       3.64281610E-02   2.61973166       5.22308908E-02   1.99345013E-10   8.76790285E-02  0.232592732      -8.97858590E-02 -0.156380668      0.335333914     -0.281412572    
   13.0000000       400.000000       3.65312435E-02   2.65625191       5.51224500E-02   2.07492065E-10   8.68450031E-02  0.228039712      -6.32488430E-02 -0.166838259      0.333023161     -0.291071147    
   2.00000000       400.000000       3.66381556E-02   2.69287086       5.80757186E-02   2.15638216E-10   8.59583840E-02  0.223629355      -3.44027691E-02 -0.177678898      0.331762344     -0.300569892    
   3.00000000       400.000000       3.67491208E-02   2.72951531       6.10878505E-02   2.23773666E-10   8.50364864E-02  0.219346911      -5.05726226E-03 -0.188896388      0.331576526     -0.309852451    
   4.00000000       400.000000       3.68596762E-02   2.76648116       6.41564801E-02   2.31888231E-10   8.40628594E-02  0.215189621       2.26960070E-02 -0.200486660      0.332413554     -0.318959892    
   5.00000000       400.000000       3.69738303E-02   2.80324292       6.72801882E-02   2.39975456E-10   8.30587894E-02  0.211148247       4.68507037E-02 -0.212446943      0.334145308     -0.327832162    
   6.00000000       400.000000       3.70923392E-02   2.84031177       7.04564750E-02   2.48028931E-10   8.20544213E-02  0.207215011       6.58027679E-02 -0.224768519      0.336586356     -0.336428016    
   7.00000000       400.000000       3.72101963E-02   2.87746811       7.36823902E-02   2.56036331E-10   8.10528547E-02  0.203369245       7.83787072E-02 -0.237444028      0.339502662     -0.344741940    
   8.00000000       400.000000       3.73310633E-02   2.91468883       7.69557059E-02   2.63991190E-10   8.01307708E-02  0.199630573       8.36690739E-02 -0.250466436      0.342626184     -0.352562755    
   9.00000000       400.000000       3.74547355E-02   2.95214677       8.02710876E-02   2.71876355E-10   7.92417228E-02  0.195968121       8.12900513E-02 -0.263811439      0.345670730     -0.359872431    
   10.0000000       400.000000       3.75822932E-02   2.98967767       8.36273953E-02   2.79689355E-10   7.83969015E-02  0.192387998       7.18264282E-02 -0.277470112      0.348370373     -0.366894692    
   11.0000000       400.000000       3.77115831E-02   3.02733731       8.70240405E-02   2.87430413E-10   7.75436684E-02  0.188876018       5.67558408E-02 -0.291435778      0.350510895     -0.373624742    
   12.0000000       400.000000       3.78417671E-02   3.06507659       9.04608369E-02   2.95099389E-10   7.66621232E-02  0.185429662       3.79324630E-02 -0.305698037      0.351945758     -0.380010754    
   13.0000000       400.000000       3.79736088E-02   3.10296249       9.39358845E-02   3.02692205E-10   7.57109225E-02  0.182042137       1.72399469E-02 -0.320246667      0.352600634     -0.385945916    
   2.00000000       400.000000       3.81093584E-02   3.14102793       9.74469110E-02   3.10202281E-10   7.46792555E-02  0.178719580      -3.95881338E-03 -0.335062474      0.352449834     -0.391322374    
   3.00000000       400.000000       3.82481478E-02   3.17926812      0.100992210       3.17628340E-10   7.35576600E-02  0.175456032      -2.49144398E-02 -0.350127757      0.351497650     -0.396054476    
   4.00000000       400.000000       3.83906849E-02   3.21746230      0.104568362       3.24957866E-10   7.23112822E-02  0.172262594      -4.56435531E-02 -0.365415841      0.349744827     -0.400130749    
   5.00000000       400.000000       3.85340862E-02   3.25593615      0.108171366       3.32184669E-10   7.09321648E-02  0.169137642      -6.61343858E-02 -0.380907118      0.347195894     -0.403563321    
   6.00000000       400.000000       3.86794209E-02   3.29459786      0.111800209       3.39305861E-10   6.94240034E-02  0.166089341      -8.57556984E-02 -0.396576256      0.343879879     -0.406737804    
   7.00000000       400.000000       3.88261117E-02   3.33332801      0.115454800       3.46324136E-10   6.77520186E-02  0.163109481     -0.103247389     -0.412430853      0.339870960     -0.409734368    
   8.00000000       400.000000       3.89781781E-02   3.37215042      0.119137451       3.53247209E-10   6.58926815E-02  0.160203248     -0.116849266     -0.428455114      0.335316211     -0.412894338    
   9.00000000       400.000000       3.91310640E-02   3.41121101      0.122854829       3.60099756E-10   6.38528690E-02  0.157364115     -0.124941215     -0.444681793      0.330427587     -0.416806668    
   10.0000000       400.000000       3.92854065E-02   3.45050335      0.126612589       3.66896874E-10   6.16560727E-02  0.154592335     -0.126856148     -0.461139619      0.325443447     -0.421451062    
   11.0000000       400.000000       3.94439995E-02   3.48992372      0.130418152       3.73662074E-10   5.93450963E-02  0.151888058     -0.123118609     -0.477863312      0.320587009     -0.427082062    
   12.0000000       400.000000       3.96043137E-02   3.52931929      0.134284943       3.80431853E-10   5.68632409E-02  0.149258256     -0.115364939     -0.494900078      0.316017777     -0.434126943    
   13.0000000       400.000000       3.97699885E-02   3.56905532      0.138223454       3.87236049E-10   5.43430895E-02  0.146702111     -0.105152234     -0.512321234      0.311836392     -0.443253547    
   2.00000000       400.000000       3.99327539E-02   3.60901117      0.142264232       3.94155153E-10   5.16654961E-02  0.144212082      -9.43044871E-02 -0.530227780      0.308070511     -0.453841358    
   3.00000000       400.000000       4.01016437E-02   3.64905024      0.146417975       4.01214673E-10   4.87205908E-02  0.141787246      -8.34881961E-02 -0.548644781      0.304722697     -0.466323644    
   4.00000000       400.000000       4.02740240E-02   3.68916464      0.150712699       4.08484080E-10   4.54060361E-02  0.139421582      -7.28248879E-02 -0.567709386      0.301789433     -0.481550097    
   5.00000000       400.000000       4.04453352E-02   3.72949243      0.155179918       4.16040202E-10   4.16865423E-02  0.137123793      -6.21404983E-02 -0.587514937      0.299276352     -0.500139832    
   6.00000000       400.000000       4.06209007E-02   3.77015471      0.159871638       4.24009383E-10   3.78352143E-02  0.134894565      -5.17112687E-02 -0.608255029      0.297175318     -0.523408771    
   7.00000000       400.000000       4.08019014E-02   3.81062984      0.164849401       4.32541808E-10   3.38532254E-02  0.132729560      -4.24576029E-02 -0.630133808      0.295443177     -0.553684056    
   8.00000000       400.000000       4.09835242E-02   3.85157919      0.170199081       4.41837289E-10   2.94834618E-02  0.130629450      -3.51672508E-02 -0.653537333      0.294002146     -0.595919490    
   9.00000000       400.000000       4.11677249E-02   3.89264297      0.176061690       4.52234139E-10   2.47525964E-02  0.128569335      -3.21132839E-02 -0.679087102      0.292679757     -0.667517543    
   10.0000000       800.000000       4.13518026E-02   3.93391180      0.182515204       4.63893313E-10   2.13614572E-02  0.126528010      -3.43571790E-02 -0.708620548      0.291258693     -0.739416242    
   11.0000000       800.000000       4.15420607E-02   3.97551847      0.189201400       4.75874895E-10   1.85015984E-02  0.124498323      -4.46086228E-02 -0.740381777      0.289406538     -0.769342065    
   12.0000000       800.000000       4.17331755E-02   4.01692963      0.195923895       4.87674900E-10   1.60530657E-02  0.122486137      -6.07934557E-02 -0.772689104      0.286868989     -0.748842537    
   13.0000000       800.000000       4.19295840E-02   4.05884504      0.202510849       4.98874719E-10   1.41204745E-02  0.120505892      -7.17011243E-02 -0.803032279      0.283862382     -0.686498761    
   2.00000000       800.000000       4.21275869E-02   4.10084629      0.208797693       5.09089937E-10   1.23021724E-02  0.118572854      -6.66272864E-02 -0.830391586      0.281055838     -0.618285954    
   3.00000000       800.000000       4.23264094E-02   4.14324856      0.214801803       5.18393939E-10   1.05625587E-02  0.116690025      -4.27530892E-02 -0.855246663      0.279246300     -0.567094028    
   4.00000000       800.000000       4.25276794E-02   4.18554831      0.220534846       5.26833577E-10   8.94267764E-03  0.114855714      -1.00775994E-02 -0.878512561      0.278818130     -0.531420887    
   5.00000000       800.000000       4.27326299E-02   4.22826385      0.226081088       5.34637890E-10   7.51395151E-03  0.113067321       1.47340391E-02 -0.900556982      0.279446781     -0.498547822    
   6.00000000       800.000000       4.29400988E-02   4.27117634      0.231372565       5.41663103E-10   6.24447688E-03  0.111326121       2.27910150E-02 -0.921224356      0.280426055     -0.472939938    
   7.00000000       800.000000       4.31519486E-02   4.31416321      0.236459896       5.48049217E-10   5.07524516E-03  0.109629057       1.49988616E-02 -0.941273212      0.281073004     -0.456716806    
   8.00000000       800.000000       4.33655083E-02   4.35740662      0.241375327       5.53889157E-10   4.02995571E-03  0.107973725       2.57295369E-06 -0.960739613      0.281073153     -0.456571817    
   9.00000000       800.000000       4.35808785E-02   4.40067959      0.246440023       5.59923719E-10   3.07073491E-03  0.106359310      -1.02914870E-02 -0.980973125      0.280625015     -0.471576184    
   10.0000000       800.000000       4.38009016E-02   4.44439697      0.251674026       5.66195257E-10   2.19026068E-03  0.104783550      -5.21927048E-03  -1.00194860      0.280396253     -0.498059869    
   11.0000000       800.000000       4.40220647E-02   4.48833799      0.257327706       5.73250392E-10   1.34663936E-03  0.103243284       1.09123914E-02  -1.02471399      0.280876637     -0.503955364    
   12.0000000       800.000000       4.42490242E-02   4.53246212      0.262779832       5.79695292E-10   5.66338422E-04  0.101737559       2.29244661E-02  -1.04643250      0.281890899     -0.474953771    
   13.0000000       800.000000       4.44775447E-02   4.57707596      0.267300934       5.83954218E-10  -1.16136449E-04  0.100267954       3.21956836E-02  -1.06685305      0.283322752     -0.447690517    
   2.00000000       800.000000       4.47068773E-02   4.62136841      0.270883501       5.86071580E-10  -4.76531743E-04   9.88316163E-02   3.65060270E-02  -1.08635771      0.284955621     -0.353859991    
   3.00000000       800.000000       4.49385233E-02   4.66624355      0.272680998       5.84294391E-10  -5.12099883E-04   9.74284038E-02   3.23847793E-02  -1.09857571      0.286410064     -0.230708271    
   4.00000000       800.000000       4.51754220E-02   4.71121693      0.273350328       5.80126835E-10  -4.83622425E-04   9.60565805E-02   2.49940343E-02  -1.10714853      0.287539601     -0.163627923    
   5.00000000       800.000000       4.54156250E-02   4.75678205      0.273242414       5.74374159E-10  -4.60474781E-04   9.47150439E-02   2.09518280E-02  -1.11339724      0.288490891     -0.112828836    
   6.00000000       800.000000       4.56556603E-02   4.80203438      0.272436619       5.67249525E-10  -4.47228434E-04   9.34019983E-02   2.03172117E-02  -1.11742246      0.289418697      -6.18204959E-02
   7.00000000       800.000000       4.59001064E-02   4.84787893      0.271021396       5.58975255E-10  -4.51836269E-04   9.21166167E-02   2.10659783E-02  -1.11905789      0.290385365      -1.98581740E-02
   8.00000000       800.000000       4.61495221E-02   4.89382601      0.269103289       5.49799872E-10  -4.78214264E-04   9.08578485E-02   2.17626188E-02  -1.11925209      0.291390032      -1.40065257E-03
   9.00000000       800.000000       4.64015417E-02   4.94037914      0.266795397       5.39979672E-10  -5.32670354E-04   8.96243155E-02   2.16707401E-02  -1.11918914      0.292395175      -1.35284178E-02
   10.0000000       800.000000       4.66544069E-02   4.98703766      0.264316112       5.29970012E-10  -6.02849061E-04   8.84139165E-02   2.03526113E-02  -1.12051046      0.293345064      -4.95505817E-02
   11.0000000       800.000000       4.69110720E-02   5.03345490      0.261801124       5.20048116E-10  -6.75459683E-04   8.72246176E-02   1.77289676E-02  -1.12382448      0.294176102      -9.13858563E-02
   12.0000000       800.000000       4.71705161E-02   5.08080530      0.259389073       5.10486320E-10  -7.41301279E-04   8.60545263E-02   1.45791350E-02  -1.12910962      0.294864088     -0.125214666    
   13.0000000       800.000000       4.74330559E-02   5.12793064      0.257136494       5.01386044E-10  -7.92329782E-04   8.49027038E-02   1.22100599E-02  -1.13566923      0.295442998     -0.143752933    
   2.00000000       800.000000       4.76989783E-02   5.17558718      0.255049855       4.92744845E-10  -8.30107601E-04   8.37679058E-02   1.16356760E-02  -1.14278567      0.295998693     -0.150063887    
   3.00000000       800.000000       4.79672700E-02   5.22343826      0.253121436       4.84541463E-10  -8.52490601E-04   8.26500729E-02   1.20420968E-02  -1.15002763      0.296576142     -0.148217604    
   4.00000000       800.000000       4.82396744E-02   5.27148342      0.251287848       4.76643613E-10  -8.67876632E-04   8.15492272E-02   1.17838187E-02  -1.15704489      0.297144562     -0.143433824    
   5.00000000       800.000000       4.85143214E-02   5.32006216      0.249554113       4.69048855E-10  -8.76505626E-04   8.04651231E-02   1.03460550E-02  -1.16390514      0.297646254     -0.139889166    
   6.00000000       800.000000       4.87925000E-02   5.36836243      0.247909486       4.61735872E-10  -8.78939813E-04   7.93976262E-02   8.69823061E-03  -1.17065465      0.298070371     -0.137937322    
   7.00000000       800.000000       4.90735136E-02   5.41723442      0.246350020       4.54685956E-10  -8.74854159E-04   7.83465207E-02   7.94364512E-03  -1.17740393      0.298460603     -0.137392968    
   8.00000000       800.000000       4.93605398E-02   5.46674824      0.244860336       4.47868326E-10  -8.65624403E-04   7.73115754E-02   8.00944306E-03  -1.18418133      0.298856229     -0.138168231    
   9.00000000       800.000000       4.96459454E-02   5.51635075      0.243449196       4.41290726E-10  -8.49654840E-04   7.62925595E-02   7.82699231E-03  -1.19108248      0.299244761     -0.139131829    
   10.0000000       800.000000       4.99367975E-02   5.56616688      0.242088243       4.34898950E-10  -8.30491248E-04   7.52890706E-02   6.95645157E-03  -1.19803560      0.299591839     -0.140140653    
   11.0000000       800.000000       5.02316244E-02   5.61612844      0.240787983       4.28706209E-10  -8.05358635E-04   7.43014365E-02   6.01335708E-03  -1.20512211      0.299893856     -0.141060516    
   12.0000000       800.000000       5.05279116E-02   5.66623640      0.239525408       4.22665708E-10  -7.78047892E-04   7.33283609E-02   5.75131550E-03  -1.21224904      0.300184727     -0.141014442    
   13.0000000       800.000000       5.08273505E-02   5.71697474      0.238296047       4.16768869E-10  -7.48306920E-04   7.23707825E-02   5.64180501E-03  -1.21941328      0.300471574     -0.140538171    
   2.00000000       800.000000       5.11321910E-02   5.76780939      0.237092167       4.10999262E-10  -7.17221817E-04   7.14276433E-02   5.14016673E-03  -1.22657728      0.300733924     -0.139651075    
   3.00000000       800.000000       5.14377542E-02   5.81939650      0.235912681       4.05349504E-10  -6.85207662E-04   7.04986155E-02   4.73493012E-03  -1.23373640      0.300977916     -0.138308242    
   4.00000000       800.000000       5.17485440E-02   5.87104797      0.234748334       3.99804662E-10  -6.53372786E-04   6.95837811E-02   4.45584627E-03  -1.24084949      0.301208735     -0.136888802    
   5.00000000       800.000000       5.20629622E-02   5.92277527      0.233606979       3.94374672E-10  -6.20628765E-04   6.86828271E-02   4.01622569E-03  -1.24794924      0.301417738     -0.135603532    
   6.00000000       800.000000       5.23787588E-02   5.97483015      0.232484266       3.89049293E-10  -5.88082767E-04   6.77954704E-02   3.85421119E-03  -1.25501168      0.301619738     -0.133990735    
   7.00000000       800.000000       5.26992045E-02   6.02751064      0.231379718       3.83825360E-10  -5.56009298E-04   6.69214502E-02   3.59369372E-03  -1.26202965      0.301808923     -0.132207125    
   8.00000000       800.000000       5.30240014E-02   6.08028364      0.230290562       3.78697518E-10  -5.24918432E-04   6.60606548E-02   3.14852851E-03  -1.26898813      0.301975697     -0.130428463    
   9.00000000       800.000000       5.33496812E-02   6.13364077      0.229214743       3.73659520E-10  -4.94970416E-04   6.52126297E-02   2.86651938E-03  -1.27590072      0.302129120     -0.128750831    
   10.0000000       800.000000       5.36804311E-02   6.18732548      0.228151515       3.68709063E-10  -4.66743659E-04   6.43774047E-02   2.82219891E-03  -1.28277099      0.302280396     -0.126968205    
   11.0000000       800.000000       5.40157408E-02   6.24103832      0.227096274       3.63838154E-10  -4.40161821E-04   6.35545030E-02   2.57186312E-03  -1.28957725      0.302418917     -0.125264034    
   12.0000000       800.000000       5.43518029E-02   6.29508209      0.226050898       3.59046570E-10  -4.15589486E-04   6.27436489E-02   2.21667928E-03  -1.29634452      0.302539527     -0.123764902    
   13.0000000       800.000000       5.46922497E-02   6.34962225      0.225013629       3.54328983E-10  -3.92251211E-04   6.19448051E-02   2.20121234E-03  -1.30307150      0.302659929     -0.122440837    
   2.00000000       800.000000       5.50380871E-02   6.40445566      0.223986879       3.49690582E-10  -3.70269729E-04   6.11576848E-02   2.11979635E-03  -1.30978096      0.302776784     -0.121190988    
   3.00000000       800.000000       5.53847216E-02   6.45976830      0.222964361       3.45120321E-10  -3.49464506E-04   6.03822321E-02   1.79653498E-03  -1.31645417      0.302876234     -0.119711265    
   4.00000000       800.000000       5.57359010E-02   6.51546860      0.221943140       3.40609985E-10  -3.31065094E-04   5.96178323E-02   1.68499723E-03  -1.32308221      0.302969903     -0.117700726    
   5.00000000       800.000000       5.60912378E-02   6.57112312      0.220913872       3.36145223E-10  -3.15746991E-04   5.88645786E-02   1.59560458E-03  -1.32961524      0.303059459     -0.115219794    
   6.00000000       800.000000       5.64479530E-02   6.62756824      0.219873577       3.31721900E-10  -3.04624467E-04   5.81221990E-02   1.34535425E-03  -1.33604825      0.303135753     -0.112539701    
   7.00000000       800.000000       5.68098128E-02   6.68420267      0.218819484       3.27334049E-10  -2.97486142E-04   5.73903807E-02   1.19261921E-03  -1.34236324      0.303203136     -0.109811798    
   8.00000000       800.000000       5.71758151E-02   6.74102211      0.217749223       3.22979421E-10  -2.94409459E-04   5.66689558E-02   1.06173148E-03  -1.34856689      0.303263515     -0.107169822    
   9.00000000       800.000000       5.75454868E-02   6.79867172      0.216658473       3.18650412E-10  -2.95244507E-04   5.59580028E-02   9.12393269E-04  -1.35465741      0.303316593     -0.104110636    
   10.0000000       800.000000       5.79212233E-02   6.85620070      0.215536371       3.14329673E-10  -3.02125758E-04   5.52566946E-02   8.00903421E-04  -1.36058784      0.303363115     -0.100141771    
   11.0000000       800.000000       5.82982525E-02   6.91421032      0.214377239       3.10011988E-10  -3.15383601E-04   5.45652583E-02   7.34696165E-04  -1.36629510      0.303405672      -9.63517725E-02
   12.0000000       800.000000       5.86755127E-02   6.97270107      0.213203415       3.05729247E-10  -3.32646014E-04   5.38832992E-02   6.60542515E-04  -1.37186038      0.303444356      -9.38139409E-02
   13.0000000       800.000000       5.90622984E-02   7.03143930      0.212032557       3.01505071E-10  -3.49899317E-04   5.32109104E-02   5.59849956E-04  -1.37734175      0.303477287      -9.22858566E-02
   2.00000000       800.000000       5.94485030E-02   7.09108067      0.210875973       2.97353697E-10  -3.65830725E-04   5.25475852E-02   4.84391610E-04  -1.38279545      0.303506136      -9.12683681E-02
   3.00000000       800.000000       5.98436110E-02   7.15043688      0.209736243       2.93280150E-10  -3.78900673E-04   5.18934578E-02   4.43317927E-04  -1.38822806      0.303532660      -9.07036215E-02
   4.00000000       800.000000       6.02373928E-02   7.21079636      0.208623216       2.89294755E-10  -3.88634566E-04   5.12483604E-02   3.88815766E-04  -1.39369023      0.303556114      -9.05120447E-02
   5.00000000       800.000000       6.06374219E-02   7.27131176      0.207539409       2.85399565E-10  -3.93510709E-04   5.06119020E-02   3.59059864E-04  -1.39916897      0.303578198      -9.08552036E-02
   6.00000000       800.000000       6.10392392E-02   7.33202028      0.206495792       2.81609125E-10  -3.92673624E-04   4.99843806E-02   3.20017105E-04  -1.40474164      0.303597689      -9.18693915E-02
   7.00000000       800.000000       6.14471473E-02   7.39313030      0.205494791       2.77922324E-10  -3.84876650E-04   4.93653864E-02   2.69704964E-04  -1.41041946      0.303614020      -9.31181163E-02
   8.00000000       800.000000       6.18590638E-02   7.45494413      0.204532206       2.74332751E-10  -3.71144444E-04   4.87548821E-02   2.32310413E-04  -1.41622269      0.303628653      -9.39816982E-02
   9.00000000       800.000000       6.22721761E-02   7.51700449      0.203596592       2.70822503E-10  -3.52850679E-04   4.81530800E-02   2.21673588E-04  -1.42208791      0.303642511      -9.42432657E-02
   10.0000000       800.000000       6.26941621E-02   7.57950735      0.202681661       2.67382366E-10  -3.31941177E-04   4.75592501E-02   2.21769398E-04  -1.42799914      0.303656071      -9.40882862E-02
   11.0000000       800.000000       6.31151870E-02   7.64244461      0.201781735       2.64004707E-10  -3.08910443E-04   4.69737761E-02   2.32853825E-04  -1.43392253      0.303671360      -9.38136876E-02
   12.0000000       800.000000       6.35424033E-02   7.70559978      0.200899705       2.60690525E-10  -2.84270645E-04   4.63962294E-02   2.39856498E-04  -1.43988442      0.303685725      -9.35763940E-02
   13.0000000       800.000000       6.39760271E-02   7.76949692      0.200032309       2.57434379E-10  -2.57927721E-04   4.58266549E-02   2.56542931E-04  -1.44585681      0.303702474      -9.32116508E-02
   2.00000000       800.000000       6.44085407E-02   7.83382225      0.199178323       2.54235244E-10  -2.30869351E-04   4.52649295E-02   2.76701001E-04  -1.45185030      0.303719997      -9.25390348E-02
   3.00000000       800.000000       6.48498610E-02   7.89831066      0.198329881       2.51080573E-10  -2.03946518E-04   4.47107852E-02   2.84785579E-04  -1.45781934      0.303739220      -9.13016126E-02
   4.00000000       800.000000       6.52926117E-02   7.96304750      0.197478190       2.47959570E-10  -1.79040100E-04   4.41643894E-02   3.08406889E-04  -1.46373045      0.303759307      -8.93161744E-02
   5.00000000       800.000000       6.57397360E-02   8.02879810      0.196610570       2.44855858E-10  -1.57970891E-04   4.36252244E-02   3.11298936E-04  -1.46952331      0.303778917      -8.64776298E-02
   6.00000000       800.000000       6.61928579E-02   8.09504509      0.195717409       2.41756559E-10  -1.42670266E-04   4.30932380E-02   3.36769794E-04  -1.47513950      0.303801954      -8.29230025E-02
   7.00000000       800.000000       6.66503683E-02   8.16145802      0.194787979       2.38650905E-10  -1.34439018E-04   4.25686203E-02   3.44686589E-04  -1.48053944      0.303824633      -7.88196847E-02
   8.00000000       800.000000       6.71091229E-02   8.22835445      0.193818763       2.35533121E-10  -1.34128961E-04   4.20508422E-02   3.50639195E-04  -1.48568487      0.303848624      -7.44839832E-02
   9.00000000       800.000000       6.75772652E-02   8.29508305      0.192808717       2.32403805E-10  -1.41517536E-04   4.15397994E-02   3.59355123E-04  -1.49057019      0.303872198      -7.03766197E-02
   10.0000000       800.000000       6.80434331E-02   8.36327362      0.191765845       2.29272018E-10  -1.55316346E-04   4.10355590E-02   3.43341700E-04  -1.49522948      0.303895772      -6.69664592E-02
   11.0000000       800.000000       6.85164854E-02   8.43160915      0.190701127       2.26153291E-10  -1.73201377E-04   4.05379944E-02   3.38383048E-04  -1.49971652      0.303918928      -6.45517558E-02
   12.0000000       800.000000       6.89990669E-02   8.50011826      0.189630613       2.23064553E-10  -1.92508960E-04   4.00466062E-02   3.08717077E-04  -1.50410414      0.303940088      -6.32899851E-02
   13.0000000       800.000000       6.94770738E-02   8.56972027      0.188567683       2.20021959E-10  -2.10363942E-04   3.95618714E-02   2.86471244E-04  -1.50848091      0.303960532      -6.30148351E-02
   2.00000000       800.000000       6.99650571E-02   8.63913631      0.187522069       2.17036542E-10  -2.25089287E-04   3.90832685E-02   2.62250891E-04  -1.51289010      0.303978682      -6.32107779E-02
   3.00000000       800.000000       7.04544336E-02   8.70913506      0.186496660       2.14108786E-10  -2.36145934E-04   3.86108868E-02   2.49473087E-04  -1.51735508      0.303996086      -6.34500310E-02
   4.00000000       800.000000       7.09533468E-02   8.77987480      0.185489953       2.11238430E-10  -2.43646457E-04   3.81445475E-02   2.34652514E-04  -1.52186561      0.304012746      -6.36295751E-02
   5.00000000       800.000000       7.14557767E-02   8.85152435      0.184502631       2.08423986E-10  -2.47544871E-04   3.76843177E-02   2.24154413E-04  -1.52641749      0.304028660      -6.39314651E-02
   6.00000000       800.000000       7.19595850E-02   8.92326069      0.183538437       2.05668343E-10  -2.47214921E-04   3.72299999E-02   2.04714015E-04  -1.53103364      0.304043978      -6.46075979E-02
   7.00000000       800.000000       7.24673644E-02   8.99552822      0.182601690       2.02975955E-10  -2.41853078E-04   3.67816202E-02   1.86041158E-04  -1.53574705      0.304056853      -6.55784979E-02
   8.00000000       800.000000       7.29827210E-02   9.06822109      0.181692630       2.00345893E-10  -2.31352402E-04   3.63389067E-02   1.58670460E-04  -1.54057133      0.304068774      -6.64746165E-02
   9.00000000       800.000000       7.35015273E-02   9.14107132      0.180806309       1.97771313E-10  -2.16531975E-04   3.59021537E-02   1.31447436E-04  -1.54548669      0.304077804      -6.69638589E-02
   10.0000000       800.000000       7.40236938E-02   9.21487141      0.179935828       1.95243918E-10  -1.98629525E-04   3.54711004E-02   1.05724830E-04  -1.55045259      0.304085851      -6.70160502E-02
   11.0000000       800.000000       7.45541826E-02   9.28909588      0.179077700       1.92758282E-10  -1.78587987E-04   3.50454338E-02   7.98572655E-05  -1.55544317      0.304092258      -6.67862967E-02
   12.0000000       800.000000       7.50876293E-02   9.36382198      0.178228125       1.90310934E-10  -1.57104005E-04   3.46255004E-02   5.94328485E-05  -1.56044447      0.304096490      -6.62790537E-02
   13.0000000       800.000000       7.56227747E-02   9.43945217      0.177382708       1.87896185E-10  -1.35079361E-04   3.42110097E-02   3.71082060E-05  -1.56543362      0.304099530      -6.53222501E-02
   2.00000000       800.000000       7.61684179E-02   9.51551723      0.176533371       1.85505611E-10  -1.13801005E-04   3.38019952E-02   1.81365740E-05  -1.57036328      0.304100573      -6.37151375E-02
   3.00000000       800.000000       7.67170042E-02   9.59179592      0.175670430       1.83127416E-10  -9.53632698E-05   3.33980620E-02   1.60590616E-06  -1.57517135      0.304100841      -6.10188656E-02
   4.00000000       800.000000       7.72694573E-02   9.66848755      0.174775213       1.80743545E-10  -8.27566619E-05   3.29992585E-02  -1.41099335E-05  -1.57975507      0.304099739      -5.69764897E-02
   5.00000000       800.000000       7.78230131E-02   9.74612713      0.173835650       1.78341245E-10  -7.84645163E-05   3.26055996E-02  -2.55369469E-05  -1.58400929      0.304097712      -5.22457547E-02
   6.00000000       800.000000       7.83851892E-02   9.82425022      0.172848761       1.75918863E-10  -8.28419215E-05   3.22167762E-02  -3.63637373E-05  -1.58791900      0.304095000      -4.76451330E-02
   7.00000000       800.000000       7.89523125E-02   9.90284920      0.171819434       1.73482367E-10  -9.48939341E-05   3.18330675E-02  -4.21380792E-05  -1.59150589      0.304091811      -4.35230955E-02
   8.00000000       800.000000       7.95280412E-02   9.98241329      0.170758262       1.71041917E-10  -1.12629372E-04   3.14538032E-02  -4.39865398E-05  -1.59481442      0.304087907      -4.04969975E-02
   9.00000000       800.000000       8.01055804E-02   10.0623922      0.169684663       1.68618647E-10  -1.32475849E-04   3.10794935E-02  -4.54185247E-05  -1.59797156      0.304084569      -3.91200855E-02
   10.0000000       800.000000       8.06882754E-02   10.1425762      0.168621615       1.66234054E-10  -1.50257125E-04   3.07097323E-02  -4.93330044E-05  -1.60110676      0.304080397      -3.94094996E-02
   11.0000000       800.000000       8.12722519E-02   10.2231703      0.167589068       1.63907332E-10  -1.62435856E-04   3.03445403E-02  -5.15995016E-05  -1.60435081      0.304076344      -4.09761369E-02
   12.0000000       800.000000       8.18665698E-02   10.3048105      0.166597649       1.61647709E-10  -1.66900558E-04   2.99838763E-02  -5.18158486E-05  -1.60779107      0.304072171      -4.31146696E-02
   13.0000000       800.000000       8.24698508E-02   10.3871059      0.165647447       1.59454727E-10  -1.63459816E-04   2.96275783E-02  -5.05370954E-05  -1.61143863      0.304067850      -4.50287685E-02
   2.00000000       800.000000       8.30690786E-02   10.4702911      0.164728329       1.57316216E-10  -1.53853020E-04   2.92759016E-02  -4.82298565E-05  -1.61524343      0.304063529      -4.60552461E-02
   3.00000000       800.000000       8.36792067E-02   10.5531397      0.163827732       1.55220309E-10  -1.40351476E-04   2.89287660E-02  -4.45697588E-05  -1.61911786      0.304059923      -4.62495536E-02
   4.00000000       800.000000       8.42924491E-02   10.6371202      0.162938192       1.53158305E-10  -1.24485086E-04   2.85858810E-02  -4.04190105E-05  -1.62301171      0.304056972      -4.60489132E-02
   5.00000000       800.000000       8.49149227E-02   10.7222576      0.162057012       1.51128346E-10  -1.06961605E-04   2.82471646E-02  -3.58551624E-05  -1.62691140      0.304053485      -4.56076339E-02
   6.00000000       800.000000       8.55400413E-02   10.8070173      0.161180392       1.49125559E-10  -8.85505360E-05   2.79127192E-02  -3.08700364E-05  -1.63078773      0.304050952      -4.47946936E-02
   7.00000000       800.000000       8.61672983E-02   10.8929453      0.160301805       1.47143742E-10  -7.04236445E-05   2.75827348E-02  -2.56867115E-05  -1.63460040      0.304049164      -4.34019975E-02
   8.00000000       800.000000       8.68062824E-02   10.9799843      0.159411788       1.45173748E-10  -5.44164759E-05   2.72565503E-02  -2.05808792E-05  -1.63829637      0.304046839      -4.10848297E-02
   9.00000000       800.000000       8.74475688E-02   11.0664978      0.158494920       1.43202436E-10  -4.32817724E-05   2.69346368E-02  -1.60939690E-05  -1.64176118      0.304045737      -3.74513417E-02
   10.0000000       800.000000       8.80924463E-02   11.1543617      0.157534510       1.41215067E-10  -4.00715180E-05   2.66164299E-02  -1.00401912E-05  -1.64486790      0.304045051      -3.26627120E-02
   11.0000000       800.000000       8.87458175E-02   11.2425718      0.156523198       1.39205023E-10  -4.65096891E-05   2.63024848E-02  -2.29635498E-06  -1.64753544      0.304044425      -2.76954826E-02
   12.0000000       800.000000       8.94047245E-02   11.3320246      0.155469984       1.37181266E-10  -6.11375872E-05   2.59918794E-02   4.91357923E-06  -1.64980435      0.304045230      -2.38321554E-02
   13.0000000       800.000000       9.00711343E-02   11.4218473      0.154396981       1.35164324E-10  -7.96784661E-05   2.56854054E-02   1.04004930E-05  -1.65181327      0.304045439      -2.20825840E-02
   2.00000000       800.000000       9.07422155E-02   11.5118284      0.153334960       1.33180467E-10  -9.62411941E-05   2.53824759E-02   1.41867185E-05  -1.65379655      0.304047465      -2.27337740E-02
   3.00000000       800.000000       9.14164707E-02   11.6033077      0.152309269       1.31251038E-10  -1.06003674E-04   2.50831749E-02   1.54947593E-05  -1.65595520      0.304048985      -2.48409603E-02
   4.00000000       800.000000       9.20993984E-02   11.6952047      0.151325673       1.29380381E-10  -1.07308289E-04   2.47874353E-02   1.70773201E-05  -1.65835249      0.304050177      -2.71351654E-02
   5.00000000       800.000000       9.27866399E-02   11.7873383      0.150380686       1.27564015E-10  -1.00865655E-04   2.44955905E-02   2.04340759E-05  -1.66097450      0.304052681      -2.89005414E-02
   6.00000000       800.000000       9.34779644E-02   11.8806105      0.149463370       1.25792182E-10  -8.87142087E-05   2.42070053E-02   2.37488548E-05  -1.66373634      0.304054350      -2.97441557E-02
   7.00000000       800.000000       9.41774696E-02   11.9743528      0.148561344       1.24053365E-10  -7.32523695E-05   2.39220709E-02   2.61672139E-05  -1.66655529      0.304056615      -2.97144242E-02
   8.00000000       800.000000       9.48819369E-02   12.0688763      0.147666216       1.22339971E-10  -5.64076108E-05   2.36407574E-02   2.82284891E-05  -1.66935289      0.304059118      -2.90355347E-02
   9.00000000       800.000000       9.55979601E-02   12.1640635      0.146769777       1.20644938E-10  -3.97395524E-05   2.33625378E-02   2.93891062E-05  -1.67208719      0.304062098      -2.76652910E-02
   10.0000000       800.000000       9.63135287E-02   12.2600622      0.145861596       1.18960078E-10  -2.51634610E-05   2.30880026E-02   3.02490844E-05  -1.67466605      0.304065645      -2.54328977E-02
   11.0000000       800.000000       9.70358253E-02   12.3568468      0.144928917       1.17274843E-10  -1.51752529E-05   2.28169281E-02   3.05007688E-05  -1.67700100      0.304068029      -2.20073555E-02
   12.0000000       800.000000       9.77677032E-02   12.4544106      0.143955022       1.15575757E-10  -1.28238671E-05   2.25489940E-02   3.03307643E-05  -1.67895281      0.304071069      -1.73696820E-02
   13.0000000       800.000000       9.85076427E-02   12.5523767      0.142932072       1.13857153E-10  -2.00385257E-05   2.22841259E-02   3.02991248E-05  -1.68041205      0.304074317      -1.25374068E-02
   2.00000000       800.000000       9.92456749E-02   12.6510534      0.141871095       1.12128695E-10  -3.51279741E-05   2.20227055E-02   2.99881322E-05  -1.68142951      0.304077029      -9.14102141E-03
   3.00000000       800.000000       9.99961421E-02   12.7503929      0.140800521       1.10413317E-10  -5.26303302E-05   2.17640754E-02   2.83046684E-05  -1.68223262      0.304079860      -8.22395086E-03
   4.00000000       800.000000      0.100751281       12.8514633      0.139752254       1.08735139E-10  -6.59789293E-05   2.15086788E-02   2.62778703E-05  -1.68308187      0.304082632      -9.75750014E-03
   5.00000000       800.000000      0.101513669       12.9527330      0.138747826       1.07110813E-10  -7.04934573E-05   2.12562848E-02   2.42803490E-05  -1.68420684      0.304084808      -1.24163171E-02
   6.00000000       800.000000      0.102282949       13.0543804      0.137785897       1.05537787E-10  -6.60594014E-05   2.10069660E-02   2.18644000E-05  -1.68561149      0.304086924      -1.44494222E-02
   7.00000000       800.000000      0.103057869       13.1565609      0.136850983       1.04003951E-10  -5.54826620E-05   2.07604822E-02   1.95422399E-05  -1.68717289      0.304089487      -1.52842104E-02
   8.00000000       800.000000      0.103839546       13.2604132      0.135930300       1.02498093E-10  -4.17332885E-05   2.05171928E-02   1.71998363E-05  -1.68877292      0.304090887      -1.51371323E-02
   9.00000000       800.000000      0.104626514       13.3645535      0.135012910       1.01012317E-10  -2.72270499E-05   2.02767570E-02   1.49021844E-05  -1.69032907      0.304092497      -1.41566312E-02
   10.0000000       800.000000      0.105420068       13.4691267      0.134088352       9.95383775E-11  -1.40612574E-05   2.00390685E-02   1.25047090E-05  -1.69174981      0.304094344      -1.22349095E-02
   11.0000000       800.000000      0.106228657       13.5754204      0.133142799       9.80659443E-11  -4.52258291E-06   1.98046770E-02   1.00168527E-05  -1.69291782      0.304094613      -9.31954850E-03
   12.0000000       800.000000      0.107034281       13.6821260      0.132165790       9.65878141E-11  -1.21519656E-06   1.95727721E-02   7.37923210E-06  -1.69373357      0.304095656      -5.52631868E-03
   13.0000000       800.000000      0.107849084       13.7891541      0.131149769       9.50984083E-11  -5.85186717E-06   1.93436425E-02   4.73858881E-06  -1.69410574      0.304096371      -1.44787086E-03
   2.00000000       800.000000      0.108672515       13.8981247      0.130102545       9.36042216E-11  -1.73123408E-05   1.91171579E-02   2.01304647E-06  -1.69405174      0.304096311       1.49999314E-03
   3.00000000       800.000000      0.109497771       14.0066690      0.129049391       9.21234408E-11  -3.04295154E-05   1.88934170E-02  -4.96515838E-07  -1.69377756      0.304095685       2.04274477E-03
   4.00000000       800.000000      0.110339761       14.1170921      0.128020525       9.06774864E-11  -3.91075009E-05   1.86722204E-02  -2.63275911E-06  -1.69360137      0.304095954       6.01246138E-04
   5.00000000       800.000000      0.111177742       14.2269335      0.127027571       8.92738106E-11  -4.02249170E-05   1.84536688E-02  -4.38859479E-06  -1.69364619      0.304095477      -1.28915464E-03
   6.00000000       800.000000      0.112030037       14.3394938      0.126065969       8.79084028E-11  -3.44133987E-05   1.82377566E-02  -6.20542232E-06  -1.69388640      0.304094732      -2.53212987E-03
   7.00000000       800.000000      0.112885214       14.4517355      0.125123084       8.65719996E-11  -2.41798862E-05   1.80244632E-02  -7.79487436E-06  -1.69421399      0.304094642      -2.78588035E-03
   8.00000000       800.000000      0.113750286       14.5650282      0.124187283       8.52559273E-11  -1.24764865E-05   1.78134516E-02  -9.05527941E-06  -1.69452047      0.304093242      -1.95656158E-03
   9.00000000       800.000000      0.114624061       14.6793976      0.123243466       8.39497152E-11  -2.15890918E-06   1.76055655E-02  -1.01220494E-05  -1.69466066      0.304092437       2.57967040E-05
   10.0000000       800.000000      0.115506783       14.7940674      0.122278541       8.26447244E-11   4.13008593E-06   1.73997246E-02  -1.09817474E-05  -1.69451284      0.304090708       2.90724076E-03
   11.0000000       800.000000      0.116393380       14.9101496      0.121285990       8.13361808E-11   4.65301810E-06   1.71960685E-02  -1.15172606E-05  -1.69398749      0.304089189       6.09290041E-03
   12.0000000       800.000000      0.117281690       15.0272551      0.120268211       8.00267907E-11  -4.39428618E-07   1.69953760E-02  -1.19479837E-05  -1.69309163      0.304087520       8.81499890E-03
   13.0000000       800.000000      0.118191823       15.1445360      0.119238228       7.87245963E-11  -8.33528702E-06   1.67967584E-02  -1.22600832E-05  -1.69191337      0.304086536       1.01300636E-02
   2.00000000       800.000000      0.119099334       15.2630339      0.118218310       7.74444328E-11  -1.45545337E-05   1.66002288E-02  -1.21843404E-05  -1.69068575      0.304085344       9.75232013E-03
   3.00000000       800.000000      0.120015435       15.3828135      0.117222704       7.61953556E-11  -1.57727136E-05   1.64061971E-02  -1.20202849E-05  -1.68958044      0.304083735       8.67734291E-03
   4.00000000       800.000000      0.120940529       15.5036430      0.116250224       7.49760740E-11  -1.16983456E-05   1.62145365E-02  -1.15495795E-05  -1.68859470      0.304082036       7.93084782E-03
   5.00000000       800.000000      0.121867239       15.6249332      0.115292311       7.37808425E-11  -4.18156196E-06   1.60252079E-02  -1.10797373E-05  -1.68765497      0.304081142       7.97736645E-03
   6.00000000       800.000000      0.122810721       15.7464323      0.114337809       7.26012375E-11   3.97291024E-06   1.58379953E-02  -1.04844275E-05  -1.68664372      0.304079115       9.11239907E-03
   7.00000000       800.000000      0.123757191       15.8707790      0.113371663       7.14286824E-11   9.88327429E-06   1.56528689E-02  -9.71977443E-06  -1.68540883      0.304078668       1.12216910E-02
   8.00000000       800.000000      0.124716990       15.9948425      0.112386875       7.02581673E-11   1.17028849E-05   1.54700410E-02  -8.84686597E-06  -1.68385494      0.304077238       1.36919757E-02
   9.00000000       800.000000      0.125679165       16.1200333      0.111384250       6.90903654E-11   9.31299383E-06   1.52894743E-02  -7.90129707E-06  -1.68197846      0.304076374       1.58788357E-02
   10.0000000       800.000000      0.126648560       16.2460766      0.110372007       6.79308554E-11   4.44693615E-06   1.51107283E-02  -6.78642391E-06  -1.67984509      0.304075390       1.72003210E-02
   11.0000000       800.000000      0.127627030       16.3736973      0.109364085       6.67879224E-11   1.83555741E-07   1.49344448E-02  -5.73109264E-06  -1.67760599      0.304074794       1.73636954E-02
   12.0000000       800.000000      0.128622070       16.5009899      0.108372353       6.56684568E-11  -7.53788981E-07   1.47597101E-02  -4.62670459E-06  -1.67540026      0.304073870       1.68466456E-02
   13.0000000       800.000000      0.129615709       16.6299458      0.107398786       6.45729997E-11   2.32177536E-06   1.45875588E-02  -3.51048720E-06  -1.67325377      0.304073513       1.64322387E-02
   2.00000000       800.000000      0.130617574       16.7607040      0.106436551       6.34978944E-11   8.12745020E-06   1.44172655E-02  -2.41814678E-06  -1.67112219      0.304073304       1.66381579E-02
   3.00000000       800.000000      0.131631613       16.8909397      0.105476350       6.24364935E-11   1.42613972E-05   1.42486291E-02  -1.41175826E-06  -1.66889107      0.304073066       1.77661590E-02
   4.00000000       800.000000      0.132658064       17.0234966      0.104506776       6.13822257E-11   1.82209660E-05   1.40827438E-02  -3.96693139E-07  -1.66642737      0.304073393       1.96114331E-02
   5.00000000       800.000000      0.133689612       17.1564980      0.103523254       6.03327041E-11   1.88337435E-05   1.39181800E-02   5.65119137E-07  -1.66366827      0.304073155       2.15325970E-02
   6.00000000       800.000000      0.134727374       17.2917385      0.102530129       5.92900867E-11   1.67280705E-05   1.37556707E-02   1.41475039E-06  -1.66064584      0.304073304       2.30023246E-02
   7.00000000       800.000000      0.135772675       17.4260139      0.101535492       5.82593002E-11   1.38694086E-05   1.35952896E-02   2.21952700E-06  -1.65744710      0.304073334       2.36904528E-02
   8.00000000       800.000000      0.136831790       17.5625153      0.100549407       5.72457429E-11   1.26267705E-05   1.34360874E-02   2.88468595E-06  -1.65419006      0.304073542       2.36671660E-02
   9.00000000       800.000000      0.137887821       17.6995029       9.95767936E-02   5.62522078E-11   1.42679664E-05   1.32791139E-02   3.42664066E-06  -1.65094399      0.304074228       2.34962106E-02
   10.0000000       800.000000      0.138969555       17.8388729       9.86146331E-02   5.52762072E-11   1.81445321E-05   1.31242629E-02   3.91053891E-06  -1.64768410      0.304075330       2.37771887E-02
   11.0000000       800.000000      0.140046909       17.9775219       9.76539031E-02   5.43129014E-11   2.22650815E-05   1.29709793E-02   4.29557213E-06  -1.64430881      0.304076165       2.47897673E-02
   12.0000000       800.000000      0.141143247       18.1181393       9.66865569E-02   5.33576135E-11   2.46312466E-05   1.28197074E-02   4.60630645E-06  -1.64071310      0.304076463       2.63034459E-02
   13.0000000       800.000000      0.142242312       18.2606220       9.57104713E-02   5.24090008E-11   2.44646999E-05   1.26699368E-02   4.83992835E-06  -1.63685560      0.304076880       2.78256182E-02
   2.00000000       800.000000      0.143348306       18.4025784       9.47285965E-02   5.14689506E-11   2.24908035E-05   1.25220930E-02   4.98863164E-06  -1.63276708      0.304077357       2.89249271E-02
   3.00000000       800.000000      0.144470185       18.5468769       9.37486142E-02   5.05412587E-11   2.04206935E-05   1.23756817E-02   5.05219396E-06  -1.62853420      0.304078281       2.94208378E-02
   4.00000000       800.000000      0.145599216       18.6916237       9.27765369E-02   4.96291237E-11   1.98257821E-05   1.22312633E-02   5.01821251E-06  -1.62423503      0.304079175       2.95463763E-02
   5.00000000       800.000000      0.146730632       18.8387299       9.18136910E-02   4.87329725E-11   2.11472361E-05   1.20886117E-02   4.91525225E-06  -1.61989582      0.304079801       2.97075529E-02
   6.00000000       800.000000      0.147886083       18.9852219       9.08564776E-02   4.78508275E-11   2.36304222E-05   1.19474400E-02   4.74825856E-06  -1.61547935      0.304080427       3.02089341E-02
   7.00000000       800.000000      0.149040878       19.1336536       8.99003223E-02   4.69797777E-11   2.58876898E-05   1.18078422E-02   4.50303833E-06  -1.61092305      0.304080993       3.11420653E-02
   8.00000000       800.000000      0.150206983       19.2841053       8.89404938E-02   4.61175299E-11   2.68530875E-05   1.16695147E-02   4.20927245E-06  -1.60616004      0.304081768       3.22562419E-02
   9.00000000       800.000000      0.151375279       19.4338169       8.79778266E-02   4.52645005E-11   2.65867911E-05   1.15335360E-02   3.87201499E-06  -1.60119545      0.304082632       3.31819877E-02
   10.0000000       800.000000      0.152559474       19.5859928       8.70163962E-02   4.44225351E-11   2.59444387E-05   1.13984905E-02   3.49974653E-06  -1.59607744      0.304082841       3.38051170E-02
   11.0000000       800.000000      0.153755501       19.7391071       8.60590935E-02   4.35928377E-11   2.57874854E-05   1.12652490E-02   3.10762539E-06  -1.59083772      0.304083079       3.42106745E-02
   12.0000000       800.000000      0.154966682       19.8943138       8.51074532E-02   4.27763172E-11   2.65026101E-05   1.11337183E-02   2.70833630E-06  -1.58551514      0.304083645       3.45750414E-02
   13.0000000       800.000000      0.156182289       20.0499210       8.41603428E-02   4.19720578E-11   2.78160751E-05   1.10037634E-02   2.30728028E-06  -1.58008492      0.304083854       3.50778848E-02
   2.00000000       800.000000      0.157407701       20.2067699       8.32151547E-02   4.11785987E-11   2.90856551E-05   1.08755911E-02   1.89590594E-06  -1.57451594      0.304084152       3.57533991E-02
   3.00000000       800.000000      0.158632427       20.3635406       8.22707266E-02   4.03953884E-11   2.98980030E-05   1.07480166E-02   1.48582842E-06  -1.56878388      0.304084599       3.64726782E-02
   4.00000000       800.000000      0.159881696       20.5234394       8.13275576E-02   3.96224442E-11   3.03625384E-05   1.06223943E-02   1.08451115E-06  -1.56289792      0.304084867       3.70941162E-02
   5.00000000       800.000000      0.161134437       20.6836548       8.03874135E-02   3.88604010E-11   3.08630588E-05   1.04983980E-02   6.96048744E-07  -1.55687726      0.304085135       3.75898704E-02
   6.00000000       800.000000      0.162408039       20.8466339       7.94511363E-02   3.81095086E-11   3.16894693E-05   1.03759486E-02   3.21097275E-07  -1.55074012      0.304085255       3.80186737E-02
   7.00000000       800.000000      0.163673609       21.0080662       7.85186067E-02   3.73702146E-11   3.28487258E-05   1.02543011E-02  -2.94690565E-08  -1.54448164      0.304085195       3.84761952E-02
   8.00000000       800.000000      0.164970547       21.1726456       7.75890425E-02   3.66412213E-11   3.40711340E-05   1.01351477E-02  -3.50958913E-07  -1.53808534      0.304085165       3.90040986E-02
   9.00000000       800.000000      0.166260168       21.3390827       7.66623542E-02   3.59226676E-11   3.51301787E-05   1.00159235E-02  -6.41629811E-07  -1.53156447      0.304084748       3.95500548E-02
   10.0000000       800.000000      0.167571649       21.5048828       7.57380351E-02   3.52141719E-11   3.60219965E-05   9.89914034E-03  -9.00773614E-07  -1.52488172      0.304084629       4.00649831E-02
   11.0000000       800.000000      0.168884769       21.6747990       7.48169795E-02   3.45158242E-11   3.68588917E-05   9.78319068E-03  -1.12604209E-06  -1.51807940      0.304084301       4.05285247E-02
   12.0000000       800.000000      0.170220941       21.8437004       7.38994330E-02   3.38280862E-11   3.77845572E-05   9.66877677E-03  -1.31850629E-06  -1.51113605      0.304083973       4.09529097E-02
   13.0000000       800.000000      0.171562597       22.0148487       7.29856193E-02   3.31499203E-11   3.87807449E-05   9.55583621E-03  -1.47508206E-06  -1.50407457      0.304083735       4.13927436E-02
   2.00000000       800.000000      0.172911152       22.1867790       7.20743388E-02   3.24821559E-11   3.96742034E-05   9.44445282E-03  -1.59768297E-06  -1.49688661      0.304083347       4.18626480E-02
   3.00000000       800.000000      0.174262822       22.3595982       7.11664855E-02   3.18242793E-11   4.03470258E-05   9.33404453E-03  -1.68829661E-06  -1.48954928      0.304083019       4.23325934E-02
   4.00000000       800.000000      0.175636902       22.5350342       7.02618137E-02   3.11754615E-11   4.08480955E-05   9.22437757E-03  -1.74767217E-06  -1.48206592      0.304082811       4.27532345E-02
   5.00000000       800.000000      0.177029908       22.7109966       6.93609640E-02   3.05367502E-11   4.13482776E-05   9.11684893E-03  -1.77750098E-06  -1.47447884      0.304082751       4.31150012E-02
   6.00000000       800.000000      0.178427994       22.8897495       6.84638396E-02   2.99076770E-11   4.19695862E-05   9.01019946E-03  -1.77841093E-06  -1.46675265      0.304082602       4.34469767E-02
   7.00000000       800.000000      0.179832757       23.0675335       6.75709918E-02   2.92886548E-11   4.27075465E-05   8.90485104E-03  -1.75147375E-06  -1.45890808      0.304082394       4.37789373E-02
   8.00000000       800.000000      0.181247130       23.2492962       6.66826814E-02   2.86790817E-11   4.34586655E-05   8.80047493E-03  -1.69897100E-06  -1.45094562      0.304081917       4.41288128E-02
   9.00000000       800.000000      0.182678327       23.4303741       6.57977462E-02   2.80790217E-11   4.41151606E-05   8.69747810E-03  -1.62523622E-06  -1.44284844      0.304081529       4.44829166E-02
   10.0000000       800.000000      0.184120178       23.6137962       6.49170503E-02   2.74880344E-11   4.46569138E-05   8.59583542E-03  -1.53487053E-06  -1.43463314      0.304081082       4.48166206E-02
   11.0000000       800.000000      0.185574606       23.7995758       6.40404224E-02   2.69061839E-11   4.51328451E-05   8.49518646E-03  -1.43231216E-06  -1.42629194      0.304080844       4.51189764E-02
   12.0000000       800.000000      0.187039450       23.9845982       6.31685928E-02   2.63329723E-11   4.56006164E-05   8.39565694E-03  -1.32067157E-06  -1.41780066      0.304080725       4.53938134E-02
   13.0000000       800.000000      0.188515589       24.1725788       6.23001643E-02   2.57697301E-11   4.60955962E-05   8.29705596E-03  -1.20262200E-06  -1.40923059      0.304080099       4.56467122E-02
   2.00000000       800.000000      0.190003842       24.3626595       6.14362173E-02   2.52153645E-11   4.66385136E-05   8.19981564E-03  -1.07989706E-06  -1.40052104      0.304080188       4.58779894E-02
   3.00000000       800.000000      0.191507503       24.5538692       6.05783649E-02   2.46695112E-11   4.72493084E-05   8.10419675E-03  -9.53776862E-07  -1.39171994      0.304080099       4.60881405E-02
   4.00000000       800.000000      0.193027228       24.7454605       5.97250015E-02   2.41334626E-11   4.79474656E-05   8.00897647E-03  -8.25963696E-07  -1.38281977      0.304080039       4.62783650E-02
   5.00000000       800.000000      0.194553345       24.9383144       5.88779822E-02   2.36059141E-11   4.87401448E-05   7.91545585E-03  -6.97976930E-07  -1.37379706      0.304079890       4.64566946E-02
   6.00000000       800.000000      0.196085945       25.1336231       5.80334254E-02   2.30871398E-11   4.95991117E-05   7.82252476E-03  -5.71154999E-07  -1.36465621      0.304079771       4.66269292E-02
   7.00000000       800.000000      0.197636858       25.3313236       5.71960136E-02   2.25770548E-11   5.04923519E-05   7.73083745E-03  -4.47203803E-07  -1.35542500      0.304079711       4.67863008E-02
   8.00000000       800.000000      0.199212298       25.5304661       5.63638620E-02   2.20752028E-11   5.13943123E-05   7.64058856E-03  -3.29578484E-07  -1.34609914      0.304079711       4.69339043E-02
   9.00000000       800.000000      0.200781316       25.7297115       5.55364601E-02   2.15820348E-11   5.22908304E-05   7.55102653E-03  -2.19325599E-07  -1.33665955      0.304079533       4.70659807E-02
   10.0000000       800.000000      0.202371761       25.9304714       5.47145940E-02   2.10975560E-11   5.31977530E-05   7.46218674E-03  -1.16722987E-07  -1.32712245      0.304079562       4.71819565E-02
   11.0000000       800.000000      0.203978211       26.1335907       5.38977087E-02   2.06211177E-11   5.41159861E-05   7.37502985E-03  -2.22214389E-08  -1.31748617      0.304079592       4.72838320E-02
   12.0000000       800.000000      0.205590189       26.3390236       5.30866459E-02   2.01528724E-11   5.50299301E-05   7.28814304E-03   6.41471090E-08  -1.30774689      0.304079562       4.73729745E-02
   13.0000000       800.000000      0.207215562       26.5462608       5.22812195E-02   1.96925618E-11   5.59188011E-05   7.20281294E-03   1.42628920E-07  -1.29793215      0.304079622       4.74510901E-02
   2.00000000       800.000000      0.208862230       26.7531796       5.14810942E-02   1.92405796E-11   5.67614916E-05   7.11832196E-03   2.13975810E-07  -1.28800416      0.304079592       4.75189835E-02
   3.00000000       800.000000      0.210511744       26.9634609       5.06862290E-02   1.87962250E-11   5.75333834E-05   7.03488663E-03   2.77996577E-07  -1.27799690      0.304079622       4.75762673E-02
   4.00000000       800.000000      0.212182373       27.1744270       4.98978719E-02   1.83597981E-11   5.82097928E-05   6.95232907E-03   3.34217759E-07  -1.26789999      0.304079562       4.76226769E-02
   5.00000000       800.000000      0.213867262       27.3881035       4.91145998E-02   1.79311843E-11   5.87819013E-05   6.87086210E-03   3.82949167E-07  -1.25771260      0.304079682       4.76526022E-02
   6.00000000       800.000000      0.215570495       27.6017551       4.83372249E-02   1.75100819E-11   5.92727993E-05   6.79019792E-03   4.23798696E-07  -1.24742734      0.304079741       4.76593077E-02
   7.00000000       800.000000      0.217280358       27.8196926       4.75664102E-02   1.70966765E-11   5.97378712E-05   6.71065645E-03   4.56583876E-07  -1.23708630      0.304079950       4.76350896E-02
   8.00000000       800.000000      0.218995273       28.0367794       4.68010157E-02   1.66907894E-11   6.02494365E-05   6.63185446E-03   4.81246957E-07  -1.22663987      0.304080009       4.75832820E-02
   9.00000000       800.000000      0.220740929       28.2576332       4.60423753E-02   1.62925940E-11   6.08410737E-05   6.55406993E-03   4.98931740E-07  -1.21614265      0.304080188       4.75167446E-02
   10.0000000       800.000000      0.222490728       28.4788132       4.52908240E-02   1.59017226E-11   6.15102035E-05   6.47730893E-03   5.10540190E-07  -1.20558083      0.304080248       4.74349260E-02
   11.0000000       800.000000      0.224248633       28.7025547       4.45456915E-02   1.55181874E-11   6.22454900E-05   6.40107132E-03   5.15973852E-07  -1.19497359      0.304080367       4.73438613E-02
   12.0000000       800.000000      0.226034790       28.9273281       4.38064002E-02   1.51418409E-11   6.29938077E-05   6.32602256E-03   5.15546276E-07  -1.18429220      0.304080397       4.72493879E-02
   13.0000000       800.000000      0.227838799       29.1540203       4.30741422E-02   1.47727282E-11   6.37169724E-05   6.25166623E-03   5.10488462E-07  -1.17353678      0.304080606       4.71431427E-02
   2.00000000       800.000000      0.229636580       29.3828106       4.23479639E-02   1.44107296E-11   6.44100583E-05   6.17821375E-03   5.00494593E-07  -1.16270494      0.304080784       4.70231883E-02
   3.00000000       800.000000      0.231463313       29.6143074       4.16284576E-02   1.40557566E-11   6.50851289E-05   6.10559015E-03   4.84874192E-07  -1.15184462      0.304080963       4.68852296E-02
   4.00000000       800.000000      0.233298600       29.8444633       4.09160145E-02   1.37075438E-11   6.57667042E-05   6.03404827E-03   4.64534935E-07  -1.14089131      0.304080844       4.67273034E-02
   5.00000000       800.000000      0.235164225       30.0788250       4.02112566E-02   1.33660878E-11   6.64772815E-05   5.96318254E-03   4.39976219E-07  -1.12992084      0.304080874       4.65529077E-02
   6.00000000       800.000000      0.237021416       30.3152733       3.95111367E-02   1.30316721E-11   6.72342503E-05   5.89304604E-03   4.11903784E-07  -1.11890054      0.304080963       4.63646241E-02
   7.00000000       800.000000      0.238909259       30.5545444       3.88199985E-02   1.27039369E-11   6.80227167E-05   5.82395680E-03   3.81196543E-07  -1.10788023      0.304081082       4.61673476E-02
   8.00000000       800.000000      0.240805298       30.7942753       3.81361842E-02   1.23831596E-11   6.88211294E-05   5.75549807E-03   3.48745800E-07  -1.09682488      0.304081172       4.59589884E-02
   9.00000000       800.000000      0.242732763       31.0363560       3.74582782E-02   1.20679126E-11   6.96164207E-05   5.68775600E-03   3.15040239E-07  -1.08564782      0.304081291       4.57398780E-02
   10.0000000       800.000000      0.244650185       31.2805672       3.67874391E-02   1.17595838E-11   7.03814003E-05   5.62096015E-03   2.80435074E-07  -1.07447267      0.304081440       4.55130860E-02
   11.0000000       800.000000      0.246601894       31.5240726       3.61237451E-02   1.14574661E-11   7.10874956E-05   5.55506069E-03   2.45240727E-07  -1.06330740      0.304081529       4.52767648E-02
   12.0000000       800.000000      0.248575494       31.7732716       3.54674011E-02   1.11615899E-11   7.17215225E-05   5.48953516E-03   2.09810295E-07  -1.05207825      0.304081738       4.50286679E-02
   13.0000000       800.000000      0.250549018       32.0229034       3.48179154E-02   1.08719908E-11   7.22795521E-05   5.42524969E-03   1.74566651E-07  -1.04082406      0.304081678       4.47664186E-02
   2.00000000       800.000000      0.252544135       32.2734489       3.41754667E-02   1.05882993E-11   7.27822917E-05   5.36150020E-03   1.39973309E-07  -1.02955341      0.304081738       4.44873348E-02
   3.00000000       800.000000      0.254557490       32.5260506       3.35406922E-02   1.03105415E-11   7.32579501E-05   5.29843057E-03   1.06649189E-07  -1.01826060      0.304081857       4.41924743E-02
   4.00000000       800.000000      0.256586730       32.7818604       3.29134725E-02   1.00388604E-11   7.37154769E-05   5.23589971E-03   7.50542455E-08  -1.00697327      0.304081798       4.38871086E-02
   5.00000000       800.000000      0.258610994       33.0395813       3.22932638E-02   9.77278328E-12   7.41486292E-05   5.17458655E-03   4.56170319E-08 -0.995656848      0.304081947       4.35699970E-02
   6.00000000       800.000000      0.260681123       33.2992859       3.16807143E-02   9.51274649E-12   7.45734724E-05   5.11360168E-03   1.84976798E-08 -0.984338522      0.304081947       4.32384796E-02
   7.00000000       800.000000      0.262756377       33.5623474       3.10756601E-02   9.25829031E-12   7.50215768E-05   5.05351601E-03  -6.06117645E-09 -0.973029852      0.304081917       4.28927094E-02
   8.00000000       800.000000      0.264846563       33.8261070       3.04782465E-02   9.00943816E-12   7.55157744E-05   4.99417959E-03  -2.75846546E-08 -0.961708307      0.304081917       4.25314009E-02
   9.00000000       800.000000      0.266964108       34.0918350       2.98888162E-02   8.76612932E-12   7.60834228E-05   4.93526505E-03  -4.61703635E-08 -0.950391948      0.304081857       4.21585664E-02
   10.0000000       800.000000      0.269089431       34.3593788       2.93069147E-02   8.52834036E-12   7.67354650E-05   4.87713935E-03  -6.20573104E-08 -0.939110160      0.304081798       4.17786576E-02
   11.0000000       800.000000      0.271236569       34.6304741       2.87318565E-02   8.29619186E-12   7.74572545E-05   4.81986906E-03  -7.54985408E-08 -0.927833915      0.304081798       4.13919054E-02
   12.0000000       800.000000      0.273390830       34.9008446       2.81654429E-02   8.06905931E-12   7.82182542E-05   4.76333639E-03  -8.67877787E-08 -0.916566908      0.304081738       4.10008840E-02
   13.0000000       800.000000      0.275573671       35.1773834       2.76063457E-02   7.84714828E-12   7.89649275E-05   4.70726890E-03  -9.61160609E-08 -0.905318439      0.304081708       4.06123213E-02
   2.00000000       800.000000      0.277770936       35.4531212       2.70544924E-02   7.63034688E-12   7.96236782E-05   4.65180445E-03  -1.03890031E-07 -0.894078672      0.304081798       4.02230918E-02
   3.00000000       800.000000      0.279982239       35.7325478       2.65104473E-02   7.41858311E-12   8.01507267E-05   4.59691882E-03  -1.10262114E-07 -0.882886469      0.304081678       3.98269109E-02
   4.00000000       800.000000      0.282222867       36.0137329       2.59741433E-02   7.21143197E-12   8.05505770E-05   4.54302831E-03  -1.15371080E-07 -0.871706367      0.304081470       3.94216403E-02
   5.00000000       800.000000      0.284471065       36.2968369       2.54445951E-02   7.00946159E-12   8.08459881E-05   4.48961509E-03  -1.19166252E-07 -0.860546231      0.304081529       3.90045643E-02
   6.00000000       800.000000      0.286742091       36.5804558       2.49228235E-02   6.81213766E-12   8.10895581E-05   4.43650736E-03  -1.21693986E-07 -0.849422455      0.304081380       3.85728069E-02
   7.00000000       800.000000      0.289016098       36.8690605       2.44089197E-02   6.61961024E-12   8.13541483E-05   4.38427227E-03  -1.23020513E-07 -0.838343322      0.304081291       3.81260812E-02
   8.00000000       800.000000      0.291324228       37.1585426       2.39026099E-02   6.43162563E-12   8.17024047E-05   4.33261227E-03  -1.23179717E-07 -0.827310801      0.304081231       3.76680531E-02
   9.00000000       800.000000      0.293644518       37.4530144       2.34041363E-02   6.24830439E-12   8.21553112E-05   4.28192224E-03  -1.22186918E-07 -0.816306472      0.304081231       3.72045450E-02
   10.0000000       800.000000      0.296003997       37.7481918       2.29132697E-02   6.06950948E-12   8.26990072E-05   4.23143432E-03  -1.20059227E-07 -0.805362463      0.304081231       3.67394127E-02
   11.0000000       800.000000      0.298353791       38.0451622       2.24302541E-02   5.89507349E-12   8.32845108E-05   4.18161601E-03  -1.16945486E-07 -0.794466734      0.304081231       3.62767428E-02
   12.0000000       800.000000      0.300734103       38.3437805       2.19543744E-02   5.72514779E-12   8.38553533E-05   4.13227314E-03  -1.13046788E-07 -0.783628166      0.304081142       3.58127318E-02
   13.0000000       800.000000      0.303147912       38.6467476       2.14863680E-02   5.55917682E-12   8.43978851E-05   4.08363389E-03  -1.08367985E-07 -0.772833407      0.304081142       3.53442244E-02
   2.00000000       800.000000      0.305555582       38.9513550       2.10259166E-02   5.39742643E-12   8.49061544E-05   4.03565308E-03  -1.02979392E-07 -0.762120008      0.304081231       3.48723046E-02
   3.00000000       800.000000      0.307996303       39.2577019       2.05726717E-02   5.23992351E-12   8.53715828E-05   3.98818823E-03  -9.70046585E-08 -0.751438856      0.304081082       3.43985185E-02
   4.00000000       800.000000      0.310469896       39.5681572       2.01270506E-02   5.08630898E-12   8.57904743E-05   3.94121744E-03  -9.04630184E-08 -0.740843773      0.304081053       3.39213423E-02
   5.00000000       800.000000      0.312931180       39.8770142       1.96884125E-02   4.93662489E-12   8.61767912E-05   3.89478565E-03  -8.35349709E-08 -0.730306745      0.304081082       3.34378630E-02
   6.00000000       800.000000      0.315432847       40.1933212       1.92578062E-02   4.79081792E-12   8.65652837E-05   3.84895154E-03  -7.64209318E-08 -0.719826162      0.304080933       3.29490826E-02
   7.00000000       800.000000      0.317947745       40.5082169       1.88341644E-02   4.64886246E-12   8.69641590E-05   3.80350789E-03  -6.92810005E-08 -0.709426999      0.304080963       3.24599631E-02
   8.00000000       800.000000      0.320495814       40.8281288       1.84178650E-02   4.51053214E-12   8.73423123E-05   3.75870010E-03  -6.22559853E-08 -0.699103773      0.304080963       3.19731310E-02
   9.00000000       800.000000      0.323059022       41.1489258       1.80086847E-02   4.37586209E-12   8.76569029E-05   3.71454400E-03  -5.55475062E-08 -0.688850820      0.304080993       3.14886384E-02
   10.0000000       800.000000      0.325634599       41.4749947       1.76066365E-02   4.24478595E-12   8.78788342E-05   3.67069687E-03  -4.92862462E-08 -0.678677440      0.304080933       3.10042668E-02
   11.0000000       800.000000      0.328246117       41.8027420       1.72119588E-02   4.11707257E-12   8.80159714E-05   3.62751191E-03  -4.34671783E-08 -0.668576717      0.304080904       3.05156577E-02
   12.0000000       800.000000      0.330868602       42.1312904       1.68239251E-02   3.99285032E-12   8.81105298E-05   3.58484406E-03  -3.81033374E-08 -0.658560872      0.304080874       3.00228987E-02
   13.0000000       800.000000      0.333499759       42.4624519       1.64433941E-02   3.87196655E-12   8.82055683E-05   3.54261184E-03  -3.31744552E-08 -0.648629665      0.304080904       2.95269750E-02
   2.00000000       800.000000      0.336178690       42.7972488       1.60698984E-02   3.75437875E-12   8.83478933E-05   3.50092002E-03  -2.85684365E-08 -0.638791203      0.304080874       2.90275849E-02
   3.00000000       800.000000      0.338866234       43.1343956       1.57032739E-02   3.64008823E-12   8.85736663E-05   3.45963915E-03  -2.41738434E-08 -0.629039168      0.304080874       2.85273176E-02
   4.00000000       800.000000      0.341564178       43.4764404       1.53437257E-02   3.52891696E-12   8.88943250E-05   3.41891800E-03  -1.99562251E-08 -0.619379938      0.304080904       2.80285385E-02
   5.00000000       800.000000      0.344298780       43.8198090       1.49910720E-02   3.42077300E-12   8.92842436E-05   3.37877404E-03  -1.58910289E-08 -0.609812438      0.304080904       2.75357664E-02
   6.00000000       800.000000      0.347046673       44.1641579       1.46451388E-02   3.31572421E-12   8.96717611E-05   3.33881541E-03  -1.19530199E-08 -0.600341022      0.304080963       2.70501133E-02
   7.00000000       800.000000      0.349838823       44.5138283       1.43059054E-02   3.21357242E-12   8.99907682E-05   3.29962256E-03  -8.20919421E-09 -0.590962589      0.304080933       2.65702941E-02
   8.00000000       800.000000      0.352615893       44.8651733       1.39732054E-02   3.11425907E-12   9.02010433E-05   3.26063088E-03  -4.71408246E-09 -0.581680357      0.304080993       2.60946155E-02
   9.00000000       800.000000      0.355454803       45.2186356       1.36470338E-02   3.01774014E-12   9.02981483E-05   3.22237262E-03  -1.52369795E-09 -0.572487533      0.304080993       2.56194789E-02
   10.0000000       800.000000      0.358279139       45.5763397       1.33274039E-02   2.92389377E-12   9.03390537E-05   3.18431924E-03   1.31992772E-09 -0.563398540      0.304080993       2.51409728E-02
   11.0000000       800.000000      0.361149102       45.9357567       1.30139207E-02   2.83287087E-12   9.04077970E-05   3.14681605E-03   3.78354237E-09 -0.554395497      0.304080993       2.46606302E-02
   12.0000000       800.000000      0.364027262       46.2968864       1.27070220E-02   2.74435119E-12   9.05523993E-05   3.10985022E-03   5.83865356E-09 -0.545511484      0.304080904       2.41822433E-02
   13.0000000       800.000000      0.366944253       46.6631355       1.24061536E-02   2.65843229E-12   9.07738504E-05   3.07314587E-03   7.53802354E-09 -0.536720335      0.304080904       2.37089377E-02
   2.00000000       800.000000      0.369876415       47.0312233       1.21120373E-02   2.57508207E-12   9.10300005E-05   3.03703360E-03   8.90334473E-09 -0.528034925      0.304080874       2.32433472E-02
   3.00000000       800.000000      0.372847915       47.4044495       1.18238796E-02   2.49410735E-12   9.12573450E-05   3.00121307E-03   9.94532101E-09 -0.519453704      0.304080874       2.27854587E-02
   4.00000000       800.000000      0.375840873       47.7758026       1.15414327E-02   2.41546019E-12   9.13946351E-05   2.96592037E-03   1.07505969E-08 -0.510976970      0.304080874       2.23356914E-02
   5.00000000       800.000000      0.378836393       48.1548996       1.12651661E-02   2.33914927E-12   9.13999902E-05   2.93098693E-03   1.14351728E-08 -0.502606094      0.304080874       2.18910426E-02
   6.00000000       800.000000      0.381849557       48.5329056       1.09944576E-02   2.26505902E-12   9.12839896E-05   2.89639132E-03   1.20375967E-08 -0.494327992      0.304080904       2.14484259E-02
   7.00000000       800.000000      0.384928495       48.9166336       1.07296100E-02   2.19316600E-12   9.11065945E-05   2.86233751E-03   1.26009487E-08 -0.486157387      0.304080874       2.10062265E-02
   8.00000000       800.000000      0.388007849       49.3037720       1.04704956E-02   2.12341646E-12   9.09422452E-05   2.82859989E-03   1.31605020E-08 -0.478093147      0.304080874       2.05653496E-02
   9.00000000       800.000000      0.391112477       49.6939621       1.02169830E-02   2.05576853E-12   9.08382717E-05   2.79524643E-03   1.37192187E-08 -0.470135570      0.304080874       2.01280955E-02
   10.0000000       800.000000      0.394236952       50.0870171       9.96912736E-03   1.99016454E-12   9.08206785E-05   2.76235747E-03   1.42651269E-08 -0.462282389      0.304080904       1.96951833E-02
   11.0000000       800.000000      0.397388846       50.4830971       9.72674601E-03   1.92655744E-12   9.08917718E-05   2.72988132E-03   1.47470915E-08 -0.454543024      0.304080904       1.92690156E-02
   12.0000000       800.000000      0.400564700       50.8813133       9.48979333E-03   1.86487978E-12   9.10089875E-05   2.69783242E-03   1.51035753E-08 -0.446908116      0.304080933       1.88514013E-02
   13.0000000       800.000000      0.403795749       51.2825050       9.25805233E-03   1.80509102E-12   9.11204697E-05   2.66599492E-03   1.52916915E-08 -0.439378083      0.304080904       1.84419751E-02
   2.00000000       800.000000      0.406995207       51.6878319       9.03155562E-03   1.74709368E-12   9.11901370E-05   2.63454812E-03   1.52845683E-08 -0.431954950      0.304080933       1.80398449E-02
   3.00000000       800.000000      0.410275906       52.0953789       8.81006196E-03   1.69089612E-12   9.12062096E-05   2.60353670E-03   1.50726187E-08 -0.424636543      0.304080933       1.76431648E-02
   4.00000000       800.000000      0.413564175       52.5095062       8.59353598E-03   1.63639512E-12   9.11896641E-05   2.57298397E-03   1.46746100E-08 -0.417419553      0.304080933       1.72508601E-02
   5.00000000       800.000000      0.416869521       52.9231834       8.38200655E-03   1.58358754E-12   9.11714669E-05   2.54258956E-03   1.41287915E-08 -0.410312057      0.304080963       1.68634839E-02
   6.00000000       800.000000      0.420203984       53.3436661       8.17523710E-03   1.53240810E-12   9.11535826E-05   2.51258095E-03   1.34838025E-08 -0.403305262      0.304080963       1.64828077E-02
   7.00000000       800.000000      0.423574746       53.7655487       7.97323976E-03   1.48283480E-12   9.11297902E-05   2.48301309E-03   1.27765754E-08 -0.396402210      0.304080993       1.61084719E-02
   8.00000000       800.000000      0.426962882       54.1887779       7.77591625E-03   1.43477851E-12   9.10909948E-05   2.45381217E-03   1.20452173E-08 -0.389601648      0.304081023       1.57408454E-02
   9.00000000       800.000000      0.430381179       54.6191368       7.58313993E-03   1.38823783E-12   9.10105373E-05   2.42506340E-03   1.13341141E-08 -0.382909209      0.304081023       1.53808519E-02
   10.0000000       800.000000      0.433835030       55.0515404       7.39478739E-03   1.34311832E-12   9.08595539E-05   2.39647622E-03   1.06759002E-08 -0.376312554      0.304080963       1.50283296E-02
   11.0000000       800.000000      0.437294513       55.4855461       7.21089356E-03   1.29943062E-12   9.06457935E-05   2.36810697E-03   1.00819273E-08 -0.369813442      0.304080963       1.46803241E-02
   12.0000000       800.000000      0.440796643       55.9234009       7.03126658E-03   1.25711691E-12   9.04063709E-05   2.34031654E-03   9.54693480E-09 -0.363421500      0.304081023       1.43370554E-02
   13.0000000       800.000000      0.444335788       56.3692284       6.85584918E-03   1.21612919E-12   9.01753883E-05   2.31269258E-03   9.06638142E-09 -0.357123643      0.304080963       1.39989639E-02
   2.00000000       800.000000      0.447884768       56.8128738       6.68464275E-03   1.17644804E-12   8.99940715E-05   2.28548772E-03   8.62776428E-09 -0.350933254      0.304080993       1.36654358E-02
   3.00000000       800.000000      0.451492101       57.2652702       6.51759794E-03   1.13803606E-12   8.98859216E-05   2.25866376E-03   8.20317236E-09 -0.344836682      0.304080993       1.33385547E-02
   4.00000000       800.000000      0.455087274       57.7184486       6.35439623E-03   1.10083991E-12   8.98169674E-05   2.23204796E-03   7.76396725E-09 -0.338839710      0.304080963       1.30203413E-02
   5.00000000       800.000000      0.458740443       58.1730003       6.19529514E-03   1.06482455E-12   8.97370410E-05   2.20574066E-03   7.29203187E-09 -0.332937688      0.304080963       1.27101475E-02
   6.00000000       800.000000      0.462410837       58.6358948       6.03976799E-03   1.02996160E-12   8.96307611E-05   2.17973255E-03   6.78867762E-09 -0.327130973      0.304080933       1.24057438E-02
   7.00000000       800.000000      0.466109008       59.0983734       5.88818500E-03   9.96210926E-13   8.95142657E-05   2.15401873E-03   6.25041974E-09 -0.321418554      0.304080904       1.21067222E-02
   8.00000000       800.000000      0.469850868       59.5668716       5.74013591E-03   9.63536542E-13   8.93983815E-05   2.12863833E-03   5.69747760E-09 -0.315799981      0.304080963       1.18142776E-02
   9.00000000       800.000000      0.473630607       60.0369263       5.59568871E-03   9.31913075E-13   8.92736425E-05   2.10368447E-03   5.15297982E-09 -0.310271651      0.304080963       1.15282042E-02
   10.0000000       800.000000      0.477417022       60.5153427       5.45472139E-03   9.01298079E-13   8.91231030E-05   2.07889313E-03   4.63193484E-09 -0.304835171      0.304080963       1.12491241E-02
   11.0000000       800.000000      0.481236160       60.9947357       5.31720463E-03   8.71667755E-13   8.89314397E-05   2.05433834E-03   4.14738510E-09 -0.299486905      0.304080963       1.09762624E-02
   12.0000000       800.000000      0.485106736       61.4788399       5.18298987E-03   8.42990879E-13   8.87104761E-05   2.03022407E-03   3.71785314E-09 -0.294227123      0.304080963       1.07086916E-02
   13.0000000       800.000000      0.489003509       61.9645309       5.05205616E-03   8.15234707E-13   8.84853434E-05   2.00620503E-03   3.34706995E-09 -0.289056897      0.304080963       1.04462113E-02
   2.00000000       800.000000      0.492917389       62.4534645       4.92431596E-03   7.88374194E-13   8.82845634E-05   1.98265864E-03   3.03138892E-09 -0.283970743      0.304080963       1.01889335E-02
   3.00000000       800.000000      0.496857613       62.9518318       4.79972502E-03   7.62385218E-13   8.81251763E-05   1.95929338E-03   2.76570367E-09 -0.278971463      0.304080963       9.93753783E-03
   4.00000000       800.000000      0.500846684       63.4490204       4.67820000E-03   7.37245876E-13   8.79996587E-05   1.93612103E-03   2.53960075E-09 -0.274056613      0.304080963       9.69246589E-03
   5.00000000       800.000000      0.504872501       63.9528084       4.55966359E-03   7.12906405E-13   8.78925712E-05   1.91339129E-03   2.34130137E-09 -0.269225121      0.304080963       9.45376419E-03
   6.00000000       800.000000      0.508909047       64.4573593       4.44401614E-03   6.89363659E-13   8.77880957E-05   1.89079333E-03   2.16204343E-09 -0.264472157      0.304080933       9.22107510E-03
   7.00000000       800.000000      0.512971818       64.9687729       4.33119386E-03   6.66573459E-13   8.76723207E-05   1.86856312E-03   1.99427697E-09 -0.259801298      0.304080933       8.99438560E-03
   8.00000000       800.000000      0.517089903       65.4843674       4.22112364E-03   6.44534719E-13   8.75248516E-05   1.84647541E-03   1.83247917E-09 -0.255206615      0.304080963       8.77367705E-03
   9.00000000       800.000000      0.521240056       66.0012741       4.11378080E-03   6.23199734E-13   8.73351892E-05   1.82472495E-03   1.67365044E-09 -0.250689954      0.304080963       8.55858531E-03
   10.0000000       800.000000      0.525399923       66.5273361       4.00904333E-03   6.02554627E-13   8.71019729E-05   1.80323282E-03   1.51800017E-09 -0.246250793      0.304080963       8.34855530E-03
   11.0000000       800.000000      0.529633105       67.0519409       3.90686141E-03   5.82576955E-13   8.68456555E-05   1.78194128E-03   1.36926515E-09 -0.241883278      0.304080963       8.14288389E-03
   12.0000000       800.000000      0.533852458       67.5886993       3.80716962E-03   5.63250076E-13   8.66132395E-05   1.76095730E-03   1.22878030E-09 -0.237591192      0.304080963       7.94106070E-03
   13.0000000       800.000000      0.538169861       68.1238251       3.70997330E-03   5.44547914E-13   8.64384565E-05   1.74015074E-03   1.10344867E-09 -0.233369917      0.304080963       7.74396723E-03
   2.00000000       800.000000      0.542478204       68.6609192       3.61520285E-03   5.26459193E-13   8.63391251E-05   1.71962439E-03   9.99308081E-10 -0.229221910      0.304080963       7.55172549E-03
   3.00000000       800.000000      0.546837091       69.2043610       3.52274184E-03   5.08959574E-13   8.63095920E-05   1.69940363E-03   9.17433629E-10 -0.225143895      0.304080963       7.36493384E-03
   4.00000000       800.000000      0.551184714       69.7545853       3.43257235E-03   4.92029974E-13   8.63192399E-05   1.67927833E-03   8.53034809E-10 -0.221134946      0.304080963       7.18389871E-03
   5.00000000       800.000000      0.555633724       70.3113556       3.34458263E-03   4.75648655E-13   8.63384703E-05   1.65943231E-03   7.98684674E-10 -0.217194363      0.304080963       7.00829644E-03
   6.00000000       800.000000      0.560065687       70.8701859       3.25875310E-03   4.59794800E-13   8.63455934E-05   1.63985463E-03   7.47870210E-10 -0.213314295      0.304080963       6.83776010E-03
   7.00000000       800.000000      0.564574599       71.4266510       3.17505049E-03   4.44454993E-13   8.63210589E-05   1.62048882E-03   6.94403368E-10 -0.209505677      0.304080963       6.67209830E-03
   8.00000000       800.000000      0.569091976       71.9988251       3.09336348E-03   4.29609907E-13   8.62562883E-05   1.60138030E-03   6.34743869E-10 -0.205749959      0.304080963       6.51119277E-03
   9.00000000       800.000000      0.573642910       72.5662689       3.01358616E-03   4.15239647E-13   8.61593289E-05   1.58246898E-03   5.70325398E-10 -0.202063248      0.304080963       6.35417551E-03
   10.0000000       800.000000      0.578249216       73.1417236       2.93585262E-03   4.01331366E-13   8.60599685E-05   1.56375219E-03   5.06890641E-10 -0.198431075      0.304080963       6.20083511E-03
   11.0000000       800.000000      0.582887828       73.7225037       2.85992166E-03   3.87879805E-13   8.60051514E-05   1.54527475E-03   4.50814358E-10 -0.194862992      0.304080963       6.05101325E-03
   12.0000000       800.000000      0.587557673       74.3115692       2.78583728E-03   3.74860543E-13   8.60140790E-05   1.52703095E-03   4.05166234E-10 -0.191348180      0.304080963       5.90555370E-03
   13.0000000       800.000000      0.592285097       74.9019089       2.71359948E-03   3.62258373E-13   8.60721702E-05   1.50898902E-03   3.69082764E-10 -0.187896326      0.304080963       5.76452678E-03
   2.00000000       800.000000      0.597044110       75.4963303       2.64306157E-03   3.50061722E-13   8.61706358E-05   1.49111066E-03   3.40628886E-10 -0.184494510      0.304080963       5.62790874E-03
   3.00000000       800.000000      0.601813197       76.0937424       2.57421774E-03   3.38262377E-13   8.62980305E-05   1.47346989E-03   3.17086635E-10 -0.181147322      0.304080963       5.49552357E-03
   4.00000000       800.000000      0.606662095       76.6995621       2.50701979E-03   3.26836269E-13   8.64494432E-05   1.45605451E-03   2.95358349E-10 -0.177853033      0.304080963       5.36721479E-03
   5.00000000       800.000000      0.611538589       77.3089294       2.44143559E-03   3.15775916E-13   8.66242772E-05   1.43883529E-03   2.74146456E-10 -0.174609601      0.304080963       5.24287531E-03
   6.00000000       800.000000      0.616429627       77.9216690       2.37737503E-03   3.05069961E-13   8.68171264E-05   1.42175995E-03   2.53660815E-10 -0.171414882      0.304080963       5.12265507E-03
   7.00000000       800.000000      0.621346176       78.5425873       2.31484533E-03   2.94704067E-13   8.70345320E-05   1.40497531E-03   2.35762049E-10 -0.168268234      0.304080963       5.00602741E-03
   8.00000000       800.000000      0.626343310       79.1605453       2.25378666E-03   2.84669830E-13   8.73000026E-05   1.38830184E-03   2.20526111E-10 -0.165169284      0.304080963       4.89304168E-03
   9.00000000       800.000000      0.631355822       79.7936478       2.19415757E-03   2.74953264E-13   8.76203558E-05   1.37186015E-03   2.08458500E-10 -0.162114546      0.304080963       4.78374353E-03
   10.0000000       800.000000      0.636449695       80.4251099       2.13592080E-03   2.65545073E-13   8.79885847E-05   1.35560404E-03   1.98140115E-10 -0.159104690      0.304080963       4.67899349E-03
   11.0000000       800.000000      0.641569495       81.0633545       2.07902282E-03   2.56434495E-13   8.83928806E-05   1.33948098E-03   1.86695839E-10 -0.156135172      0.304080963       4.57754685E-03
   12.0000000       800.000000      0.646703839       81.7070923       2.02343077E-03   2.47611366E-13   8.88456125E-05   1.32365129E-03   1.72572401E-10 -0.153207943      0.304080963       4.48037824E-03
   13.0000000       800.000000      0.651862979       82.3593216       1.96913630E-03   2.39067257E-13   8.93496108E-05   1.30791869E-03   1.53454222E-10 -0.150316566      0.304080963       4.38611954E-03
   2.00000000       800.000000      0.657104909       83.0148392       1.91606407E-03   2.30791189E-13   8.99215156E-05   1.29240926E-03   1.29799671E-10 -0.147464946      0.304080963       4.29686671E-03
   3.00000000       800.000000      0.662361264       83.6720734       1.86423748E-03   2.22778190E-13   9.05575289E-05   1.27698458E-03   1.03302950E-10 -0.144647256      0.304080963       4.20990586E-03
   4.00000000       800.000000      0.667716920       84.3404617       1.81358017E-03   2.15013689E-13   9.12885153E-05   1.26179715E-03   7.69931688E-11 -0.141866267      0.304080963       4.12905356E-03
   5.00000000       800.000000      0.673070669       85.0116577       1.76407443E-03   2.07499979E-13   9.20922175E-05   1.24686945E-03   5.32588453E-11 -0.139110267      0.304080963       4.04979568E-03
   6.00000000       800.000000      0.678464949       85.6865540       1.71575963E-03   2.00214736E-13   9.29858215E-05   1.23197027E-03   3.34283989E-11 -0.136393428      0.304080963       3.97898629E-03
   7.00000000       800.000000      0.683868349       86.3630829       1.66849943E-03   1.93162001E-13   9.39091042E-05   1.21736445E-03   1.76930970E-11 -0.133689448      0.304080963       3.90809821E-03
   8.00000000       800.000000      0.689361989       87.0500107       1.62230269E-03   1.86334265E-13   9.49114328E-05   1.20283815E-03   5.31476772E-12 -0.131024957      0.304080963       3.84951150E-03
   9.00000000       800.000000      0.694936693       87.7468338       1.57714984E-03   1.79723464E-13   9.59098907E-05   1.18853024E-03  -4.64062512E-12 -0.128363013      0.304080963       3.78685072E-03
   10.0000000       800.000000      0.700467765       88.4404068       1.53309642E-03   1.73324869E-13   9.70451656E-05   1.17444596E-03  -1.27151874E-11 -0.125743106      0.304080963       3.74340825E-03
   11.0000000       800.000000      0.706084132       89.1438522       1.49000657E-03   1.67126756E-13   9.81847625E-05   1.16042211E-03  -1.92910549E-11 -0.123094819      0.304080963       3.68849305E-03
   12.0000000       800.000000      0.711785257       89.8559036       1.44800206E-03   1.61133639E-13   9.95713563E-05   1.14662340E-03  -2.46244101E-11 -0.120510101      0.304080963       3.66657251E-03
   13.0000000       800.000000      0.717506111       90.5660553       1.40702154E-03   1.55337657E-13   1.00892168E-04   1.13298779E-03  -2.82363334E-11 -0.117853932      0.304080963       3.61889810E-03
   2.00000000       800.000000      0.723254204       91.2924652       1.36703998E-03   1.49733321E-13   1.02583464E-04   1.11961341E-03  -2.98399083E-11 -0.115293935      0.304080963       3.63019877E-03
   3.00000000       800.000000      0.729030788       92.0148239       1.32815063E-03   1.44322786E-13   1.04011429E-04   1.10628013E-03  -2.86579649E-11 -0.112579569      0.304080963       3.58639145E-03
   4.00000000       800.000000      0.734885931       92.7492523       1.29029795E-03   1.39105795E-13   1.06022475E-04   1.09328225E-03  -2.58003896E-11 -0.110045403      0.304080963       3.65196937E-03
   5.00000000       800.000000      0.740812361       93.4854507       1.25355949E-03   1.34078607E-13   1.07417087E-04   1.08033244E-03  -2.17463408E-11 -0.107195333      0.304080963       3.60194710E-03
   6.00000000       800.000000      0.746736884       94.2303009       1.21801172E-03   1.29248717E-13   1.09857378E-04   1.06771290E-03  -1.72391233E-11 -0.104692549      0.304080963       3.76091851E-03
   7.00000000       800.000000      0.752711892       94.9802017       1.18367630E-03   1.24612912E-13   1.10938032E-04   1.05522294E-03  -1.34867404E-11 -0.101552889      0.304080963       3.67973396E-03
   8.00000000       800.000000      0.758787692       95.7357407       1.15061447E-03   1.20179095E-13   1.14079266E-04   1.04310014E-03  -1.10720712E-11  -9.91243720E-02  0.304080963       4.01357980E-03
   9.00000000       800.000000      0.764886141       96.4991150       1.11905194E-03   1.15954555E-13   1.14891402E-04   1.03093660E-03  -9.80674656E-12  -9.54398885E-02  0.304080963       3.83647950E-03
   10.0000000       800.000000      0.770997465       97.2638321       1.08883961E-03   1.11935811E-13   1.18543816E-04   1.01963955E-03  -9.35178324E-12  -9.32352170E-02  0.304080963       4.62177070E-03
   11.0000000       800.000000      0.777200460       98.0346756       1.06082053E-03   1.08191227E-13   1.37153271E-04   1.00779522E-03  -1.02709655E-11  -8.82830918E-02  0.304080963       3.99803696E-03
   12.0000000       800.000000      0.783445537       98.8157425       1.02573493E-03   1.03787977E-13   5.97672770E-05   9.97542986E-04  -5.22608220E-20  -8.69954601E-02  0.304080963      -3.05335131E-03
   13.0000000       800.000000      0.789714217       99.6048737       1.00181869E-03   1.00566528E-13   5.95398451E-05   9.85780265E-04   2.81943769E-20  -9.30891484E-02  0.304080963      -7.71328434E-03
