   0.00000000       190.000000       3.40428352E-02   1.01702809       4.57375019E-04   4.49619942E-12  -8.26142281E-02   1.70756757       3.07838666E-16  -1.05911889E-03   1.04799085E-17  -7.37908250E-03
   1.00000000       197.000000       3.40447091E-02   1.05104125       4.49906074E-04   4.27952812E-12  -7.55156726E-02   1.58935535       1.23847906E-15  -1.31033047E-03   5.26449042E-17   1.37097877E-03
   2.00000000       200.000000       3.40499915E-02   1.08514261       4.42792574E-04   4.07969622E-12  -5.66113889E-02   1.28190315      -4.29393351E-02  -9.65761894E-04  -1.46208657E-03   4.52874880E-03
   3.00000000       200.000000       3.40571664E-02   1.11914527       5.21444774E-04   4.65822216E-12   9.70348641E-02   1.15458226       3.85457389E-02  -1.00189145E-03  -1.49349609E-04  -4.55709966E-03
   4.00000000       200.000000       3.40652503E-02   1.15326166       6.14491000E-04   5.32732322E-12  0.131218329       1.04575562      0.110263482      -1.27619912E-03   3.60681815E-03  -6.64972560E-03
   5.00000000       200.000000       3.40752266E-02   1.18727005       7.05935876E-04   5.94451615E-12  0.144962639      0.952882826      0.183866113      -1.45501411E-03   9.87229403E-03  -5.42618288E-03
   6.00000000       200.000000       3.40886116E-02   1.22141874       8.03433650E-04   6.57676474E-12  0.150448903      0.877212644      0.250350535      -1.64608099E-03   1.84065942E-02  -5.65127609E-03
   7.00000000       200.000000       3.41038704E-02   1.25543642       9.10185336E-04   7.24830786E-12  0.151809812      0.814708233      0.309749931      -1.84039795E-03   2.89704558E-02  -6.09241985E-03
   8.00000000       200.000000       3.41209993E-02   1.28956389       1.03242788E-03   8.00435239E-12  0.151182503      0.762350559      0.365243167      -2.06174399E-03   4.14333157E-02  -7.01541966E-03
   9.00000000       200.000000       3.41415480E-02   1.32373023       1.17354677E-03   8.86386624E-12  0.149014741      0.717431545      0.416894525      -2.31929612E-03   5.56668453E-02  -8.24859552E-03
   10.0000000       200.000000       3.41642797E-02   1.35789859       1.33853266E-03   9.85578025E-12  0.146456778      0.678267121      0.466362834      -2.62516434E-03   7.15993717E-02  -9.92001873E-03
   11.0000000       200.000000       3.41873281E-02   1.39207828       1.53246231E-03   1.10067155E-11  0.143817529      0.643931150      0.514435649      -2.99733994E-03   8.91866460E-02  -1.20529616E-02
   2.00000000       200.000000       3.42125520E-02   1.42626679       1.76225521E-03   1.23537361E-11  0.140978277      0.613268793      0.561383069      -3.44960950E-03  0.108393572      -1.46069899E-02
   3.00000000       200.000000       3.42412032E-02   1.46045995       2.03529513E-03   1.39334282E-11  0.138079464      0.585764825      0.606991708      -3.99727514E-03  0.129178435      -1.77404527E-02
   4.00000000       200.000000       3.42717990E-02   1.49468386       2.36061448E-03   1.57902094E-11  0.135148302      0.560738921      0.649828017      -4.66508837E-03  0.151449755      -2.15318445E-02
   5.00000000       200.000000       3.43041234E-02   1.52902329       2.74712592E-03   1.79635872E-11  0.132165864      0.537762284      0.688284516      -5.47389546E-03  0.175061375      -2.61295009E-02
   6.00000000       200.000000       3.43400165E-02   1.56331646       3.20636691E-03   2.05063432E-11  0.129089698      0.516610622      0.721286893      -6.45876955E-03  0.199830756      -3.14770825E-02
   7.00000000       200.000000       3.43780145E-02   1.59766877       3.75042716E-03   2.34700766E-11  0.126154378      0.496661812      0.746521175      -7.63692334E-03  0.225494593      -3.85004282E-02
   8.00000000       400.000000       3.44163403E-02   1.63212323       4.39319201E-03   2.69131748E-11  0.122791395      0.476799965      0.763834238      -9.10737365E-03  0.251783490      -4.57927287E-02
   9.00000000       400.000000       3.44596468E-02   1.66651404       5.14688296E-03   3.08787475E-11  0.118518166      0.458767116      0.768898129      -1.07909339E-02  0.278277874      -5.36185540E-02
   10.0000000       400.000000       3.45019177E-02   1.70102203       6.03086874E-03   3.54489771E-11  0.114368156      0.442235917      0.759432375      -1.28049469E-02  0.304480493      -6.36900589E-02
   11.0000000       400.000000       3.45477760E-02   1.73553383       7.05934642E-03   4.06689127E-11  0.110497020      0.427069128      0.732836604      -1.51887452E-02  0.329798698      -7.50201568E-02
   12.0000000       400.000000       3.45973931E-02   1.77006423       8.24974291E-03   4.65986208E-11  0.106889106      0.413095295      0.685917318      -1.79922152E-02  0.353528678      -8.78278837E-02
   13.0000000       400.000000       3.46456654E-02   1.80469894       9.61825717E-03   5.32865141E-11  0.103512332      0.400212228      0.617255986      -2.12702528E-02  0.374915928     -0.101880699    
   2.00000000       400.000000       3.46989296E-02   1.83938944       1.11729838E-02   6.07331130E-11  0.100357413      0.388319582      0.529421687      -2.50572730E-02  0.393285930     -0.116718106    
   3.00000000       400.000000       3.47537622E-02   1.87406790       1.29166162E-02   6.89101345E-11   9.75115523E-02  0.377343059      0.427179456      -2.93768030E-02  0.408132046     -0.132128149    
   4.00000000       400.000000       3.48123796E-02   1.90886545       1.48452427E-02   7.77565651E-11   9.49373767E-02  0.367209196      0.316228062      -3.42488699E-02  0.419140428     -0.147994146    
   5.00000000       400.000000       3.48717459E-02   1.94381344       1.69584677E-02   8.72329708E-11   9.25581530E-02  0.357728511      0.201384515      -3.96893509E-02  0.426162958     -0.164205730    
   6.00000000       400.000000       3.49331126E-02   1.97864985       1.92598104E-02   9.73234549E-11   9.03933123E-02  0.348731041       8.72239619E-02  -4.57109623E-02  0.429210484     -0.180703610    
   7.00000000       400.000000       3.49960364E-02   2.01366401       2.17472594E-02   1.07984996E-10   8.83958861E-02  0.340312898      -2.23189741E-02  -5.23256212E-02  0.428428829     -0.197314233    
   8.00000000       400.000000       3.50628383E-02   2.04869795       2.44146120E-02   1.19157198E-10   8.65100324E-02  0.332327187     -0.125151277      -5.95343634E-02  0.424041301     -0.213838637    
   9.00000000       400.000000       3.51311862E-02   2.08382654       2.72555668E-02   1.30782246E-10   8.47425908E-02  0.324740767     -0.220183536      -6.73354715E-02  0.416305572     -0.230289102    
   10.0000000       400.000000       3.52015831E-02   2.11898565       3.02660465E-02   1.42817480E-10   8.29712600E-02  0.317404419     -0.305617660      -7.57309943E-02  0.405547172     -0.246824607    
   11.0000000       400.000000       3.52728553E-02   2.15418029       3.34439389E-02   1.55231855E-10   8.12556744E-02  0.310355544     -0.379743606      -8.47303793E-02  0.392152429     -0.263683230    
   12.0000000       400.000000       3.53475511E-02   2.18945503       3.67884226E-02   1.68001918E-10   7.96178728E-02  0.303586870     -0.440179497      -9.43529755E-02  0.376592815     -0.280730397    
   13.0000000       400.000000       3.54251340E-02   2.22494793       4.02928255E-02   1.81078805E-10   7.80492350E-02  0.297108561     -0.484836578     -0.104599006      0.359417319     -0.297599941    
   2.00000000       400.000000       3.55066359E-02   2.26028228       4.39546593E-02   1.94436342E-10   7.66016468E-02  0.290844381     -0.511547089     -0.115462139      0.341254503     -0.314355582    
   3.00000000       400.000000       3.55888382E-02   2.29589605       4.77676950E-02   2.08031647E-10   7.52124563E-02  0.284786880     -0.518664181     -0.126947269      0.322796553     -0.331089258    
   4.00000000       400.000000       3.56727764E-02   2.33153582       5.17251678E-02   2.21824711E-10   7.38469586E-02  0.278913826     -0.505258501     -0.139055222      0.304773629     -0.347762078    
   5.00000000       400.000000       3.57585363E-02   2.36718988       5.58224879E-02   2.35784559E-10   7.26192445E-02  0.273232251     -0.471823841     -0.151787832      0.287901968     -0.364428967    
   6.00000000       400.000000       3.58451568E-02   2.40296197       6.00564815E-02   2.49888915E-10   7.14318380E-02  0.267704099     -0.420114905     -0.165149882      0.272842169     -0.381481230    
   7.00000000       400.000000       3.59365791E-02   2.43895650       6.44306317E-02   2.64144179E-10   7.03432262E-02  0.262329370     -0.352309644     -0.179171994      0.260180891     -0.399209559    
   8.00000000       400.000000       3.60317938E-02   2.47496963       6.89457804E-02   2.78545575E-10   6.93104044E-02  0.257101327     -0.271295518     -0.193880364      0.250405580     -0.417511076    
   9.00000000       400.000000       3.61256152E-02   2.51087451       7.36019164E-02   2.93084057E-10   6.83351457E-02  0.251986563     -0.181725070     -0.209298342      0.243840754     -0.435962081    
   10.0000000       400.000000       3.62243615E-02   2.54723430       7.83944130E-02   3.07734727E-10   6.73946589E-02  0.246987969      -9.00877267E-02 -0.225422382      0.240577772     -0.454091638    
   11.0000000       400.000000       3.63236889E-02   2.58347154       8.33144039E-02   3.22455423E-10   6.64829463E-02  0.242095053      -3.72579042E-03 -0.242242351      0.240442306     -0.472015142    
   12.0000000       400.000000       3.64281610E-02   2.61973166       8.83606076E-02   3.37238182E-10   6.56442195E-02  0.237304404       7.17879459E-02 -0.259762198      0.243057102     -0.489509344    
   13.0000000       400.000000       3.65312435E-02   2.65625191       9.35310796E-02   3.52070068E-10   6.47932664E-02  0.232606918      0.133917093     -0.277955890      0.247949541     -0.505928814    
   2.00000000       400.000000       3.66381556E-02   2.69287086       9.88186374E-02   3.66919883E-10   6.38885275E-02  0.228012308      0.181666672     -0.296781361      0.254605591     -0.521853209    
   3.00000000       400.000000       3.67491208E-02   2.72951531      0.104225650       3.81793375E-10   6.27497733E-02  0.223497525      0.216429770     -0.316253752      0.262558967     -0.537225246    
   4.00000000       400.000000       3.68596762E-02   2.76648116      0.109738380       3.96639305E-10   6.13091700E-02  0.219062254      0.239988551     -0.336326331      0.271405429     -0.551315367    
   5.00000000       400.000000       3.69738303E-02   2.80324292      0.115347654       4.11423201E-10   5.96092492E-02  0.214717403      0.254068136     -0.356960475      0.280799091     -0.563931525    
   6.00000000       400.000000       3.70923392E-02   2.84031177      0.121040419       4.26100377E-10   5.77787533E-02  0.210476577      0.259518951     -0.378094524      0.290424913     -0.575134873    
   7.00000000       400.000000       3.72101963E-02   2.87746811      0.126814470       4.40663145E-10   5.57436720E-02  0.206331238      0.256042093     -0.399694294      0.299952954     -0.584390342    
   8.00000000       400.000000       3.73310633E-02   2.91468883      0.132648930       4.55042948E-10   5.33413962E-02  0.202292457      0.242980123     -0.421656221      0.309023917     -0.592036128    
   9.00000000       400.000000       3.74547355E-02   2.95214677      0.138550639       4.69268124E-10   5.07196411E-02  0.198370218      0.218967482     -0.443971157      0.317225426     -0.600188017    
   10.0000000       400.000000       3.75822932E-02   2.98967767      0.144547597       4.83436013E-10   4.77708802E-02  0.194550395      0.185246080     -0.466693044      0.324187011     -0.609555721    
   11.0000000       400.000000       3.77115831E-02   3.02733731      0.150658891       4.97609010E-10   4.43026833E-02  0.190834060      0.145794228     -0.489866257      0.329685062     -0.620314837    
   12.0000000       400.000000       3.78417671E-02   3.06507659      0.156894252       5.11817977E-10   4.05159444E-02  0.187217370      0.107181095     -0.513558924      0.333741099     -0.634491563    
   13.0000000       400.000000       3.79736088E-02   3.10296249      0.163302287       5.26212740E-10   3.66737954E-02  0.183689803       7.60692582E-02 -0.537971497      0.336630255     -0.653426290    
   2.00000000       400.000000       3.81093584E-02   3.14102793      0.169965133       5.41049705E-10   3.27878818E-02  0.180256858       5.42588606E-02 -0.563275039      0.338697255     -0.679270267    
   3.00000000       400.000000       3.82481478E-02   3.17926812      0.177002773       5.56687085E-10   2.86040269E-02  0.176924303       3.77005599E-02 -0.589839578      0.340139449     -0.716294408    
   4.00000000       400.000000       3.83906849E-02   3.21746230      0.184493899       5.73336489E-10   2.44455952E-02  0.173680902       2.40998026E-02 -0.618171394      0.341064632     -0.767114341    
   5.00000000       400.000000       3.85340862E-02   3.25593615      0.192451760       5.91002636E-10   2.05697399E-02  0.170489460       1.37044564E-02 -0.648847520      0.341593176     -0.829582691    
   6.00000000       400.000000       3.86794209E-02   3.29459786      0.200804323       6.09426454E-10   1.76060516E-02  0.167333186       8.90823919E-03 -0.682224452      0.341937512     -0.876912415    
   7.00000000       400.000000       3.88261117E-02   3.33332801      0.209395900       6.28112784E-10   1.52396262E-02  0.164236233       2.22435649E-02 -0.716814399      0.342800796     -0.895820260    
   8.00000000       400.000000       3.89781781E-02   3.37215042      0.218073115       6.46594445E-10   1.29847284E-02  0.161208749       6.41689450E-02 -0.751923740      0.345301598     -0.897026837    
   9.00000000       400.000000       3.91310640E-02   3.41121101      0.226730511       6.64568178E-10   1.10330228E-02  0.158251479      0.124842726     -0.786878765      0.350186884     -0.874159694    
   10.0000000       400.000000       3.92854065E-02   3.45050335      0.235175535       6.81489865E-10   9.31215845E-03  0.155371442      0.176430821     -0.820472002      0.357118726     -0.822494149    
   11.0000000       400.000000       3.94439995E-02   3.48992372      0.243304625       6.97092384E-10   7.76407961E-03  0.152571291      0.189267576     -0.851634502      0.364584029     -0.750907063    
   12.0000000       400.000000       3.96043137E-02   3.52931929      0.251076549       7.11307013E-10   6.40052091E-03  0.149856806      0.150188684     -0.879830003      0.370532721     -0.689001083    
   13.0000000       400.000000       3.97699885E-02   3.56905532      0.258652359       7.24618310E-10   5.22854924E-03  0.147227332       7.26184770E-02 -0.906322360      0.373420656     -0.654245317    
   2.00000000       400.000000       3.99327539E-02   3.60901117      0.266103178       7.37260863E-10   4.22593765E-03  0.144679800      -7.44344434E-03 -0.931974769      0.373122752     -0.628094375    
   3.00000000       400.000000       4.01016437E-02   3.64905024      0.273246229       7.48749451E-10   3.34499148E-03  0.142207116      -5.70491552E-02 -0.956592381      0.370835483     -0.600124657    
   4.00000000       400.000000       4.02740240E-02   3.68916464      0.279838175       7.58458463E-10   2.52926676E-03  0.139805824      -6.09385893E-02 -0.980211675      0.368381053     -0.580657661    
   5.00000000       400.000000       4.04453352E-02   3.72949243      0.285991341       7.66748998E-10   1.77213957E-03  0.137469441      -2.92629022E-02  -1.00346184      0.367196947     -0.569518745    
   6.00000000       400.000000       4.06209007E-02   3.77015471      0.291793287       7.73890563E-10   1.04422146E-03  0.135196671       1.05867293E-02  -1.02638090      0.367627412     -0.567621410    
   7.00000000       400.000000       4.08019014E-02   3.81062984      0.297437102       7.80432163E-10   3.53957526E-04  0.132985935       3.37066986E-02  -1.04968083      0.369001716     -0.570968926    
   8.00000000       400.000000       4.09835242E-02   3.85157919      0.302764446       7.85976284E-10  -2.64168310E-04  0.130836278       2.33528800E-02  -1.07307768      0.369960725     -0.570846617    
   9.00000000       400.000000       4.11677249E-02   3.89264297      0.307850689       7.90748356E-10  -7.67366902E-04  0.128742829      -6.63290173E-03  -1.09657598      0.369687051     -0.536078095    
   10.0000000       800.000000       4.13518026E-02   3.93391180      0.311888009       7.92716559E-10  -1.04032434E-03  0.126702026      -4.39481214E-02  -1.11731422      0.367869377     -0.426391691    
   11.0000000       800.000000       4.15420607E-02   3.97551847      0.314538807       7.91118837E-10  -1.08881888E-03  0.124716341      -6.81881607E-02  -1.13192165      0.365037143     -0.296409458    
   12.0000000       800.000000       4.17331755E-02   4.01692963      0.315968543       7.86477272E-10  -1.00035965E-03  0.122784600      -6.78747147E-02  -1.14199936      0.362203985     -0.204182968    
   13.0000000       800.000000       4.19295840E-02   4.05884504      0.316466630       7.79601883E-10  -9.16562800E-04  0.120902121      -4.84444126E-02  -1.14900303      0.360172391     -0.131922707    
   2.00000000       800.000000       4.21275869E-02   4.10084629      0.316167921       7.70881969E-10  -8.56601226E-04  0.119068220      -2.77421772E-02  -1.15308690      0.359004200      -7.78282806E-02
   3.00000000       800.000000       4.23264094E-02   4.14324856      0.315332651       7.61009311E-10  -8.21783615E-04  0.117280781      -1.67141240E-02  -1.15557694      0.358296722      -5.38502187E-02
   4.00000000       800.000000       4.25276794E-02   4.18554831      0.314184010       7.50551177E-10  -7.93310639E-04  0.115537934      -1.64221171E-02  -1.15765452      0.357598335      -5.61227724E-02
   5.00000000       800.000000       4.27326299E-02   4.22826385      0.312881202       7.39904471E-10  -7.72207044E-04  0.113837302      -2.06292309E-02  -1.16036248      0.356717288      -8.30302387E-02
   6.00000000       800.000000       4.29400988E-02   4.27117634      0.311539829       7.29340699E-10  -7.55519548E-04  0.112175927      -2.37590335E-02  -1.16476858      0.355696529     -0.129722372    
   7.00000000       800.000000       4.31519486E-02   4.31416321      0.310204864       7.18970217E-10  -7.51694373E-04  0.110550605      -2.46806163E-02  -1.17153144      0.354631841     -0.185192257    
   8.00000000       800.000000       4.33655083E-02   4.35740662      0.308929145       7.08905212E-10  -7.57855654E-04  0.108958282      -2.37877537E-02  -1.18079162      0.353599638     -0.235324234    
   9.00000000       800.000000       4.35808785E-02   4.40067959      0.307729661       6.99177993E-10  -7.74095068E-04  0.107395537      -2.11762395E-02  -1.19199157      0.352676690     -0.268372774    
   10.0000000       800.000000       4.38009016E-02   4.44439697      0.306602031       6.89767576E-10  -8.06519529E-04  0.105860822      -1.74660720E-02  -1.20424449      0.351912528     -0.284307569    
   11.0000000       800.000000       4.40220647E-02   4.48833799      0.305579185       6.80739909E-10  -8.51668301E-04  0.104352064      -1.35248313E-02  -1.21696115      0.351316363     -0.290351957    
   12.0000000       800.000000       4.42490242E-02   4.53246212      0.304678142       6.72123246E-10  -9.00332350E-04  0.102869749      -1.03983618E-02  -1.22987390      0.350856274     -0.292834848    
   13.0000000       800.000000       4.44775447E-02   4.57707596      0.303906024       6.63923194E-10  -9.48613801E-04  0.101412371      -9.77948867E-03  -1.24294305      0.350421518     -0.295027077    
   2.00000000       800.000000       4.47068773E-02   4.62136841      0.303260058       6.56118826E-10  -9.95326205E-04   9.99795049E-02  -1.18531305E-02  -1.25618446      0.349891931     -0.298145682    
   3.00000000       800.000000       4.49385233E-02   4.66624355      0.302743226       6.48709308E-10  -1.03731663E-03   9.85716730E-02  -1.39742587E-02  -1.26966929      0.349263757     -0.303430259    
   4.00000000       800.000000       4.51754220E-02   4.71121693      0.302375883       6.41725839E-10  -1.06996694E-03   9.71875638E-02  -1.40487468E-02  -1.28352821      0.348628998     -0.311449230    
   5.00000000       800.000000       4.54156250E-02   4.75678205      0.302166253       6.35175357E-10  -1.08994776E-03   9.58269686E-02  -1.15601514E-02  -1.29788506      0.348103970     -0.320918530    
   6.00000000       800.000000       4.56556603E-02   4.80203438      0.302098870       6.29012620E-10  -1.09833200E-03   9.44896936E-02  -8.55182577E-03  -1.31275272      0.347713917     -0.330561727    
   7.00000000       800.000000       4.59001064E-02   4.84787893      0.302156866       6.23191498E-10  -1.09430472E-03   9.31751877E-02  -7.68679194E-03  -1.32814813      0.347360849     -0.339602739    
   8.00000000       800.000000       4.61495221E-02   4.89382601      0.302317291       6.17658036E-10  -1.08173653E-03   9.18833315E-02  -9.19351913E-03  -1.34401560      0.346936285     -0.346887082    
   9.00000000       800.000000       4.64015417E-02   4.94037914      0.302552462       6.12350337E-10  -1.06324826E-03   9.06130746E-02  -1.02952262E-02  -1.36025548      0.346458733     -0.352740467    
   10.0000000       800.000000       4.66544069E-02   4.98703766      0.302851677       6.07236206E-10  -1.04068010E-03   8.93643722E-02  -8.64028465E-03  -1.37683916      0.346055835     -0.357760698    
   11.0000000       800.000000       4.69110720E-02   5.03345490      0.303199232       6.02283334E-10  -1.01518980E-03   8.81365463E-02  -5.85738011E-03  -1.39372754      0.345780760     -0.361913949    
   12.0000000       800.000000       4.71705161E-02   5.08080530      0.303587258       5.97469907E-10  -9.87710198E-04   8.69294330E-02  -5.23130083E-03  -1.41088963      0.345534027     -0.365301907    
   13.0000000       800.000000       4.74330559E-02   5.12793064      0.304009140       5.92781491E-10  -9.59110563E-04   8.57422203E-02  -6.32537249E-03  -1.42828739      0.345234364     -0.368149459    
   2.00000000       800.000000       4.76989783E-02   5.17558718      0.304460645       5.88205873E-10  -9.29539441E-04   8.45749229E-02  -5.89793921E-03  -1.44591117      0.344952971     -0.370385796    
   3.00000000       800.000000       4.79672700E-02   5.22343826      0.304931551       5.83720905E-10  -9.00704879E-04   8.34267288E-02  -4.05728957E-03  -1.46372199      0.344758302     -0.371911615    
   4.00000000       800.000000       4.82396744E-02   5.27148342      0.305414796       5.79309489E-10  -8.73081153E-04   8.22972059E-02  -3.23131168E-03  -1.48169208      0.344602346     -0.373243362    
   5.00000000       800.000000       4.85143214E-02   5.32006216      0.305911928       5.74977344E-10  -8.46756448E-04   8.11862573E-02  -3.29101668E-03  -1.49983263      0.344442517     -0.374505520    
   6.00000000       800.000000       4.87925000E-02   5.36836243      0.306427151       5.70724690E-10  -8.20964982E-04   8.00934359E-02  -2.94572068E-03  -1.51813376      0.344298840     -0.376053393    
   7.00000000       800.000000       4.90735136E-02   5.41723442      0.306975424       5.66582281E-10  -7.94130377E-04   7.90180489E-02  -2.24864739E-03  -1.53663588      0.344188631     -0.378511071    
   8.00000000       800.000000       4.93605398E-02   5.46674824      0.307572931       5.62574987E-10  -7.63920951E-04   7.79600739E-02  -2.03563971E-03  -1.55538929      0.344087958     -0.381720811    
   9.00000000       800.000000       4.96459454E-02   5.51635075      0.308219135       5.58696811E-10  -7.30037049E-04   7.69191757E-02  -2.19976064E-03  -1.57442856      0.343978643     -0.384782672    
   10.0000000       800.000000       4.99367975E-02   5.56616688      0.308902413       5.54926771E-10  -6.93270180E-04   7.58947432E-02  -1.80836092E-03  -1.59370947      0.343888253     -0.387369305    
   11.0000000       800.000000       5.02316244E-02   5.61612844      0.309616357       5.51248380E-10  -6.54810283E-04   7.48866722E-02  -1.79455313E-03  -1.61323357      0.343798250     -0.389152586    
   12.0000000       800.000000       5.05279116E-02   5.66623640      0.310340106       5.47625612E-10  -6.16671343E-04   7.38946646E-02  -1.64505129E-03  -1.63292086      0.343714923     -0.389837295    
   13.0000000       800.000000       5.08273505E-02   5.71697474      0.311063677       5.44035983E-10  -5.80417691E-04   7.29183331E-02  -1.19811425E-03  -1.65274060      0.343654186     -0.389853388    
   2.00000000       800.000000       5.11321910E-02   5.76780939      0.311782539       5.40474443E-10  -5.46274532E-04   7.19573349E-02  -1.13431260E-03  -1.67267013      0.343596369     -0.389802843    
   3.00000000       800.000000       5.14377542E-02   5.81939650      0.312501371       5.36945377E-10  -5.13587263E-04   7.10112900E-02  -1.07125565E-03  -1.69272459      0.343540817     -0.389788628    
   4.00000000       800.000000       5.17485440E-02   5.87104797      0.313217849       5.33447952E-10  -4.82420961E-04   7.00799376E-02  -1.06013927E-03  -1.71289206      0.343486458     -0.389589727    
   5.00000000       800.000000       5.20629622E-02   5.92277527      0.313930362       5.29976230E-10  -4.52502776E-04   6.91631287E-02  -8.21828377E-04  -1.73316824      0.343443364     -0.389129400    
   6.00000000       800.000000       5.23787588E-02   5.97483015      0.314635038       5.26522492E-10  -4.24530794E-04   6.82602599E-02  -7.27389182E-04  -1.75353193      0.343405545     -0.388154775    
   7.00000000       800.000000       5.26992045E-02   6.02751064      0.315322399       5.23073806E-10  -3.98884644E-04   6.73713535E-02  -7.52054388E-04  -1.77395594      0.343365997     -0.386523753    
   8.00000000       800.000000       5.30240014E-02   6.08028364      0.315979958       5.19608190E-10  -3.77201242E-04   6.64959848E-02  -7.54179317E-04  -1.79439795      0.343325347     -0.383833379    
   9.00000000       800.000000       5.33496812E-02   6.13364077      0.316597968       5.16109711E-10  -3.60363687E-04   6.56338036E-02  -7.02751975E-04  -1.81478322      0.343288302     -0.380337536    
   10.0000000       800.000000       5.36804311E-02   6.18732548      0.317170590       5.12570819E-10  -3.48933274E-04   6.47846758E-02  -6.19288418E-04  -1.83510518      0.343255252     -0.376650989    
   11.0000000       800.000000       5.40157408E-02   6.24103832      0.317699879       5.08995235E-10  -3.42485757E-04   6.39481843E-02  -5.66747331E-04  -1.85535085      0.343224168     -0.372907728    
   12.0000000       800.000000       5.43518029E-02   6.29508209      0.318187267       5.05389730E-10  -3.40177416E-04   6.31242096E-02  -6.29747694E-04  -1.87551785      0.343190134     -0.369394451    
   13.0000000       800.000000       5.46922497E-02   6.34962225      0.318638533       5.01760244E-10  -3.41474544E-04   6.23123944E-02  -5.52469282E-04  -1.89562631      0.343160242     -0.366018444    
   2.00000000       800.000000       5.50380871E-02   6.40445566      0.319053769       4.98110997E-10  -3.45376611E-04   6.15125373E-02  -4.94112901E-04  -1.91567612      0.343132764     -0.362638801    
   3.00000000       800.000000       5.53847216E-02   6.45976830      0.319435179       4.94444152E-10  -3.51889204E-04   6.07244000E-02  -5.31518366E-04  -1.93567169      0.343103230     -0.359287798    
   4.00000000       800.000000       5.57359010E-02   6.51546860      0.319783121       4.90760710E-10  -3.60150822E-04   5.99477068E-02  -4.57406772E-04  -1.95560324      0.343078285     -0.356025308    
   5.00000000       800.000000       5.60912378E-02   6.57112312      0.320102990       4.87072660E-10  -3.69793386E-04   5.91823421E-02  -4.03064740E-04  -1.97548580      0.343055189     -0.353084624    
   6.00000000       800.000000       5.64479530E-02   6.62756824      0.320399851       4.83383500E-10  -3.79194651E-04   5.84279485E-02  -4.08130058E-04  -1.99534094      0.343031973     -0.350745410    
   7.00000000       800.000000       5.68098128E-02   6.68420267      0.320685148       4.79716045E-10  -3.87816282E-04   5.76843768E-02  -4.09531465E-04  -2.01521134      0.343008786     -0.348881930    
   8.00000000       800.000000       5.71758151E-02   6.74102211      0.320963323       4.76072515E-10  -3.93742841E-04   5.69516905E-02  -4.02599719E-04  -2.03510690      0.342985749     -0.347830534    
   9.00000000       800.000000       5.75454868E-02   6.79867172      0.321253598       4.72483053E-10  -3.96184536E-04   5.62293753E-02  -4.12874302E-04  -2.05511427      0.342961997     -0.347847074    
   10.0000000       800.000000       5.79212233E-02   6.85620070      0.321564704       4.68958428E-10  -3.92231712E-04   5.55175990E-02  -4.18338663E-04  -2.07527304      0.342938364     -0.348702848    
   11.0000000       800.000000       5.82982525E-02   6.91421032      0.321906567       4.65510908E-10  -3.82482103E-04   5.48159294E-02  -4.29589505E-04  -2.09563994      0.342913002     -0.349607825    
   12.0000000       800.000000       5.86755127E-02   6.97270107      0.322271645       4.62130556E-10  -3.66309512E-04   5.41244149E-02  -4.70518600E-04  -2.11616611      0.342885286     -0.350297004    
   13.0000000       800.000000       5.90622984E-02   7.03143930      0.322664171       4.58819926E-10  -3.44579981E-04   5.34427129E-02  -5.04735217E-04  -2.13688421      0.342855632     -0.350953847    
   2.00000000       800.000000       5.94485030E-02   7.09108067      0.323072851       4.55562171E-10  -3.17505357E-04   5.27709872E-02  -5.41499932E-04  -2.15776038      0.342823297     -0.350572467    
   3.00000000       800.000000       5.98436110E-02   7.15043688      0.323475212       4.52324844E-10  -2.88314652E-04   5.21086343E-02  -5.87775721E-04  -2.17870045      0.342788100     -0.348072439    
   4.00000000       800.000000       6.02373928E-02   7.21079636      0.323838919       4.49062676E-10  -2.59720633E-04   5.14559038E-02  -5.96037367E-04  -2.19955492      0.342752516     -0.343510985    
   5.00000000       800.000000       6.06374219E-02   7.27131176      0.324147224       4.45753934E-10  -2.34711872E-04   5.08124903E-02  -6.07133668E-04  -2.22022557      0.342715561     -0.337788373    
   6.00000000       800.000000       6.10392392E-02   7.33202028      0.324390739       4.42387099E-10  -2.13213556E-04   5.01780435E-02  -5.45961608E-04  -2.24065351      0.342682302     -0.331683457    
   7.00000000       800.000000       6.14471473E-02   7.39313030      0.324570626       4.38966530E-10  -1.96087145E-04   4.95526642E-02  -5.11914783E-04  -2.26085377      0.342650622     -0.325403094    
   8.00000000       800.000000       6.18590638E-02   7.45494413      0.324683815       4.35487674E-10  -1.82368007E-04   4.89359275E-02  -4.67267586E-04  -2.28078127      0.342622429     -0.318989515    
   9.00000000       800.000000       6.22721761E-02   7.51700449      0.324732572       4.31956138E-10  -1.72886139E-04   4.83278148E-02  -4.36276634E-04  -2.30045128      0.342594326     -0.312337846    
   10.0000000       800.000000       6.26941621E-02   7.57950735      0.324712455       4.28369284E-10  -1.66801605E-04   4.77279238E-02  -3.87195381E-04  -2.31981492      0.342569917     -0.305532068    
   11.0000000       800.000000       6.31151870E-02   7.64244461      0.324627727       4.24732610E-10  -1.64718702E-04   4.71363664E-02  -3.47906345E-04  -2.33888578      0.342548370     -0.298704773    
   12.0000000       800.000000       6.35424033E-02   7.70559978      0.324476868       4.21046170E-10  -1.65462523E-04   4.65530492E-02  -2.78418185E-04  -2.35764313      0.342530757     -0.291926384    
   13.0000000       800.000000       6.39760271E-02   7.76949692      0.324265420       4.17318985E-10  -1.69486098E-04   4.59775291E-02  -2.47538934E-04  -2.37611818      0.342514724     -0.285158217    
   2.00000000       800.000000       6.44085407E-02   7.83382225      0.323991358       4.13548390E-10  -1.75699912E-04   4.54098769E-02  -1.73748034E-04  -2.39425850      0.342503875     -0.278436750    
   3.00000000       800.000000       6.48498610E-02   7.89831066      0.323658824       4.09743878E-10  -1.84336866E-04   4.48498949E-02  -1.39500800E-04  -2.41210389      0.342494667     -0.271908998    
   4.00000000       800.000000       6.52926117E-02   7.96304750      0.323270828       4.05908307E-10  -1.94146356E-04   4.42972668E-02  -7.64661454E-05  -2.42964411      0.342489421     -0.265855551    
   5.00000000       800.000000       6.57397360E-02   8.02879810      0.322840720       4.02060690E-10  -2.04182405E-04   4.37522233E-02  -5.17266053E-05  -2.44693828      0.342486173     -0.260685563    
   6.00000000       800.000000       6.61928579E-02   8.09504509      0.322380751       3.98215322E-10  -2.12839906E-04   4.32143770E-02  -1.19231154E-05  -2.46403337      0.342485487     -0.256613314    
   7.00000000       800.000000       6.66503683E-02   8.16145802      0.321910471       3.94398847E-10  -2.18042711E-04   4.26838845E-02   8.74137550E-06  -2.48102808      0.342485934     -0.254101217    
   8.00000000       800.000000       6.71091229E-02   8.22835445      0.321449965       3.90633359E-10  -2.17835084E-04   4.21602316E-02   3.19884530E-05  -2.49802732      0.342488319     -0.252851129    
   9.00000000       800.000000       6.75772652E-02   8.29508305      0.321009964       3.86931986E-10  -2.10924947E-04   4.16437797E-02   4.95246059E-05  -2.51508665      0.342491120     -0.252081394    
   10.0000000       800.000000       6.80434331E-02   8.36327362      0.320586324       3.83288401E-10  -1.97803398E-04   4.11341563E-02   8.66816117E-05  -2.53221631      0.342497408     -0.250531346    
   11.0000000       800.000000       6.85164854E-02   8.43160915      0.320160538       3.79679427E-10  -1.80259885E-04   4.06313799E-02   1.18227748E-04  -2.54930019      0.342505246     -0.247347921    
   12.0000000       800.000000       6.89990669E-02   8.50011826      0.319708854       3.76076753E-10  -1.60831813E-04   4.01354432E-02   1.40888049E-04  -2.56622434      0.342515379     -0.242242515    
   13.0000000       800.000000       6.94770738E-02   8.56972027      0.319205701       3.72450876E-10  -1.42231351E-04   3.96461263E-02   1.42418241E-04  -2.58284307      0.342524946     -0.235203713    
   2.00000000       800.000000       6.99650571E-02   8.63913631      0.318631053       3.68780395E-10  -1.26587242E-04   3.91632318E-02   1.32306217E-04  -2.59902263      0.342534006     -0.226865888    
   3.00000000       800.000000       7.04544336E-02   8.70913506      0.317977041       3.65056929E-10  -1.14836148E-04   3.86867970E-02   1.13361049E-04  -2.61470008      0.342542738     -0.218068466    
   4.00000000       800.000000       7.09533468E-02   8.77987480      0.317245066       3.61282948E-10  -1.06906431E-04   3.82165574E-02   9.71871050E-05  -2.62986374      0.342548698     -0.209437415    
   5.00000000       800.000000       7.14557767E-02   8.85152435      0.316440046       3.57466556E-10  -1.02214603E-04   3.77525166E-02   8.92280659E-05  -2.64452720      0.342555583     -0.201128989    
   6.00000000       800.000000       7.19595850E-02   8.92326069      0.315567225       3.53616803E-10  -1.00223355E-04   3.72945443E-02   8.11731588E-05  -2.65870714      0.342561334     -0.193044499    
   7.00000000       800.000000       7.24673644E-02   8.99552822      0.314629138       3.49734602E-10  -1.00619385E-04   3.68425734E-02   7.92296923E-05  -2.67240787      0.342567086     -0.185082600    
   8.00000000       800.000000       7.29827210E-02   9.06822109      0.313627541       3.45825479E-10  -1.03121754E-04   3.63964140E-02   7.12183974E-05  -2.68562484      0.342572391     -0.177227065    
   9.00000000       800.000000       7.35015273E-02   9.14107132      0.312565833       3.41893597E-10  -1.07235806E-04   3.59560251E-02   6.36950936E-05  -2.69837070      0.342576861     -0.169702217    
   10.0000000       800.000000       7.40236938E-02   9.21487141      0.311449736       3.37945727E-10  -1.12342896E-04   3.55213359E-02   5.49780780E-05  -2.71066332      0.342580974     -0.162603423    
   11.0000000       800.000000       7.45541826E-02   9.28909588      0.310285836       3.33990224E-10  -1.17789954E-04   3.50920036E-02   4.26267798E-05  -2.72252822      0.342583865     -0.156044155    
   12.0000000       800.000000       7.50876293E-02   9.36382198      0.309084475       3.30039135E-10  -1.22529818E-04   3.46685722E-02   3.18178827E-05  -2.73401046      0.342586756     -0.150395304    
   13.0000000       800.000000       7.56227747E-02   9.43945217      0.307859778       3.26107308E-10  -1.25131497E-04   3.42503451E-02   1.97628142E-05  -2.74519706      0.342588574     -0.146040618    
   2.00000000       800.000000       7.61684179E-02   9.51551723      0.306630671       3.22214561E-10  -1.23685910E-04   3.38375159E-02   8.11913287E-06  -2.75617766      0.342588753     -0.142988861    
   3.00000000       800.000000       7.67170042E-02   9.59179592      0.305408478       3.18372412E-10  -1.16859039E-04   3.34297195E-02  -1.36790482E-06  -2.76705623      0.342588872     -0.140575290    
   4.00000000       800.000000       7.72694573E-02   9.66848755      0.304191113       3.14578280E-10  -1.04839222E-04   3.30274440E-02  -5.57081012E-06  -2.77782679      0.342588514     -0.137473628    
   5.00000000       800.000000       7.78230131E-02   9.74612713      0.302960336       3.10812293E-10  -8.96513666E-05   3.26302685E-02  -8.80333300E-06  -2.78837395      0.342587352     -0.132421821    
   6.00000000       800.000000       7.83851892E-02   9.82425022      0.301685899       3.07044695E-10  -7.43180426E-05   3.22383121E-02  -1.66823847E-05  -2.79850936      0.342586219     -0.125094071    
   7.00000000       800.000000       7.89523125E-02   9.90284920      0.300344527       3.03251008E-10  -6.15378958E-05   3.18512656E-02  -2.88573374E-05  -2.80805898      0.342583954     -0.116086751    
   8.00000000       800.000000       7.95280412E-02   9.98241329      0.298923343       2.99419878E-10  -5.28048440E-05   3.14692631E-02  -3.75322707E-05  -2.81691122      0.342581064     -0.106376350    
   9.00000000       800.000000       8.01055804E-02   10.0623922      0.297420919       2.95552416E-10  -4.83162294E-05   3.10917944E-02  -4.24855534E-05  -2.82503939      0.342577934      -9.68410447E-02
   10.0000000       800.000000       8.06882754E-02   10.1425762      0.295845628       2.91656893E-10  -4.74171538E-05   3.07194088E-02  -4.60640731E-05  -2.83247757      0.342573851      -8.78880993E-02
   11.0000000       800.000000       8.12722519E-02   10.2231703      0.294205427       2.87742247E-10  -4.92195686E-05   3.03514097E-02  -4.83788754E-05  -2.83926988      0.342569858      -7.96583369E-02
   12.0000000       800.000000       8.18665698E-02   10.3048105      0.292509973       2.83819274E-10  -5.26810545E-05   2.99885105E-02  -4.94368433E-05  -2.84547663      0.342565864      -7.21447617E-02
   13.0000000       800.000000       8.24698508E-02   10.3871059      0.290766954       2.79896994E-10  -5.69618496E-05   2.96298694E-02  -4.98411100E-05  -2.85112762      0.342561901      -6.52099550E-02
   2.00000000       800.000000       8.30690786E-02   10.4702911      0.288985312       2.75982348E-10  -6.12701406E-05   2.92754155E-02  -4.88087280E-05  -2.85627222      0.342557400      -5.89611046E-02
   3.00000000       800.000000       8.36792067E-02   10.5531397      0.287174523       2.72086298E-10  -6.45833061E-05   2.89257299E-02  -4.72877364E-05  -2.86096191      0.342553824      -5.36871403E-02
   4.00000000       800.000000       8.42924491E-02   10.6371202      0.285349637       2.68222777E-10  -6.55910771E-05   2.85803955E-02  -4.52807290E-05  -2.86528611      0.342549920      -4.95094433E-02
   5.00000000       800.000000       8.49149227E-02   10.7222576      0.283523589       2.64403277E-10  -6.28816415E-05   2.82391738E-02  -4.31353401E-05  -2.86934018      0.342546433      -4.63807061E-02
   6.00000000       800.000000       8.55400413E-02   10.8070173      0.281704336       2.60635596E-10  -5.54467879E-05   2.79025808E-02  -4.15315772E-05  -2.87319279      0.342542678      -4.35872041E-02
   7.00000000       800.000000       8.61672983E-02   10.8929453      0.279885262       2.56911575E-10  -4.39252799E-05   2.75697205E-02  -4.14391288E-05  -2.87681651      0.342539519      -3.96718904E-02
   8.00000000       800.000000       8.68062824E-02   10.9799843      0.278040349       2.53207677E-10  -3.11414769E-05   2.72412803E-02  -3.94589297E-05  -2.88005829      0.342535645      -3.32783237E-02
   9.00000000       800.000000       8.74475688E-02   11.0664978      0.276136279       2.49492843E-10  -2.07966787E-05   2.69171726E-02  -3.58286416E-05  -2.88262153      0.342532426      -2.44257804E-02
   10.0000000       800.000000       8.80924463E-02   11.1543617      0.274154097       2.45753778E-10  -1.50965216E-05   2.65969764E-02  -3.23999957E-05  -2.88434172      0.342529863      -1.48958927E-02
   11.0000000       800.000000       8.87458175E-02   11.2425718      0.272102535       2.41996062E-10  -1.37279558E-05   2.62802280E-02  -2.94711372E-05  -2.88525629      0.342527300      -6.28664484E-03
   12.0000000       800.000000       8.94047245E-02   11.3320246      0.269995898       2.38235043E-10  -1.51975109E-05   2.59677917E-02  -2.54014849E-05  -2.88546157      0.342524976       1.15462579E-03
   13.0000000       800.000000       9.00711343E-02   11.4218473      0.267846942       2.34482350E-10  -1.80552888E-05   2.56595481E-02  -2.17240977E-05  -2.88504720      0.342523068       7.64920609E-03
   2.00000000       800.000000       9.07422155E-02   11.5118284      0.265666395       2.30746575E-10  -2.11784973E-05   2.53548585E-02  -1.79649724E-05  -2.88408494      0.342521369       1.32884746E-02
   3.00000000       800.000000       9.14164707E-02   11.6033077      0.263463289       2.27036723E-10  -2.35731677E-05   2.50535384E-02  -1.37557299E-05  -2.88262653      0.342519850       1.80590712E-02
   4.00000000       800.000000       9.20993984E-02   11.6952047      0.261249334       2.23363050E-10  -2.42263941E-05   2.47561615E-02  -1.05556092E-05  -2.88076687      0.342519164       2.19629016E-02
   5.00000000       800.000000       9.27866399E-02   11.7873383      0.259033561       2.19731303E-10  -2.21582122E-05   2.44625658E-02  -6.73013847E-06  -2.87856317      0.342518479       2.52306443E-02
   6.00000000       800.000000       9.34779644E-02   11.8806105      0.256819665       2.16146059E-10  -1.68403094E-05   2.41724346E-02  -2.88739079E-06  -2.87606907      0.342517853       2.82874983E-02
   7.00000000       800.000000       9.41774696E-02   11.9743528      0.254604161       2.12601978E-10  -8.74618854E-06   2.38858294E-02   1.56358880E-07  -2.87325644      0.342517942       3.20122950E-02
   8.00000000       800.000000       9.48819369E-02   12.0688763      0.252369732       2.09085610E-10   1.68978318E-07   2.36028824E-02   3.06905986E-06  -2.87001729      0.342518866       3.73966731E-02
   9.00000000       800.000000       9.55979601E-02   12.1640635      0.250094265       2.05578624E-10   7.33511024E-06   2.33234502E-02   6.61478634E-06  -2.86613011      0.342519075       4.42363471E-02
   10.0000000       800.000000       9.63135287E-02   12.2600622      0.247770861       2.02073899E-10   1.15053890E-05   2.30473019E-02   9.54438565E-06  -2.86152625      0.342519939       5.12288921E-02
   11.0000000       800.000000       9.70358253E-02   12.3568468      0.245404094       1.98577724E-10   1.29298942E-05   2.27747336E-02   1.09866214E-05  -2.85623169      0.342520833       5.76173589E-02
   12.0000000       800.000000       9.77677032E-02   12.4544106      0.243003473       1.95097410E-10   1.25143279E-05   2.25050580E-02   1.26002788E-05  -2.85030103      0.342522532       6.32304996E-02
   13.0000000       800.000000       9.85076427E-02   12.5523767      0.240578532       1.91640426E-10   1.14151262E-05   2.22389270E-02   1.34269558E-05  -2.84382033      0.342523724       6.79162368E-02
   2.00000000       800.000000       9.92456749E-02   12.6510534      0.238140702       1.88216123E-10   1.07776650E-05   2.19762009E-02   1.39407493E-05  -2.83686876      0.342525065       7.16955289E-02
   3.00000000       800.000000       9.99961421E-02   12.7503929      0.235700116       1.84832011E-10   1.15339362E-05   2.17163730E-02   1.40250713E-05  -2.82953358      0.342526287       7.48198479E-02
   4.00000000       800.000000      0.100751281       12.8514633      0.233260170       1.81489504E-10   1.41764594E-05   2.14597173E-02   1.38308278E-05  -2.82184672      0.342527986       7.77694359E-02
   5.00000000       800.000000      0.101513669       12.9527330      0.230818704       1.78187631E-10   1.85198296E-05   2.12065503E-02   1.35027431E-05  -2.81380367      0.342529416       8.08893815E-02
   6.00000000       800.000000      0.102282949       13.0543804      0.228370816       1.74921730E-10   2.37555778E-05   2.09560432E-02   1.28010661E-05  -2.80537033      0.342530847       8.46324936E-02
   7.00000000       800.000000      0.103057869       13.1565609      0.225904629       1.71682682E-10   2.83335903E-05   2.07086839E-02   1.21657622E-05  -2.79642606      0.342531443       8.94026384E-02
   8.00000000       800.000000      0.103839546       13.2604132      0.223408937       1.68461689E-10   3.09083553E-05   2.04644110E-02   1.16015335E-05  -2.78686619      0.342533231       9.45316181E-02
   9.00000000       800.000000      0.104626514       13.3645535      0.220888689       1.65261874E-10   3.14558747E-05   2.02231575E-02   1.12789039E-05  -2.77672076      0.342534453       9.91950706E-02
   10.0000000       800.000000      0.105420068       13.4691267      0.218350247       1.62089051E-10   3.06542606E-05   1.99847575E-02   1.03967222E-05  -2.76602793      0.342535108      0.103260607    
   11.0000000       800.000000      0.106228657       13.5754204      0.215800479       1.58947536E-10   2.93893518E-05   1.97490994E-02   9.55319592E-06  -2.75486231      0.342535794      0.106548361    
   12.0000000       800.000000      0.107034281       13.6821260      0.213250712       1.55845531E-10   2.88490428E-05   1.95163693E-02   8.66268329E-06  -2.74331379      0.342536986      0.108891755    
   13.0000000       800.000000      0.107849084       13.7891541      0.210710526       1.52788920E-10   3.00721931E-05   1.92865524E-02   7.89430578E-06  -2.73146248      0.342537880      0.110636279    
   2.00000000       800.000000      0.108672515       13.8981247      0.208181411       1.49779314E-10   3.33303215E-05   1.90592799E-02   6.86763906E-06  -2.71935391      0.342538625      0.112384610    
   3.00000000       800.000000      0.109497771       14.0066690      0.205658779       1.46812146E-10   3.80189776E-05   1.88349094E-02   6.08566143E-06  -2.70694613      0.342539340      0.114580192    
   4.00000000       800.000000      0.110339761       14.1170921      0.203134507       1.43880866E-10   4.28685307E-05   1.86131485E-02   5.18947081E-06  -2.69416690      0.342540026      0.117580302    
   5.00000000       800.000000      0.111177742       14.2269335      0.200597256       1.40977452E-10   4.63648248E-05   1.83941070E-02   3.71123610E-06  -2.68090034      0.342540234      0.121238343    
   6.00000000       800.000000      0.112030037       14.3394938      0.198043421       1.38099726E-10   4.77982248E-05   1.81775838E-02   2.43553382E-06  -2.66710114      0.342540741      0.124821626    
   7.00000000       800.000000      0.112885214       14.4517355      0.195479274       1.35250672E-10   4.75264387E-05   1.79636702E-02   1.17242325E-06  -2.65282726      0.342540681      0.127871111    
   8.00000000       800.000000      0.113750286       14.5650282      0.192911536       1.32435396E-10   4.64382356E-05   1.77528914E-02  -2.33324879E-08  -2.63812757      0.342541218      0.130166724    
   9.00000000       800.000000      0.114624061       14.6793976      0.190350428       1.29660949E-10   4.57828974E-05   1.75437890E-02  -1.18752257E-06  -2.62309957      0.342540652      0.131563112    
   10.0000000       800.000000      0.115506783       14.7940674      0.187805012       1.26932007E-10   4.66297533E-05   1.73376482E-02  -2.08597453E-06  -2.60784841      0.342540622      0.132408291    
   11.0000000       800.000000      0.116393380       14.9101496      0.185276449       1.24249278E-10   4.91644896E-05   1.71344560E-02  -2.96641224E-06  -2.59239793      0.342540115      0.133314043    
   12.0000000       800.000000      0.117281690       15.0272551      0.182760075       1.21608751E-10   5.27151169E-05   1.69329103E-02  -3.81497057E-06  -2.57669449      0.342539459      0.134636328    
   13.0000000       800.000000      0.118191823       15.1445360      0.180248961       1.19005403E-10   5.62057139E-05   1.67341568E-02  -4.46154218E-06  -2.56069016      0.342539400      0.136461616    
   2.00000000       800.000000      0.119099334       15.2630339      0.177737221       1.16434917E-10   5.85907146E-05   1.65369567E-02  -5.04458058E-06  -2.54431677      0.342538744      0.138628200    
   3.00000000       800.000000      0.120015435       15.3828135      0.175223306       1.13896011E-10   5.94374724E-05   1.63429230E-02  -5.48875460E-06  -2.52754283      0.342537671      0.140691280    
   4.00000000       800.000000      0.120940529       15.5036430      0.172711894       1.11391139E-10   5.91874013E-05   1.61512811E-02  -5.74390469E-06  -2.51041389      0.342536986      0.142190009    
   5.00000000       800.000000      0.121867239       15.6249332      0.170211270       1.08925390E-10   5.89232877E-05   1.59616526E-02  -5.92595006E-06  -2.49301672      0.342536509      0.142940775    
   6.00000000       800.000000      0.122810721       15.7464323      0.167728782       1.06502897E-10   5.95844540E-05   1.57741364E-02  -5.90263971E-06  -2.47544026      0.342535645      0.143247992    
   7.00000000       800.000000      0.123757191       15.8707790      0.165265232       1.04123397E-10   6.14026649E-05   1.55896684E-02  -5.80172491E-06  -2.45769763      0.342535228      0.143506795    
   8.00000000       800.000000      0.124716990       15.9948425      0.162819177       1.01785566E-10   6.40394574E-05   1.54069355E-02  -5.66024528E-06  -2.43978357      0.342534542      0.143934265    
   9.00000000       800.000000      0.125679165       16.1200333      0.160386801       9.94860652E-11   6.66942360E-05   1.52262738E-02  -5.45862076E-06  -2.42165661      0.342533380      0.144747645    
   10.0000000       800.000000      0.126648560       16.2460766      0.157962173       9.72213074E-11   6.84996339E-05   1.50476173E-02  -5.19997639E-06  -2.40325832      0.342532873      0.145785034    
   11.0000000       800.000000      0.127627030       16.3736973      0.155545831       9.49905987E-11   6.92633330E-05   1.48710972E-02  -4.84560042E-06  -2.38458800      0.342532456      0.146616712    
   12.0000000       800.000000      0.128622070       16.5009899      0.153141871       9.27965899E-11   6.94782284E-05   1.46967433E-02  -4.43100816E-06  -2.36568689      0.342531651      0.147024125    
   13.0000000       800.000000      0.129615709       16.6299458      0.150755510       9.06412376E-11   6.98040167E-05   1.45249022E-02  -3.97234089E-06  -2.34661317      0.342531174      0.147049293    
   2.00000000       800.000000      0.130617574       16.7607040      0.148389012       8.85256451E-11   7.06547216E-05   1.43544227E-02  -3.44105274E-06  -2.32741904      0.342530876      0.146873266    
   3.00000000       800.000000      0.131631613       16.8909397      0.146042526       8.64495003E-11   7.19710079E-05   1.41864857E-02  -2.90451135E-06  -2.30810356      0.342530221      0.146742523    
   4.00000000       800.000000      0.132658064       17.0234966      0.143714249       8.44111309E-11   7.33318448E-05   1.40199512E-02  -2.30567775E-06  -2.28863978      0.342530280      0.146746457    
   5.00000000       800.000000      0.133689612       17.1564980      0.141402602       8.24083649E-11   7.43764831E-05   1.38557870E-02  -1.72236844E-06  -2.26901364      0.342529982      0.146758452    
   6.00000000       800.000000      0.134727374       17.2917385      0.139107972       8.04420003E-11   7.50554464E-05   1.36938589E-02  -1.15156217E-06  -2.24924541      0.342530042      0.146655440    
   7.00000000       800.000000      0.135772675       17.4260139      0.136832148       7.85116902E-11   7.56158697E-05   1.35332542E-02  -6.34446394E-07  -2.22934341      0.342529833      0.146302313    
   8.00000000       800.000000      0.136831790       17.5625153      0.134578079       7.66193081E-11   7.64572251E-05   1.33743808E-02  -1.78246523E-07  -2.20936179      0.342530102      0.145713493    
   9.00000000       800.000000      0.137887821       17.6995029      0.132347554       7.47645279E-11   7.77624809E-05   1.32179288E-02   1.93883707E-07  -2.18931651      0.342529535      0.145051122    
   10.0000000       800.000000      0.138969555       17.8388729      0.130139530       7.29466834E-11   7.94195075E-05   1.30637651E-02   4.93968969E-07  -2.16920161      0.342529744      0.144409046    
   11.0000000       800.000000      0.140046909       17.9775219      0.127952635       7.11646436E-11   8.11124773E-05   1.29110860E-02   7.32514991E-07  -2.14901996      0.342530072      0.143864319    
   12.0000000       800.000000      0.141143247       18.1181393      0.125786230       6.94164101E-11   8.24900490E-05   1.27598112E-02   9.37236678E-07  -2.12874556      0.342530519      0.143370956    
   13.0000000       800.000000      0.142242312       18.2606220      0.123638630       6.77019066E-11   8.34292878E-05   1.26108434E-02   1.12758516E-06  -2.10839844      0.342530102      0.142809585    
   2.00000000       800.000000      0.143348306       18.4025784      0.121512540       6.60215910E-11   8.40450302E-05   1.24626411E-02   1.32691048E-06  -2.08797169      0.342530340      0.142107889    
   3.00000000       800.000000      0.144470185       18.5468769      0.119408347       6.43749151E-11   8.45515897E-05   1.23173343E-02   1.53141684E-06  -2.06749034      0.342530519      0.141262189    
   4.00000000       800.000000      0.145599216       18.6916237      0.117327645       6.27623509E-11   8.50994693E-05   1.21727698E-02   1.71843556E-06  -2.04699469      0.342530727      0.140323088    
   5.00000000       800.000000      0.146730632       18.8387299      0.115270093       6.11833223E-11   8.57291234E-05   1.20311482E-02   1.88511660E-06  -2.02647138      0.342531055      0.139326096    
   6.00000000       800.000000      0.147886083       18.9852219      0.113237515       5.96378433E-11   8.64219182E-05   1.18903173E-02   1.99924852E-06  -2.00594378      0.342531741      0.138298661    
   7.00000000       800.000000      0.149040878       19.1336536      0.111228228       5.81251158E-11   8.71117736E-05   1.17513314E-02   2.06626805E-06  -1.98539960      0.342531890      0.137253180    
   8.00000000       800.000000      0.150206983       19.2841053      0.109242149       5.66442032E-11   8.77388447E-05   1.16139743E-02   2.09200766E-06  -1.96486950      0.342532188      0.136181608    
   9.00000000       800.000000      0.151375279       19.4338169      0.107280053       5.51954940E-11   8.82899258E-05   1.14782080E-02   2.09467817E-06  -1.94434404      0.342532337      0.135064721    
   10.0000000       800.000000      0.152559474       19.5859928      0.105342232       5.37774617E-11   8.87778006E-05   1.13442903E-02   2.08707957E-06  -1.92381668      0.342532337      0.133904770    
   11.0000000       800.000000      0.153755501       19.7391071      0.103427604       5.23910082E-11   8.91962118E-05   1.12113645E-02   2.07471726E-06  -1.90330827      0.342532873      0.132714331    
   12.0000000       800.000000      0.154966682       19.8943138      0.101538293       5.10345134E-11   8.95420235E-05   1.10800955E-02   2.06331242E-06  -1.88285077      0.342533052      0.131483436    
   13.0000000       800.000000      0.156182289       20.0499210       9.96724889E-02   4.97083139E-11   8.98398575E-05   1.09508187E-02   2.04549087E-06  -1.86241388      0.342533499      0.130207881    
   2.00000000       800.000000      0.157407701       20.2067699       9.78317633E-02   4.84117572E-11   9.01211170E-05   1.08227311E-02   2.01123726E-06  -1.84201920      0.342533529      0.128893197    
   3.00000000       800.000000      0.158632427       20.3635406       9.60159898E-02   4.71444446E-11   9.04221815E-05   1.06964000E-02   1.94783161E-06  -1.82167220      0.342534065      0.127535820    
   4.00000000       800.000000      0.159881696       20.5234394       9.42251384E-02   4.59059631E-11   9.08102302E-05   1.05719334E-02   1.84952626E-06  -1.80139637      0.342534512      0.126126379    
   5.00000000       800.000000      0.161134437       20.6836548       9.24605578E-02   4.46965069E-11   9.13531185E-05   1.04483273E-02   1.71239492E-06  -1.78118575      0.342534900      0.124680102    
   6.00000000       800.000000      0.162408039       20.8466339       9.07205194E-02   4.35150249E-11   9.20558086E-05   1.03262616E-02   1.53840301E-06  -1.76105940      0.342535317      0.123221688    
   7.00000000       800.000000      0.163673609       21.0080662       8.90055820E-02   4.23609724E-11   9.28831214E-05   1.02057243E-02   1.33092715E-06  -1.74100590      0.342535526      0.121760607    
   8.00000000       800.000000      0.164970547       21.1726456       8.73160809E-02   4.12346580E-11   9.37729274E-05   1.00860642E-02   1.10269173E-06  -1.72103465      0.342535675      0.120306164    
   9.00000000       800.000000      0.166260168       21.3390827       8.56507570E-02   4.01341772E-11   9.46294240E-05   9.96818859E-03   8.72661531E-07  -1.70115793      0.342535615      0.118869402    
   10.0000000       800.000000      0.167571649       21.5048828       8.40091333E-02   3.90597242E-11   9.53511917E-05   9.85184312E-03   6.54149517E-07  -1.68136048      0.342535764      0.117445149    
   11.0000000       800.000000      0.168884769       21.6747990       8.23920518E-02   3.80101957E-11   9.58898672E-05   9.73700639E-03   4.53562791E-07  -1.66164529      0.342535883      0.116010621    
   12.0000000       800.000000      0.170220941       21.8437004       8.07982907E-02   3.69857756E-11   9.62808554E-05   9.62299667E-03   2.72157905E-07  -1.64202404      0.342535853      0.114542276    
   13.0000000       800.000000      0.171562597       22.0148487       7.92296827E-02   3.59864083E-11   9.66103980E-05   9.51111410E-03   1.07009186E-07  -1.62250769      0.342535764      0.113037556    
   2.00000000       800.000000      0.172911152       22.1867790       7.76846930E-02   3.50107374E-11   9.69646644E-05   9.39966645E-03  -3.96798114E-08  -1.60307634      0.342535675      0.111503102    
   3.00000000       800.000000      0.174262822       22.3595982       7.61644617E-02   3.40590889E-11   9.74069408E-05   9.29031242E-03  -1.70278113E-07  -1.58378732      0.342535675      0.109949186    
   4.00000000       800.000000      0.175636902       22.5350342       7.46686310E-02   3.31309771E-11   9.79399265E-05   9.18186363E-03  -2.88978583E-07  -1.56461227      0.342535943      0.108403653    
   5.00000000       800.000000      0.177029908       22.7109966       7.31965899E-02   3.22255035E-11   9.84841754E-05   9.07470938E-03  -3.99121660E-07  -1.54555368      0.342535883      0.106882229    
   6.00000000       800.000000      0.178427994       22.8897495       7.17480928E-02   3.13425709E-11   9.89643158E-05   8.96838494E-03  -5.00100498E-07  -1.52662385      0.342535615      0.105373167    
   7.00000000       800.000000      0.179832757       23.0675335       7.03230053E-02   3.04814958E-11   9.93367139E-05   8.86358600E-03  -5.96338054E-07  -1.50779879      0.342535675      0.103872091    
   8.00000000       800.000000      0.181247130       23.2492962       6.89212158E-02   2.96417335E-11   9.95909941E-05   8.76044761E-03  -6.88313662E-07  -1.48911381      0.342535436      0.102366284    
   9.00000000       800.000000      0.182678327       23.4303741       6.75421059E-02   2.88229544E-11   9.97786919E-05   8.65793042E-03  -7.70926704E-07  -1.47054148      0.342535317      0.100843020    
   10.0000000       800.000000      0.184120178       23.6137962       6.61855564E-02   2.80248047E-11   9.99475087E-05   8.55684746E-03  -8.43553039E-07  -1.45211065      0.342535406       9.93161425E-02
   11.0000000       800.000000      0.185574606       23.7995758       6.48524910E-02   2.72470692E-11   1.00081772E-04   8.45718291E-03  -9.04185697E-07  -1.43384409      0.342535049       9.78054702E-02
   12.0000000       800.000000      0.187039450       23.9845982       6.35413453E-02   2.64889343E-11   1.00123791E-04   8.35815165E-03  -9.45938609E-07  -1.41568470      0.342534959       9.63142663E-02
   13.0000000       800.000000      0.188515589       24.1725788       6.22522719E-02   2.57500046E-11   1.00031641E-04   8.26075580E-03  -9.67670076E-07  -1.39765191      0.342534631       9.48330909E-02
   2.00000000       800.000000      0.190003842       24.3626595       6.09856881E-02   2.50300336E-11   9.98003161E-05   8.16473644E-03  -9.69401299E-07  -1.37976611      0.342534572       9.33544338E-02
   3.00000000       800.000000      0.191507503       24.5538692       5.97397499E-02   2.43282946E-11   9.94621005E-05   8.06937646E-03  -9.51741583E-07  -1.36204469      0.342534274       9.18700323E-02
   4.00000000       800.000000      0.193027228       24.7454605       5.85163422E-02   2.36448864E-11   9.91021589E-05   7.97474664E-03  -9.17149464E-07  -1.34445179      0.342534274       9.03687850E-02
   5.00000000       800.000000      0.194553345       24.9383144       5.73151037E-02   2.29794656E-11   9.88313477E-05   7.88175687E-03  -8.68309428E-07  -1.32701111      0.342534006       8.88546482E-02
   6.00000000       800.000000      0.196085945       25.1336231       5.61353415E-02   2.23316209E-11   9.87216627E-05   7.78973196E-03  -8.05812135E-07  -1.30974174      0.342533529       8.73433128E-02
   7.00000000       800.000000      0.197636858       25.3313236       5.49767651E-02   2.17008234E-11   9.87842941E-05   7.69869611E-03  -7.33428635E-07  -1.29262066      0.342533499       8.58467296E-02
   8.00000000       800.000000      0.199212298       25.5304661       5.38401194E-02   2.10869586E-11   9.89806140E-05   7.60894222E-03  -6.54226540E-07  -1.27567160      0.342533380       8.43746439E-02
   9.00000000       800.000000      0.200781316       25.7297115       5.27238399E-02   2.04893082E-11   9.92470013E-05   7.52050569E-03  -5.70036491E-07  -1.25887513      0.342533320       8.29288960E-02
   10.0000000       800.000000      0.202371761       25.9304714       5.16282432E-02   1.99074351E-11   9.95381197E-05   7.43275974E-03  -4.84044335E-07  -1.24225247      0.342533290       8.15008134E-02
   11.0000000       800.000000      0.203978211       26.1335907       5.05523533E-02   1.93411225E-11   9.98508040E-05   7.34571647E-03  -4.01954622E-07  -1.22575712      0.342533082       8.00842568E-02
   12.0000000       800.000000      0.205590189       26.3390236       4.94967811E-02   1.87899470E-11   1.00183199E-04   7.25989649E-03  -3.28010259E-07  -1.20944738      0.342533290       7.86842480E-02
   13.0000000       800.000000      0.207215562       26.5462608       4.84602824E-02   1.82534907E-11   1.00507925E-04   7.17530446E-03  -2.63167635E-07  -1.19328511      0.342533171       7.73050413E-02
   2.00000000       800.000000      0.208862230       26.7531796       4.74438742E-02   1.77315801E-11   1.00774050E-04   7.09148729E-03  -2.07886018E-07  -1.17728174      0.342533082       7.59509802E-02
   3.00000000       800.000000      0.210511744       26.9634609       4.64448333E-02   1.72233599E-11   1.00915822E-04   7.00878352E-03  -1.61653190E-07  -1.16142344      0.342532933       7.46218264E-02
   4.00000000       800.000000      0.212182373       27.1744270       4.54651676E-02   1.67287937E-11   1.00896068E-04   6.92680245E-03  -1.22434059E-07  -1.14572656      0.342532933       7.33085647E-02
   5.00000000       800.000000      0.213867262       27.3881035       4.45038043E-02   1.62477219E-11   1.00733807E-04   6.84565725E-03  -8.75166322E-08  -1.13020349      0.342532963       7.20009431E-02
   6.00000000       800.000000      0.215570495       27.6017551       4.35601920E-02   1.57794923E-11   1.00498517E-04   6.76595001E-03  -5.43734586E-08  -1.11481237      0.342532963       7.06926584E-02
   7.00000000       800.000000      0.217280358       27.8196926       4.26347740E-02   1.53240979E-11   1.00286619E-04   6.68711867E-03  -2.07744204E-08  -1.09959722      0.342532843       6.93829432E-02
   8.00000000       800.000000      0.218995273       28.0367794       4.17275205E-02   1.48813236E-11   1.00171499E-04   6.60895277E-03   1.45945309E-08  -1.08455384      0.342532754       6.80812001E-02
   9.00000000       800.000000      0.220740929       28.2576332       4.08379771E-02   1.44507574E-11   1.00160578E-04   6.53189002E-03   5.13764924E-08  -1.06965840      0.342532724       6.68013468E-02
   10.0000000       800.000000      0.222490728       28.4788132       3.99658456E-02   1.40319787E-11   1.00191137E-04   6.45558722E-03   8.85496192E-08  -1.05494308      0.342532635       6.55515417E-02
   11.0000000       800.000000      0.224248633       28.7025547       3.91105786E-02   1.36248937E-11   1.00180019E-04   6.38007885E-03   1.24210530E-07  -1.04038215      0.342532724       6.43310249E-02
   12.0000000       800.000000      0.226034790       28.9273281       3.82711776E-02   1.32289926E-11   1.00081386E-04   6.30565453E-03   1.56056871E-07  -1.02597010      0.342532754       6.31278977E-02
   13.0000000       800.000000      0.227838799       29.1540203       3.74493748E-02   1.28438310E-11   9.99333133E-05   6.23193290E-03   1.82782713E-07  -1.01172626      0.342532784       6.19299002E-02
   2.00000000       800.000000      0.229636580       29.3828106       3.66428681E-02   1.24694361E-11   9.97943862E-05   6.15898706E-03   2.03972107E-07 -0.997636557      0.342532873       6.07425347E-02
   3.00000000       800.000000      0.231463313       29.6143074       3.58525738E-02   1.21056698E-11   9.96899616E-05   6.08714530E-03   2.19687934E-07 -0.983718574      0.342532992       5.95684461E-02
   4.00000000       800.000000      0.233298600       29.8444633       3.50784697E-02   1.17520108E-11   9.96605741E-05   6.01593964E-03   2.30207959E-07 -0.969958305      0.342533052       5.84043115E-02
   5.00000000       800.000000      0.235164225       30.0788250       3.43200080E-02   1.14082181E-11   9.97346360E-05   5.94586041E-03   2.36034069E-07 -0.956336319      0.342532992       5.72570562E-02
   6.00000000       800.000000      0.237021416       30.3152733       3.35766673E-02   1.10742951E-11   9.98811447E-05   5.87648759E-03   2.37669838E-07 -0.942914486      0.342533082       5.61352298E-02
   7.00000000       800.000000      0.238909259       30.5545444       3.28482501E-02   1.07496824E-11   1.00041223E-04   5.80782257E-03   2.35353482E-07 -0.929622471      0.342533231       5.50379753E-02
   8.00000000       800.000000      0.240805298       30.7942753       3.21344286E-02   1.04342394E-11   1.00169906E-04   5.73991844E-03   2.29124097E-07 -0.916512668      0.342533290       5.39628193E-02
   9.00000000       800.000000      0.242732763       31.0363560       3.14352661E-02   1.01275767E-11   1.00230682E-04   5.67262573E-03   2.19479944E-07 -0.903542876      0.342533231       5.29084280E-02
   10.0000000       800.000000      0.244650185       31.2805672       3.07496320E-02   9.82961715E-12   1.00208628E-04   5.60655072E-03   2.07404355E-07 -0.890724540      0.342533320       5.18702194E-02
   11.0000000       800.000000      0.246601894       31.5240726       3.00779268E-02   9.53996864E-12   1.00117526E-04   5.54085989E-03   1.93961995E-07 -0.878058910      0.342533529       5.08450121E-02
   12.0000000       800.000000      0.248575494       31.7732716       2.94200592E-02   9.25855399E-12   9.99733675E-05   5.47604542E-03   1.79564893E-07 -0.865547180      0.342533559       4.98352423E-02
   13.0000000       800.000000      0.250549018       32.0229034       2.87758633E-02   8.98524137E-12   9.97792595E-05   5.41212736E-03   1.64696829E-07 -0.853182316      0.342533737       4.88400981E-02
   2.00000000       800.000000      0.252544135       32.2734489       2.81442981E-02   8.71960316E-12   9.95429655E-05   5.34902932E-03   1.49775317E-07 -0.840972066      0.342533737       4.78609726E-02
   3.00000000       800.000000      0.254557490       32.5260506       2.75259726E-02   8.46157172E-12   9.92676214E-05   5.28626842E-03   1.34888239E-07 -0.828918934      0.342533767       4.68975678E-02
   4.00000000       800.000000      0.256586730       32.7818604       2.69203652E-02   8.21083913E-12   9.89694818E-05   5.22445701E-03   1.20311299E-07 -0.817007005      0.342533767       4.59470674E-02
   5.00000000       800.000000      0.258610994       33.0395813       2.63271201E-02   7.96733339E-12   9.86865780E-05   5.16339205E-03   1.06458010E-07 -0.805248439      0.342533886       4.50081006E-02
   6.00000000       800.000000      0.260681123       33.2992859       2.57466640E-02   7.73092007E-12   9.84395374E-05   5.10311499E-03   9.36070066E-08 -0.793630064      0.342533976       4.40845340E-02
   7.00000000       800.000000      0.262756377       33.5623474       2.51780059E-02   7.50125396E-12   9.82229685E-05   5.04328171E-03   8.19085599E-08 -0.782173157      0.342533946       4.31788824E-02
   8.00000000       800.000000      0.264846563       33.8261070       2.46214289E-02   7.27819281E-12   9.80073819E-05   4.98464936E-03   7.14048554E-08 -0.770844698      0.342533946       4.22928967E-02
   9.00000000       800.000000      0.266964108       34.0918350       2.40767673E-02   7.06156314E-12   9.77595919E-05   4.92634112E-03   6.19475884E-08 -0.759680986      0.342533976       4.14255485E-02
   10.0000000       800.000000      0.269089431       34.3593788       2.35429946E-02   6.85124353E-12   9.74664363E-05   4.86852368E-03   5.33158229E-08 -0.748645604      0.342533976       4.05733101E-02
   11.0000000       800.000000      0.271236569       34.6304741       2.30205059E-02   6.64691696E-12   9.71429035E-05   4.81153792E-03   4.52196076E-08 -0.737757266      0.342534006       3.97331454E-02
   12.0000000       800.000000      0.273390830       34.9008446       2.25090105E-02   6.44859556E-12   9.68261156E-05   4.75527206E-03   3.73586495E-08 -0.727007329      0.342534006       3.89044732E-02
   13.0000000       800.000000      0.275573671       35.1773834       2.20085811E-02   6.25592503E-12   9.65479194E-05   4.69972007E-03   2.94773148E-08 -0.716396570      0.342534006       3.80881205E-02
   2.00000000       800.000000      0.277770936       35.4531212       2.15187762E-02   6.06892835E-12   9.63234488E-05   4.64465376E-03   2.13384865E-08 -0.705929458      0.342534065       3.72863002E-02
   3.00000000       800.000000      0.279982239       35.7325478       2.10393649E-02   5.88741816E-12   9.61475453E-05   4.59030364E-03   1.28094895E-08 -0.695600927      0.342534065       3.65007445E-02
   4.00000000       800.000000      0.282222867       36.0137329       2.05701627E-02   5.71116375E-12   9.59987374E-05   4.53664642E-03   3.89217725E-09 -0.685409725      0.342534065       3.57319377E-02
   5.00000000       800.000000      0.284471065       36.2968369       2.01110188E-02   5.54013649E-12   9.58518576E-05   4.48350282E-03  -5.32177369E-09 -0.675353706      0.342534006       3.49800438E-02
   6.00000000       800.000000      0.286742091       36.5804558       1.96614955E-02   5.37410177E-12   9.56907461E-05   4.43104468E-03  -1.46141570E-08 -0.665429175      0.342533976       3.42429616E-02
   7.00000000       800.000000      0.289016098       36.8690605       1.92217771E-02   5.21283797E-12   9.55242649E-05   4.37927712E-03  -2.37083739E-08 -0.655636013      0.342533886       3.35176252E-02
   8.00000000       800.000000      0.291324228       37.1585426       1.87913924E-02   5.05634250E-12   9.53775962E-05   4.32800455E-03  -3.21522826E-08 -0.645975530      0.342533767       3.28036435E-02
   9.00000000       800.000000      0.293644518       37.4530144       1.83703788E-02   4.90444144E-12   9.52604096E-05   4.27729916E-03  -3.96100646E-08 -0.636445701      0.342533648       3.21034007E-02
   10.0000000       800.000000      0.296003997       37.7481918       1.79583766E-02   4.75700252E-12   9.51514812E-05   4.22740821E-03  -4.58895890E-08 -0.627044976      0.342533648       3.14201824E-02
   11.0000000       800.000000      0.298353791       38.0451622       1.75552219E-02   4.61387265E-12   9.50011818E-05   4.17797547E-03  -5.07831288E-08 -0.617771983      0.342533648       3.07542551E-02
   12.0000000       800.000000      0.300734103       38.3437805       1.71606261E-02   4.47495643E-12   9.47847948E-05   4.12876531E-03  -5.42550396E-08 -0.608621180      0.342533648       3.01009193E-02
   13.0000000       800.000000      0.303147912       38.6467476       1.67746563E-02   4.34011507E-12   9.45202119E-05   4.08071000E-03  -5.62598643E-08 -0.599594593      0.342533678       2.94580106E-02
   2.00000000       800.000000      0.305555582       38.9513550       1.63969100E-02   4.20925057E-12   9.42301558E-05   4.03285073E-03  -5.69404470E-08 -0.590690732      0.342533618       2.88255904E-02
   3.00000000       800.000000      0.307996303       39.2577019       1.60274729E-02   4.08223455E-12   9.39359597E-05   3.98548041E-03  -5.65733487E-08 -0.581909657      0.342533618       2.82043424E-02
   4.00000000       800.000000      0.310469896       39.5681572       1.56659652E-02   3.95897074E-12   9.36533106E-05   3.93875549E-03  -5.52736346E-08 -0.573247492      0.342533529       2.75944043E-02
   5.00000000       800.000000      0.312931180       39.8770142       1.53123513E-02   3.83937934E-12   9.34030104E-05   3.89285316E-03  -5.32894759E-08 -0.564704895      0.342533499       2.69947592E-02
   6.00000000       800.000000      0.315432847       40.1933212       1.49665745E-02   3.72334195E-12   9.32138864E-05   3.84713779E-03  -5.09260758E-08 -0.556282640      0.342533529       2.64048409E-02
   7.00000000       800.000000      0.317947745       40.5082169       1.46283554E-02   3.61076186E-12   9.31143441E-05   3.80222104E-03  -4.82359788E-08 -0.547981381      0.342533529       2.58250330E-02
   8.00000000       800.000000      0.320495814       40.8281288       1.42977154E-02   3.50153088E-12   9.30907700E-05   3.75749706E-03  -4.53318805E-08 -0.539797246      0.342533529       2.52602082E-02
   9.00000000       800.000000      0.323059022       41.1489258       1.39742186E-02   3.39555771E-12   9.30593378E-05   3.71359149E-03  -4.21986677E-08 -0.531724930      0.342533618       2.47141905E-02
   10.0000000       800.000000      0.325634599       41.4749947       1.36579527E-02   3.29275713E-12   9.29415401E-05   3.67000420E-03  -3.88966832E-08 -0.523763299      0.342533559       2.41823383E-02
   11.0000000       800.000000      0.328246117       41.8027420       1.33483121E-02   3.19290341E-12   9.27146466E-05   3.62690701E-03  -3.54391325E-08 -0.515908957      0.342533529       2.36612037E-02
   12.0000000       800.000000      0.330868602       42.1312904       1.30453603E-02   3.09608480E-12   9.23656044E-05   3.58457468E-03  -3.18841522E-08 -0.508167744      0.342533529       2.31519286E-02
   13.0000000       800.000000      0.333499759       42.4624519       1.27490871E-02   3.00208426E-12   9.18898368E-05   3.54255922E-03  -2.82619297E-08 -0.500532091      0.342533529       2.26518661E-02
   2.00000000       800.000000      0.336178690       42.7972488       1.24592436E-02   2.91086187E-12   9.13459662E-05   3.50094307E-03  -2.46446596E-08 -0.492998809      0.342533529       2.21560057E-02
   3.00000000       800.000000      0.338866234       43.1343956       1.21758906E-02   2.82240876E-12   9.08253060E-05   3.45993065E-03  -2.10253006E-08 -0.485575646      0.342533499       2.16654558E-02
   4.00000000       800.000000      0.341564178       43.4764404       1.18987300E-02   2.73657919E-12   9.03754917E-05   3.41929286E-03  -1.74470483E-08 -0.478257686      0.342533529       2.11837292E-02
   5.00000000       800.000000      0.344298780       43.8198090       1.16278715E-02   2.65335627E-12   9.00047453E-05   3.37922666E-03  -1.39870888E-08 -0.471043408      0.342533529       2.07123552E-02
   6.00000000       800.000000      0.347046673       44.1641579       1.13630770E-02   2.57266062E-12   8.97077698E-05   3.33974371E-03  -1.07236993E-08 -0.463934869      0.342533439       2.02516653E-02
   7.00000000       800.000000      0.349838823       44.5138283       1.11041777E-02   2.49434848E-12   8.94601471E-05   3.30057647E-03  -7.76137021E-09 -0.456932008      0.342533439       1.98022723E-02
   8.00000000       800.000000      0.352615893       44.8651733       1.08510759E-02   2.41839535E-12   8.92258176E-05   3.26166255E-03  -5.13632958E-09 -0.450027019      0.342533380       1.93643849E-02
   9.00000000       800.000000      0.355454803       45.2186356       1.06034968E-02   2.34472879E-12   8.89522998E-05   3.22344364E-03  -2.89183943E-09 -0.443222255      0.342533410       1.89388786E-02
   10.0000000       800.000000      0.358279139       45.5763397       1.03613883E-02   2.27324865E-12   8.85976769E-05   3.18566663E-03  -1.02328501E-09 -0.436511815      0.342533410       1.85230561E-02
   11.0000000       800.000000      0.361149102       45.9357567       1.01246079E-02   2.20390871E-12   8.81853775E-05   3.14838323E-03   4.86169771E-10 -0.429893792      0.342533439       1.81132220E-02
   12.0000000       800.000000      0.364027262       46.2968864       9.89317335E-03   2.13666823E-12   8.77766215E-05   3.11143580E-03   1.62157643E-09 -0.423376501      0.342533439       1.77090913E-02
   13.0000000       800.000000      0.366944253       46.6631355       9.66693275E-03   2.07143807E-12   8.74309771E-05   3.07474984E-03   2.41566167E-09 -0.416950047      0.342533499       1.73104927E-02
   2.00000000       800.000000      0.369876415       47.0312233       9.44575388E-03   2.00820046E-12   8.72035234E-05   3.03880475E-03   2.90808355E-09 -0.410620034      0.342533529       1.69182960E-02
   3.00000000       800.000000      0.372847915       47.4044495       9.22966935E-03   1.94687322E-12   8.71027078E-05   3.00312415E-03   3.15010951E-09 -0.404383332      0.342533529       1.65354963E-02
   4.00000000       800.000000      0.375840873       47.7758026       9.01846401E-03   1.88742208E-12   8.70791046E-05   2.96785519E-03   3.24062577E-09 -0.398239881      0.342533529       1.61643885E-02
   5.00000000       800.000000      0.378836393       48.1548996       8.81190971E-03   1.82974946E-12   8.70544609E-05   2.93307495E-03   3.31562933E-09 -0.392183155      0.342533529       1.58047415E-02
   6.00000000       800.000000      0.381849557       48.5329056       8.61003529E-03   1.77381102E-12   8.69622454E-05   2.89864815E-03   3.50951268E-09 -0.386221915      0.342533529       1.54550513E-02
   7.00000000       800.000000      0.384928495       48.9166336       8.41256417E-03   1.71953901E-12   8.67703347E-05   2.86450516E-03   3.89084098E-09 -0.380334884      0.342533529       1.51133444E-02
   8.00000000       800.000000      0.388007849       49.3037720       8.21951777E-03   1.66692788E-12   8.64916437E-05   2.83095427E-03   4.45918946E-09 -0.374535799      0.342533529       1.47773651E-02
   9.00000000       800.000000      0.391112477       49.6939621       8.03077780E-03   1.61588375E-12   8.61766239E-05   2.79771257E-03   5.15775067E-09 -0.368820488      0.342533559       1.44461645E-02
   10.0000000       800.000000      0.394236952       50.0870171       7.84631446E-03   1.56638201E-12   8.58838757E-05   2.76480988E-03   5.88230131E-09 -0.363191903      0.342533618       1.41196875E-02
   11.0000000       800.000000      0.397388846       50.4830971       7.66600436E-03   1.51840086E-12   8.56496117E-05   2.73236562E-03   6.50083853E-09 -0.357645839      0.342533559       1.37993963E-02
   12.0000000       800.000000      0.400564700       50.8813133       7.48981722E-03   1.47186039E-12   8.54691752E-05   2.70032277E-03   6.88381974E-09 -0.352180839      0.342533559       1.34871202E-02
   13.0000000       800.000000      0.403795749       51.2825050       7.31761800E-03   1.42673276E-12   8.53079764E-05   2.66849925E-03   6.93208069E-09 -0.346796930      0.342533559       1.31832417E-02
   2.00000000       800.000000      0.406995207       51.6878319       7.14925118E-03   1.38298867E-12   8.51261284E-05   2.63729598E-03   6.59291910E-09 -0.341490895      0.342533559       1.28872506E-02
   3.00000000       800.000000      0.410275906       52.0953789       6.98470930E-03   1.34054150E-12   8.49032222E-05   2.60630040E-03   5.87157301E-09 -0.336263120      0.342533618       1.25978347E-02
   4.00000000       800.000000      0.413564175       52.5095062       6.82387967E-03   1.29941587E-12   8.46467083E-05   2.57567037E-03   4.82828533E-09 -0.331112474      0.342533618       1.23141659E-02
   5.00000000       800.000000      0.416869521       52.9231834       6.66665705E-03   1.25951810E-12   8.43829548E-05   2.54536280E-03   3.57059249E-09 -0.326037616      0.342533559       1.20356381E-02
   6.00000000       800.000000      0.420203984       53.3436661       6.51298137E-03   1.22083279E-12   8.41342189E-05   2.51541822E-03   2.23512053E-09 -0.321038067      0.342533559       1.17625324E-02
   7.00000000       800.000000      0.423574746       53.7655487       6.36284379E-03   1.18333229E-12   8.39048735E-05   2.48585548E-03   9.59736624E-10 -0.316114068      0.342533559       1.14955585E-02
   8.00000000       800.000000      0.426962882       54.1887779       6.21613301E-03   1.14696295E-12   8.36847539E-05   2.45667133E-03  -1.37258246E-10 -0.311259657      0.342533559       1.12350900E-02
   9.00000000       800.000000      0.430381179       54.6191368       6.07262738E-03   1.11170231E-12   8.34540333E-05   2.42770952E-03  -9.73728875E-10 -0.306480795      0.342533559       1.09807868E-02
   10.0000000       800.000000      0.433835030       55.0515404       5.93250152E-03   1.07751514E-12   8.31973084E-05   2.39933864E-03  -1.51698598E-09 -0.301772147      0.342533559       1.07325893E-02
   11.0000000       800.000000      0.437294513       55.4855461       5.79548255E-03   1.04437292E-12   8.29140990E-05   2.37096846E-03  -1.78035220E-09 -0.297132164      0.342533559       1.04895225E-02
   12.0000000       800.000000      0.440796643       55.9234009       5.66161424E-03   1.01223402E-12   8.26215546E-05   2.34317989E-03  -1.81204884E-09 -0.292560637      0.342533559       1.02510592E-02
   13.0000000       800.000000      0.444335788       56.3692284       5.53073641E-03   9.81077958E-13   8.23376904E-05   2.31559225E-03  -1.67248759E-09 -0.288057446      0.342533559       1.00174602E-02
   2.00000000       800.000000      0.447884768       56.8128738       5.40289609E-03   9.50870459E-13   8.20638161E-05   2.28836923E-03  -1.42053280E-09 -0.283622324      0.342533559       9.78931691E-03
   3.00000000       800.000000      0.451492101       57.2652702       5.27795777E-03   9.21587568E-13   8.17885157E-05   2.26153270E-03  -1.11443110E-09 -0.279252887      0.342533559       9.56652407E-03
   4.00000000       800.000000      0.455087274       57.7184486       5.15586138E-03   8.93199956E-13   8.15053136E-05   2.23493343E-03  -7.94035560E-10 -0.274949998      0.342533559       9.34882462E-03
   5.00000000       800.000000      0.458740443       58.1730003       5.03654405E-03   8.65676075E-13   8.12255457E-05   2.20867596E-03  -4.87181850E-10 -0.270708978      0.342533559       9.13533010E-03
   6.00000000       800.000000      0.462410837       58.6358948       4.91992850E-03   8.38990281E-13   8.09553458E-05   2.18259986E-03  -2.16702864E-10 -0.266535819      0.342533559       8.92647263E-03
   7.00000000       800.000000      0.466109008       59.0983734       4.80601890E-03   8.13124091E-13   8.06896787E-05   2.15688138E-03   1.57187163E-11 -0.262421072      0.342533559       8.72285292E-03
   8.00000000       800.000000      0.469850868       59.5668716       4.69467463E-03   7.88046820E-13   8.04142546E-05   2.13149935E-03   2.08614764E-10 -0.258369565      0.342533559       8.52394570E-03
   9.00000000       800.000000      0.473630607       60.0369263       4.58588963E-03   7.63738031E-13   8.01279384E-05   2.10654456E-03   3.65936642E-10 -0.254380524      0.342533559       8.32945947E-03
   10.0000000       800.000000      0.477417022       60.5153427       4.47958522E-03   7.40176583E-13   7.98386027E-05   2.08174903E-03   4.83107554E-10 -0.250447541      0.342533559       8.13897047E-03
   11.0000000       800.000000      0.481236160       60.9947357       4.37568594E-03   7.17327456E-13   7.95582600E-05   2.05719331E-03   5.57580482E-10 -0.246578008      0.342533559       7.95237720E-03
   12.0000000       800.000000      0.485106736       61.4788399       4.27423464E-03   6.95177639E-13   7.93021973E-05   2.03291327E-03   5.94759353E-10 -0.242762715      0.342533559       7.76951341E-03
   13.0000000       800.000000      0.489003509       61.9645309       4.17507486E-03   6.73713147E-13   7.90689737E-05   2.00904137E-03   5.93784522E-10 -0.239007860      0.342533559       7.59123918E-03
   2.00000000       800.000000      0.492917389       62.4534645       4.07816051E-03   6.52909964E-13   7.88316975E-05   1.98542955E-03   5.55340107E-10 -0.235310093      0.342533559       7.41780642E-03
   3.00000000       800.000000      0.496857613       62.9518318       3.98350786E-03   6.32737027E-13   7.85747034E-05   1.96206151E-03   4.84418949E-10 -0.231667131      0.342533559       7.24817393E-03
   4.00000000       800.000000      0.500846684       63.4490204       3.89098958E-03   6.13182682E-13   7.83163196E-05   1.93890301E-03   3.89035804E-10 -0.228077188      0.342533559       7.08176615E-03
   5.00000000       800.000000      0.504872501       63.9528084       3.80060612E-03   5.94233267E-13   7.80680348E-05   1.91608747E-03   2.76978690E-10 -0.224542931      0.342533559       6.91899890E-03
   6.00000000       800.000000      0.508909047       64.4573593       3.71230068E-03   5.75859889E-13   7.78249523E-05   1.89352850E-03   1.61270539E-10 -0.221061930      0.342533559       6.76026288E-03
   7.00000000       800.000000      0.512971818       64.9687729       3.62600898E-03   5.58050676E-13   7.75782100E-05   1.87123904E-03   5.47430504E-11 -0.217636034      0.342533559       6.60512690E-03
   8.00000000       800.000000      0.517089903       65.4843674       3.54170217E-03   5.40789202E-13   7.73229185E-05   1.84918323E-03  -3.10601926E-11 -0.214261398      0.342533559       6.45377021E-03
   9.00000000       800.000000      0.521240056       66.0012741       3.45932716E-03   5.24056005E-13   7.70613115E-05   1.82740390E-03  -8.65247943E-11 -0.210933268      0.342533559       6.30557677E-03
   10.0000000       800.000000      0.525399923       66.5273361       3.37881222E-03   5.07838942E-13   7.68020982E-05   1.80582958E-03  -1.11038900E-10 -0.207660049      0.342533559       6.16050418E-03
   11.0000000       800.000000      0.529633105       67.0519409       3.30025353E-03   4.92113891E-13   7.65498917E-05   1.78465736E-03  -1.10165821E-10 -0.204438016      0.342533559       6.01869123E-03
   12.0000000       800.000000      0.533852458       67.5886993       3.22337798E-03   4.76880850E-13   7.63066928E-05   1.76364311E-03  -9.09816042E-11 -0.201261654      0.342533559       5.88009646E-03
   13.0000000       800.000000      0.538169861       68.1238251       3.14831617E-03   4.62112553E-13   7.60741241E-05   1.74283900E-03  -6.31060759E-11 -0.198129490      0.342533559       5.74464025E-03
   2.00000000       800.000000      0.542478204       68.6609192       3.07502807E-03   4.47797398E-13   7.58577808E-05   1.72232487E-03  -3.71215732E-11 -0.195052430      0.342533559       5.61208930E-03
   3.00000000       800.000000      0.546837091       69.2043610       3.00334324E-03   4.33923703E-13   7.56579684E-05   1.70198141E-03  -2.09496535E-11 -0.192017868      0.342533559       5.48265968E-03
   4.00000000       800.000000      0.551184714       69.7545853       2.93340487E-03   4.20476479E-13   7.54753928E-05   1.68191036E-03  -1.63284126E-11 -0.189030707      0.342533559       5.35620004E-03
   5.00000000       800.000000      0.555633724       70.3113556       2.86500202E-03   4.07444125E-13   7.53045751E-05   1.66210800E-03  -2.01248306E-11 -0.186090827      0.342533559       5.23274159E-03
   6.00000000       800.000000      0.560065687       70.8701859       2.79821642E-03   3.94807749E-13   7.51410116E-05   1.64252205E-03  -2.78954238E-11 -0.183193624      0.342533559       5.11222892E-03
   7.00000000       800.000000      0.564574599       71.4266510       2.73297238E-03   3.82571009E-13   7.49779429E-05   1.62315357E-03  -3.53252705E-11 -0.180341899      0.342533559       4.99459496E-03
   8.00000000       800.000000      0.569091976       71.9988251       2.66920472E-03   3.70701435E-13   7.48070306E-05   1.60404283E-03  -3.91658893E-11 -0.177532315      0.342533559       4.87972982E-03
   9.00000000       800.000000      0.573642910       72.5662689       2.60690949E-03   3.59195312E-13   7.46262740E-05   1.58505398E-03  -3.80796263E-11 -0.174764097      0.342533559       4.76755295E-03
   10.0000000       800.000000      0.578249216       73.1417236       2.54604616E-03   3.48050473E-13   7.44357021E-05   1.56641006E-03  -3.26396479E-11 -0.172039777      0.342533559       4.65793116E-03
   11.0000000       800.000000      0.582887828       73.7225037       2.48657423E-03   3.37247293E-13   7.42445482E-05   1.54787430E-03  -2.51596105E-11 -0.169356063      0.342533559       4.55059810E-03
   12.0000000       800.000000      0.587557673       74.3115692       2.42848299E-03   3.26769536E-13   7.40622054E-05   1.52969279E-03  -1.77519457E-11 -0.166713342      0.342533559       4.44561243E-03
   13.0000000       800.000000      0.592285097       74.9019089       2.37172469E-03   3.16621620E-13   7.38957460E-05   1.51161349E-03  -1.09343055E-11 -0.164110541      0.342533559       4.34297044E-03
   2.00000000       800.000000      0.597044110       75.4963303       2.31628236E-03   3.06784112E-13   7.37492373E-05   1.49377109E-03  -4.04649231E-12 -0.161547869      0.342533559       4.24270332E-03
   3.00000000       800.000000      0.601813197       76.0937424       2.26211478E-03   2.97248066E-13   7.36218717E-05   1.47623650E-03   3.57944403E-12 -0.159024164      0.342533559       4.14479664E-03
   4.00000000       800.000000      0.606662095       76.6995621       2.20919843E-03   2.88010826E-13   7.35088834E-05   1.45869958E-03   1.20593943E-11 -0.156539932      0.342533559       4.04928811E-03
   5.00000000       800.000000      0.611538589       77.3089294       2.15750793E-03   2.79052253E-13   7.34053901E-05   1.44152273E-03   2.06458895E-11 -0.154092878      0.342533559       3.95602779E-03
   6.00000000       800.000000      0.616429627       77.9216690       2.10699975E-03   2.70372863E-13   7.33085326E-05   1.42453541E-03   2.73765628E-11 -0.151682749      0.342533559       3.86500638E-03
   7.00000000       800.000000      0.621346176       78.5425873       2.05764989E-03   2.61958722E-13   7.32191256E-05   1.40767905E-03   2.99302631E-11 -0.149307951      0.342533559       3.77608556E-03
   8.00000000       800.000000      0.626343310       79.1605453       2.00944627E-03   2.53806633E-13   7.31401669E-05   1.39113853E-03   2.69766414E-11 -0.146969467      0.342533559       3.68915778E-03
   9.00000000       800.000000      0.631355822       79.7936478       1.96231855E-03   2.45903748E-13   7.30761094E-05   1.37471803E-03   1.89549088E-11 -0.144667968      0.342533559       3.60421441E-03
   10.0000000       800.000000      0.636449695       80.4251099       1.91632181E-03   2.38244103E-13   7.30299071E-05   1.35849731E-03   7.64011510E-12 -0.142400876      0.342533559       3.52124474E-03
   11.0000000       800.000000      0.641569495       81.0633545       1.87135383E-03   2.30823309E-13   7.30047250E-05   1.34246191E-03  -3.97007774E-12 -0.140167415      0.342533559       3.44017404E-03
   12.0000000       800.000000      0.646703839       81.7070923       1.82741275E-03   2.23625046E-13   7.30037427E-05   1.32656388E-03  -1.26787643E-11 -0.137968585      0.342533559       3.36102257E-03
   13.0000000       800.000000      0.651862979       82.3593216       1.78450649E-03   2.16654968E-13   7.30278407E-05   1.31087459E-03  -1.65471387E-11 -0.135803431      0.342533559       3.28377821E-03
   2.00000000       800.000000      0.657104909       83.0148392       1.74258195E-03   2.09897217E-13   7.30774700E-05   1.29538658E-03  -1.53324280E-11 -0.133671239      0.342533559       3.20841186E-03
   3.00000000       800.000000      0.662361264       83.6720734       1.70160423E-03   2.03347064E-13   7.31512628E-05   1.28008495E-03  -9.66930876E-12 -0.131569490      0.342533559       3.13488417E-03
   4.00000000       800.000000      0.667716920       84.3404617       1.66158006E-03   1.96995198E-13   7.32419721E-05   1.26503641E-03  -1.22532518E-12 -0.129499629      0.342533559       3.06324102E-03
   5.00000000       800.000000      0.673070669       85.0116577       1.62247138E-03   1.90845915E-13   7.33402048E-05   1.25004072E-03   7.30160377E-12 -0.127462551      0.342533559       2.99333315E-03
   6.00000000       800.000000      0.678464949       85.6865540       1.58427178E-03   1.84877002E-13   7.34408022E-05   1.23526179E-03   1.38330614E-11 -0.125455678      0.342533559       2.92499573E-03
   7.00000000       800.000000      0.683868349       86.3630829       1.54694321E-03   1.79097446E-13   7.35543872E-05   1.22070254E-03   1.72746730E-11 -0.123479739      0.342533559       2.85798102E-03
   8.00000000       800.000000      0.689361989       87.0500107       1.51043350E-03   1.73494343E-13   7.37005175E-05   1.20622455E-03   1.74972554E-11 -0.121530071      0.342533559       2.79229321E-03
   9.00000000       800.000000      0.694936693       87.7468338       1.47484813E-03   1.68062748E-13   7.39065654E-05   1.19203900E-03   1.50554898E-11 -0.119611584      0.342533559       2.72801076E-03
   10.0000000       800.000000      0.700467765       88.4404068       1.44001911E-03   1.62802551E-13   7.41955810E-05   1.17785926E-03   1.11243610E-11 -0.117722429      0.342533559       2.66541517E-03
   11.0000000       800.000000      0.706084132       89.1438522       1.40600430E-03   1.57703399E-13   7.45782454E-05   1.16396393E-03   6.79885878E-12 -0.115862079      0.342533559       2.60455231E-03
   12.0000000       800.000000      0.711785257       89.8559036       1.37277704E-03   1.52762568E-13   7.50442414E-05   1.15019619E-03   2.72689900E-12 -0.114030205      0.342533559       2.54632719E-03
   13.0000000       800.000000      0.717506111       90.5660553       1.34032150E-03   1.47974853E-13   7.55710280E-05   1.13659794E-03  -6.70809057E-13 -0.112225190      0.342533559       2.49010324E-03
   2.00000000       800.000000      0.723254204       91.2924652       1.30859856E-03   1.43333262E-13   7.61474148E-05   1.12318899E-03  -3.27723590E-12 -0.110442780      0.342533559       2.43853987E-03
   3.00000000       800.000000      0.729030788       92.0148239       1.27760624E-03   1.38832901E-13   7.67629172E-05   1.10985641E-03  -5.09112457E-12 -0.108684674      0.342533559       2.38871900E-03
   4.00000000       800.000000      0.734885931       92.7492523       1.24732498E-03   1.34470505E-13   7.74300715E-05   1.09674013E-03  -6.12463032E-12 -0.106947571      0.342533559       2.35010800E-03
   5.00000000       800.000000      0.740812361       93.4854507       1.21773966E-03   1.30244949E-13   7.80718401E-05   1.08379591E-03  -6.29664333E-12 -0.105214998      0.342533559       2.31154449E-03
   6.00000000       800.000000      0.746736884       94.2303009       1.18870777E-03   1.26140418E-13   7.86563687E-05   1.07097614E-03  -5.88270361E-12 -0.103509329      0.342533559       2.30013952E-03
   7.00000000       800.000000      0.752711892       94.9802017       1.16042176E-03   1.22162805E-13   7.90141712E-05   1.05832575E-03  -4.94118592E-12 -0.101766996      0.342533559       2.27718777E-03
   8.00000000       800.000000      0.758787692       95.7357407       1.13270618E-03   1.18303777E-13   7.92896681E-05   1.04577630E-03  -3.62060815E-12 -0.100063249      0.342533559       2.31504417E-03
   9.00000000       800.000000      0.764886141       96.4991150       1.10564276E-03   1.14564825E-13   7.94540174E-05   1.03347213E-03  -2.24152012E-12  -9.82358083E-02  0.342533559       2.30665668E-03
   10.0000000       800.000000      0.770997465       97.2638321       1.07928738E-03   1.10955095E-13   7.98776819E-05   1.02131220E-03  -1.54966263E-12  -9.65264291E-02  0.342533559       2.48349644E-03
   11.0000000       800.000000      0.777200460       98.0346756       1.05383852E-03   1.07477741E-13   8.91750242E-05   1.00924075E-03  -3.37233713E-13  -9.43925753E-02  0.342533559       2.40686210E-03
   12.0000000       800.000000      0.783445537       98.8157425       1.02573493E-03   1.03787977E-13   5.97672770E-05   9.97542986E-04   4.24330083E-21  -9.27666649E-02  0.342533559       8.30334437E-04
   13.0000000       800.000000      0.789714217       99.6048737       1.00181869E-03   1.00566528E-13   5.95398451E-05   9.85780265E-04  -7.94165766E-21  -9.30891484E-02  0.342533559      -4.05303756E-04
