   0.00000000       190.000000       3.40428352E-02   1.01702809       5.89679345E-04   5.79681312E-12  -8.26142281E-02   1.70756757       1.15364303E-14  -1.36548933E-03   3.92740934E-16  -1.09964218E-02
   1.00000000       197.000000       3.40447091E-02   1.05104125       5.80050924E-04   5.51746539E-12  -7.55156726E-02   1.58935535      -2.16208379E-14  -1.73984654E-03  -3.43356770E-16   2.66572298E-03
   2.00000000       200.000000       3.40499915E-02   1.08514261       5.70878561E-04   5.25981992E-12  -5.09440713E-02   1.27866030      -2.37271469E-02  -1.18396454E-03  -8.07911565E-04   9.31196753E-03
   3.00000000       200.000000       3.40571664E-02   1.11914527       6.46842294E-04   5.77843372E-12  0.111825205       1.17142892       4.30096015E-02  -1.10563997E-03   6.56851567E-04  -2.57234904E-03
   4.00000000       200.000000       3.40652503E-02   1.15326166       7.42618460E-04   6.43813648E-12  0.156931236       1.08102250      0.110132731      -1.35919871E-03   4.40855836E-03  -6.72969734E-03
   5.00000000       200.000000       3.40752266E-02   1.18727005       8.43495538E-04   7.10289206E-12  0.178345382      0.995847583      0.171890482      -1.56421005E-03   1.02659455E-02  -6.51654182E-03
   6.00000000       200.000000       3.40886116E-02   1.22141874       9.51668597E-04   7.79018430E-12  0.189004257      0.921304822      0.230588585      -1.80340291E-03   1.81265678E-02  -7.09762424E-03
   7.00000000       200.000000       3.41038704E-02   1.25543642       1.07038510E-03   8.52408508E-12  0.193907171      0.856664240      0.285054684      -2.04822607E-03   2.78482363E-02  -7.35267205E-03
   8.00000000       200.000000       3.41209993E-02   1.28956389       1.20381860E-03   9.33313930E-12  0.195521370      0.801100016      0.335299313      -2.30505317E-03   3.92893329E-02  -7.98755419E-03
   9.00000000       200.000000       3.41415480E-02   1.32373023       1.35650637E-03   1.02457643E-11  0.195298150      0.752923012      0.382434130      -2.59349192E-03   5.23461662E-02  -9.06652864E-03
   10.0000000       200.000000       3.41642797E-02   1.35789859       1.53162843E-03   1.12775666E-11  0.194066748      0.710858822      0.426309615      -2.92434334E-03   6.69105202E-02  -1.05846860E-02
   11.0000000       200.000000       3.41873281E-02   1.39207828       1.73321646E-03   1.24486072E-11  0.192222700      0.673637450      0.467533976      -3.31695681E-03   8.28943253E-02  -1.25975404E-02
   2.00000000       200.000000       3.42125520E-02   1.42626679       1.96586759E-03   1.37810700E-11  0.189988732      0.640467227      0.506303787      -3.78603116E-03  0.100216702      -1.49764000E-02
   3.00000000       200.000000       3.42412032E-02   1.46045995       2.23526359E-03   1.53023601E-11  0.187442958      0.610672712      0.542735398      -4.34217835E-03  0.118801340      -1.76965296E-02
   4.00000000       200.000000       3.42717990E-02   1.49468386       2.54774815E-03   1.70419234E-11  0.184639409      0.583585382      0.576429784      -4.99849627E-03  0.138557166      -2.09064335E-02
   5.00000000       200.000000       3.43041234E-02   1.52902329       2.91027804E-03   1.90304508E-11  0.181640446      0.558785260      0.606904566      -5.77590801E-03  0.159377337      -2.47161910E-02
   6.00000000       200.000000       3.43400165E-02   1.56331646       3.33143142E-03   2.13061426E-11  0.178495571      0.536012113      0.633140028      -6.69517135E-03  0.181119248      -2.91225389E-02
   7.00000000       200.000000       3.43780145E-02   1.59766877       3.82111105E-03   2.39124085E-11  0.175294757      0.514594376      0.653662920      -7.77715351E-03  0.203590617      -3.48422825E-02
   8.00000000       400.000000       3.44163403E-02   1.63212323       4.39149421E-03   2.69027665E-11  0.172079876      0.494193554      0.667761922      -9.09212045E-03  0.226573184      -4.06238437E-02
   9.00000000       400.000000       3.44596468E-02   1.66651404       5.04595228E-03   3.02732804E-11  0.167588666      0.474952728      0.674235404      -1.05751194E-02  0.249806046      -4.65349369E-02
   10.0000000       400.000000       3.45019177E-02   1.70102203       5.79136191E-03   3.40412108E-11  0.163079605      0.457133383      0.674104929      -1.23012085E-02  0.273064345      -5.36524393E-02
   11.0000000       400.000000       3.45477760E-02   1.73553383       6.63343817E-03   3.82152539E-11  0.158620134      0.440706462      0.667868257      -1.42798657E-02  0.296138048      -6.14374802E-02
   12.0000000       400.000000       3.45973931E-02   1.77006423       7.58023281E-03   4.28169063E-11  0.154170647      0.425416380      0.655525863      -1.65492799E-02  0.318817049      -7.00364783E-02
   13.0000000       400.000000       3.46456654E-02   1.80469894       8.63852538E-03   4.78586476E-11  0.149739861      0.411203980      0.636413217      -1.91294253E-02  0.340866834      -7.92193934E-02
   2.00000000       400.000000       3.46989296E-02   1.83938944       9.81461909E-03   5.33495088E-11  0.145361871      0.397895455      0.609438479      -2.20428742E-02  0.362013847      -8.89675617E-02
   3.00000000       400.000000       3.47537622E-02   1.87406790       1.11134937E-02   5.92905586E-11  0.141115576      0.385418952      0.573959410      -2.53086090E-02  0.381961375      -9.91878361E-02
   4.00000000       400.000000       3.48123796E-02   1.90886545       1.25354929E-02   6.56583538E-11  0.137016177      0.373639613      0.530468225      -2.89429836E-02  0.400428176     -0.109726071    
   5.00000000       400.000000       3.48717459E-02   1.94381344       1.40799265E-02   7.24260790E-11  0.133107021      0.362531304      0.480226249      -3.29545625E-02  0.417173296     -0.120562062    
   6.00000000       400.000000       3.49331126E-02   1.97864985       1.57451872E-02   7.95636126E-11  0.129423857      0.352048367      0.424683362      -3.73585522E-02  0.432008594     -0.131637245    
   7.00000000       400.000000       3.49960364E-02   2.01366401       1.75286792E-02   8.70380851E-11  0.125906304      0.342209756      0.365082115      -4.21597324E-02  0.444785535     -0.142840743    
   8.00000000       400.000000       3.50628383E-02   2.04869795       1.94290522E-02   9.48245024E-11  0.122544482      0.332901865      0.302745998      -4.73657325E-02  0.455400467     -0.154196814    
   9.00000000       400.000000       3.51311862E-02   2.08382654       2.14443970E-02   1.02898419E-10  0.119370371      0.324070781      0.239225402      -5.29832765E-02  0.463804841     -0.165625006    
   10.0000000       400.000000       3.52015831E-02   2.11898565       2.35719681E-02   1.11230025E-10  0.116355956      0.315724760      0.176444769      -5.90143576E-02  0.470016181     -0.177124873    
   11.0000000       400.000000       3.52728553E-02   2.15418029       2.58086622E-02   1.19792204E-10  0.113487378      0.307770371      0.116587624      -6.54660091E-02  0.474127889     -0.188628554    
   12.0000000       400.000000       3.53475511E-02   2.18945503       2.81515475E-02   1.28559538E-10  0.110739656      0.300200433       6.18046410E-02  -7.23356530E-02  0.476312816     -0.200086087    
   13.0000000       400.000000       3.54251340E-02   2.22494793       3.05969603E-02   1.37504758E-10  0.108108945      0.293027550       1.39258178E-02  -7.96269104E-02  0.476806164     -0.211545244    
   2.00000000       400.000000       3.55066359E-02   2.26028228       3.31414528E-02   1.46603243E-10  0.105508961      0.286156416      -2.59695686E-02  -8.73408839E-02  0.475883961     -0.222982854    
   3.00000000       400.000000       3.55888382E-02   2.29589605       3.57810818E-02   1.55829363E-10  0.103021562      0.279518902      -5.73985539E-02  -9.54792798E-02  0.473841637     -0.234410018    
   4.00000000       400.000000       3.56727764E-02   2.33153582       3.85120399E-02   1.65159886E-10  0.100720257      0.273183465      -8.05751979E-02 -0.104044862      0.470967054     -0.245791525    
   5.00000000       400.000000       3.57585363E-02   2.36718988       4.13315669E-02   1.74577602E-10   9.85283181E-02  0.267059863      -9.61896032E-02 -0.113036200      0.467527717     -0.257079720    
   6.00000000       400.000000       3.58451568E-02   2.40296197       4.42367345E-02   1.84064444E-10   9.64497253E-02  0.261171699     -0.105132475     -0.122452833      0.463759035     -0.268306285    
   7.00000000       400.000000       3.59365791E-02   2.43895650       4.72246297E-02   1.93605826E-10   9.45094898E-02  0.255519927     -0.108476676     -0.132296219      0.459861130     -0.279409796    
   8.00000000       400.000000       3.60317938E-02   2.47496963       5.02936952E-02   2.03189757E-10   9.26367491E-02  0.250095993     -0.107475676     -0.142561331      0.455988318     -0.290490568    
   9.00000000       400.000000       3.61256152E-02   2.51087451       5.34431599E-02   2.12811810E-10   9.08678472E-02  0.244885743     -0.102780826     -0.153257281      0.452274770     -0.301779002    
   10.0000000       400.000000       3.62243615E-02   2.54723430       5.66734299E-02   2.22469265E-10   8.91850665E-02  0.239876688      -9.46301073E-02 -0.164395198      0.448847294     -0.313049883    
   11.0000000       400.000000       3.63236889E-02   2.58347154       5.99815324E-02   2.32149341E-10   8.75402540E-02  0.235046327      -8.27914104E-02 -0.175968543      0.445839882     -0.324148655    
   12.0000000       400.000000       3.64281610E-02   2.61973166       6.33632615E-02   2.41832693E-10   8.59362558E-02  0.230403274      -6.70898631E-02 -0.187977493      0.443396449     -0.335159004    
   13.0000000       400.000000       3.65312435E-02   2.65625191       6.68145940E-02   2.51503152E-10   8.43277574E-02  0.225924432      -4.80063483E-02 -0.200421840      0.441642016     -0.345830858    
   2.00000000       400.000000       3.66381556E-02   2.69287086       7.03293905E-02   2.61136918E-10   8.27783197E-02  0.221608311      -2.64577027E-02 -0.213282436      0.440673590     -0.356020272    
   3.00000000       400.000000       3.67491208E-02   2.72951531       7.39020929E-02   2.70714562E-10   8.12614337E-02  0.217449754      -3.66465887E-03 -0.226549059      0.440537542     -0.365863770    
   4.00000000       400.000000       3.68596762E-02   2.76648116       7.75300413E-02   2.80226342E-10   7.98282027E-02  0.213437051       1.86493229E-02 -0.240213484      0.441225380     -0.375263631    
   5.00000000       400.000000       3.69738303E-02   2.80324292       8.12086910E-02   2.89656132E-10   7.84905925E-02  0.209539667       3.82661968E-02 -0.254256397      0.442640662     -0.384261429    
   6.00000000       400.000000       3.70923392E-02   2.84031177       8.49330202E-02   2.98990804E-10   7.72393644E-02  0.205724120       5.29142246E-02 -0.268674165      0.444602728     -0.392843515    
   7.00000000       400.000000       3.72101963E-02   2.87746811       8.86980966E-02   3.08213871E-10   7.60480464E-02  0.201978415       6.04866631E-02 -0.283445835      0.446854174     -0.400432944    
   8.00000000       400.000000       3.73310633E-02   2.91468883       9.24949422E-02   3.17297383E-10   7.49108344E-02  0.198299617       5.91516867E-02 -0.298523217      0.449061841     -0.406909794    
   9.00000000       400.000000       3.74547355E-02   2.95214677       9.63178799E-02   3.26226129E-10   7.37955049E-02  0.194687217       4.79954891E-02 -0.313877493      0.450859308     -0.412808925    
   10.0000000       400.000000       3.75822932E-02   2.98967767      0.100166880       3.35005162E-10   7.27305561E-02  0.191144571       2.77892984E-02 -0.329499424      0.451903850     -0.418248117    
   11.0000000       400.000000       3.77115831E-02   3.02733731      0.104040213       3.43632678E-10   7.16902986E-02  0.187664241       6.90096233E-04 -0.345368296      0.451930612     -0.422742277    
   12.0000000       400.000000       3.78417671E-02   3.06507659      0.107931346       3.52091245E-10   7.07087442E-02  0.184259847      -3.01705785E-02 -0.361438423      0.450788617     -0.426451862    
   13.0000000       400.000000       3.79736088E-02   3.10296249      0.111836739       3.60374924E-10   6.96641207E-02  0.180913210      -6.16770238E-02 -0.377700448      0.448445886     -0.429671377    
   2.00000000       400.000000       3.81093584E-02   3.14102793      0.115756795       3.68487768E-10   6.85272664E-02  0.177621752      -9.17311981E-02 -0.394130200      0.444950283     -0.432324260    
   3.00000000       400.000000       3.82481478E-02   3.17926812      0.119687460       3.76425724E-10   6.72646835E-02  0.174389809     -0.119751066     -0.410712570      0.440370172     -0.434452623    
   4.00000000       400.000000       3.83906849E-02   3.21746230      0.123627931       3.84187321E-10   6.58929646E-02  0.171218798     -0.146225348     -0.427426159      0.434756577     -0.436450481    
   5.00000000       400.000000       3.85340862E-02   3.25593615      0.127581313       3.91790156E-10   6.44060150E-02  0.168122992     -0.172083572     -0.444286019      0.428125769     -0.438610405    
   6.00000000       400.000000       3.86794209E-02   3.29459786      0.131548569       3.99240030E-10   6.27701432E-02  0.165097326     -0.197398871     -0.461292654      0.420490026     -0.441171050    
   7.00000000       400.000000       3.88261117E-02   3.33332801      0.135540053       4.06571138E-10   6.09393604E-02  0.162148878     -0.220739886     -0.478479296      0.411919385     -0.444575846    
   8.00000000       400.000000       3.89781781E-02   3.37215042      0.139559567       4.13799939E-10   5.89666963E-02  0.159277990     -0.239676982     -0.495881319      0.402578086     -0.448846310    
   9.00000000       400.000000       3.91310640E-02   3.41121101      0.143618986       4.20960905E-10   5.69102801E-02  0.156484887     -0.252046287     -0.513537824      0.392714918     -0.454289645    
   10.0000000       400.000000       3.92854065E-02   3.45050335      0.147729576       4.28089036E-10   5.47343455E-02  0.153768703     -0.256558031     -0.531505644      0.382636487     -0.461135536    
   11.0000000       400.000000       3.94439995E-02   3.48992372      0.151908189       4.35232461E-10   5.23917228E-02  0.151128352     -0.253353864     -0.549842775      0.372642994     -0.469689548    
   12.0000000       400.000000       3.96043137E-02   3.52931929      0.156173930       4.42444276E-10   4.98655736E-02  0.148564324     -0.244116068     -0.568635523      0.362974197     -0.479998201    
   13.0000000       400.000000       3.97699885E-02   3.56905532      0.160541669       4.49760895E-10   4.72033173E-02  0.146067992     -0.231521085     -0.587942541      0.353767335     -0.492047161    
   2.00000000       400.000000       3.99327539E-02   3.60901117      0.165046692       4.57275523E-10   4.43436094E-02  0.143636733     -0.217709526     -0.607851386      0.345072836     -0.506236911    
   3.00000000       400.000000       4.01016437E-02   3.64905024      0.169708386       4.65033623E-10   4.12285291E-02  0.141266316     -0.203192770     -0.628458917      0.336924464     -0.522757709    
   4.00000000       400.000000       4.02740240E-02   3.68916464      0.174569055       4.73142969E-10   3.77303325E-02  0.138956517     -0.186764702     -0.649868846      0.329402953     -0.541886568    
   5.00000000       400.000000       4.04453352E-02   3.72949243      0.179664850       4.81684526E-10   3.39326970E-02  0.136712536     -0.167640045     -0.672200024      0.322622687     -0.565067232    
   6.00000000       400.000000       4.06209007E-02   3.77015471      0.185098842       4.90917140E-10   2.98098214E-02  0.134535030     -0.145721540     -0.695679128      0.316703051     -0.594712377    
   7.00000000       400.000000       4.08019014E-02   3.81062984      0.190978855       5.01100217E-10   2.53389813E-02  0.132412761     -0.122713581     -0.720624447      0.311695606     -0.640950859    
   8.00000000       400.000000       4.09835242E-02   3.85157919      0.197368279       5.12367926E-10   2.12705154E-02  0.130315721     -0.102260895     -0.748098254      0.307505161     -0.704255521    
   9.00000000       400.000000       4.11677249E-02   3.89264297      0.204114109       5.24289001E-10   1.83596835E-02  0.128229573      -9.10722017E-02 -0.778477848      0.303755760     -0.769993961    
   10.0000000       800.000000       4.13518026E-02   3.93391180      0.211193487       5.36784561E-10   1.62727553E-02  0.126168445      -9.27948579E-02 -0.811636984      0.299918979     -0.795459986    
   11.0000000       800.000000       4.15420607E-02   3.97551847      0.218410984       5.49341794E-10   1.41217960E-02  0.124137163     -0.106579691     -0.844417453      0.295491397     -0.779913723    
   12.0000000       800.000000       4.17331755E-02   4.01692963      0.225653708       5.61674540E-10   1.22230481E-02  0.122144081     -0.121069767     -0.876585186      0.290438324     -0.758864999    
   13.0000000       800.000000       4.19295840E-02   4.05884504      0.232721001       5.73295300E-10   1.04155540E-02  0.120195746     -0.120705463     -0.907907486      0.285377294     -0.720272958    
   2.00000000       800.000000       4.21275869E-02   4.10084629      0.239476800       5.83893489E-10   8.77852924E-03  0.118293308      -9.60969031E-02 -0.937129319      0.281328768     -0.669583321    
   3.00000000       800.000000       4.23264094E-02   4.14324856      0.245931491       5.93520177E-10   7.31180888E-03  0.116436027      -5.31332716E-02 -0.964453757      0.279080153     -0.619775891    
   4.00000000       800.000000       4.25276794E-02   4.18554831      0.252135992       6.02324080E-10   5.95827494E-03  0.114624918      -9.90844890E-03 -0.989717782      0.278658837     -0.573865712    
   5.00000000       800.000000       4.27326299E-02   4.22826385      0.258077264       6.10301976E-10   4.72792704E-03  0.112858571       1.79804377E-02  -1.01338243      0.279426992     -0.542727768    
   6.00000000       800.000000       4.29400988E-02   4.27117634      0.263835847       6.17662976E-10   3.65378638E-03  0.111135334       2.47037765E-02  -1.03621674      0.280488193     -0.528733373    
   7.00000000       800.000000       4.31519486E-02   4.31416321      0.269492865       6.24611696E-10   2.76549906E-03  0.109453753       1.63884852E-02  -1.05890214      0.281195462     -0.524586439    
   8.00000000       800.000000       4.33655083E-02   4.35740662      0.275092125       6.31259378E-10   1.98584632E-03  0.107812181       6.29983190E-03  -1.08160257      0.281468809     -0.525553703    
   9.00000000       800.000000       4.35808785E-02   4.40067959      0.280657798       6.37668807E-10   1.29780732E-03  0.106207781       6.32242020E-03  -1.10459805      0.281743884     -0.525472760    
   10.0000000       800.000000       4.38009016E-02   4.44439697      0.286208242       6.43888165E-10   6.24710287E-04  0.104640543       1.96252167E-02  -1.12752032      0.282603472     -0.529660940    
   11.0000000       800.000000       4.40220647E-02   4.48833799      0.291518033       6.49416132E-10  -3.76012940E-05  0.103109129       4.04175669E-02  -1.15111673      0.284382552     -0.538260162    
   12.0000000       800.000000       4.42490242E-02   4.53246212      0.296512634       6.54111376E-10  -6.09718263E-04  0.101615191       5.73244542E-02  -1.17503357      0.286919504     -0.522102833    
   13.0000000       800.000000       4.44775447E-02   4.57707596      0.300184786       6.55792698E-10  -7.91318831E-04  0.100151323       7.05749691E-02  -1.19743931      0.290058017     -0.395478606    
   2.00000000       800.000000       4.47068773E-02   4.62136841      0.301818877       6.53002263E-10  -6.74590119E-04   9.87205580E-02   7.12311640E-02  -1.21030247      0.293242872     -0.236322910    
   3.00000000       800.000000       4.49385233E-02   4.66624355      0.302380264       6.47931320E-10  -5.15426567E-04   9.73219723E-02   6.30935878E-02  -1.21862614      0.296077996     -0.146472201    
   4.00000000       800.000000       4.51754220E-02   4.71121693      0.302065849       6.41067810E-10  -3.70440481E-04   9.59541425E-02   5.52633069E-02  -1.22350323      0.298574835      -7.53649473E-02
   5.00000000       800.000000       4.54156250E-02   4.75678205      0.301044732       6.32817743E-10  -2.50506448E-04   9.46165770E-02   5.20340949E-02  -1.22545290      0.300937712      -2.00283509E-02
   6.00000000       800.000000       4.56556603E-02   4.80203438      0.299405396       6.23402496E-10  -1.66143815E-04   9.33079496E-02   5.18664569E-02  -1.22532451      0.303306103       1.15594910E-02
   7.00000000       800.000000       4.59001064E-02   4.84787893      0.297292948       6.13159135E-10  -1.25625040E-04   9.20273513E-02   5.17635532E-02  -1.22439444      0.305682063       1.63019262E-02
   8.00000000       800.000000       4.61495221E-02   4.89382601      0.294771969       6.02242589E-10  -1.34255271E-04   9.07726884E-02   4.97237705E-02  -1.22382486      0.307976425      -4.09516320E-03
   9.00000000       800.000000       4.64015417E-02   4.94037914      0.291974008       5.90939797E-10  -1.90035877E-04   8.95419940E-02   4.59789671E-02  -1.22477245      0.310110420      -4.15488966E-02
   10.0000000       800.000000       4.66544069E-02   4.98703766      0.289045990       5.79553960E-10  -2.82258174E-04   8.83327872E-02   4.15016599E-02  -1.22769368      0.312046260      -8.44344497E-02
   11.0000000       800.000000       4.69110720E-02   5.03345490      0.286201388       5.68518232E-10  -3.88114859E-04   8.71431157E-02   3.71586420E-02  -1.23267269      0.313789606     -0.121137910    
   12.0000000       800.000000       4.71705161E-02   5.08080530      0.283549964       5.58034174E-10  -4.92629304E-04   8.59716460E-02   3.36957388E-02  -1.23908710      0.315378904     -0.144006640    
   13.0000000       800.000000       4.74330559E-02   5.12793064      0.281151801       5.48211920E-10  -5.83212066E-04   8.48176554E-02   3.13125364E-02  -1.24629712      0.316863716     -0.154705837    
   2.00000000       800.000000       4.76989783E-02   5.17558718      0.279011041       5.39037370E-10  -6.54802890E-04   8.36813375E-02   2.94631645E-02  -1.25380397      0.318269461     -0.157096937    
   3.00000000       800.000000       4.79672700E-02   5.22343826      0.277076125       5.30398392E-10  -7.10004475E-04   8.25624019E-02   2.75213066E-02  -1.26132643      0.319589794     -0.156556532    
   4.00000000       800.000000       4.82396744E-02   5.27148342      0.275316685       5.22221155E-10  -7.50589592E-04   8.14608335E-02   2.53172386E-02  -1.26887012      0.320810765     -0.156704888    
   5.00000000       800.000000       4.85143214E-02   5.32006216      0.273692966       5.14419007E-10  -7.79211696E-04   8.03765282E-02   2.29655337E-02  -1.27648711      0.321924895     -0.157838926    
   6.00000000       800.000000       4.87925000E-02   5.36836243      0.272163749       5.06909958E-10  -7.99230416E-04   7.93094635E-02   2.09215451E-02  -1.28422678      0.322945565     -0.159378082    
   7.00000000       800.000000       4.90735136E-02   5.41723442      0.270701289       4.99632336E-10  -8.13847466E-04   7.82590434E-02   1.92509033E-02  -1.29208457      0.323890537     -0.160765588    
   8.00000000       800.000000       4.93605398E-02   5.46674824      0.269291222       4.92553665E-10  -8.23662151E-04   7.72251412E-02   1.77925155E-02  -1.30005097      0.324768931     -0.162130982    
   9.00000000       800.000000       4.96459454E-02   5.51635075      0.267926663       4.85660179E-10  -8.27305135E-04   7.62074515E-02   1.65718682E-02  -1.30813694      0.325591803     -0.163637415    
   10.0000000       800.000000       4.99367975E-02   5.56616688      0.266602159       4.78937723E-10  -8.25489347E-04   7.52053782E-02   1.55365961E-02  -1.31634736      0.326367617     -0.164059594    
   11.0000000       800.000000       5.02316244E-02   5.61612844      0.265295088       4.72338557E-10  -8.20901420E-04   7.42192268E-02   1.42623046E-02  -1.32457030      0.327083468     -0.164814144    
   12.0000000       800.000000       5.05279116E-02   5.66623640      0.264037341       4.65919969E-10  -8.07196076E-04   7.32482523E-02   1.27761615E-02  -1.33295572      0.327729344     -0.165953428    
   13.0000000       800.000000       5.08273505E-02   5.71697474      0.262810230       4.59644045E-10  -7.88055419E-04   7.22915530E-02   1.18108429E-02  -1.34139025      0.328329742     -0.165346488    
   2.00000000       800.000000       5.11321910E-02   5.76780939      0.261600137       4.53483390E-10  -7.64565950E-04   7.13506714E-02   1.11305201E-02  -1.34981358      0.328899205     -0.163470536    
   3.00000000       800.000000       5.14377542E-02   5.81939650      0.260397583       4.47419712E-10  -7.38587056E-04   7.04235882E-02   1.00651188E-02  -1.35815954      0.329416692     -0.160707325    
   4.00000000       800.000000       5.17485440E-02   5.87104797      0.259197503       4.41444825E-10  -7.10284337E-04   6.95106760E-02   9.04649775E-03  -1.36639595      0.329884529     -0.157593846    
   5.00000000       800.000000       5.20629622E-02   5.92277527      0.257999420       4.35553454E-10  -6.80571422E-04   6.86117634E-02   8.33085179E-03  -1.37451875      0.330318391     -0.154159740    
   6.00000000       800.000000       5.23787588E-02   5.97483015      0.256796539       4.29734387E-10  -6.49758789E-04   6.77263439E-02   7.62939500E-03  -1.38249719      0.330717623     -0.150636002    
   7.00000000       800.000000       5.26992045E-02   6.02751064      0.255593002       4.23991675E-10  -6.18428574E-04   6.68541864E-02   6.97810110E-03  -1.39034605      0.331085771     -0.147156864    
   8.00000000       800.000000       5.30240014E-02   6.08028364      0.254383504       4.18315493E-10  -5.86726528E-04   6.59952536E-02   6.40244223E-03  -1.39805269      0.331425607     -0.143806502    
   9.00000000       800.000000       5.33496812E-02   6.13364077      0.253172815       4.12715390E-10  -5.55276230E-04   6.51491731E-02   5.93294203E-03  -1.40564334      0.331741691     -0.140612975    
   10.0000000       800.000000       5.36804311E-02   6.18732548      0.251959950       4.07185202E-10  -5.23942930E-04   6.43155873E-02   5.53235551E-03  -1.41310382      0.332038850     -0.137472689    
   11.0000000       800.000000       5.40157408E-02   6.24103832      0.250748098       4.01731343E-10  -4.93381522E-04   6.34944215E-02   5.21673867E-03  -1.42044902      0.332320392     -0.134453833    
   12.0000000       800.000000       5.43518029E-02   6.29508209      0.249538302       3.96351146E-10  -4.63472446E-04   6.26853555E-02   4.90300125E-03  -1.42767465      0.332586884     -0.131539628    
   13.0000000       800.000000       5.46922497E-02   6.34962225      0.248330176       3.91045391E-10  -4.34866699E-04   6.18881434E-02   4.66237264E-03  -1.43479395      0.332842022     -0.128678039    
   2.00000000       800.000000       5.50380871E-02   6.40445566      0.247120425       3.85807303E-10  -4.07918618E-04   6.11025728E-02   4.51358082E-03  -1.44179559      0.333090395     -0.125829250    
   3.00000000       800.000000       5.53847216E-02   6.45976830      0.245908678       3.80634413E-10  -3.83303792E-04   6.03283532E-02   4.25414089E-03  -1.44868648      0.333326161     -0.123050906    
   4.00000000       800.000000       5.57359010E-02   6.51546860      0.244691432       3.75520698E-10  -3.61301412E-04   5.95655404E-02   4.09878558E-03  -1.45546579      0.333554566     -0.120309241    
   5.00000000       800.000000       5.60912378E-02   6.57112312      0.243466288       3.70460690E-10  -3.42761312E-04   5.88137396E-02   3.95185640E-03  -1.46214044      0.333776236     -0.117532529    
   6.00000000       800.000000       5.64479530E-02   6.62756824      0.242225319       3.65443509E-10  -3.28138995E-04   5.80724329E-02   3.77821131E-03  -1.46869481      0.333989501     -0.114627540    
   7.00000000       800.000000       5.68098128E-02   6.68420267      0.240963116       3.60459357E-10  -3.18743318E-04   5.73418029E-02   3.62546183E-03  -1.47512388      0.334195465     -0.111325257    
   8.00000000       800.000000       5.71758151E-02   6.74102211      0.239669964       3.55494384E-10  -3.15249577E-04   5.66213988E-02   3.44098383E-03  -1.48138463      0.334391803     -0.107636921    
   9.00000000       800.000000       5.75454868E-02   6.79867172      0.238349348       3.50551060E-10  -3.18358332E-04   5.59114516E-02   3.26523208E-03  -1.48747098      0.334580183     -0.104130089    
   10.0000000       800.000000       5.79212233E-02   6.85620070      0.237009019       3.45644929E-10  -3.26053967E-04   5.52110299E-02   3.03523825E-03  -1.49340677      0.334755808     -0.101499386    
   11.0000000       800.000000       5.82982525E-02   6.91421032      0.235669598       3.40803913E-10  -3.36353172E-04   5.45203798E-02   2.82737822E-03  -1.49926746      0.334920585      -9.97883305E-02
   12.0000000       800.000000       5.86755127E-02   6.97270107      0.234339491       3.36037670E-10  -3.46984947E-04   5.38391657E-02   2.58692238E-03  -1.50508225      0.335072488      -9.86877307E-02
   13.0000000       800.000000       5.90622984E-02   7.03143930      0.233025670       3.31356914E-10  -3.57549114E-04   5.31675331E-02   2.34994153E-03  -1.51088953      0.335211337      -9.78922397E-02
   2.00000000       800.000000       5.94485030E-02   7.09108067      0.231731459       3.26762728E-10  -3.66755645E-04   5.25052026E-02   2.13124347E-03  -1.51668012      0.335338026      -9.74530429E-02
   3.00000000       800.000000       5.98436110E-02   7.15043688      0.230466068       3.22266741E-10  -3.74248571E-04   5.18519543E-02   1.92495994E-03  -1.52251291      0.335453510      -9.74793211E-02
   4.00000000       800.000000       6.02373928E-02   7.21079636      0.229235962       3.17878251E-10  -3.78105906E-04   5.12074903E-02   1.70659763E-03  -1.52838814      0.335555792      -9.81577486E-02
   5.00000000       800.000000       6.06374219E-02   7.27131176      0.228057936       3.13616272E-10  -3.76918906E-04   5.05721010E-02   1.55593606E-03  -1.53437567      0.335650057      -9.97885242E-02
   6.00000000       800.000000       6.10392392E-02   7.33202028      0.226938859       3.09487491E-10  -3.68518144E-04   4.99453396E-02   1.36945385E-03  -1.54052949      0.335733771     -0.101916149    
   7.00000000       800.000000       6.14471473E-02   7.39313030      0.225875124       3.05485665E-10  -3.53655458E-04   4.93274368E-02   1.19042257E-03  -1.54685926      0.335806906     -0.103556529    
   8.00000000       800.000000       6.18590638E-02   7.45494413      0.224849612       3.01583342E-10  -3.33972450E-04   4.87178937E-02   1.08346588E-03  -1.55329633      0.335873604     -0.104313791    
   9.00000000       800.000000       6.22721761E-02   7.51700449      0.223852545       2.97767117E-10  -3.11615062E-04   4.81168889E-02   9.66308115E-04  -1.55980992      0.335934073     -0.104539074    
   10.0000000       800.000000       6.26941621E-02   7.57950735      0.222877383       2.94025609E-10  -2.86801485E-04   4.75241356E-02   8.90177558E-04  -1.56636250      0.335990131     -0.104588084    
   11.0000000       800.000000       6.31151870E-02   7.64244461      0.221923873       2.90357710E-10  -2.60367873E-04   4.69397828E-02   8.22692702E-04  -1.57296646      0.336042106     -0.104354158    
   12.0000000       800.000000       6.35424033E-02   7.70559978      0.220982671       2.86750373E-10  -2.32798178E-04   4.63633426E-02   7.61567440E-04  -1.57957864      0.336090386     -0.103565432    
   13.0000000       800.000000       6.39760271E-02   7.76949692      0.220046833       2.83192664E-10  -2.05870296E-04   4.57947552E-02   7.09619781E-04  -1.58617580      0.336135507     -0.102013305    
   2.00000000       800.000000       6.44085407E-02   7.83382225      0.219101116       2.79664986E-10  -1.81139185E-04   4.52340953E-02   6.72246038E-04  -1.59267592      0.336178929      -9.94215980E-02
   3.00000000       800.000000       6.48498610E-02   7.89831066      0.218133241       2.76151352E-10  -1.61189295E-04   4.46809456E-02   6.33986492E-04  -1.59902358      0.336220384      -9.58341807E-02
   4.00000000       800.000000       6.52926117E-02   7.96304750      0.217130959       2.72636080E-10  -1.47246101E-04   4.41355370E-02   6.17502781E-04  -1.60514855      0.336260825      -9.16540250E-02
   5.00000000       800.000000       6.57397360E-02   8.02879810      0.216091245       2.69116424E-10  -1.40190663E-04   4.35973071E-02   5.86611801E-04  -1.61103356      0.336298972      -8.73945206E-02
   6.00000000       800.000000       6.61928579E-02   8.09504509      0.215013638       2.65592187E-10  -1.39484880E-04   4.30663154E-02   5.81926724E-04  -1.61667991      0.336337477      -8.32522064E-02
   7.00000000       800.000000       6.66503683E-02   8.16145802      0.213900924       2.62067368E-10  -1.44822436E-04   4.25424762E-02   5.67570678E-04  -1.62209523      0.336375237      -7.92988315E-02
   8.00000000       800.000000       6.71091229E-02   8.22835445      0.212754354       2.58544103E-10  -1.55553105E-04   4.20253314E-02   5.66770381E-04  -1.62728405      0.336413413      -7.55324215E-02
   9.00000000       800.000000       6.75772652E-02   8.29508305      0.211577252       2.55026306E-10  -1.71062711E-04   4.15150411E-02   5.56955754E-04  -1.63226926      0.336451113      -7.21294805E-02
   10.0000000       800.000000       6.80434331E-02   8.36327362      0.210375994       2.51521887E-10  -1.90184408E-04   4.10113409E-02   5.51862468E-04  -1.63706851      0.336488843      -6.94021434E-02
   11.0000000       800.000000       6.85164854E-02   8.43160915      0.209160790       2.48044418E-10  -2.10890357E-04   4.05142754E-02   5.40716923E-04  -1.64174843      0.336525679      -6.75514936E-02
   12.0000000       800.000000       6.89990669E-02   8.50011826      0.207943276       2.44605336E-10  -2.31458529E-04   4.00237553E-02   5.22355374E-04  -1.64635706      0.336561859      -6.63098544E-02
   13.0000000       800.000000       6.94770738E-02   8.56972027      0.206730455       2.41213965E-10  -2.50660989E-04   3.95391844E-02   5.01176342E-04  -1.65092528      0.336596400      -6.56036511E-02
   2.00000000       800.000000       6.99650571E-02   8.63913631      0.205534950       2.37883879E-10  -2.66880525E-04   3.90609801E-02   4.64264042E-04  -1.65550542      0.336628824      -6.57037124E-02
   3.00000000       800.000000       7.04544336E-02   8.70913506      0.204367921       2.34626624E-10  -2.78367632E-04   3.85890901E-02   4.18607000E-04  -1.66015232      0.336658657      -6.64907247E-02
   4.00000000       800.000000       7.09533468E-02   8.77987480      0.203235000       2.31446237E-10  -2.84241483E-04   3.81234363E-02   3.71752569E-04  -1.66491151      0.336684793      -6.75632209E-02
   5.00000000       800.000000       7.14557767E-02   8.85152435      0.202138141       2.28345926E-10  -2.84154725E-04   3.76637504E-02   3.31900257E-04  -1.66977441      0.336708456      -6.88102096E-02
   6.00000000       800.000000       7.19595850E-02   8.92326069      0.201079160       2.25323829E-10  -2.77672196E-04   3.72096524E-02   2.93453864E-04  -1.67477787      0.336729646      -7.03354180E-02
   7.00000000       800.000000       7.24673644E-02   8.99552822      0.200059608       2.22381558E-10  -2.64562899E-04   3.67619134E-02   2.60032684E-04  -1.67993486      0.336748064      -7.18848333E-02
   8.00000000       800.000000       7.29827210E-02   9.06822109      0.199074030       2.19512325E-10  -2.45469942E-04   3.63197215E-02   2.24965072E-04  -1.68523109      0.336765110      -7.29747787E-02
   9.00000000       800.000000       7.35015273E-02   9.14107132      0.198113769       2.16702531E-10  -2.22066985E-04   3.58834676E-02   1.93326210E-04  -1.69061828      0.336779267      -7.33466670E-02
   10.0000000       800.000000       7.40236938E-02   9.21487141      0.197167709       2.13942100E-10  -1.95935412E-04   3.54529954E-02   1.65639009E-04  -1.69605303      0.336791307      -7.30204880E-02
   11.0000000       800.000000       7.45541826E-02   9.28909588      0.196228743       2.11219764E-10  -1.68705272E-04   3.50279510E-02   1.40311909E-04  -1.70147204      0.336802036      -7.19545335E-02
   12.0000000       800.000000       7.50876293E-02   9.36382198      0.195284888       2.08524420E-10  -1.42371835E-04   3.46085019E-02   1.17197233E-04  -1.70681977      0.336810917      -6.98328093E-02
   13.0000000       800.000000       7.56227747E-02   9.43945217      0.194321349       2.05838888E-10  -1.19529032E-04   3.41944285E-02   9.67652813E-05  -1.71199882      0.336818069      -6.65791705E-02
   2.00000000       800.000000       7.61684179E-02   9.51551723      0.193326697       2.03151593E-10  -1.02322687E-04   3.37858722E-02   7.77817186E-05  -1.71692479      0.336823940      -6.26238510E-02
   3.00000000       800.000000       7.67170042E-02   9.59179592      0.192294106       2.00456360E-10  -9.16212011E-05   3.33822817E-02   5.89061092E-05  -1.72157156      0.336828440      -5.82992658E-02
   4.00000000       800.000000       7.72694573E-02   9.66848755      0.191218078       1.97747610E-10  -8.81828455E-05   3.29841301E-02   4.79478331E-05  -1.72589993      0.336832285      -5.36327623E-02
   5.00000000       800.000000       7.78230131E-02   9.74612713      0.190093115       1.95019861E-10  -9.28570298E-05   3.25906463E-02   4.09564636E-05  -1.72989166      0.336835116      -4.86388057E-02
   6.00000000       800.000000       7.83851892E-02   9.82425022      0.188916564       1.92272046E-10  -1.05786828E-04   3.22023258E-02   4.13831513E-05  -1.73350120      0.336838633      -4.38661911E-02
   7.00000000       800.000000       7.89523125E-02   9.90284920      0.187702134       1.89518901E-10  -1.24920931E-04   3.18188332E-02   4.84908123E-05  -1.73679185      0.336842239      -4.05309573E-02
   8.00000000       800.000000       7.95280412E-02   9.98241329      0.186476424       1.86786323E-10  -1.45871629E-04   3.14400271E-02   5.55407569E-05  -1.73992622      0.336846769      -3.93335484E-02
   9.00000000       800.000000       8.01055804E-02   10.0623922      0.185266852       1.84102830E-10  -1.64097844E-04   3.10658868E-02   5.76311104E-05  -1.74307287      0.336851716      -3.98983061E-02
   10.0000000       800.000000       8.06882754E-02   10.1425762      0.184091166       1.81484147E-10  -1.76650152E-04   3.06961704E-02   5.71079436E-05  -1.74634111      0.336856186      -4.15938199E-02
   11.0000000       800.000000       8.12722519E-02   10.2231703      0.182959899       1.78940390E-10  -1.81699521E-04   3.03313769E-02   5.53999089E-05  -1.74980533      0.336860716      -4.39437553E-02
   12.0000000       800.000000       8.18665698E-02   10.3048105      0.181878358       1.76474738E-10  -1.78283968E-04   2.99708806E-02   5.28208766E-05  -1.75350988      0.336865246      -4.64763492E-02
   13.0000000       800.000000       8.24698508E-02   10.3871059      0.180843696       1.74082859E-10  -1.67003440E-04   2.96149626E-02   4.95636959E-05  -1.75744092      0.336868525      -4.85704765E-02
   2.00000000       800.000000       8.30690786E-02   10.4702911      0.179843917       1.71751682E-10  -1.49597588E-04   2.92634349E-02   4.64048426E-05  -1.76154816      0.336873323      -4.96509895E-02
   3.00000000       800.000000       8.36792067E-02   10.5531397      0.178863406       1.69465914E-10  -1.28656771E-04   2.89167017E-02   4.40926706E-05  -1.76572394      0.336876899      -4.97266240E-02
   4.00000000       800.000000       8.42924491E-02   10.6371202      0.177892700       1.67215394E-10  -1.05933868E-04   2.85740308E-02   4.12914924E-05  -1.76989973      0.336879730      -4.90866303E-02
   5.00000000       800.000000       8.49149227E-02   10.7222576      0.176922381       1.64991396E-10  -8.30848221E-05   2.82356497E-02   3.81485879E-05  -1.77402914      0.336882919      -4.76236157E-02
   6.00000000       800.000000       8.55400413E-02   10.8070173      0.175939456       1.62780678E-10  -6.24328895E-05   2.79017184E-02   3.41694940E-05  -1.77801597      0.336886317      -4.48859259E-02
   7.00000000       800.000000       8.61672983E-02   10.8929453      0.174925014       1.60566130E-10  -4.72183565E-05   2.75716521E-02   3.06383736E-05  -1.78173470      0.336888641      -4.06480022E-02
   8.00000000       800.000000       8.68062824E-02   10.9799843      0.173861891       1.58333444E-10  -4.03683298E-05   2.72459798E-02   2.96631606E-05  -1.78505099      0.336891860      -3.52964327E-02
   9.00000000       800.000000       8.74475688E-02   11.0664978      0.172743022       1.56076041E-10  -4.30675900E-05   2.69240569E-02   3.08978742E-05  -1.78788626      0.336893857      -2.97497846E-02
   10.0000000       800.000000       8.80924463E-02   11.1543617      0.171572894       1.53799057E-10  -5.47209638E-05   2.66061965E-02   3.24800894E-05  -1.79027295      0.336896718      -2.48259362E-02
   11.0000000       800.000000       8.87458175E-02   11.2425718      0.170364872       1.51515286E-10  -7.29543899E-05   2.62921602E-02   3.37820566E-05  -1.79227364      0.336900204      -2.12429781E-02
   12.0000000       800.000000       8.94047245E-02   11.3320246      0.169143215       1.49246365E-10  -9.34010968E-05   2.59819217E-02   3.45547996E-05  -1.79405725      0.336903512      -2.00000554E-02
   13.0000000       800.000000       9.00711343E-02   11.4218473      0.167943224       1.47022838E-10  -1.10136767E-04   2.56752223E-02   3.32344462E-05  -1.79586506      0.336906195      -2.14270782E-02
   2.00000000       800.000000       9.07422155E-02   11.5118284      0.166790694       1.44867271E-10  -1.18467033E-04   2.53725071E-02   2.93107623E-05  -1.79793191      0.336908460      -2.42334846E-02
   3.00000000       800.000000       9.14164707E-02   11.6033077      0.165688649       1.42780648E-10  -1.17312462E-04   2.50732172E-02   2.48084489E-05  -1.80027962      0.336910635      -2.70079393E-02
   4.00000000       800.000000       9.20993984E-02   11.6952047      0.164632276       1.40757489E-10  -1.07655389E-04   2.47778390E-02   2.15384516E-05  -1.80288815      0.336913019      -2.91745141E-02
   5.00000000       800.000000       9.27866399E-02   11.7873383      0.163610235       1.38786302E-10  -9.16255012E-05   2.44858265E-02   1.87552541E-05  -1.80567300      0.336914957      -3.02592088E-02
   6.00000000       800.000000       9.34779644E-02   11.8806105      0.162606403       1.36853376E-10  -7.19541931E-05   2.41976567E-02   1.63144468E-05  -1.80852234      0.336916476      -3.02157179E-02
   7.00000000       800.000000       9.41774696E-02   11.9743528      0.161608979       1.34948400E-10  -5.09748243E-05   2.39128042E-02   1.41189084E-05  -1.81134617      0.336917669      -2.92160287E-02
   8.00000000       800.000000       9.48819369E-02   12.0688763      0.160604775       1.33059411E-10  -3.08789276E-05   2.36316435E-02   1.23937871E-05  -1.81404805      0.336919099      -2.71791704E-02
   9.00000000       800.000000       9.55979601E-02   12.1640635      0.159578383       1.31173766E-10  -1.45227732E-05   2.33537983E-02   1.11498039E-05  -1.81652343      0.336920261      -2.36760806E-02
   10.0000000       800.000000       9.63135287E-02   12.2600622      0.158507630       1.29274189E-10  -5.64708807E-06   2.30794847E-02   1.00277866E-05  -1.81859362      0.336920500      -1.84182189E-02
   11.0000000       800.000000       9.70358253E-02   12.3568468      0.157376364       1.27347008E-10  -7.52285678E-06   2.28083041E-02   9.60878697E-06  -1.82008410      0.336921960      -1.22562917E-02
   12.0000000       800.000000       9.77677032E-02   12.4544106      0.156186655       1.25395971E-10  -2.00965878E-05   2.25404277E-02   9.75013427E-06  -1.82098114      0.336922824      -7.00661587E-03
   13.0000000       800.000000       9.85076427E-02   12.5523767      0.154964179       1.23441785E-10  -3.91163594E-05   2.22758222E-02   9.24025881E-06  -1.82146060      0.336923540      -4.04852815E-03
   2.00000000       800.000000       9.92456749E-02   12.6510534      0.153742313       1.21511343E-10  -5.84665686E-05   2.20142119E-02   8.82160930E-06  -1.82178056      0.336923927      -3.98708647E-03
   3.00000000       800.000000       9.99961421E-02   12.7503929      0.152557224       1.19632540E-10  -7.14306734E-05   2.17558593E-02   8.37056086E-06  -1.82225490      0.336925268      -6.47132704E-03
   4.00000000       800.000000      0.100751281       12.8514633      0.151427820       1.17819268E-10  -7.40111354E-05   2.15004832E-02   8.01214264E-06  -1.82308090      0.336925954      -9.85487364E-03
   5.00000000       800.000000      0.101513669       12.9527330      0.150349930       1.16067420E-10  -6.66343476E-05   2.12481506E-02   7.87891713E-06  -1.82424688      0.336926490      -1.24065233E-02
   6.00000000       800.000000      0.102282949       13.0543804      0.149306044       1.14361798E-10  -5.24659263E-05   2.09988654E-02   8.31984926E-06  -1.82561171      0.336927533      -1.34885609E-02
   7.00000000       800.000000      0.103057869       13.1565609      0.148278624       1.12688740E-10  -3.49030270E-05   2.07525436E-02   8.68933239E-06  -1.82701874      0.336928904      -1.32791838E-02
   8.00000000       800.000000      0.103839546       13.2604132      0.147252426       1.11035556E-10  -1.70361018E-05   2.05093138E-02   9.15684632E-06  -1.82835209      0.336929291      -1.16887419E-02
   9.00000000       800.000000      0.104626514       13.3645535      0.146207944       1.09388130E-10  -2.10038252E-06   2.02690195E-02   9.39845449E-06  -1.82945669      0.336930543      -8.62603355E-03
   10.0000000       800.000000      0.105420068       13.4691267      0.145127922       1.07733336E-10   6.47706975E-06   2.00314466E-02   9.31864088E-06  -1.83016324      0.336931676      -4.20219311E-03
   11.0000000       800.000000      0.106228657       13.5754204      0.143997371       1.06061049E-10   5.91906655E-06   1.97971836E-02   8.98349845E-06  -1.83034599      0.336932242       1.19485240E-03
   12.0000000       800.000000      0.107034281       13.6821260      0.142815471       1.04370602E-10  -4.42130249E-06   1.95652712E-02   8.27585427E-06  -1.82990873      0.336933225       5.97582571E-03
   13.0000000       800.000000      0.107849084       13.7891541      0.141606346       1.02680892E-10  -2.04759235E-05   1.93361994E-02   7.52317146E-06  -1.82905924      0.336933941       8.30141921E-03
   2.00000000       800.000000      0.108672515       13.8981247      0.140407100       1.01017986E-10  -3.53690448E-05   1.91096645E-02   6.70040527E-06  -1.82811379      0.336935341       7.84540083E-03
   3.00000000       800.000000      0.109497771       14.0066690      0.139244854       9.94015772E-11  -4.32457346E-05   1.88859105E-02   6.02904902E-06  -1.82734418      0.336935639       5.39466087E-03
   4.00000000       800.000000      0.110339761       14.1170921      0.138133332       9.78403331E-11  -4.11150068E-05   1.86647587E-02   5.41035388E-06  -1.82692623      0.336935848       2.54905084E-03
   5.00000000       800.000000      0.111177742       14.2269335      0.137062773       9.63262387E-11  -3.07062946E-05   1.84462126E-02   4.77935828E-06  -1.82678270      0.336936802       9.52803122E-04
   6.00000000       800.000000      0.112030037       14.3394938      0.136011466       9.48435497E-11  -1.57136164E-05   1.82305351E-02   4.01083298E-06  -1.82671487      0.336937487       8.73868004E-04
   7.00000000       800.000000      0.112885214       14.4517355      0.134963304       9.33801786E-11  -7.99510076E-08   1.80173293E-02   3.27195289E-06  -1.82658708      0.336938292       2.45738751E-03
   8.00000000       800.000000      0.113750286       14.5650282      0.133894131       9.19196663E-11   1.20387167E-05   1.78064778E-02   2.29964462E-06  -1.82615888      0.336937577       5.62485261E-03
   9.00000000       800.000000      0.114624061       14.6793976      0.132789776       9.04525829E-11   1.74545094E-05   1.75984558E-02   1.39176348E-06  -1.82530057      0.336938143       9.84368101E-03
   10.0000000       800.000000      0.115506783       14.7940674      0.131642565       8.89735091E-11   1.45317117E-05   1.73927080E-02   5.79151219E-07  -1.82389438      0.336938322       1.42856874E-02
   11.0000000       800.000000      0.116393380       14.9101496      0.130461857       8.74898556E-11   4.55484451E-06   1.71893705E-02   5.71920893E-08  -1.82198358      0.336938143       1.74300820E-02
   12.0000000       800.000000      0.117281690       15.0272551      0.129273504       8.60186228E-11  -7.53023232E-06   1.69883706E-02  -1.34169554E-07  -1.81982017      0.336937875       1.83250420E-02
   13.0000000       800.000000      0.118191823       15.1445360      0.128105253       8.45788578E-11  -1.61441549E-05   1.67897493E-02  -9.90290587E-08  -1.81767642      0.336938053       1.72061548E-02
   2.00000000       800.000000      0.119099334       15.2630339      0.126974285       8.31802127E-11  -1.74644192E-05   1.65932812E-02  -9.31860598E-08  -1.81573451      0.336938143       1.51354205E-02
   3.00000000       800.000000      0.120015435       15.3828135      0.125880182       8.18228887E-11  -1.11295894E-05   1.63994022E-02  -1.94693584E-07  -1.81405425      0.336937696       1.35669848E-02
   4.00000000       800.000000      0.120940529       15.5036430      0.124807842       8.04952840E-11  -1.56367435E-07   1.62075870E-02  -5.16286036E-07  -1.81246698      0.336937547       1.34684462E-02
   5.00000000       800.000000      0.121867239       15.6249332      0.123736978       7.91844437E-11   1.12990865E-05   1.60182305E-02  -9.25533925E-07  -1.81078553      0.336937666       1.50451669E-02
   6.00000000       800.000000      0.122810721       15.7464323      0.122646935       7.78772324E-11   1.92203661E-05   1.58310998E-02  -1.37566622E-06  -1.80878651      0.336938173       1.79655813E-02
   7.00000000       800.000000      0.123757191       15.8707790      0.121528484       7.65676689E-11   2.11900315E-05   1.56462230E-02  -1.67326857E-06  -1.80635357      0.336937815       2.14148667E-02
   8.00000000       800.000000      0.124716990       15.9948425      0.120382272       7.52564538E-11   1.72667224E-05   1.54634696E-02  -1.77943707E-06  -1.80346715      0.336937368       2.43384000E-02
   9.00000000       800.000000      0.125679165       16.1200333      0.119223461       7.39532810E-11   1.01318628E-05   1.52826272E-02  -1.69638736E-06  -1.80025911      0.336937100       2.58584674E-02
   10.0000000       800.000000      0.126648560       16.2460766      0.118072011       7.26700228E-11   4.01403213E-06   1.51041057E-02  -1.47129560E-06  -1.79694188      0.336936861       2.57960130E-02
   11.0000000       800.000000      0.127627030       16.3736973      0.116943464       7.14164630E-11   2.32956450E-06   1.49274217E-02  -1.18909782E-06  -1.79370022      0.336936295       2.48045884E-02
   12.0000000       800.000000      0.128622070       16.5009899      0.115840331       7.01934968E-11   5.94207631E-06   1.47533035E-02  -9.01826411E-07  -1.79058576      0.336936504       2.39879843E-02
   13.0000000       800.000000      0.129615709       16.6299458      0.114752911       6.89948099E-11   1.29449600E-05   1.45806633E-02  -5.97795292E-07  -1.78750396      0.336936533       2.41919979E-02
   2.00000000       800.000000      0.130617574       16.7607040      0.113665402       6.78103199E-11   1.99924525E-05   1.44107845E-02  -3.28510964E-07  -1.78428924      0.336935699       2.56882273E-02
   3.00000000       800.000000      0.131631613       16.8909397      0.112563834       6.66318320E-11   2.40637892E-05   1.42422942E-02  -6.27895318E-08  -1.78077030      0.336936504       2.80512627E-02
   4.00000000       800.000000      0.132658064       17.0234966      0.111443482       6.54566193E-11   2.38741814E-05   1.40760597E-02   1.21398870E-07  -1.77687502      0.336936712       3.04665957E-02
   5.00000000       800.000000      0.133689612       17.1564980      0.110310324       6.42883594E-11   2.05010729E-05   1.39116952E-02   2.55771795E-07  -1.77265465      0.336935967       3.21530700E-02
   6.00000000       800.000000      0.134727374       17.2917385      0.109177418       6.31341160E-11   1.66012851E-05   1.37487398E-02   3.51151556E-07  -1.76824462      0.336936146       3.27653848E-02
   7.00000000       800.000000      0.135772675       17.4260139      0.108056530       6.20009113E-11   1.49479074E-05   1.35881072E-02   4.24765602E-07  -1.76379347      0.336936563       3.25409509E-02
   8.00000000       800.000000      0.136831790       17.5625153      0.106953226       6.08916528E-11   1.68751503E-05   1.34295681E-02   5.20006381E-07  -1.75937545      0.336936533       3.21780182E-02
   9.00000000       800.000000      0.137887821       17.6995029      0.105862804       5.98030306E-11   2.14432075E-05   1.32726654E-02   6.58451484E-07  -1.75495064      0.336936980       3.24441902E-02
   10.0000000       800.000000      0.138969555       17.8388729      0.104773723       5.87284804E-11   2.62022440E-05   1.31178666E-02   8.45134707E-07  -1.75039256      0.336937189       3.36309820E-02
   11.0000000       800.000000      0.140046909       17.9775219      0.103676476       5.76625275E-11   2.88367064E-05   1.29646417E-02   9.95937626E-07  -1.74556863      0.336937100       3.54209505E-02
   12.0000000       800.000000      0.141143247       18.1181393      0.102567822       5.66032776E-11   2.85166825E-05   1.28133222E-02   1.05408901E-06  -1.74043226      0.336937547       3.71849425E-02
   13.0000000       800.000000      0.142242312       18.2606220      0.101453155       5.55537664E-11   2.61937585E-05   1.26633570E-02   1.02407762E-06  -1.73503208      0.336937279       3.83791365E-02
   2.00000000       800.000000      0.143348306       18.4025784      0.100341849       5.45187680E-11   2.38878129E-05   1.25157060E-02   9.17619730E-07  -1.72947133      0.336937159       3.88430506E-02
   3.00000000       800.000000      0.144470185       18.5468769       9.92402881E-02   5.35019494E-11   2.33410319E-05   1.23694139E-02   7.90050649E-07  -1.72385192      0.336937308       3.88659239E-02
   4.00000000       800.000000      0.145599216       18.6916237       9.81507897E-02   5.25039213E-11   2.50092344E-05   1.22246174E-02   6.92820549E-07  -1.71820199      0.336937755       3.89600694E-02
   5.00000000       800.000000      0.146730632       18.8387299       9.70682502E-02   5.15219603E-11   2.79245178E-05   1.20814815E-02   6.47929824E-07  -1.71245790      0.336937547       3.95100079E-02
   6.00000000       800.000000      0.147886083       18.9852219       9.59868357E-02   5.05526766E-11   3.05629910E-05   1.19403396E-02   6.41366057E-07  -1.70655930      0.336937696       4.05117497E-02
   7.00000000       800.000000      0.149040878       19.1336536       9.49024484E-02   4.95937146E-11   3.19681094E-05   1.18010510E-02   6.33442653E-07  -1.70043802      0.336938202       4.16592732E-02
   8.00000000       800.000000      0.150206983       19.2841053       9.38163027E-02   4.86457367E-11   3.22368360E-05   1.16632199E-02   5.88518049E-07  -1.69408989      0.336938381       4.26176488E-02
   9.00000000       800.000000      0.151375279       19.4338169       9.27319825E-02   4.77105057E-11   3.22443157E-05   1.15268668E-02   5.06102367E-07  -1.68757713      0.336938530       4.32398543E-02
   10.0000000       800.000000      0.152559474       19.5859928       9.16534960E-02   4.67895271E-11   3.28618371E-05   1.13923680E-02   3.99890098E-07  -1.68094563      0.336938202       4.36454862E-02
   11.0000000       800.000000      0.153755501       19.7391071       9.05807316E-02   4.58832729E-11   3.42662061E-05   1.12591777E-02   2.98543540E-07  -1.67421401      0.336937726       4.40960377E-02
   12.0000000       800.000000      0.154966682       19.8943138       8.95119011E-02   4.49900742E-11   3.59003825E-05   1.11274719E-02   2.27031236E-07  -1.66733563      0.336937904       4.47675437E-02
   13.0000000       800.000000      0.156182289       20.0499210       8.84442851E-02   4.41084599E-11   3.70321468E-05   1.09976754E-02   1.88433617E-07  -1.66027927      0.336938262       4.56095785E-02
   2.00000000       800.000000      0.157407701       20.2067699       8.73766392E-02   4.32378473E-11   3.74119918E-05   1.08685205E-02   1.70121325E-07  -1.65303147      0.336938292       4.64103147E-02
   3.00000000       800.000000      0.158632427       20.3635406       8.63111243E-02   4.23791800E-11   3.74217634E-05   1.07420757E-02   1.59661951E-07  -1.64561462      0.336938381       4.70253006E-02
   4.00000000       800.000000      0.159881696       20.5234394       8.52497965E-02   4.15333011E-11   3.76330063E-05   1.06162950E-02   1.38433819E-07  -1.63805091      0.336938024       4.74682041E-02
   5.00000000       800.000000      0.161134437       20.6836548       8.41942653E-02   4.07008559E-11   3.83918668E-05   1.04922839E-02   1.02226018E-07  -1.63038135      0.336938053       4.78436984E-02
   6.00000000       800.000000      0.162408039       20.8466339       8.31441060E-02   3.98812580E-11   3.95991847E-05   1.03697823E-02   5.89315405E-08  -1.62257969      0.336938262       4.82919775E-02
   7.00000000       800.000000      0.163673609       21.0080662       8.20977315E-02   3.90735846E-11   4.07968182E-05   1.02481833E-02   1.93412664E-08  -1.61463130      0.336938173       4.88704108E-02
   8.00000000       800.000000      0.164970547       21.1726456       8.10533464E-02   3.82772460E-11   4.16260700E-05   1.01281172E-02  -1.01681117E-08  -1.60651445      0.336938143       4.94862460E-02
   9.00000000       800.000000      0.166260168       21.3390827       8.00123438E-02   3.74922766E-11   4.21200857E-05   1.00097721E-02  -2.90831359E-08  -1.59822881      0.336938381       5.00262231E-02
   10.0000000       800.000000      0.167571649       21.5048828       7.89748579E-02   3.67189716E-11   4.25646685E-05   9.89300571E-03  -4.46873543E-08  -1.58981645      0.336938202       5.04592955E-02
   11.0000000       800.000000      0.168884769       21.6747990       7.79431686E-02   3.59578409E-11   4.32076122E-05   9.77706816E-03  -6.33523243E-08  -1.58125794      0.336938173       5.08248396E-02
   12.0000000       800.000000      0.170220941       21.8437004       7.69157782E-02   3.52085514E-11   4.40931908E-05   9.66262911E-03  -8.38413996E-08  -1.57257664      0.336937994       5.11842035E-02
   13.0000000       800.000000      0.171562597       22.0148487       7.58940428E-02   3.44712037E-11   4.50823463E-05   9.54996143E-03  -1.01932152E-07  -1.56376421      0.336937726       5.15739508E-02
   2.00000000       800.000000      0.172911152       22.1867790       7.48762190E-02   3.37450241E-11   4.60034571E-05   9.43766907E-03  -1.13442660E-07  -1.55481982      0.336937547       5.19802719E-02
   3.00000000       800.000000      0.174262822       22.3595982       7.38633946E-02   3.30300266E-11   4.68144826E-05   9.32734553E-03  -1.17114880E-07  -1.54571140      0.336937577       5.23614287E-02
   4.00000000       800.000000      0.175636902       22.5350342       7.28556812E-02   3.23263083E-11   4.75768284E-05   9.21822339E-03  -1.17846909E-07  -1.53648996      0.336937696       5.27011268E-02
   5.00000000       800.000000      0.177029908       22.7109966       7.18521550E-02   3.16335950E-11   4.83263793E-05   9.11081024E-03  -1.20108098E-07  -1.52713394      0.336937755       5.30197397E-02
   6.00000000       800.000000      0.178427994       22.8897495       7.08540827E-02   3.09519008E-11   4.90504717E-05   9.00405366E-03  -1.23367968E-07  -1.51762724      0.336937755       5.33263125E-02
   7.00000000       800.000000      0.179832757       23.0675335       6.98613450E-02   3.02817077E-11   4.97326801E-05   8.89821723E-03  -1.23267142E-07  -1.50804865      0.336937696       5.36161028E-02
   8.00000000       800.000000      0.181247130       23.2492962       6.88751712E-02   2.96217842E-11   5.03757365E-05   8.79433472E-03  -1.19804639E-07  -1.49831343      0.336937636       5.38822934E-02
   9.00000000       800.000000      0.182678327       23.4303741       6.78922608E-02   2.89731381E-11   5.10294522E-05   8.69133975E-03  -1.11361025E-07  -1.48840392      0.336937636       5.41106462E-02
   10.0000000       800.000000      0.184120178       23.6137962       6.69162720E-02   2.83349403E-11   5.17670996E-05   8.58926401E-03  -9.94739509E-08  -1.47842419      0.336937606       5.43032438E-02
   11.0000000       800.000000      0.185574606       23.7995758       6.59479871E-02   2.77069652E-11   5.26009208E-05   8.48904904E-03  -8.54437801E-08  -1.46833909      0.336937577       5.44869900E-02
   12.0000000       800.000000      0.187039450       23.9845982       6.49837852E-02   2.70905052E-11   5.34735373E-05   8.38981848E-03  -7.29089820E-08  -1.45812082      0.336937994       5.46712838E-02
   13.0000000       800.000000      0.188515589       24.1725788       6.40260130E-02   2.64835376E-11   5.43272290E-05   8.29123706E-03  -6.28176196E-08  -1.44781530      0.336937994       5.48436940E-02
   2.00000000       800.000000      0.190003842       24.3626595       6.30740747E-02   2.58872385E-11   5.51569792E-05   8.19397718E-03  -5.43669536E-08  -1.43738163      0.336937755       5.49968854E-02
   3.00000000       800.000000      0.191507503       24.5538692       6.21286519E-02   2.53010547E-11   5.59871442E-05   8.09823163E-03  -4.70660275E-08  -1.42683494      0.336937994       5.51233664E-02
   4.00000000       800.000000      0.193027228       24.7454605       6.11899756E-02   2.47249599E-11   5.68505020E-05   8.00322741E-03  -4.18413890E-08  -1.41617560      0.336938083       5.52232713E-02
   5.00000000       800.000000      0.194553345       24.9383144       6.02571517E-02   2.41590185E-11   5.77612082E-05   7.90962204E-03  -3.81769603E-08  -1.40542996      0.336938351       5.53050786E-02
   6.00000000       800.000000      0.196085945       25.1336231       5.93311302E-02   2.36027465E-11   5.86897295E-05   7.81648047E-03  -3.53235841E-08  -1.39457858      0.336937785       5.53795323E-02
   7.00000000       800.000000      0.197636858       25.3313236       5.84113635E-02   2.30563537E-11   5.95736419E-05   7.72489375E-03  -3.23817027E-08  -1.38362432      0.336938024       5.54489121E-02
   8.00000000       800.000000      0.199212298       25.5304661       5.74979596E-02   2.25196719E-11   6.03609587E-05   7.63460668E-03  -2.91070457E-08  -1.37256694      0.336937994       5.55069596E-02
   9.00000000       800.000000      0.200781316       25.7297115       5.65912724E-02   2.19922240E-11   6.10327770E-05   7.54530448E-03  -2.52861945E-08  -1.36141646      0.336937845       5.55454120E-02
   10.0000000       800.000000      0.202371761       25.9304714       5.56911528E-02   2.14742859E-11   6.16071411E-05   7.45646749E-03  -2.11439133E-08  -1.35017681      0.336937875       5.55552728E-02
   11.0000000       800.000000      0.203978211       26.1335907       5.47988079E-02   2.09655748E-11   6.21402578E-05   7.36933155E-03  -1.68707448E-08  -1.33885038      0.336937726       5.55300601E-02
   12.0000000       800.000000      0.205590189       26.3390236       5.39130308E-02   2.04664358E-11   6.27043992E-05   7.28278095E-03  -1.25977966E-08  -1.32743645      0.336937875       5.54709323E-02
   13.0000000       800.000000      0.207215562       26.5462608       5.30338883E-02   1.99764077E-11   6.33505988E-05   7.19762407E-03  -8.39704306E-09  -1.31596172      0.336937666       5.53857796E-02
   2.00000000       800.000000      0.208862230       26.7531796       5.21633290E-02   1.94955545E-11   6.40830767E-05   7.11288024E-03  -4.28626379E-09  -1.30438364      0.336937666       5.52847534E-02
   3.00000000       800.000000      0.210511744       26.9634609       5.13006598E-02   1.90239855E-11   6.48642963E-05   7.02976109E-03  -3.38284428E-10  -1.29277253      0.336937636       5.51755354E-02
   4.00000000       800.000000      0.212182373       27.1744270       5.04457392E-02   1.85611613E-11   6.56461198E-05   6.94711227E-03   3.28250338E-09  -1.28108227      0.336937696       5.50584346E-02
   5.00000000       800.000000      0.213867262       27.3881035       4.95970622E-02   1.81071755E-11   6.63906321E-05   6.86571514E-03   6.76388234E-09  -1.26931798      0.336937726       5.49284481E-02
   6.00000000       800.000000      0.215570495       27.6017551       4.87562157E-02   1.76620385E-11   6.70830123E-05   6.78500859E-03   1.00761550E-08  -1.25745654      0.336937755       5.47807775E-02
   7.00000000       800.000000      0.217280358       27.8196926       4.79248650E-02   1.72251744E-11   6.77274293E-05   6.70548808E-03   1.31650575E-08  -1.24561000      0.336937666       5.46126813E-02
   8.00000000       800.000000      0.218995273       28.0367794       4.71002311E-02   1.67975928E-11   6.83516118E-05   6.62671356E-03   1.52160560E-08  -1.23364604      0.336937636       5.44194654E-02
   9.00000000       800.000000      0.220740929       28.2576332       4.62829694E-02   1.63778158E-11   6.89930239E-05   6.54905895E-03   1.64286167E-08  -1.22166646      0.336937636       5.42026386E-02
   10.0000000       800.000000      0.222490728       28.4788132       4.54743914E-02   1.59664972E-11   6.96737334E-05   6.47201529E-03   1.71012999E-08  -1.20962775      0.336937696       5.39665036E-02
   11.0000000       800.000000      0.224248633       28.7025547       4.46745194E-02   1.55633735E-11   7.04179620E-05   6.39608502E-03   1.78410655E-08  -1.19754636      0.336937785       5.37134670E-02
   12.0000000       800.000000      0.226034790       28.9273281       4.38840427E-02   1.51684620E-11   7.12095280E-05   6.32095383E-03   1.83432398E-08  -1.18544507      0.336937815       5.34453392E-02
   13.0000000       800.000000      0.227838799       29.1540203       4.30998877E-02   1.47819517E-11   7.20179014E-05   6.24665432E-03   1.99427870E-08  -1.17329848      0.336937875       5.31658307E-02
   2.00000000       800.000000      0.229636580       29.3828106       4.23250906E-02   1.44030924E-11   7.28143277E-05   6.17342116E-03   2.26568755E-08  -1.16111493      0.336937726       5.28840572E-02
   3.00000000       800.000000      0.231463313       29.6143074       4.15582620E-02   1.40320203E-11   7.35384310E-05   6.10093353E-03   2.52964458E-08  -1.14891231      0.336937755       5.25929853E-02
   4.00000000       800.000000      0.233298600       29.8444633       4.08005379E-02   1.36688915E-11   7.41762269E-05   6.02917140E-03   2.83933748E-08  -1.13668013      0.336937696       5.22853732E-02
   5.00000000       800.000000      0.235164225       30.0788250       4.00508307E-02   1.33131752E-11   7.47486265E-05   5.95854642E-03   3.10774944E-08  -1.12441158      0.336937755       5.19601405E-02
   6.00000000       800.000000      0.237021416       30.3152733       3.93086001E-02   1.29650344E-11   7.52926353E-05   5.88863576E-03   3.30623848E-08  -1.11216438      0.336937696       5.16122319E-02
   7.00000000       800.000000      0.238909259       30.5545444       3.85766700E-02   1.26242281E-11   7.58527385E-05   5.81932114E-03   3.38739881E-08  -1.09983623      0.336937934       5.12454212E-02
   8.00000000       800.000000      0.240805298       30.7942753       3.78523394E-02   1.22909270E-11   7.64429133E-05   5.75083354E-03   3.36297923E-08  -1.08754957      0.336937755       5.08659296E-02
   9.00000000       800.000000      0.242732763       31.0363560       3.71367373E-02   1.19644052E-11   7.70499391E-05   5.68367494E-03   3.26967431E-08  -1.07526851      0.336937755       5.04772440E-02
   10.0000000       800.000000      0.244650185       31.2805672       3.64309065E-02   1.16454485E-11   7.76482339E-05   5.61691402E-03   3.14404893E-08  -1.06295693      0.336937934       5.00790812E-02
   11.0000000       800.000000      0.246601894       31.5240726       3.57321613E-02   1.13336051E-11   7.82197239E-05   5.55055914E-03   3.00825427E-08  -1.05064535      0.336937875       4.96712551E-02
   12.0000000       800.000000      0.248575494       31.7732716       3.50434482E-02   1.10283683E-11   7.87557510E-05   5.48552070E-03   2.88646049E-08  -1.03835917      0.336937815       4.92519848E-02
   13.0000000       800.000000      0.250549018       32.0229034       3.43630575E-02   1.07301286E-11   7.92628998E-05   5.42086968E-03   2.79827930E-08  -1.02607214      0.336937815       4.88184057E-02
   2.00000000       800.000000      0.252544135       32.2734489       3.36915478E-02   1.04384409E-11   7.97583707E-05   5.35750529E-03   2.76079763E-08  -1.01380169      0.336937994       4.83707823E-02
   3.00000000       800.000000      0.254557490       32.5260506       3.30297016E-02   1.01533695E-11   8.02605355E-05   5.29455952E-03   2.78617218E-08  -1.00154567      0.336938173       4.79088277E-02
   4.00000000       800.000000      0.256586730       32.7818604       3.23757678E-02   9.87487869E-12   8.07866454E-05   5.23203937E-03   2.86965509E-08 -0.989310682      0.336938143       4.74342145E-02
   5.00000000       800.000000      0.258610994       33.0395813       3.17317061E-02   9.60282721E-12   8.13468214E-05   5.17076114E-03   2.99161478E-08 -0.977097929      0.336938024       4.69487011E-02
   6.00000000       800.000000      0.260681123       33.2992859       3.10966615E-02   9.33719855E-12   8.19362394E-05   5.10979025E-03   3.12000381E-08 -0.964912176      0.336938083       4.64554243E-02
   7.00000000       800.000000      0.262756377       33.5623474       3.04701161E-02   9.07782703E-12   8.25340030E-05   5.04971715E-03   3.21894298E-08 -0.952804506      0.336938143       4.59566228E-02
   8.00000000       800.000000      0.264846563       33.8261070       2.98523940E-02   8.82429286E-12   8.31091529E-05   4.99052601E-03   3.26107319E-08 -0.940673530      0.336938232       4.54535261E-02
   9.00000000       800.000000      0.266964108       34.0918350       2.92431228E-02   8.57702451E-12   8.36315739E-05   4.93165245E-03   3.23155049E-08 -0.928619385      0.336938202       4.49440442E-02
   10.0000000       800.000000      0.269089431       34.3593788       2.86438018E-02   8.33549289E-12   8.40935390E-05   4.87396913E-03   3.12916484E-08 -0.916596591      0.336938173       4.44269814E-02
   11.0000000       800.000000      0.271236569       34.6304741       2.80528404E-02   8.10000417E-12   8.45150062E-05   4.81654052E-03   2.98424752E-08 -0.904614508      0.336938202       4.39011082E-02
   12.0000000       800.000000      0.273390830       34.9008446       2.74708904E-02   7.86995469E-12   8.49101125E-05   4.75980109E-03   2.82732433E-08 -0.892677069      0.336938173       4.33644876E-02
   13.0000000       800.000000      0.275573671       35.1773834       2.68979743E-02   7.64578244E-12   8.52983576E-05   4.70377505E-03   2.63771724E-08 -0.880804121      0.336938202       4.28185537E-02
   2.00000000       800.000000      0.277770936       35.4531212       2.63339430E-02   7.42702167E-12   8.57049745E-05   4.64846520E-03   2.42486884E-08 -0.868988872      0.336938262       4.22676988E-02
   3.00000000       800.000000      0.279982239       35.7325478       2.57786755E-02   7.21367063E-12   8.61164954E-05   4.59386269E-03   2.18944862E-08 -0.857229352      0.336938262       4.17129211E-02
   4.00000000       800.000000      0.282222867       36.0137329       2.52323691E-02   7.00566992E-12   8.65104521E-05   4.53987578E-03   1.91207992E-08 -0.845536053      0.336938232       4.11552712E-02
   5.00000000       800.000000      0.284471065       36.2968369       2.46950537E-02   6.80295403E-12   8.68849093E-05   4.48671822E-03   1.58442823E-08 -0.833909690      0.336938232       4.05943617E-02
   6.00000000       800.000000      0.286742091       36.5804558       2.41665617E-02   6.60532610E-12   8.72410237E-05   4.43368638E-03   1.21434676E-08 -0.822349846      0.336938262       4.00287919E-02
   7.00000000       800.000000      0.289016098       36.8690605       2.36465614E-02   6.41280388E-12   8.75904734E-05   4.38184245E-03   7.99552158E-09 -0.810860693      0.336938202       3.94576751E-02
   8.00000000       800.000000      0.291324228       37.1585426       2.31356192E-02   6.22531714E-12   8.79526997E-05   4.33008047E-03   3.47375795E-09 -0.799454808      0.336938262       3.88826989E-02
   9.00000000       800.000000      0.293644518       37.4530144       2.26329137E-02   6.04245820E-12   8.83292741E-05   4.27914225E-03  -1.31682787E-09 -0.788112283      0.336938202       3.83064263E-02
   10.0000000       800.000000      0.296003997       37.7481918       2.21391451E-02   5.86449812E-12   8.87098722E-05   4.22882102E-03  -6.23572527E-09 -0.776856661      0.336938173       3.77289541E-02
   11.0000000       800.000000      0.298353791       38.0451622       2.16539502E-02   5.69102578E-12   8.90760493E-05   4.17905906E-03  -1.09607878E-08 -0.765696466      0.336938143       3.71522382E-02
   12.0000000       800.000000      0.300734103       38.3437805       2.11770423E-02   5.52222634E-12   8.94066397E-05   4.13008453E-03  -1.53249946E-08 -0.754597902      0.336938143       3.65779698E-02
   13.0000000       800.000000      0.303147912       38.6467476       2.07086913E-02   5.35796754E-12   8.96842103E-05   4.08148719E-03  -1.92083007E-08 -0.743597746      0.336938202       3.60035859E-02
   2.00000000       800.000000      0.305555582       38.9513550       2.02485956E-02   5.19799568E-12   8.99150473E-05   4.03334387E-03  -2.25003607E-08 -0.732691646      0.336938232       3.54266539E-02
   3.00000000       800.000000      0.307996303       39.2577019       1.97968390E-02   5.04229557E-12   9.01194435E-05   3.98609927E-03  -2.52009045E-08 -0.721862793      0.336938202       3.48475613E-02
   4.00000000       800.000000      0.310469896       39.5681572       1.93533786E-02   4.89084641E-12   9.03188557E-05   3.93927703E-03  -2.73304330E-08 -0.711138487      0.336938143       3.42671983E-02
   5.00000000       800.000000      0.312931180       39.8770142       1.89181417E-02   4.74345910E-12   9.05237466E-05   3.89287923E-03  -2.89296764E-08 -0.700505674      0.336938113       3.36877815E-02
   6.00000000       800.000000      0.315432847       40.1933212       1.84909292E-02   4.60012844E-12   9.07209396E-05   3.84710217E-03  -3.00238092E-08 -0.689966857      0.336937994       3.31115834E-02
   7.00000000       800.000000      0.317947745       40.5082169       1.80717651E-02   4.46068746E-12   9.09004593E-05   3.80167551E-03  -3.06362935E-08 -0.679530621      0.336938024       3.25376876E-02
   8.00000000       800.000000      0.320495814       40.8281288       1.76606122E-02   4.32510668E-12   9.10670788E-05   3.75715457E-03  -3.07357197E-08 -0.669193089      0.336937964       3.19648273E-02
   9.00000000       800.000000      0.323059022       41.1489258       1.72572676E-02   4.19331193E-12   9.12305404E-05   3.71291069E-03  -3.03158707E-08 -0.658959150      0.336937875       3.13932933E-02
   10.0000000       800.000000      0.325634599       41.4749947       1.68619063E-02   4.06517355E-12   9.14008706E-05   3.66912712E-03  -2.93903692E-08 -0.648828804      0.336937845       3.08239851E-02
   11.0000000       800.000000      0.328246117       41.8027420       1.64742451E-02   3.94065466E-12   9.15798664E-05   3.62595334E-03  -2.80167267E-08 -0.638804853      0.336937755       3.02580949E-02
   12.0000000       800.000000      0.330868602       42.1312904       1.60940271E-02   3.81962907E-12   9.17585567E-05   3.58355325E-03  -2.62858695E-08 -0.628887057      0.336937815       2.96963137E-02
   13.0000000       800.000000      0.333499759       42.4624519       1.57216266E-02   3.70201786E-12   9.19222948E-05   3.54127889E-03  -2.43106868E-08 -0.619074702      0.336937875       2.91394163E-02
   2.00000000       800.000000      0.336178690       42.7972488       1.53566021E-02   3.58777960E-12   9.20558596E-05   3.49969068E-03  -2.21954561E-08 -0.609371603      0.336937785       2.85868477E-02
   3.00000000       800.000000      0.338866234       43.1343956       1.49987796E-02   3.47679958E-12   9.21580504E-05   3.45860864E-03  -2.00131360E-08 -0.599776983      0.336937785       2.80377250E-02
   4.00000000       800.000000      0.341564178       43.4764404       1.46483285E-02   3.36896266E-12   9.22451800E-05   3.41789750E-03  -1.78302173E-08 -0.590294421      0.336937815       2.74920315E-02
   5.00000000       800.000000      0.344298780       43.8198090       1.43051399E-02   3.26429790E-12   9.23256885E-05   3.37762642E-03  -1.56826410E-08 -0.580923915      0.336937815       2.69521382E-02
   6.00000000       800.000000      0.347046673       44.1641579       1.39690740E-02   3.16264549E-12   9.23971747E-05   3.33786593E-03  -1.35610083E-08 -0.571661651      0.336937845       2.64157336E-02
   7.00000000       800.000000      0.349838823       44.5138283       1.36400070E-02   3.06396488E-12   9.24642809E-05   3.29873618E-03  -1.14348184E-08 -0.562513649      0.336937815       2.58840788E-02
   8.00000000       800.000000      0.352615893       44.8651733       1.33179361E-02   2.96818212E-12   9.25268396E-05   3.25975474E-03  -9.29706623E-09 -0.553478479      0.336937785       2.53584422E-02
   9.00000000       800.000000      0.355454803       45.2186356       1.30024515E-02   2.87520962E-12   9.25774366E-05   3.22151300E-03  -7.18394810E-09 -0.544558227      0.336937845       2.48395465E-02
   10.0000000       800.000000      0.358279139       45.5763397       1.26938336E-02   2.78496193E-12   9.26005741E-05   3.18367034E-03  -5.12806508E-09 -0.535750270      0.336937845       2.43276674E-02
   11.0000000       800.000000      0.361149102       45.9357567       1.23917479E-02   2.69742865E-12   9.25865897E-05   3.14617669E-03  -3.16040683E-09 -0.527055562      0.336937755       2.38217190E-02
   12.0000000       800.000000      0.364027262       46.2968864       1.20963482E-02   2.61246276E-12   9.25414643E-05   3.10928514E-03  -1.26249389E-09 -0.518475652      0.336937755       2.33214237E-02
   13.0000000       800.000000      0.366944253       46.6631355       1.18071400E-02   2.53006362E-12   9.24802807E-05   3.07271769E-03   5.54462809E-10 -0.510008514      0.336937815       2.28272192E-02
   2.00000000       800.000000      0.369876415       47.0312233       1.15243848E-02   2.45011780E-12   9.24102496E-05   3.03650065E-03   2.27558439E-09 -0.501655221      0.336937815       2.23381482E-02
   3.00000000       800.000000      0.372847915       47.4044495       1.12478118E-02   2.37258780E-12   9.23425687E-05   3.00081051E-03   3.93335853E-09 -0.493417650      0.336937845       2.18562167E-02
   4.00000000       800.000000      0.375840873       47.7758026       1.09774191E-02   2.29740380E-12   9.22745239E-05   2.96551990E-03   5.48109780E-09 -0.485293001      0.336937815       2.13820376E-02
   5.00000000       800.000000      0.378836393       48.1548996       1.07129393E-02   2.22448730E-12   9.22102699E-05   2.93064187E-03   6.83186574E-09 -0.477278531      0.336937815       2.09132135E-02
   6.00000000       800.000000      0.381849557       48.5329056       1.04544414E-02   2.15379841E-12   9.21653482E-05   2.89628119E-03   8.00017474E-09 -0.469383657      0.336937755       2.04520766E-02
   7.00000000       800.000000      0.384928495       48.9166336       1.02017401E-02   2.08525796E-12   9.21192841E-05   2.86206556E-03   8.95657415E-09 -0.461600125      0.336937785       1.99995618E-02
   8.00000000       800.000000      0.388007849       49.3037720       9.95473191E-03   2.01882781E-12   9.20537423E-05   2.82851374E-03   9.67760805E-09 -0.453925550      0.336937815       1.95548944E-02
   9.00000000       800.000000      0.391112477       49.6939621       9.71329212E-03   1.95441601E-12   9.19587110E-05   2.79521919E-03   1.02044302E-08 -0.446362764      0.336937815       1.91175435E-02
   10.0000000       800.000000      0.394236952       50.0870171       9.47735831E-03   1.89199372E-12   9.18402147E-05   2.76233605E-03   1.05502620E-08 -0.438911051      0.336937845       1.86870508E-02
   11.0000000       800.000000      0.397388846       50.4830971       9.24679171E-03   1.83148613E-12   9.17028810E-05   2.72987620E-03   1.07098304E-08 -0.431568235      0.336937815       1.82643086E-02
   12.0000000       800.000000      0.400564700       50.8813133       9.02150571E-03   1.77285205E-12   9.15336714E-05   2.69783358E-03   1.07256186E-08 -0.424336374      0.336937815       1.78486891E-02
   13.0000000       800.000000      0.403795749       51.2825050       8.80132709E-03   1.71604126E-12   9.13379699E-05   2.66600237E-03   1.06833467E-08 -0.417214066      0.336937755       1.74399652E-02
   2.00000000       800.000000      0.406995207       51.6878319       8.58637225E-03   1.66098873E-12   9.11352108E-05   2.63462146E-03   1.06017612E-08 -0.410195112      0.336937785       1.70373246E-02
   3.00000000       800.000000      0.410275906       52.0953789       8.37634131E-03   1.60765032E-12   9.09391165E-05   2.60362867E-03   1.04550173E-08 -0.403290093      0.336937845       1.66422445E-02
   4.00000000       800.000000      0.413564175       52.5095062       8.17123242E-03   1.55597952E-12   9.07577196E-05   2.57302099E-03   1.02173265E-08 -0.396487296      0.336937785       1.62537284E-02
   5.00000000       800.000000      0.416869521       52.9231834       7.97094498E-03   1.50593492E-12   9.05982233E-05   2.54287152E-03   9.87510873E-09 -0.389789641      0.336937815       1.58725120E-02
   6.00000000       800.000000      0.420203984       53.3436661       7.77537609E-03   1.45745742E-12   9.04659100E-05   2.51292577E-03   9.41624734E-09 -0.383199424      0.336937845       1.54985227E-02
   7.00000000       800.000000      0.423574746       53.7655487       7.58441491E-03   1.41051418E-12   9.03658947E-05   2.48336606E-03   8.83506335E-09 -0.376716077      0.336937845       1.51316812E-02
   8.00000000       800.000000      0.426962882       54.1887779       7.39801163E-03   1.36503211E-12   9.02897737E-05   2.45418190E-03   8.12863643E-09 -0.370327950      0.336937875       1.47731043E-02
   9.00000000       800.000000      0.430381179       54.6191368       7.21596228E-03   1.32099887E-12   9.02057800E-05   2.42522010E-03   7.30894856E-09 -0.364049196      0.336937904       1.44232064E-02
   10.0000000       800.000000      0.433835030       55.0515404       7.03825429E-03   1.27835546E-12   9.00807499E-05   2.39668950E-03   6.41493392E-09 -0.357863605      0.336937934       1.40813645E-02
   11.0000000       800.000000      0.437294513       55.4855461       6.86477870E-03   1.23705549E-12   8.99015140E-05   2.36848206E-03   5.50240964E-09 -0.351780951      0.336937934       1.37465894E-02
   12.0000000       800.000000      0.440796643       55.9234009       6.69532642E-03   1.19706035E-12   8.96744023E-05   2.34076008E-03   4.62723593E-09 -0.345794708      0.336937994       1.34184416E-02
   13.0000000       800.000000      0.444335788       56.3692284       6.53002225E-03   1.15833330E-12   8.94188051E-05   2.31313752E-03   3.83060916E-09 -0.339903265      0.336937994       1.30962459E-02
   2.00000000       800.000000      0.447884768       56.8128738       6.36869250E-03   1.12083671E-12   8.91573509E-05   2.28595524E-03   3.13803628E-09 -0.334109485      0.336937994       1.27798161E-02
   3.00000000       800.000000      0.451492101       57.2652702       6.21112436E-03   1.08453513E-12   8.89110161E-05   2.25911546E-03   2.53685828E-09 -0.328410983      0.336937994       1.24696195E-02
   4.00000000       800.000000      0.455087274       57.7184486       6.05753949E-03   1.04939972E-12   8.86737180E-05   2.23251805E-03   2.02437067E-09 -0.322805017      0.336937994       1.21674212E-02
   5.00000000       800.000000      0.458740443       58.1730003       5.90752205E-03   1.01537854E-12   8.84386318E-05   2.20621563E-03   1.58432190E-09 -0.317292631      0.336937994       1.18712578E-02
   6.00000000       800.000000      0.462410837       58.6358948       5.76118007E-03   9.82450991E-13   8.82254462E-05   2.18020170E-03   1.19520804E-09 -0.311869413      0.336937994       1.15812710E-02
   7.00000000       800.000000      0.466109008       59.0983734       5.61843114E-03   9.50576098E-13   8.80349980E-05   2.15449603E-03   8.38757785E-10 -0.306537807      0.336937994       1.12979319E-02
   8.00000000       800.000000      0.469850868       59.5668716       5.47914440E-03   9.19726209E-13   8.78506980E-05   2.12919130E-03   5.07112630E-10 -0.301295340      0.336937994       1.10220881E-02
   9.00000000       800.000000      0.473630607       60.0369263       5.34320949E-03   8.89864788E-13   8.76396007E-05   2.10416852E-03   2.04017511E-10 -0.296138942      0.336937994       1.07536772E-02
   10.0000000       800.000000      0.477417022       60.5153427       5.21057658E-03   8.60956651E-13   8.73878234E-05   2.07945053E-03  -5.99727559E-11 -0.291067928      0.336937994       1.04914699E-02
   11.0000000       800.000000      0.481236160       60.9947357       5.08116279E-03   8.32975616E-13   8.71022858E-05   2.05484382E-03  -2.96931590E-10 -0.286081165      0.336937994       1.02348765E-02
   12.0000000       800.000000      0.485106736       61.4788399       4.95488569E-03   8.05888667E-13   8.68014395E-05   2.03073025E-03  -5.06594988E-10 -0.281177342      0.336937994       9.98366065E-03
   13.0000000       800.000000      0.489003509       61.9645309       4.83170338E-03   7.79675044E-13   8.65067850E-05   2.00685719E-03  -6.76859513E-10 -0.276355684      0.336937994       9.73822176E-03
   2.00000000       800.000000      0.492917389       62.4534645       4.71153529E-03   7.54311706E-13   8.62215675E-05   1.98316644E-03  -8.20064849E-10 -0.271615833      0.336937994       9.49831214E-03
   3.00000000       800.000000      0.496857613       62.9518318       4.59430180E-03   7.29756479E-13   8.59624633E-05   1.95980305E-03  -9.58666591E-10 -0.266955644      0.336937994       9.26328171E-03
   4.00000000       800.000000      0.500846684       63.4490204       4.47996240E-03   7.06000362E-13   8.57525301E-05   1.93677982E-03  -1.09501330E-09 -0.262374550      0.336937994       9.03413165E-03
   5.00000000       800.000000      0.504872501       63.9528084       4.36842861E-03   6.83005518E-13   8.55779217E-05   1.91398535E-03  -1.20582822E-09 -0.257870644      0.336937994       8.81133229E-03
   6.00000000       800.000000      0.508909047       64.4573593       4.25961474E-03   6.60761322E-13   8.54139216E-05   1.89144688E-03  -1.28189670E-09 -0.253439724      0.336937994       8.59450176E-03
   7.00000000       800.000000      0.512971818       64.9687729       4.15345468E-03   6.39227549E-13   8.52427765E-05   1.86916173E-03  -1.32683986E-09 -0.249086961      0.336937994       8.38338770E-03
   8.00000000       800.000000      0.517089903       65.4843674       4.04991256E-03   6.18386961E-13   8.50555734E-05   1.84710580E-03  -1.34026590E-09 -0.244806215      0.336937994       8.17782991E-03
   9.00000000       800.000000      0.521240056       66.0012741       3.94887617E-03   5.98217873E-13   8.48436757E-05   1.82533206E-03  -1.32564459E-09 -0.240595907      0.336937994       7.97759555E-03
   10.0000000       800.000000      0.525399923       66.5273361       3.85026797E-03   5.78696216E-13   8.46179100E-05   1.80384191E-03  -1.28807109E-09 -0.236455947      0.336937994       7.78176263E-03
   11.0000000       800.000000      0.529633105       67.0519409       3.75409541E-03   5.59803668E-13   8.43984017E-05   1.78255315E-03  -1.23629773E-09 -0.232385159      0.336938024       7.59077305E-03
   12.0000000       800.000000      0.533852458       67.5886993       3.66029493E-03   5.41517027E-13   8.41929796E-05   1.76148093E-03  -1.17944154E-09 -0.228382409      0.336937994       7.40449643E-03
   13.0000000       800.000000      0.538169861       68.1238251       3.56876408E-03   5.23821817E-13   8.40031935E-05   1.74078683E-03  -1.12493281E-09 -0.224447653      0.336937994       7.22299516E-03
   2.00000000       800.000000      0.542478204       68.6609192       3.47947609E-03   5.06696844E-13   8.38304768E-05   1.72026025E-03  -1.07771769E-09 -0.220576897      0.336937994       7.04621756E-03
   3.00000000       800.000000      0.546837091       69.2043610       3.39234108E-03   4.90118417E-13   8.36748513E-05   1.69993402E-03  -1.03866671E-09 -0.216774359      0.336937994       6.87409705E-03
   4.00000000       800.000000      0.551184714       69.7545853       3.30731063E-03   4.74078188E-13   8.35302199E-05   1.67989964E-03  -1.00633002E-09 -0.213029847      0.336937994       6.70659635E-03
   5.00000000       800.000000      0.555633724       70.3113556       3.22437007E-03   4.58550732E-13   8.33931990E-05   1.66006119E-03  -9.77908199E-10 -0.209347427      0.336937994       6.54362980E-03
   6.00000000       800.000000      0.560065687       70.8701859       3.14343441E-03   4.43522633E-13   8.32614242E-05   1.64050376E-03  -9.51149381E-10 -0.205729872      0.336937994       6.38491707E-03
   7.00000000       800.000000      0.564574599       71.4266510       3.06449854E-03   4.28974049E-13   8.31384823E-05   1.62120070E-03  -9.24372745E-10 -0.202168986      0.336937964       6.23040833E-03
   8.00000000       800.000000      0.569091976       71.9988251       2.98743951E-03   4.14892594E-13   8.30271674E-05   1.60201464E-03  -8.97207142E-10 -0.198665500      0.336937934       6.08004956E-03
   9.00000000       800.000000      0.573642910       72.5662689       2.91220495E-03   4.01264362E-13   8.29280980E-05   1.58310018E-03  -8.69981198E-10 -0.195223346      0.336937964       5.93384728E-03
   10.0000000       800.000000      0.578249216       73.1417236       2.83880369E-03   3.88072197E-13   8.28368793E-05   1.56446197E-03  -8.43373149E-10 -0.191830337      0.336937964       5.79172187E-03
   11.0000000       800.000000      0.582887828       73.7225037       2.76716519E-03   3.75298913E-13   8.27595068E-05   1.54591654E-03  -8.16336887E-10 -0.188494995      0.336937964       5.65350149E-03
   12.0000000       800.000000      0.587557673       74.3115692       2.69724010E-03   3.62931690E-13   8.26954565E-05   1.52773678E-03  -7.86295029E-10 -0.185215235      0.336937934       5.51918615E-03
   13.0000000       800.000000      0.592285097       74.9019089       2.62897462E-03   3.50958249E-13   8.26525284E-05   1.50965690E-03  -7.50987883E-10 -0.181984410      0.336937934       5.38852904E-03
   2.00000000       800.000000      0.597044110       75.4963303       2.56233918E-03   3.39373576E-13   8.26394753E-05   1.49176060E-03  -7.08653858E-10 -0.178805828      0.336937934       5.26152970E-03
   3.00000000       800.000000      0.601813197       76.0937424       2.49729608E-03   3.28152219E-13   8.26634787E-05   1.47416769E-03  -6.58998855E-10 -0.175675496      0.336937934       5.13808429E-03
   4.00000000       800.000000      0.606662095       76.6995621       2.43378128E-03   3.17286968E-13   8.27292970E-05   1.45673740E-03  -6.03604555E-10 -0.172595903      0.336937934       5.01824403E-03
   5.00000000       800.000000      0.611538589       77.3089294       2.37176777E-03   3.06766440E-13   8.28387565E-05   1.43952970E-03  -5.45383183E-10 -0.169562787      0.336937934       4.90190648E-03
   6.00000000       800.000000      0.616429627       77.9216690       2.31121155E-03   2.96577351E-13   8.29896599E-05   1.42244797E-03  -4.87625162E-10 -0.166576728      0.336937934       4.78921179E-03
   7.00000000       800.000000      0.621346176       78.5425873       2.25206953E-03   2.86713009E-13   8.31732686E-05   1.40567275E-03  -4.33075048E-10 -0.163634554      0.336937934       4.68003890E-03
   8.00000000       800.000000      0.626343310       79.1605453       2.19432567E-03   2.77157474E-13   8.33846061E-05   1.38902327E-03  -3.83468701E-10 -0.160736948      0.336937934       4.57451167E-03
   9.00000000       800.000000      0.631355822       79.7936478       2.13791197E-03   2.67905517E-13   8.36168620E-05   1.37256610E-03  -3.39486050E-10 -0.157881975      0.336937934       4.47231298E-03
   10.0000000       800.000000      0.636449695       80.4251099       2.08279840E-03   2.58941577E-13   8.38751512E-05   1.35631510E-03  -3.01015629E-10 -0.155067518      0.336937934       4.37368779E-03
   11.0000000       800.000000      0.641569495       81.0633545       2.02896213E-03   2.50259855E-13   8.41656947E-05   1.34019926E-03  -2.67871836E-10 -0.152292728      0.336937904       4.27809916E-03
   12.0000000       800.000000      0.646703839       81.7070923       1.97634799E-03   2.41848832E-13   8.45002505E-05   1.32436876E-03  -2.40479830E-10 -0.149555728      0.336937904       4.18632198E-03
   13.0000000       800.000000      0.651862979       82.3593216       1.92494516E-03   2.33701459E-13   8.48859054E-05   1.30866736E-03  -2.18242882E-10 -0.146855116      0.336937904       4.09724517E-03
   2.00000000       800.000000      0.657104909       83.0148392       1.87469274E-03   2.25807166E-13   8.53367237E-05   1.29313604E-03  -2.01534608E-10 -0.144192234      0.336937904       4.01256420E-03
   3.00000000       800.000000      0.662361264       83.6720734       1.82559108E-03   2.18163419E-13   8.58468411E-05   1.27773557E-03  -1.90630040E-10 -0.141561031      0.336937904       3.93023668E-03
   4.00000000       800.000000      0.667716920       84.3404617       1.77765358E-03   2.10748506E-13   8.64264075E-05   1.26261753E-03  -1.84782384E-10 -0.138964653      0.336937904       3.85334226E-03
   5.00000000       800.000000      0.673070669       85.0116577       1.73070468E-03   2.03574069E-13   8.70539734E-05   1.24763243E-03  -1.84483456E-10 -0.136393979      0.336937904       3.77821107E-03
   6.00000000       800.000000      0.678464949       85.6865540       1.68488361E-03   1.96620511E-13   8.77428029E-05   1.23281369E-03  -1.88844093E-10 -0.133859575      0.336937904       3.71043966E-03
   7.00000000       800.000000      0.683868349       86.3630829       1.64006779E-03   1.89877614E-13   8.84619585E-05   1.21811603E-03  -1.96726871E-10 -0.131338865      0.336937904       3.64263565E-03
   8.00000000       800.000000      0.689361989       87.0500107       1.59625243E-03   1.83349999E-13   8.92642056E-05   1.20371266E-03  -2.06819228E-10 -0.128856629      0.336937904       3.58547876E-03
   9.00000000       800.000000      0.694936693       87.7468338       1.55342405E-03   1.77024519E-13   9.00997911E-05   1.18937390E-03  -2.17636603E-10 -0.126377702      0.336937904       3.52503150E-03
   10.0000000       800.000000      0.700467765       88.4404068       1.51162525E-03   1.70896310E-13   9.10813178E-05   1.17521686E-03  -2.28258676E-10 -0.123939507      0.336937904       3.48125841E-03
   11.0000000       800.000000      0.706084132       89.1438522       1.47073460E-03   1.64962716E-13   9.20919701E-05   1.16128463E-03  -2.37969727E-10 -0.121478654      0.336937904       3.42807965E-03
   12.0000000       800.000000      0.711785257       89.8559036       1.43079471E-03   1.59219399E-13   9.33183619E-05   1.14749838E-03  -2.45277187E-10 -0.119074821      0.336937904       3.40331416E-03
   13.0000000       800.000000      0.717506111       90.5660553       1.39180792E-03   1.53656845E-13   9.44797066E-05   1.13386509E-03  -2.50868021E-10 -0.116617404      0.336937904       3.35692568E-03
   2.00000000       800.000000      0.723254204       91.2924652       1.35376200E-03   1.48279189E-13   9.59435638E-05   1.12038653E-03  -2.54221949E-10 -0.114242673      0.336937904       3.36057716E-03
   3.00000000       800.000000      0.729030788       92.0148239       1.31670164E-03   1.43075317E-13   9.71607078E-05   1.10714813E-03  -2.55644422E-10 -0.111739509      0.336937904       3.31851491E-03
   4.00000000       800.000000      0.734885931       92.7492523       1.28055736E-03   1.38053604E-13   9.88699030E-05   1.09408831E-03  -2.54876426E-10 -0.109379843      0.336937904       3.36721935E-03
   5.00000000       800.000000      0.740812361       93.4854507       1.24543614E-03   1.33212397E-13   1.00020945E-04   1.08106341E-03  -2.51741128E-10 -0.106767841      0.336937904       3.32240062E-03
   6.00000000       800.000000      0.746736884       94.2303009       1.21137337E-03   1.28543145E-13   1.02088205E-04   1.06842793E-03  -2.45062415E-10 -0.104440175      0.336937904       3.44713568E-03
   7.00000000       800.000000      0.752711892       94.9802017       1.17841305E-03   1.24056703E-13   1.03048413E-04   1.05589582E-03  -2.35918896E-10 -0.101593822      0.336937904       3.37964483E-03
   8.00000000       800.000000      0.758787692       95.7357407       1.14655064E-03   1.19755754E-13   1.05723433E-04   1.04373856E-03  -2.20968202E-10  -9.93346274E-02  0.336937904       3.64250084E-03
   9.00000000       800.000000      0.764886141       96.4991150       1.11601921E-03   1.15636708E-13   1.06686435E-04   1.03147223E-03  -2.07481032E-10  -9.60452855E-02  0.336937904       3.49817122E-03
   10.0000000       800.000000      0.770997465       97.2638321       1.08665833E-03   1.11712221E-13   1.09665583E-04   1.01996539E-03  -1.69348896E-10  -9.39599127E-02  0.336937904       4.12302604E-03
   11.0000000       800.000000      0.777200460       98.0346756       1.05929375E-03   1.08042359E-13   1.25900333E-04   1.00809685E-03  -1.50673141E-10  -8.96641985E-02  0.336937904       3.65439313E-03
   12.0000000       800.000000      0.783445537       98.8157425       1.02573493E-03   1.03787977E-13   5.97672770E-05   9.97542986E-04  -5.40987462E-20  -8.82552117E-02  0.336937904      -2.17612297E-03
   13.0000000       800.000000      0.789714217       99.6048737       1.00181869E-03   1.00566528E-13   5.95398451E-05   9.85780265E-04  -8.15226431E-20  -9.30891484E-02  0.336937904      -6.11770945E-03
