   0.00000000       190.000000       3.40428352E-02   1.01702809       6.98473479E-04   6.86629703E-12  -8.26142281E-02   1.70756757      -1.94035953E-14  -1.61742000E-03  -6.60564838E-16  -1.27596529E-02
   1.00000000       197.000000       3.40447091E-02   1.05104125       6.87068794E-04   6.53541977E-12  -7.55156726E-02   1.58935535       8.48356436E-15  -2.05179863E-03  -3.71735603E-16   4.58475854E-03
   2.00000000       200.000000       3.40499915E-02   1.08514261       6.76204392E-04   6.23023464E-12   4.33239751E-02   1.30658185      -1.10410117E-02  -1.30521657E-03  -3.75948381E-04   1.20419869E-02
   3.00000000       200.000000       3.40571664E-02   1.11914527       7.74244312E-04   6.91654069E-12  0.146981329       1.20969594       4.37965505E-02  -1.23166176E-03   1.11561536E-03  -3.37775145E-03
   4.00000000       200.000000       3.40652503E-02   1.15326166       8.95507517E-04   7.76360139E-12  0.198198423       1.11973917      0.102691263      -1.53531379E-03   4.61383769E-03  -8.12639575E-03
   5.00000000       200.000000       3.40752266E-02   1.18727005       1.01986097E-03   8.58800617E-12  0.224328473       1.03673768      0.160270840      -1.78540708E-03   1.00752646E-02  -7.92622007E-03
   6.00000000       200.000000       3.40886116E-02   1.22141874       1.15310855E-03   9.43915605E-12  0.237397254      0.962404311      0.217645079      -2.07560835E-03   1.74946319E-02  -8.96801893E-03
   7.00000000       200.000000       3.41038704E-02   1.25543642       1.30135112E-03   1.03633855E-11  0.243025228      0.896672428      0.274221331      -2.39697192E-03   2.68468838E-02  -9.88409389E-03
   8.00000000       200.000000       3.41209993E-02   1.28956389       1.46853214E-03   1.13854464E-11  0.244241416      0.838992655      0.329674125      -2.74997274E-03   3.80960032E-02  -1.08873937E-02
   9.00000000       200.000000       3.41415480E-02   1.32373023       1.65906339E-03   1.25310023E-11  0.242975891      0.787978649      0.383649468      -3.14018386E-03   5.11944853E-02  -1.21456906E-02
   10.0000000       200.000000       3.41642797E-02   1.35789859       1.87803362E-03   1.38281721E-11  0.240106240      0.742853701      0.435822517      -3.57958465E-03   6.60836771E-02  -1.37881665E-02
   11.0000000       200.000000       3.41873281E-02   1.39207828       2.13159109E-03   1.53099096E-11  0.236213475      0.702634275      0.485866785      -4.08262433E-03   8.26942772E-02  -1.59180332E-02
   2.00000000       200.000000       3.42125520E-02   1.42626679       2.42549530E-03   1.70031177E-11  0.231611714      0.666680813      0.533327520      -4.66839457E-03  0.100941367      -1.85850710E-02
   3.00000000       200.000000       3.42412032E-02   1.46045995       2.76527880E-03   1.89308309E-11  0.226578668      0.634154618      0.577813864      -5.35487896E-03  0.120726839      -2.17343718E-02
   4.00000000       200.000000       3.42717990E-02   1.49468386       3.15648504E-03   2.11138294E-11  0.221363321      0.604521573      0.619377077      -6.15751650E-03  0.141954646      -2.54118796E-02
   5.00000000       200.000000       3.43041234E-02   1.52902329       3.60554992E-03   2.35768211E-11  0.216076091      0.577391386      0.658169448      -7.09757349E-03  0.164533451      -2.97451597E-02
   6.00000000       200.000000       3.43400165E-02   1.56331646       4.12112242E-03   2.63565888E-11  0.210773259      0.552487075      0.693966329      -8.19941051E-03  0.188364610      -3.47844400E-02
   7.00000000       200.000000       3.43780145E-02   1.59766877       4.71450062E-03   2.95032609E-11  0.205613136      0.529230118      0.725323081      -9.48788226E-03  0.213299379      -4.13242355E-02
   8.00000000       400.000000       3.44163403E-02   1.63212323       5.40129468E-03   3.30888823E-11  0.200907782      0.507375360      0.751478434      -1.10422922E-02  0.239163101      -4.81100306E-02
   9.00000000       400.000000       3.44596468E-02   1.66651404       6.18869020E-03   3.71291678E-11  0.194638327      0.486595094      0.770834386      -1.28014907E-02  0.265724659      -5.51686920E-02
   10.0000000       400.000000       3.45019177E-02   1.70102203       7.08698854E-03   4.16567301E-11  0.188297927      0.467413366      0.783062160      -1.48467589E-02  0.292742372      -6.36947006E-02
   11.0000000       400.000000       3.45477760E-02   1.73553383       8.10207799E-03   4.66760346E-11  0.181978226      0.449759841      0.787842989      -1.71996653E-02  0.319960952      -7.29883090E-02
   12.0000000       400.000000       3.45973931E-02   1.77006423       9.24249832E-03   5.22061144E-11  0.175763577      0.433319002      0.785038710      -1.98935121E-02  0.347120762      -8.30402970E-02
   13.0000000       400.000000       3.46456654E-02   1.80469894       1.05136614E-02   5.82471224E-11  0.169779956      0.418012083      0.774741769      -2.29496490E-02  0.373962373      -9.37271416E-02
   2.00000000       400.000000       3.46989296E-02   1.83938944       1.19209010E-02   6.47986179E-11  0.163877875      0.403678268      0.756741285      -2.63931379E-02  0.400221080     -0.105049722    
   3.00000000       400.000000       3.47537622E-02   1.87406790       1.34684434E-02   7.18541615E-11  0.158140913      0.390355587      0.730590820      -3.02457456E-02  0.425612599     -0.116927050    
   4.00000000       400.000000       3.48123796E-02   1.90886545       1.51568931E-02   7.93887317E-11  0.152535036      0.377835423      0.696346045      -3.45273465E-02  0.449853569     -0.129013732    
   5.00000000       400.000000       3.48717459E-02   1.94381344       1.69832706E-02   8.73607089E-11  0.147151619      0.366070449      0.654885888      -3.92357074E-02  0.472690344     -0.141090468    
   6.00000000       400.000000       3.49331126E-02   1.97864985       1.89428329E-02   9.57218818E-11  0.141975060      0.354965359      0.607421279      -4.43758890E-02  0.493908286     -0.153274924    
   7.00000000       400.000000       3.49960364E-02   2.01366401       2.10295077E-02   1.04421118E-10  0.136931717      0.344485551      0.555322766      -4.99539785E-02  0.513342977     -0.165445849    
   8.00000000       400.000000       3.50628383E-02   2.04869795       2.32382398E-02   1.13415666E-10  0.132079005      0.334552169      0.499919564      -5.59666306E-02  0.530870497     -0.177563310    
   9.00000000       400.000000       3.51311862E-02   2.08382654       2.55645048E-02   1.22667793E-10  0.127578169      0.325311333      0.442143381      -6.24175891E-02  0.546403468     -0.189736813    
   10.0000000       400.000000       3.52015831E-02   2.11898565       2.80076377E-02   1.32160560E-10  0.123275138      0.316525280      0.382333547      -6.93111643E-02  0.559862077     -0.201920539    
   11.0000000       400.000000       3.52728553E-02   2.15418029       3.05652469E-02   1.41870099E-10  0.119145684      0.308179587      0.321112543      -7.66479075E-02  0.571188271     -0.214303106    
   12.0000000       400.000000       3.53475511E-02   2.18945503       3.32379825E-02   1.51788151E-10  0.115154162      0.300241262      0.259641588      -8.44458267E-02  0.580366552     -0.226980761    
   13.0000000       400.000000       3.54251340E-02   2.22494793       3.60279530E-02   1.61912136E-10  0.111236319      0.292595565      0.199713752      -9.27124098E-02  0.587441385     -0.239914551    
   2.00000000       400.000000       3.55066359E-02   2.26028228       3.89387272E-02   1.72247952E-10  0.107510395      0.285392433      0.143502161     -0.101463266      0.592536688     -0.253252625    
   3.00000000       400.000000       3.55888382E-02   2.29589605       4.19711210E-02   1.82787008E-10  0.103935860      0.278540879       9.35007557E-02 -0.110716708      0.595864475     -0.266847044    
   4.00000000       400.000000       3.56727764E-02   2.33153582       4.51228954E-02   1.93510458E-10  0.100508444      0.271975398       5.17310351E-02 -0.120478518      0.597709358     -0.280568838    
   5.00000000       400.000000       3.57585363E-02   2.36718988       4.83908504E-02   2.04394321E-10   9.71918404E-02  0.265728325       1.92091577E-02 -0.130757526      0.598397553     -0.294295639    
   6.00000000       400.000000       3.58451568E-02   2.40296197       5.17685637E-02   2.15403639E-10   9.39451158E-02  0.259781331      -3.93734500E-03 -0.141551360      0.598255873     -0.307716906    
   7.00000000       400.000000       3.59365791E-02   2.43895650       5.52505627E-02   2.26509200E-10   9.09096003E-02  0.254126668      -1.85730532E-02 -0.152846754      0.597587883     -0.320879877    
   8.00000000       400.000000       3.60317938E-02   2.47496963       5.88310845E-02   2.37680986E-10   8.80416557E-02  0.248707458      -2.59927828E-02 -0.164644510      0.596651793     -0.333942086    
   9.00000000       400.000000       3.61256152E-02   2.51087451       6.25044629E-02   2.48893101E-10   8.53916854E-02  0.243491560      -2.76351161E-02 -0.176943079      0.595653415     -0.346833169    
   10.0000000       400.000000       3.62243615E-02   2.54723430       6.62665814E-02   2.60127447E-10   8.29360113E-02  0.238494724      -2.49210075E-02 -0.189737812      0.594749987     -0.359515339    
   11.0000000       400.000000       3.63236889E-02   2.58347154       7.01159537E-02   2.71373590E-10   8.06010962E-02  0.233661845      -1.89056061E-02 -0.203025550      0.594063938     -0.372268677    
   12.0000000       400.000000       3.64281610E-02   2.61973166       7.40527287E-02   2.82629697E-10   7.83606693E-02  0.228980109      -1.10187484E-02 -0.216821104      0.593662620     -0.384908736    
   13.0000000       400.000000       3.65312435E-02   2.65625191       7.80715793E-02   2.93877173E-10   7.62192234E-02  0.224451602      -2.16965866E-03 -0.231108189      0.593582869     -0.397447109    
   2.00000000       400.000000       3.66381556E-02   2.69287086       8.21713731E-02   3.05107051E-10   7.41849914E-02  0.220112428       6.41646748E-03 -0.245902613      0.593818665     -0.409824640    
   3.00000000       400.000000       3.67491208E-02   2.72951531       8.63496214E-02   3.16311616E-10   7.22492486E-02  0.215939194       1.34752048E-02 -0.261184394      0.594313502     -0.421517164    
   4.00000000       400.000000       3.68596762E-02   2.76648116       9.06035975E-02   3.27479294E-10   7.04139918E-02  0.211914390       1.81554314E-02 -0.276930004      0.594982326     -0.432737827    
   5.00000000       400.000000       3.69738303E-02   2.80324292       9.49291363E-02   3.38594958E-10   6.86783120E-02  0.208015382       1.95552688E-02 -0.293135405      0.595705509     -0.443373621    
   6.00000000       400.000000       3.70923392E-02   2.84031177       9.93175358E-02   3.49628521E-10   6.70721158E-02  0.204211786       1.65458471E-02 -0.309769541      0.596319377     -0.452974111    
   7.00000000       400.000000       3.72101963E-02   2.87746811      0.103759900       3.60551866E-10   6.55606911E-02  0.200494289       7.35306181E-03 -0.326792598      0.596593201     -0.461046189    
   8.00000000       400.000000       3.73310633E-02   2.91468883      0.108240582       3.71311398E-10   6.41115606E-02  0.196848586      -9.85987112E-03 -0.344137013      0.596224666     -0.467309207    
   9.00000000       400.000000       3.74547355E-02   2.95214677      0.112744048       3.81861737E-10   6.27274588E-02  0.193268865      -3.63183022E-02 -0.361741096      0.594864964     -0.471744746    
   10.0000000       400.000000       3.75822932E-02   2.98967767      0.117256105       3.92159916E-10   6.14069179E-02  0.189763963      -7.24449083E-02 -0.379536122      0.592141747     -0.474563688    
   11.0000000       400.000000       3.77115831E-02   3.02733731      0.121766642       4.02181510E-10   6.01244047E-02  0.186335042     -0.117045835     -0.397471964      0.587727308     -0.476004303    
   12.0000000       400.000000       3.78417671E-02   3.06507659      0.126267403       4.11906481E-10   5.88085055E-02  0.182975724     -0.167045891     -0.415498048      0.581406295     -0.476510286    
   13.0000000       400.000000       3.79736088E-02   3.10296249      0.130752727       4.21327584E-10   5.74276112E-02  0.179682493     -0.218629137     -0.433598667      0.573104799     -0.476924509    
   2.00000000       400.000000       3.81093584E-02   3.14102793      0.135228455       4.30472019E-10   5.59620820E-02  0.176447466     -0.268520027     -0.451785564      0.562870860     -0.477345288    
   3.00000000       400.000000       3.82481478E-02   3.17926812      0.139695480       4.39352305E-10   5.44273369E-02  0.173277065     -0.314655691     -0.470048517      0.550835073     -0.477905631    
   4.00000000       400.000000       3.83906849E-02   3.21746230      0.144157141       4.47985288E-10   5.28635196E-02  0.170182183     -0.356244534     -0.488411874      0.537158668     -0.479219168    
   5.00000000       400.000000       3.85340862E-02   3.25593615      0.148622930       4.56407828E-10   5.12524471E-02  0.167169124     -0.393548042     -0.506912112      0.521995127     -0.481384516    
   6.00000000       400.000000       3.86794209E-02   3.29459786      0.153101474       4.64651623E-10   4.95124348E-02  0.164229155     -0.427057385     -0.525579870      0.505478203     -0.484574616    
   7.00000000       400.000000       3.88261117E-02   3.33332801      0.157607079       4.72764272E-10   4.76031750E-02  0.161362916     -0.456279695     -0.544469357      0.487761557     -0.489246368    
   8.00000000       400.000000       3.89781781E-02   3.37215042      0.162158683       4.80807227E-10   4.54301871E-02  0.158567533     -0.479168743     -0.563645244      0.469084322     -0.495735645    
   9.00000000       400.000000       3.91310640E-02   3.41121101      0.166780159       4.88847629E-10   4.28483039E-02  0.155846834     -0.493299931     -0.583190620      0.449781001     -0.504319966    
   10.0000000       400.000000       3.92854065E-02   3.45050335      0.171486109       4.96929720E-10   4.01096456E-02  0.153202876     -0.497224927     -0.603193104      0.430247545     -0.515590191    
   11.0000000       400.000000       3.94439995E-02   3.48992372      0.176320985       5.05178288E-10   3.73552591E-02  0.150627404     -0.490631402     -0.623783588      0.410894901     -0.528584123    
   12.0000000       400.000000       3.96043137E-02   3.52931929      0.181328028       5.13705356E-10   3.43236700E-02  0.148117244     -0.474787593     -0.644978285      0.392090589     -0.544427514    
   13.0000000       400.000000       3.97699885E-02   3.56905532      0.186541751       5.22599741E-10   3.09603456E-02  0.145676315     -0.452200353     -0.666996241      0.374106944     -0.564264953    
   2.00000000       400.000000       3.99327539E-02   3.60901117      0.192056969       5.32109745E-10   2.73181032E-02  0.143309519     -0.423053712     -0.689949572      0.357212692     -0.588862002    
   3.00000000       400.000000       4.01016437E-02   3.64905024      0.197977781       5.42497991E-10   2.33536735E-02  0.141017795     -0.386837572     -0.714127183      0.341699868     -0.625290394    
   4.00000000       400.000000       4.02740240E-02   3.68916464      0.204362020       5.53892043E-10   1.94994807E-02  0.138786331     -0.344021112     -0.740208387      0.327845126     -0.676550388    
   5.00000000       400.000000       4.04453352E-02   3.72949243      0.211251974       5.66370117E-10   1.59640182E-02  0.136589065     -0.295583963     -0.768737853      0.315889955     -0.741789579    
   6.00000000       400.000000       4.06209007E-02   3.77015471      0.218560994       5.79665760E-10   1.34013724E-02  0.134399980     -0.246762082     -0.800345957      0.305866122     -0.802050292    
   7.00000000       400.000000       4.08019014E-02   3.81062984      0.226140872       5.93361416E-10   1.13674058E-02  0.132231340     -0.211187869     -0.834044456      0.297248811     -0.834752142    
   8.00000000       400.000000       4.09835242E-02   3.85157919      0.233842716       6.07056461E-10   9.55778547E-03  0.130095169     -0.197673261     -0.868614018      0.289147615     -0.837438643    
   9.00000000       400.000000       4.11677249E-02   3.89264297      0.241295308       6.19792440E-10   8.09039176E-03  0.127988398     -0.205659285     -0.902838886      0.280681729     -0.816915691    
   10.0000000       800.000000       4.13518026E-02   3.93391180      0.248363927       6.31260044E-10   6.81963051E-03  0.125927880     -0.215379864     -0.936025739      0.271774918     -0.783165216    
   11.0000000       800.000000       4.15420607E-02   3.97551847      0.255162686       6.41777187E-10   5.56088658E-03  0.123905435     -0.205667138     -0.967759907      0.263231069     -0.735146582    
   12.0000000       800.000000       4.17331755E-02   4.01692963      0.261749178       6.51521614E-10   4.49539162E-03  0.121925905     -0.166364193     -0.997245431      0.256287605     -0.669975042    
   13.0000000       800.000000       4.19295840E-02   4.05884504      0.268085539       6.60414279E-10   3.56252026E-03  0.119994983     -0.105404817      -1.02381074      0.251868546     -0.615138113    
   2.00000000       800.000000       4.21275869E-02   4.10084629      0.274230391       6.68628986E-10   2.75755161E-03  0.118110269      -4.10127006E-02  -1.04895043      0.250140369     -0.579823494    
   3.00000000       800.000000       4.23264094E-02   4.14324856      0.280080378       6.75933143E-10   2.06701877E-03  0.116271898       1.02462983E-02  -1.07277846      0.250574559     -0.554497421    
   4.00000000       800.000000       4.25276794E-02   4.18554831      0.285713285       6.82538359E-10   1.44948531E-03  0.114476718       3.98517512E-02  -1.09600139      0.252269417     -0.544548869    
   5.00000000       800.000000       4.27326299E-02   4.22826385      0.291172981       6.88567314E-10   9.04327841E-04  0.112723395       4.89753373E-02  -1.11920667      0.254361928     -0.534383595    
   6.00000000       800.000000       4.29400988E-02   4.27117634      0.296433836       6.93978208E-10   4.02269885E-04  0.111011863       4.98430170E-02  -1.14178526      0.256502390     -0.525709867    
   7.00000000       800.000000       4.31519486E-02   4.31416321      0.301493675       6.98780089E-10  -4.65171033E-05  0.109342337       5.46824448E-02  -1.16446853      0.258862495     -0.523722053    
   8.00000000       800.000000       4.33655083E-02   4.35740662      0.306356817       7.03002212E-10  -4.37258335E-04  0.107713856       6.96446002E-02  -1.18709624      0.261882395     -0.515669286    
   9.00000000       800.000000       4.35808785E-02   4.40067959      0.310718030       7.05968450E-10  -6.91614812E-04  0.106124632       9.52498689E-02  -1.20930374      0.266033679     -0.466586262    
   10.0000000       800.000000       4.38009016E-02   4.44439697      0.313561320       7.05423553E-10  -7.03269150E-04  0.104570933      0.123742037      -1.22786820      0.271453619     -0.358939886    
   11.0000000       800.000000       4.40220647E-02   4.48833799      0.314997911       7.01722513E-10  -6.34894939E-04  0.103050835      0.137090698      -1.24082756      0.277488559     -0.248105615    
   12.0000000       800.000000       4.42490242E-02   4.53246212      0.315671533       6.96376012E-10  -5.67452516E-04  0.101564385      0.134785801      -1.24976826      0.283452898     -0.158588201    
   13.0000000       800.000000       4.44775447E-02   4.57707596      0.315656871       6.89593660E-10  -5.00148628E-04  0.100112110      0.122049995      -1.25489748      0.288881361      -8.07514265E-02
   2.00000000       800.000000       4.47068773E-02   4.62136841      0.315040737       6.81606604E-10  -4.40724863E-04   9.86934677E-02  0.108257659      -1.25697124      0.293720961      -2.45732088E-02
   3.00000000       800.000000       4.49385233E-02   4.66624355      0.313889921       6.72593592E-10  -3.94532632E-04   9.73075554E-02   9.84727666E-02  -1.25710046      0.298145950       2.63067079E-03
   4.00000000       800.000000       4.51754220E-02   4.71121693      0.312249035       6.62679911E-10  -3.71699862E-04   9.59530771E-02   9.24286693E-02  -1.25673437      0.302321851      -1.96156045E-03
   5.00000000       800.000000       4.54156250E-02   4.75678205      0.310204238       6.52071452E-10  -3.80766753E-04   9.46278274E-02   8.77006650E-02  -1.25727689      0.306304574      -3.28847431E-02
   6.00000000       800.000000       4.56556603E-02   4.80203438      0.307876438       6.41040665E-10  -4.20586352E-04   9.33290720E-02   8.27161223E-02  -1.25972927      0.310081005      -7.88689256E-02
   7.00000000       800.000000       4.59001064E-02   4.84787893      0.305416614       6.29914620E-10  -4.82859265E-04   9.20544118E-02   7.71493241E-02  -1.26450062      0.313622504     -0.126414597    
   8.00000000       800.000000       4.61495221E-02   4.89382601      0.302957654       6.18965434E-10  -5.55178907E-04   9.08014327E-02   7.13112578E-02  -1.27136683      0.316913188     -0.162502453    
   9.00000000       800.000000       4.64015417E-02   4.94037914      0.300552756       6.08301354E-10  -6.30327500E-04   8.95683095E-02   6.56305626E-02  -1.27954066      0.319958210     -0.180270001    
   10.0000000       800.000000       4.66544069E-02   4.98703766      0.298229933       5.97968841E-10  -7.02095567E-04   8.83542076E-02   6.01777844E-02  -1.28814125      0.322767079     -0.183395535    
   11.0000000       800.000000       4.69110720E-02   5.03345490      0.296045244       5.88070981E-10  -7.66866026E-04   8.71585682E-02   5.51657304E-02  -1.29669940      0.325353980     -0.179041103    
   12.0000000       800.000000       4.71705161E-02   5.08080530      0.293999523       5.78600889E-10  -8.16490268E-04   8.59814584E-02   5.09632379E-02  -1.30498326      0.327758223     -0.173284695    
   13.0000000       800.000000       4.74330559E-02   5.12793064      0.292101592       5.69562897E-10  -8.50715791E-04   8.48225951E-02   4.78250943E-02  -1.31309187      0.330026150     -0.169691727    
   2.00000000       800.000000       4.76989783E-02   5.17558718      0.290337473       5.60919533E-10  -8.69968149E-04   8.36821198E-02   4.52526212E-02  -1.32112813      0.332184702     -0.168661624    
   3.00000000       800.000000       4.79672700E-02   5.22343826      0.288696736       5.52642543E-10  -8.75515165E-04   8.25595632E-02   4.24867682E-02  -1.32922697      0.334222972     -0.169088811    
   4.00000000       800.000000       4.82396744E-02   5.27148342      0.287148625       5.44664147E-10  -8.69389798E-04   8.14549997E-02   3.93251516E-02  -1.33739603      0.336119771     -0.169683889    
   5.00000000       800.000000       4.85143214E-02   5.32006216      0.285682231       5.36954148E-10  -8.55300692E-04   8.03680196E-02   3.59436274E-02  -1.34564495      0.337863982     -0.169906303    
   6.00000000       800.000000       4.87925000E-02   5.36836243      0.284272611       5.29462696E-10  -8.35416082E-04   7.92981982E-02   3.30877788E-02  -1.35392833      0.339478314     -0.169167802    
   7.00000000       800.000000       4.90735136E-02   5.41723442      0.282901019       5.22149046E-10  -8.11935053E-04   7.82456324E-02   3.11326347E-02  -1.36220026      0.341006219     -0.168346643    
   8.00000000       800.000000       4.93605398E-02   5.46674824      0.281571418       5.15015475E-10  -7.84844742E-04   7.72095621E-02   2.94543970E-02  -1.37049723      0.342459828     -0.168227881    
   9.00000000       800.000000       4.96459454E-02   5.51635075      0.280284822       5.08062592E-10  -7.55229499E-04   7.61898085E-02   2.74819490E-02  -1.37885678      0.343824267     -0.167606428    
   10.0000000       800.000000       4.99367975E-02   5.56616688      0.279015869       5.01237829E-10  -7.24805112E-04   7.51861036E-02   2.54535414E-02  -1.38719046      0.345095336     -0.166907921    
   11.0000000       800.000000       5.02316244E-02   5.61612844      0.277774125       4.94557006E-10  -6.92955568E-04   7.41982758E-02   2.37137433E-02  -1.39557493      0.346286893     -0.166646287    
   12.0000000       800.000000       5.05279116E-02   5.66623640      0.276549131       4.87998086E-10  -6.60113234E-04   7.32254535E-02   2.23498810E-02  -1.40398240      0.347415745     -0.165895164    
   13.0000000       800.000000       5.08273505E-02   5.71697474      0.275329441       4.81539419E-10  -6.28145994E-04   7.22682402E-02   2.11327504E-02  -1.41238773      0.348490000     -0.164174289    
   2.00000000       800.000000       5.11321910E-02   5.76780939      0.274096727       4.75146367E-10  -5.99335006E-04   7.13254586E-02   1.97742991E-02  -1.42071950      0.349501044     -0.161721423    
   3.00000000       800.000000       5.14377542E-02   5.81939650      0.272850633       4.68818262E-10  -5.73824625E-04   7.03974217E-02   1.85308773E-02  -1.42897820      0.350454301     -0.158829302    
   4.00000000       800.000000       5.17485440E-02   5.87104797      0.271586716       4.62544059E-10  -5.52048848E-04   6.94834813E-02   1.75374597E-02  -1.43711030      0.351362020     -0.155182987    
   5.00000000       800.000000       5.20629622E-02   5.92277527      0.270306349       4.56329446E-10  -5.34952909E-04   6.85834587E-02   1.66795328E-02  -1.44508922      0.352229804     -0.151776090    
   6.00000000       800.000000       5.23787588E-02   5.97483015      0.269024611       4.50196214E-10  -5.20098256E-04   6.76970705E-02   1.57773774E-02  -1.45296156      0.353056550     -0.149203822    
   7.00000000       800.000000       5.26992045E-02   6.02751064      0.267750055       4.44158210E-10  -5.06486627E-04   6.68242276E-02   1.47583559E-02  -1.46076477      0.353833824     -0.147077203    
   8.00000000       800.000000       5.30240014E-02   6.08028364      0.266484767       4.38216186E-10  -4.93550382E-04   6.59639537E-02   1.39060365E-02  -1.46851134      0.354571730     -0.145093247    
   9.00000000       800.000000       5.33496812E-02   6.13364077      0.265226603       4.32365699E-10  -4.81346971E-04   6.51169494E-02   1.31546604E-02  -1.47620106      0.355273694     -0.143282160    
   10.0000000       800.000000       5.36804311E-02   6.18732548      0.263976067       4.26605196E-10  -4.69639985E-04   6.42825887E-02   1.23240305E-02  -1.48384881      0.355935127     -0.141680434    
   11.0000000       800.000000       5.40157408E-02   6.24103832      0.262734056       4.20934149E-10  -4.57960996E-04   6.34603873E-02   1.15519902E-02  -1.49146044      0.356558621     -0.140287668    
   12.0000000       800.000000       5.43518029E-02   6.29508209      0.261501580       4.15353196E-10  -4.46024351E-04   6.26504943E-02   1.06817195E-02  -1.49905050      0.357140094     -0.139088809    
   13.0000000       800.000000       5.46922497E-02   6.34962225      0.260278821       4.09861201E-10  -4.33336740E-04   6.18522651E-02   9.77784581E-03  -1.50662744      0.357674718     -0.138113886    
   2.00000000       800.000000       5.50380871E-02   6.40445566      0.259067386       4.04459827E-10  -4.19603137E-04   6.10659979E-02   9.06323362E-03  -1.51420331      0.358173549     -0.137289390    
   3.00000000       800.000000       5.53847216E-02   6.45976830      0.257868886       3.99148020E-10  -4.04415478E-04   6.02910407E-02   8.27353075E-03  -1.52178562      0.358631641     -0.136548266    
   4.00000000       800.000000       5.57359010E-02   6.51546860      0.256682813       3.93922839E-10  -3.87910288E-04   5.95274977E-02   7.32560083E-03  -1.52937782      0.359039545     -0.135746688    
   5.00000000       800.000000       5.60912378E-02   6.57112312      0.255504876       3.88779287E-10  -3.70374124E-04   5.87750338E-02   6.58859266E-03  -1.53696382      0.359409064     -0.134759516    
   6.00000000       800.000000       5.64479530E-02   6.62756824      0.254334867       3.83713616E-10  -3.52290081E-04   5.80333620E-02   5.90032525E-03  -1.54454482      0.359742194     -0.133304209    
   7.00000000       800.000000       5.68098128E-02   6.68420267      0.253164768       3.78712339E-10  -3.34505865E-04   5.73024452E-02   5.10559231E-03  -1.55205941      0.360032469     -0.131265044    
   8.00000000       800.000000       5.71758151E-02   6.74102211      0.251990795       3.73769043E-10  -3.18125705E-04   5.65819032E-02   4.34291735E-03  -1.55950451      0.360280246     -0.128772676    
   9.00000000       800.000000       5.75454868E-02   6.79867172      0.250810862       3.68880149E-10  -3.03413079E-04   5.58716953E-02   3.78766982E-03  -1.56683719      0.360498995     -0.126187548    
   10.0000000       800.000000       5.79212233E-02   6.85620070      0.249632776       3.64055258E-10  -2.89922842E-04   5.51715344E-02   3.30509944E-03  -1.57407618      0.360690027     -0.124005124    
   11.0000000       800.000000       5.82982525E-02   6.91421032      0.248464599       3.59307167E-10  -2.76062579E-04   5.44813126E-02   2.76440009E-03  -1.58124936      0.360851198     -0.122522287    
   12.0000000       800.000000       5.86755127E-02   6.97270107      0.247321531       3.54653529E-10  -2.60364584E-04   5.38009182E-02   2.43891915E-03  -1.58840883      0.360994130     -0.121802926    
   13.0000000       800.000000       5.90622984E-02   7.03143930      0.246207640       3.50100393E-10  -2.41548318E-04   5.31300716E-02   2.19832594E-03  -1.59558606      0.361124009     -0.121388264    
   2.00000000       800.000000       5.94485030E-02   7.09108067      0.245119527       3.45640572E-10  -2.20454473E-04   5.24685755E-02   1.97469629E-03  -1.60279405      0.361241341     -0.120465070    
   3.00000000       800.000000       5.98436110E-02   7.15043688      0.244040728       3.41248751E-10  -1.98849244E-04   5.18164113E-02   1.86489022E-03  -1.60995758      0.361353427     -0.118534334    
   4.00000000       800.000000       6.02373928E-02   7.21079636      0.242956638       3.36904643E-10  -1.79392940E-04   5.11734821E-02   1.86344911E-03  -1.61702812      0.361465216     -0.115784965    
   5.00000000       800.000000       6.06374219E-02   7.27131176      0.241858840       3.32594563E-10  -1.63032746E-04   5.05395494E-02   1.86842156E-03  -1.62395394      0.361579061     -0.112678856    
   6.00000000       800.000000       6.10392392E-02   7.33202028      0.240746334       3.28317012E-10  -1.50571155E-04   4.99144047E-02   1.92539883E-03  -1.63073695      0.361696035     -0.109455712    
   7.00000000       800.000000       6.14471473E-02   7.39313030      0.239613891       3.24065857E-10  -1.41902550E-04   4.92978767E-02   2.03600456E-03  -1.63736176      0.361821115     -0.106109336    
   8.00000000       800.000000       6.18590638E-02   7.45494413      0.238461614       3.19839988E-10  -1.37729949E-04   4.86897901E-02   2.14525429E-03  -1.64382184      0.361954182     -0.102500282    
   9.00000000       800.000000       6.22721761E-02   7.51700449      0.237280682       3.15629328E-10  -1.38352349E-04   4.80902418E-02   2.25737691E-03  -1.65008557      0.362094313      -9.86029431E-02
   10.0000000       800.000000       6.26941621E-02   7.57950735      0.236069605       3.11429188E-10  -1.44635298E-04   4.74985652E-02   2.37664231E-03  -1.65614402      0.362243354      -9.44127515E-02
   11.0000000       800.000000       6.31151870E-02   7.64244461      0.234821245       3.07232961E-10  -1.56841270E-04   4.69148308E-02   2.47743470E-03  -1.66196239      0.362400025      -8.98562819E-02
   12.0000000       800.000000       6.35424033E-02   7.70559978      0.233534604       3.03037956E-10  -1.75629015E-04   4.63390909E-02   2.54905317E-03  -1.66752636      0.362562209      -8.52698088E-02
   13.0000000       800.000000       6.39760271E-02   7.76949692      0.232214615       2.98852276E-10  -1.99554226E-04   4.57710475E-02   2.60055601E-03  -1.67283559      0.362728834      -8.15833807E-02
   2.00000000       800.000000       6.44085407E-02   7.83382225      0.230882466       2.94702762E-10  -2.26128730E-04   4.52104546E-02   2.61558080E-03  -1.67799664      0.362897247      -7.92840645E-02
   3.00000000       800.000000       6.48498610E-02   7.89831066      0.229552224       2.90607927E-10  -2.52042286E-04   4.46572565E-02   2.60251132E-03  -1.68308282      0.363065928      -7.82884136E-02
   4.00000000       800.000000       6.52926117E-02   7.96304750      0.228241861       2.86587226E-10  -2.75091006E-04   4.41113822E-02   2.58265971E-03  -1.68818879      0.363234222      -7.85678923E-02
   5.00000000       800.000000       6.57397360E-02   8.02879810      0.226962402       2.82655621E-10  -2.92554643E-04   4.35727574E-02   2.51918053E-03  -1.69337976      0.363400072      -7.97073469E-02
   6.00000000       800.000000       6.61928579E-02   8.09504509      0.225722477       2.78819579E-10  -3.03741370E-04   4.30413969E-02   2.44065258E-03  -1.69870651      0.363560945      -8.11840445E-02
   7.00000000       800.000000       6.66503683E-02   8.16145802      0.224521294       2.75079126E-10  -3.07981274E-04   4.25167754E-02   2.32554600E-03  -1.70416176      0.363716364      -8.28175843E-02
   8.00000000       800.000000       6.71091229E-02   8.22835445      0.223363653       2.71437151E-10  -3.05466063E-04   4.19992767E-02   2.18256144E-03  -1.70977914      0.363862783      -8.45159367E-02
   9.00000000       800.000000       6.75772652E-02   8.29508305      0.222246811       2.67886768E-10  -2.96104758E-04   4.14886475E-02   2.01567565E-03  -1.71555090      0.363999218      -8.59795436E-02
   10.0000000       800.000000       6.80434331E-02   8.36327362      0.221166193       2.64423011E-10  -2.81160406E-04   4.09848541E-02   1.83355319E-03  -1.72144222      0.364123404      -8.69431272E-02
   11.0000000       800.000000       6.85164854E-02   8.43160915      0.220112711       2.61033167E-10  -2.61702313E-04   4.04878855E-02   1.64504861E-03  -1.72742188      0.364236891      -8.72066468E-02
   12.0000000       800.000000       6.89990669E-02   8.50011826      0.219080001       2.57705690E-10  -2.39674089E-04   3.99973765E-02   1.44682021E-03  -1.73343575      0.364336371      -8.67359936E-02
   13.0000000       800.000000       6.94770738E-02   8.56972027      0.218058899       2.54431975E-10  -2.15955195E-04   3.95134725E-02   1.24936632E-03  -1.73943019      0.364423096      -8.59222114E-02
   2.00000000       800.000000       6.99650571E-02   8.63913631      0.217048258       2.51209609E-10  -1.91355386E-04   3.90359201E-02   1.06179877E-03  -1.74541569      0.364497155      -8.49690065E-02
   3.00000000       800.000000       7.04544336E-02   8.70913506      0.216042548       2.48029847E-10  -1.66446247E-04   3.85648943E-02   8.84257082E-04  -1.75136137      0.364560187      -8.34745690E-02
   4.00000000       800.000000       7.09533468E-02   8.77987480      0.215027899       2.44876397E-10  -1.43077836E-04   3.81000303E-02   7.26024795E-04  -1.75721955      0.364611089      -8.11753571E-02
   5.00000000       800.000000       7.14557767E-02   8.85152435      0.213990867       2.41734938E-10  -1.22963000E-04   3.76412868E-02   5.86286245E-04  -1.76292241      0.364653021      -7.79799819E-02
   6.00000000       800.000000       7.19595850E-02   8.92326069      0.212918758       2.38590786E-10  -1.08141772E-04   3.71885411E-02   4.65906924E-04  -1.76840448      0.364686728      -7.38928318E-02
   7.00000000       800.000000       7.24673644E-02   8.99552822      0.211800009       2.35432840E-10  -1.00057114E-04   3.67416628E-02   3.57964513E-04  -1.77359533      0.364712775      -6.92031533E-02
   8.00000000       800.000000       7.29827210E-02   9.06822109      0.210633561       2.32257907E-10  -9.93410431E-05   3.63006778E-02   2.58126645E-04  -1.77847099      0.364731818      -6.44192472E-02
   9.00000000       800.000000       7.35015273E-02   9.14107132      0.209422529       2.29073066E-10  -1.05287771E-04   3.58652957E-02   1.67837337E-04  -1.78303075      0.364743769      -6.00661300E-02
   10.0000000       800.000000       7.40236938E-02   9.21487141      0.208178833       2.25888946E-10  -1.16480209E-04   3.54351848E-02   8.97811915E-05  -1.78732932      0.364750177      -5.65075986E-02
   11.0000000       800.000000       7.45541826E-02   9.28909588      0.206913397       2.22720328E-10  -1.30948189E-04   3.50108556E-02   2.74838094E-05  -1.79142952      0.364751965      -5.39340265E-02
   12.0000000       800.000000       7.50876293E-02   9.36382198      0.205640927       2.19582200E-10  -1.46387189E-04   3.45917828E-02  -1.91534782E-05  -1.79540360      0.364751756      -5.25621325E-02
   13.0000000       800.000000       7.56227747E-02   9.43945217      0.204376906       2.16490187E-10  -1.60192794E-04   3.41779143E-02  -4.96954272E-05  -1.79934859      0.364747196      -5.23484237E-02
   2.00000000       800.000000       7.61684179E-02   9.51551723      0.203131914       2.13455476E-10  -1.70372135E-04   3.37691829E-02  -6.94442133E-05  -1.80334532      0.364741772      -5.28209433E-02
   3.00000000       800.000000       7.67170042E-02   9.59179592      0.201911852       2.10482368E-10  -1.76031390E-04   3.33658271E-02  -8.54485625E-05  -1.80742478      0.364735872      -5.36697321E-02
   4.00000000       800.000000       7.72694573E-02   9.66848755      0.200722188       2.07576289E-10  -1.76479181E-04   3.29673700E-02  -9.92117202E-05  -1.81161261      0.364727944      -5.48624285E-02
   5.00000000       800.000000       7.78230131E-02   9.74612713      0.199569717       2.04742473E-10  -1.70948944E-04   3.25741842E-02  -1.12461101E-04  -1.81593168      0.364718884      -5.63993081E-02
   6.00000000       800.000000       7.83851892E-02   9.82425022      0.198458210       2.01983485E-10  -1.58870243E-04   3.21857221E-02  -1.26119499E-04  -1.82041955      0.364709467      -5.80893308E-02
   7.00000000       800.000000       7.89523125E-02   9.90284920      0.197385088       1.99295164E-10  -1.40821066E-04   3.18024196E-02  -1.38051240E-04  -1.82507384      0.364697993      -5.91498502E-02
   8.00000000       800.000000       7.95280412E-02   9.98241329      0.196335301       1.96661992E-10  -1.19162702E-04   3.14237364E-02  -1.43647427E-04  -1.82979667      0.364686638      -5.88274933E-02
   9.00000000       800.000000       8.01055804E-02   10.0623922      0.195288330       1.94061628E-10  -9.72751150E-05   3.10500897E-02  -1.39202020E-04  -1.83446300      0.364675581      -5.69169633E-02
   10.0000000       800.000000       8.06882754E-02   10.1425762      0.194223449       1.91473490E-10  -7.83798168E-05   3.06811929E-02  -1.23550999E-04  -1.83894932      0.364665240      -5.36658429E-02
   11.0000000       800.000000       8.12722519E-02   10.2231703      0.193126440       1.88883714E-10  -6.45865730E-05   3.03168315E-02  -9.79411197E-05  -1.84315205      0.364657998      -4.96403091E-02
   12.0000000       800.000000       8.18665698E-02   10.3048105      0.191990525       1.86286472E-10  -5.68560754E-05   2.99571231E-02  -6.50912552E-05  -1.84704506      0.364653170      -4.52886112E-02
   13.0000000       800.000000       8.24698508E-02   10.3871059      0.190812707       1.83679238E-10  -5.57018066E-05   2.96018496E-02  -2.89260843E-05  -1.85059834      0.364650100      -4.07622717E-02
   2.00000000       800.000000       8.30690786E-02   10.4702911      0.189592645       1.81061943E-10  -6.11119904E-05   2.92510558E-02   6.89466560E-06  -1.85379326      0.364650339      -3.63433696E-02
   3.00000000       800.000000       8.36792067E-02   10.5531397      0.188336611       1.78441040E-10  -7.20145836E-05   2.89045554E-02   4.05355022E-05  -1.85665655      0.364654183      -3.26852202E-02
   4.00000000       800.000000       8.42924491E-02   10.6371202      0.187059984       1.75832571E-10  -8.61639710E-05   2.85623726E-02   7.24047495E-05  -1.85928380      0.364659905      -3.02812271E-02
   5.00000000       800.000000       8.49149227E-02   10.7222576      0.185780600       1.73251899E-10  -1.00804718E-04   2.82240566E-02   1.01831960E-04  -1.86178064      0.364668936      -2.91678701E-02
   6.00000000       800.000000       8.55400413E-02   10.8070173      0.184514299       1.70713735E-10  -1.13041875E-04   2.78901719E-02   1.29788939E-04  -1.86425364      0.364679843      -2.95476969E-02
   7.00000000       800.000000       8.61672983E-02   10.8929453      0.183281168       1.68236591E-10  -1.19525743E-04   2.75600795E-02   1.54168418E-04  -1.86685371      0.364692748      -3.14717703E-02
   8.00000000       800.000000       8.68062824E-02   10.9799843      0.182095870       1.65831918E-10  -1.17799827E-04   2.72344239E-02   1.73216744E-04  -1.86969757      0.364708453      -3.41406055E-02
   9.00000000       800.000000       8.74475688E-02   11.0664978      0.180959731       1.63500102E-10  -1.07727530E-04   2.69124340E-02   1.87212790E-04  -1.87280357      0.364724576      -3.65759470E-02
   10.0000000       800.000000       8.80924463E-02   11.1543617      0.179865688       1.61232430E-10  -9.03820182E-05   2.65947655E-02   1.97914138E-04  -1.87611794      0.364742190      -3.83111276E-02
   11.0000000       800.000000       8.87458175E-02   11.2425718      0.178802118       1.59019145E-10  -6.78198194E-05   2.62808073E-02   2.07319870E-04  -1.87957859      0.364760309      -3.88550274E-02
   12.0000000       800.000000       8.94047245E-02   11.3320246      0.177747473       1.56838098E-10  -4.37462695E-05   2.59705540E-02   2.15687731E-04  -1.88304543      0.364779770      -3.72969359E-02
   13.0000000       800.000000       9.00711343E-02   11.4218473      0.176669776       1.54662658E-10  -2.33436967E-05   2.56645754E-02   2.23301133E-04  -1.88627410      0.364799738      -3.32535505E-02
   2.00000000       800.000000       9.07422155E-02   11.5118284      0.175544500       1.52470370E-10  -1.08511222E-05   2.53620930E-02   2.29582569E-04  -1.88905418      0.364821076      -2.79159211E-02
   3.00000000       800.000000       9.14164707E-02   11.6033077      0.174367592       1.50259472E-10  -7.08607286E-06   2.50633601E-02   2.34504347E-04  -1.89135742      0.364842564      -2.27422584E-02
   4.00000000       800.000000       9.20993984E-02   11.6952047      0.173146233       1.48036430E-10  -1.10070559E-05   2.47684680E-02   2.35477826E-04  -1.89322841      0.364863694      -1.81317385E-02
   5.00000000       800.000000       9.27866399E-02   11.7873383      0.171888426       1.45808338E-10  -2.09846639E-05   2.44768858E-02   2.32832885E-04  -1.89470983      0.364885181      -1.43771553E-02
   6.00000000       800.000000       9.34779644E-02   11.8806105      0.170608535       1.43588141E-10  -3.45163717E-05   2.41888892E-02   2.26655524E-04  -1.89590359      0.364906847      -1.18340030E-02
   7.00000000       800.000000       9.41774696E-02   11.9743528      0.169322580       1.41389428E-10  -4.91160645E-05   2.39043217E-02   2.17707769E-04  -1.89693117      0.364927173      -1.05443839E-02
   8.00000000       800.000000       9.48819369E-02   12.0688763      0.168047458       1.39225242E-10  -6.18915219E-05   2.36230828E-02   2.06029377E-04  -1.89789760      0.364946604      -1.06209544E-02
   9.00000000       800.000000       9.55979601E-02   12.1640635      0.166802078       1.37111600E-10  -6.94477421E-05   2.33453065E-02   1.92515188E-04  -1.89895558      0.364964843      -1.24435984E-02
   10.0000000       800.000000       9.63135287E-02   12.2600622      0.165608749       1.35065251E-10  -6.81482124E-05   2.30708420E-02   1.77234295E-04  -1.90028787      0.364982069      -1.57406572E-02
   11.0000000       800.000000       9.70358253E-02   12.3568468      0.164474070       1.33090414E-10  -5.64449292E-05   2.27997061E-02   1.59952309E-04  -1.90200162      0.364997685      -1.88623630E-02
   12.0000000       800.000000       9.77677032E-02   12.4544106      0.163380429       1.31171310E-10  -3.70439702E-05   2.25318354E-02   1.41924596E-04  -1.90396214      0.365011513      -2.01200731E-02
   13.0000000       800.000000       9.85076427E-02   12.5523767      0.162297532       1.29283084E-10  -1.51143740E-05   2.22673882E-02   1.24078681E-04  -1.90594804      0.365023404      -1.88359171E-02
   2.00000000       800.000000       9.92456749E-02   12.6510534      0.161192507       1.27399494E-10   3.38639165E-06   2.20060199E-02   1.05482715E-04  -1.90768600      0.365034699      -1.49090411E-02
   3.00000000       800.000000       9.99961421E-02   12.7503929      0.160037130       1.25498306E-10   1.33971298E-05   2.17479300E-02   8.70094591E-05  -1.90891898      0.365043372      -9.27199144E-03
   4.00000000       800.000000      0.100751281       12.8514633      0.158825442       1.23575317E-10   1.33464891E-05   2.14928761E-02   6.86787243E-05  -1.90954900      0.365050048      -3.74974404E-03
   5.00000000       800.000000      0.101513669       12.9527330      0.157569766       1.21640947E-10   5.31976866E-06   2.12407112E-02   4.99441412E-05  -1.90967631      0.365054488       4.96834167E-04
   6.00000000       800.000000      0.102282949       13.0543804      0.156288028       1.19709812E-10  -7.48146522E-06   2.09918432E-02   3.17039885E-05  -1.90944386      0.365058094       3.32918647E-03
   7.00000000       800.000000      0.103057869       13.1565609      0.154998288       1.17795232E-10  -2.17126162E-05   2.07456313E-02   1.43799398E-05  -1.90899169      0.365059614       4.59639775E-03
   8.00000000       800.000000      0.103839546       13.2604132      0.153721869       1.15914001E-10  -3.38496211E-05   2.05026288E-02  -1.55566102E-06  -1.90849507      0.365059584       4.22390830E-03
   9.00000000       800.000000      0.104626514       13.3645535      0.152477920       1.14079142E-10  -4.03566410E-05   2.02623159E-02  -1.57372160E-05  -1.90811038      0.365058213       2.39029923E-03
   10.0000000       800.000000      0.105420068       13.4691267      0.151282027       1.12301876E-10  -3.83086590E-05   2.00245101E-02  -2.83479312E-05  -1.90799451      0.365055174      -5.72675082E-04
   11.0000000       800.000000      0.106228657       13.5754204      0.150138944       1.10584562E-10  -2.66928273E-05   1.97900571E-02  -3.97078111E-05  -1.90823352      0.365050584      -3.17373616E-03
   12.0000000       800.000000      0.107034281       13.6821260      0.149027079       1.08910145E-10  -8.83524535E-06   1.95581801E-02  -4.99841881E-05  -1.90866828      0.365045220      -3.47860181E-03
   13.0000000       800.000000      0.107849084       13.7891541      0.147910416       1.07251867E-10   9.03880664E-06   1.93292480E-02  -5.90520067E-05  -1.90898228      0.365038931      -1.15087512E-03
   2.00000000       800.000000      0.108672515       13.8981247      0.146762669       1.05590779E-10   2.15239452E-05   1.91030167E-02  -6.64752442E-05  -1.90891993      0.365032226       3.21753882E-03
   3.00000000       800.000000      0.109497771       14.0066690      0.145565733       1.03913884E-10   2.49839941E-05   1.88795496E-02  -7.17188814E-05  -1.90827978      0.365023732       8.51862412E-03
   4.00000000       800.000000      0.110339761       14.1170921      0.144321516       1.02223431E-10   1.97583013E-05   1.86588001E-02  -7.44161443E-05  -1.90704978      0.365015715       1.29520353E-02
   5.00000000       800.000000      0.111177742       14.2269335      0.143051028       1.00534789E-10   9.31653540E-06   1.84403043E-02  -7.48417660E-05  -1.90541065      0.365007401       1.56856850E-02
   6.00000000       800.000000      0.112030037       14.3394938      0.141775846       9.88630983E-11  -2.19437584E-06   1.82245988E-02  -7.30078391E-05  -1.90354300      0.364998400       1.65728517E-02
   7.00000000       800.000000      0.112885214       14.4517355      0.140518904       9.72241940E-11  -1.06209191E-05   1.80112273E-02  -6.95893032E-05  -1.90168488      0.364991099       1.58197619E-02
   8.00000000       800.000000      0.113750286       14.5650282      0.139295056       9.56274296E-11  -1.28501888E-05   1.78007185E-02  -6.48979913E-05  -1.89995980      0.364983469       1.40669988E-02
   9.00000000       800.000000      0.114624061       14.6793976      0.138110593       9.40767880E-11  -7.76130673E-06   1.75922085E-02  -5.96044920E-05  -1.89846790      0.364976764       1.22610629E-02
   10.0000000       800.000000      0.115506783       14.7940674      0.136954874       9.25638871E-11   3.10958421E-06   1.73865017E-02  -5.40769834E-05  -1.89713943      0.364970773       1.17477383E-02
   11.0000000       800.000000      0.116393380       14.9101496      0.135803565       9.10721845E-11   1.53527653E-05   1.71832740E-02  -4.82451651E-05  -1.89574468      0.364964813       1.33015085E-02
   12.0000000       800.000000      0.117281690       15.0272551      0.134631872       8.95841387E-11   2.40215904E-05   1.69823729E-02  -4.19079661E-05  -1.89403081      0.364960164       1.66395772E-02
   13.0000000       800.000000      0.118191823       15.1445360      0.133425310       8.80912704E-11   2.61216956E-05   1.67838689E-02  -3.51227500E-05  -1.89182782      0.364955634       2.06528287E-02
   2.00000000       800.000000      0.119099334       15.2630339      0.132186934       8.65953143E-11   2.17520028E-05   1.65877435E-02  -2.78888547E-05  -1.88912892      0.364953011       2.40134858E-02
   3.00000000       800.000000      0.120015435       15.3828135      0.130932570       8.51068660E-11   1.39783679E-05   1.63939614E-02  -2.05626075E-05  -1.88608444      0.364950359       2.58359350E-02
   4.00000000       800.000000      0.120940529       15.5036430      0.129683539       8.36398312E-11   6.78341530E-06   1.62021909E-02  -1.33934009E-05  -1.88290417      0.364948571       2.60337628E-02
   5.00000000       800.000000      0.121867239       15.6249332      0.128455803       8.22045210E-11   3.49853849E-06   1.60129648E-02  -6.39550717E-06  -1.87976372      0.364947915       2.51610838E-02
   6.00000000       800.000000      0.122810721       15.7464323      0.127257064       8.08046338E-11   5.63617959E-06   1.58257782E-02   3.35977205E-07  -1.87674761      0.364947885       2.40911264E-02
   7.00000000       800.000000      0.123757191       15.8707790      0.126080766       7.94357774E-11   1.23088112E-05   1.56406052E-02   6.83535382E-06  -1.87382340      0.364948690       2.37821359E-02
   8.00000000       800.000000      0.124716990       15.9948425      0.124912478       7.80882928E-11   2.06739878E-05   1.54577317E-02   1.30040089E-05  -1.87083721      0.364950120       2.48261318E-02
   9.00000000       800.000000      0.125679165       16.1200333      0.123733938       7.67508418E-11   2.71182653E-05   1.52775310E-02   1.86917914E-05  -1.86760938      0.364952594       2.71542948E-02
   10.0000000       800.000000      0.126648560       16.2460766      0.122534364       7.54165064E-11   2.92146597E-05   1.50986901E-02   2.36631204E-05  -1.86398506      0.364955574       3.00445780E-02
   11.0000000       800.000000      0.127627030       16.3736973      0.121314578       7.40858833E-11   2.69338416E-05   1.49226636E-02   2.76690098E-05  -1.85996711      0.364959151       3.24943736E-02
   12.0000000       800.000000      0.128622070       16.5009899      0.120086476       7.27665220E-11   2.25351723E-05   1.47479093E-02   3.05700341E-05  -1.85565889      0.364963293       3.37901041E-02
   13.0000000       800.000000      0.129615709       16.6299458      0.118865572       7.14675125E-11   1.90704250E-05   1.45758875E-02   3.25051806E-05  -1.85124123      0.364967495       3.39836739E-02
   2.00000000       800.000000      0.130617574       16.7607040      0.117660962       7.01938993E-11   1.86099642E-05   1.44052291E-02   3.37431375E-05  -1.84681749      0.364971846       3.36892828E-02
   3.00000000       800.000000      0.131631613       16.8909397      0.116473041       6.89459392E-11   2.13991952E-05   1.42369382E-02   3.45054104E-05  -1.84240532      0.364976078       3.36054862E-02
   4.00000000       800.000000      0.132658064       17.0234966      0.115294121       6.77183726E-11   2.59373319E-05   1.40710929E-02   3.49185830E-05  -1.83793569      0.364980727       3.42960730E-02
   5.00000000       800.000000      0.133689612       17.1564980      0.114113279       6.65044825E-11   2.98895902E-05   1.39065441E-02   3.49319744E-05  -1.83327246      0.364985555       3.58260199E-02
   6.00000000       800.000000      0.134727374       17.2917385      0.112922534       6.52997517E-11   3.14994868E-05   1.37442295E-02   3.44327564E-05  -1.82832158      0.364990711       3.77560966E-02
   7.00000000       800.000000      0.135772675       17.4260139      0.111721627       6.41039444E-11   3.05756184E-05   1.35836564E-02   3.33289099E-05  -1.82305777      0.364995033       3.94608676E-02
   8.00000000       800.000000      0.136831790       17.5625153      0.110517457       6.29209532E-11   2.85077695E-05   1.34245083E-02   3.15563375E-05  -1.81756377      0.364999503       4.04686444E-02
   9.00000000       800.000000      0.137887821       17.6995029      0.109319866       6.17560794E-11   2.72300076E-05   1.32676121E-02   2.92228578E-05  -1.81194270      0.365002573       4.08211350E-02
   10.0000000       800.000000      0.138969555       17.8388729      0.108133100       6.06115089E-11   2.78564276E-05   1.31129455E-02   2.65467515E-05  -1.80626428      0.365006417       4.09839451E-02
   11.0000000       800.000000      0.140046909       17.9775219      0.106955498       5.94862284E-11   3.01294222E-05   1.29596116E-02   2.36757096E-05  -1.80050993      0.365010381       4.14199233E-02
   12.0000000       800.000000      0.141143247       18.1181393      0.105781883       5.83769422E-11   3.28620044E-05   1.28082978E-02   2.07473022E-05  -1.79461372      0.365013421       4.23211455E-02
   13.0000000       800.000000      0.142242312       18.2606220      0.104606591       5.72804582E-11   3.47566966E-05   1.26585551E-02   1.78122154E-05  -1.78851223      0.365015596       4.35843319E-02
   2.00000000       800.000000      0.143348306       18.4025784      0.103427328       5.61951492E-11   3.52252755E-05   1.25106890E-02   1.48460103E-05  -1.78216743      0.365017593       4.48680073E-02
   3.00000000       800.000000      0.144470185       18.5468769      0.102246687       5.51225871E-11   3.47840032E-05   1.23646092E-02   1.18165963E-05  -1.77560091      0.365019530       4.58055101E-02
   4.00000000       800.000000      0.145599216       18.6916237      0.101069950       5.40655194E-11   3.45771805E-05   1.22199971E-02   8.73642330E-06  -1.76887906      0.365021050       4.63410243E-02
   5.00000000       800.000000      0.146730632       18.8387299       9.99004990E-02   5.30254174E-11   3.53555224E-05   1.20772906E-02   5.67364259E-06  -1.76205587      0.365021646       4.67324033E-02
   6.00000000       800.000000      0.147886083       18.9852219       9.87379625E-02   5.20017154E-11   3.70153721E-05   1.19361524E-02   2.71480098E-06  -1.75511348      0.365021765       4.72546890E-02
   7.00000000       800.000000      0.149040878       19.1336536       9.75788161E-02   5.09924880E-11   3.88478620E-05   1.17966477E-02  -4.35738379E-08  -1.74801874      0.365022004       4.80346978E-02
   8.00000000       800.000000      0.150206983       19.2841053       9.64204222E-02   4.99961565E-11   4.00786557E-05   1.16588436E-02  -2.52739255E-06  -1.74074173      0.365021646       4.90050949E-02
   9.00000000       800.000000      0.151375279       19.4338169       9.52615365E-02   4.90119646E-11   4.04405037E-05   1.15224356E-02  -4.71960357E-06  -1.73324203      0.365021050       4.99370918E-02
   10.0000000       800.000000      0.152559474       19.5859928       9.41047147E-02   4.80409705E-11   4.03324593E-05   1.13876574E-02  -6.64807294E-06  -1.72556114      0.365020007       5.06510660E-02
   11.0000000       800.000000      0.153755501       19.7391071       9.29522291E-02   4.70844509E-11   4.03956437E-05   1.12547968E-02  -8.34109142E-06  -1.71772528      0.365019083       5.11612147E-02
   12.0000000       800.000000      0.154966682       19.8943138       9.18059722E-02   4.61429610E-11   4.09558925E-05   1.11232856E-02  -9.80570439E-06  -1.70976257      0.365017414       5.16207665E-02
   13.0000000       800.000000      0.156182289       20.0499210       9.06641334E-02   4.52156819E-11   4.18832205E-05   1.09933699E-02  -1.10212641E-05  -1.70166671      0.365015477       5.21500818E-02
   2.00000000       800.000000      0.157407701       20.2067699       8.95273834E-02   4.43023951E-11   4.28510793E-05   1.08642820E-02  -1.19538217E-05  -1.69340312      0.365013719       5.27587906E-02
   3.00000000       800.000000      0.158632427       20.3635406       8.83936584E-02   4.34016226E-11   4.36517512E-05   1.07378988E-02  -1.25920924E-05  -1.68498433      0.365011543       5.33765368E-02
   4.00000000       800.000000      0.159881696       20.5234394       8.72633904E-02   4.25146376E-11   4.43481549E-05   1.06121041E-02  -1.29370483E-05  -1.67640412      0.365009755       5.39229326E-02
   5.00000000       800.000000      0.161134437       20.6836548       8.61384273E-02   4.16403995E-11   4.51556261E-05   1.04880538E-02  -1.30172612E-05  -1.66767991      0.365007371       5.43855540E-02
   6.00000000       800.000000      0.162408039       20.8466339       8.50185975E-02   4.07802125E-11   4.61871641E-05   1.03649059E-02  -1.28760512E-05  -1.65881622      0.365005016       5.48256375E-02
   7.00000000       800.000000      0.163673609       21.0080662       8.39032903E-02   3.99333969E-11   4.73193068E-05   1.02441274E-02  -1.25393162E-05  -1.64978969      0.365003228       5.53121679E-02
   8.00000000       800.000000      0.164970547       21.1726456       8.27929974E-02   3.90986236E-11   4.82889263E-05   1.01241767E-02  -1.20203249E-05  -1.64063656      0.365001470       5.58533743E-02
   9.00000000       800.000000      0.166260168       21.3390827       8.16854686E-02   3.82763612E-11   4.89430131E-05   1.00058382E-02  -1.13303231E-05  -1.63130414      0.364999682       5.63859008E-02
   10.0000000       800.000000      0.167571649       21.5048828       8.05829316E-02   3.74667380E-11   4.93760126E-05   9.88875609E-03  -1.04819837E-05  -1.62181318      0.364997894       5.68426363E-02
   11.0000000       800.000000      0.168884769       21.6747990       7.94849917E-02   3.66692961E-11   4.98084955E-05   9.77312587E-03  -9.49778678E-06  -1.61217916      0.364995807       5.72170019E-02
   12.0000000       800.000000      0.170220941       21.8437004       7.83928260E-02   3.58847188E-11   5.03823067E-05   9.65870637E-03  -8.41118435E-06  -1.60240912      0.364994347       5.75471260E-02
   13.0000000       800.000000      0.171562597       22.0148487       7.73070082E-02   3.51131381E-11   5.11058752E-05   9.54577234E-03  -7.25636392E-06  -1.59250271      0.364993244       5.78631908E-02
   2.00000000       800.000000      0.172911152       22.1867790       7.62271881E-02   3.43538635E-11   5.19228925E-05   9.43374634E-03  -6.06272852E-06  -1.58248270      0.364992142       5.81753217E-02
   3.00000000       800.000000      0.174262822       22.3595982       7.51531497E-02   3.36068326E-11   5.27777083E-05   9.32318624E-03  -4.85354121E-06  -1.57231784      0.364991337       5.84769100E-02
   4.00000000       800.000000      0.175636902       22.5350342       7.40850419E-02   3.28718198E-11   5.36537882E-05   9.21436865E-03  -3.64885841E-06  -1.56201446      0.364990711       5.87573946E-02
   5.00000000       800.000000      0.177029908       22.7109966       7.30223879E-02   3.21487802E-11   5.45372568E-05   9.10613313E-03  -2.46852619E-06  -1.55159891      0.364990443       5.90235181E-02
   6.00000000       800.000000      0.178427994       22.8897495       7.19667375E-02   3.14379078E-11   5.53775972E-05   9.00020450E-03  -1.33253729E-06  -1.54103649      0.364990234       5.92833906E-02
   7.00000000       800.000000      0.179832757       23.0675335       7.09163696E-02   3.07385957E-11   5.61118541E-05   8.89414921E-03  -2.60493920E-07  -1.53035510      0.364990205       5.95342256E-02
   8.00000000       800.000000      0.181247130       23.2492962       6.98719993E-02   3.00507050E-11   5.67179559E-05   8.79042502E-03   7.31756700E-07  -1.51954138      0.364990354       5.97595945E-02
   9.00000000       800.000000      0.182678327       23.4303741       6.88340738E-02   2.93742426E-11   5.72512290E-05   8.68749712E-03   1.63350171E-06  -1.50859082      0.364990383       5.99404760E-02
   10.0000000       800.000000      0.184120178       23.6137962       6.78025335E-02   2.87095937E-11   5.78058425E-05   8.58542789E-03   2.43859586E-06  -1.49756086      0.364990801       6.00746162E-02
   11.0000000       800.000000      0.185574606       23.7995758       6.67785853E-02   2.80567149E-11   5.84493719E-05   8.48522317E-03   3.14111844E-06  -1.48639548      0.364991367       6.01755157E-02
   12.0000000       800.000000      0.187039450       23.9845982       6.57624528E-02   2.74143729E-11   5.91990101E-05   8.38599727E-03   3.73593366E-06  -1.47513497      0.364991784       6.02573343E-02
   13.0000000       800.000000      0.188515589       24.1725788       6.47527799E-02   2.67844098E-11   6.00267304E-05   8.28742050E-03   4.21969662E-06  -1.46376085      0.364992589       6.03279211E-02
   2.00000000       800.000000      0.190003842       24.3626595       6.37503862E-02   2.61646538E-11   6.08844202E-05   8.19016341E-03   4.59244711E-06  -1.45228934      0.364993662       6.03900775E-02
   3.00000000       800.000000      0.191507503       24.5538692       6.27560243E-02   2.55564719E-11   6.17271580E-05   8.09462834E-03   4.85869487E-06  -1.44073629      0.364995003       6.04415946E-02
   4.00000000       800.000000      0.193027228       24.7454605       6.17680512E-02   2.49587399E-11   6.25169632E-05   7.99942110E-03   5.02354715E-06  -1.42904377      0.364995778       6.04800731E-02
   5.00000000       800.000000      0.194553345       24.9383144       6.07877709E-02   2.43716748E-11   6.32315569E-05   7.90587626E-03   5.09068332E-06  -1.41727805      0.364996612       6.04999252E-02
   6.00000000       800.000000      0.196085945       25.1336231       5.98149113E-02   2.37952678E-11   6.38791244E-05   7.81299081E-03   5.06626611E-06  -1.40541649      0.364997715       6.04929216E-02
   7.00000000       800.000000      0.197636858       25.3313236       5.88495731E-02   2.32292120E-11   6.44922984E-05   7.72144180E-03   4.95756149E-06  -1.39346766      0.364998698       6.04556277E-02
   8.00000000       800.000000      0.199212298       25.5304661       5.78919537E-02   2.26736841E-11   6.51105292E-05   7.63116637E-03   4.77292360E-06  -1.38143265      0.364999712       6.03890195E-02
   9.00000000       800.000000      0.200781316       25.7297115       5.69426939E-02   2.21288682E-11   6.57606579E-05   7.54162204E-03   4.52142649E-06  -1.36932051      0.365000844       6.02974817E-02
   10.0000000       800.000000      0.202371761       25.9304714       5.60018122E-02   2.15937563E-11   6.64475738E-05   7.45324558E-03   4.21261257E-06  -1.35712194      0.365001619       6.01860285E-02
   11.0000000       800.000000      0.203978211       26.1335907       5.50683811E-02   2.10690076E-11   6.71611997E-05   7.36600487E-03   3.85616113E-06  -1.34485233      0.365002364       6.00573309E-02
   12.0000000       800.000000      0.205590189       26.3390236       5.41432463E-02   2.05543655E-11   6.78853830E-05   7.27964006E-03   3.46218053E-06  -1.33252788      0.365003139       5.99113628E-02
   13.0000000       800.000000      0.207215562       26.5462608       5.32272682E-02   2.00493910E-11   6.86096173E-05   7.19402172E-03   3.04062974E-06  -1.32011366      0.365003258       5.97462617E-02
   2.00000000       800.000000      0.208862230       26.7531796       5.23203015E-02   1.95540719E-11   6.93329057E-05   7.10986974E-03   2.60130378E-06  -1.30765378      0.365004063       5.95602877E-02
   3.00000000       800.000000      0.210511744       26.9634609       5.14214896E-02   1.90687154E-11   7.00589299E-05   7.02648936E-03   2.15356954E-06  -1.29516339      0.365004510       5.93537502E-02
   4.00000000       800.000000      0.212182373       27.1744270       5.05307354E-02   1.85928269E-11   7.07893705E-05   6.94392668E-03   1.70610042E-06  -1.28257823      0.365005016       5.91279753E-02
   5.00000000       800.000000      0.213867262       27.3881035       4.96495664E-02   1.81260666E-11   7.15107235E-05   6.86248951E-03   1.26608211E-06  -1.26996601      0.365005374       5.88861704E-02
   6.00000000       800.000000      0.215570495       27.6017551       4.87767570E-02   1.76692237E-11   7.22005498E-05   6.78187190E-03   8.40615087E-07  -1.25729251      0.365005285       5.86289614E-02
   7.00000000       800.000000      0.217280358       27.8196926       4.79120947E-02   1.72212331E-11   7.28475716E-05   6.70237606E-03   4.35415899E-07  -1.24458182      0.365005374       5.83539568E-02
   8.00000000       800.000000      0.218995273       28.0367794       4.70572412E-02   1.67823082E-11   7.34585265E-05   6.62360713E-03   5.44750272E-08  -1.23184085      0.365005374       5.80584966E-02
   9.00000000       800.000000      0.220740929       28.2576332       4.62118313E-02   1.63523813E-11   7.40437827E-05   6.54597860E-03  -2.97875459E-07  -1.21904635      0.365005285       5.77414110E-02
   10.0000000       800.000000      0.222490728       28.4788132       4.53752652E-02   1.59314836E-11   7.46247242E-05   6.46908768E-03  -6.16823172E-07  -1.20623410      0.365005165       5.74035645E-02
   11.0000000       800.000000      0.224248633       28.7025547       4.45482321E-02   1.55193081E-11   7.52319756E-05   6.39327103E-03  -8.99383963E-07  -1.19340694      0.365004927       5.70441484E-02
   12.0000000       800.000000      0.226034790       28.9273281       4.37302366E-02   1.51157403E-11   7.58731112E-05   6.31823856E-03  -1.14321574E-06  -1.18055546      0.365004510       5.66685386E-02
   13.0000000       800.000000      0.227838799       29.1540203       4.29220796E-02   1.47209658E-11   7.65358709E-05   6.24389481E-03  -1.34688912E-06  -1.16767895      0.365004301       5.62803745E-02
   2.00000000       800.000000      0.229636580       29.3828106       4.21226136E-02   1.43342456E-11   7.71959749E-05   6.17043814E-03  -1.50989831E-06  -1.15478933      0.365003973       5.58822080E-02
   3.00000000       800.000000      0.231463313       29.6143074       4.13340256E-02   1.39564853E-11   7.78286048E-05   6.09798962E-03  -1.63326365E-06  -1.14192522      0.365003616       5.54725155E-02
   4.00000000       800.000000      0.233298600       29.8444633       4.05544899E-02   1.35867081E-11   7.84216390E-05   6.02654414E-03  -1.71928252E-06  -1.12902331      0.365003020       5.50495237E-02
   5.00000000       800.000000      0.235164225       30.0788250       3.97836268E-02   1.32244883E-11   7.89708356E-05   5.95583068E-03  -1.77004006E-06  -1.11611867      0.365002483       5.46120964E-02
   6.00000000       800.000000      0.237021416       30.3152733       3.90220508E-02   1.28703333E-11   7.94911175E-05   5.88602619E-03  -1.78787116E-06  -1.10323691      0.365002275       5.41564524E-02
   7.00000000       800.000000      0.238909259       30.5545444       3.82714085E-02   1.25244416E-11   8.00119524E-05   5.81671344E-03  -1.77491358E-06  -1.09036577      0.365001947       5.36836758E-02
   8.00000000       800.000000      0.240805298       30.7942753       3.75303887E-02   1.21863240E-11   8.05534801E-05   5.74857881E-03  -1.73328465E-06  -1.07746351      0.365001589       5.31960949E-02
   9.00000000       800.000000      0.242732763       31.0363560       3.67980301E-02   1.18556675E-11   8.11212230E-05   5.68108307E-03  -1.66550274E-06  -1.06461895      0.365001112       5.26964962E-02
   10.0000000       800.000000      0.244650185       31.2805672       3.60771045E-02   1.15323549E-11   8.17053588E-05   5.61432447E-03  -1.57465502E-06  -1.05179107      0.365001023       5.21882884E-02
   11.0000000       800.000000      0.246601894       31.5240726       3.53643261E-02   1.12166908E-11   8.22859583E-05   5.54842316E-03  -1.46436378E-06  -1.03899848      0.365000576       5.16720116E-02
   12.0000000       800.000000      0.248575494       31.7732716       3.46619524E-02   1.09081372E-11   8.28406846E-05   5.48339402E-03  -1.33832236E-06  -1.02620661      0.365000129       5.11480048E-02
   13.0000000       800.000000      0.250549018       32.0229034       3.39697637E-02   1.06071896E-11   8.33549420E-05   5.41877374E-03  -1.20036179E-06  -1.01345861      0.364999920       5.06148525E-02
   2.00000000       800.000000      0.252544135       32.2734489       3.32862772E-02   1.03127715E-11   8.38242995E-05   5.35494508E-03  -1.05403763E-06  -1.00074828      0.364999682       5.00706397E-02
   3.00000000       800.000000      0.254557490       32.5260506       3.26130837E-02   1.00255160E-11   8.42579539E-05   5.29211853E-03  -9.02693102E-07 -0.988072991      0.364999473       4.95154001E-02
   4.00000000       800.000000      0.256586730       32.7818604       3.19502167E-02   9.74499301E-12   8.46714756E-05   5.22995554E-03  -7.49377762E-07 -0.975433409      0.364999175       4.89484817E-02
   5.00000000       800.000000      0.258610994       33.0395813       3.12966555E-02   9.47124150E-12   8.50823126E-05   5.16871503E-03  -5.96950770E-07 -0.962854922      0.364998996       4.83706445E-02
   6.00000000       800.000000      0.260681123       33.2992859       3.06531340E-02   9.20414179E-12   8.55012913E-05   5.10787638E-03  -4.47964254E-07 -0.950318038      0.364999026       4.77850586E-02
   7.00000000       800.000000      0.262756377       33.5623474       3.00192293E-02   8.94344494E-12   8.59268694E-05   5.04780142E-03  -3.04512326E-07 -0.937840402      0.364998996       4.71922792E-02
   8.00000000       800.000000      0.264846563       33.8261070       2.93948390E-02   8.68918999E-12   8.63477981E-05   4.98862471E-03  -1.68344883E-07 -0.925421298      0.364998907       4.65945825E-02
   9.00000000       800.000000      0.266964108       34.0918350       2.87806448E-02   8.44129627E-12   8.67522176E-05   4.92978515E-03  -4.09653929E-08 -0.913053453      0.364998907       4.59921211E-02
   10.0000000       800.000000      0.269089431       34.3593788       2.81758849E-02   8.19947148E-12   8.71339143E-05   4.87211300E-03   7.63732402E-08 -0.900765717      0.364998937       4.53842878E-02
   11.0000000       800.000000      0.271236569       34.6304741       2.75808666E-02   7.96366879E-12   8.74935504E-05   4.81488742E-03   1.82710707E-07 -0.888539076      0.364999115       4.47705686E-02
   12.0000000       800.000000      0.273390830       34.9008446       2.69955397E-02   7.73388385E-12   8.78382707E-05   4.75809397E-03   2.77328553E-07 -0.876379251      0.364998907       4.41517234E-02
   13.0000000       800.000000      0.275573671       35.1773834       2.64196116E-02   7.50986513E-12   8.81757514E-05   4.70236130E-03   3.59810969E-07 -0.864300311      0.364999056       4.35278490E-02
   2.00000000       800.000000      0.277770936       35.4531212       2.58534793E-02   7.29159268E-12   8.85067711E-05   4.64718649E-03   4.29940286E-07 -0.852294624      0.364999175       4.29010205E-02
   3.00000000       800.000000      0.279982239       35.7325478       2.52968166E-02   7.07889520E-12   8.88284339E-05   4.59261844E-03   4.87627403E-07 -0.840374947      0.364999354       4.22723517E-02
   4.00000000       800.000000      0.282222867       36.0137329       2.47497763E-02   6.87170893E-12   8.91345117E-05   4.53852257E-03   5.32949912E-07 -0.828521550      0.364999473       4.16426174E-02
   5.00000000       800.000000      0.284471065       36.2968369       2.42120568E-02   6.66994454E-12   8.94167533E-05   4.48513078E-03   5.66212805E-07 -0.816769838      0.364999503       4.10114564E-02
   6.00000000       800.000000      0.286742091       36.5804558       2.36837864E-02   6.47344634E-12   8.96733836E-05   4.43260605E-03   5.87865202E-07 -0.805098951      0.364999831       4.03785780E-02
   7.00000000       800.000000      0.289016098       36.8690605       2.31646188E-02   6.28206038E-12   8.99106526E-05   4.38028062E-03   5.98537270E-07 -0.793526471      0.364999920       3.97444405E-02
   8.00000000       800.000000      0.291324228       37.1585426       2.26546638E-02   6.09582133E-12   9.01373642E-05   4.32878546E-03   5.99031580E-07 -0.782040536      0.365000218       3.91094014E-02
   9.00000000       800.000000      0.293644518       37.4530144       2.21537650E-02   5.91450933E-12   9.03602413E-05   4.27812245E-03   5.90217383E-07 -0.770639420      0.365000457       3.84737812E-02
   10.0000000       800.000000      0.296003997       37.7481918       2.16622688E-02   5.73811831E-12   9.05809866E-05   4.22765641E-03   5.72956310E-07 -0.759350240      0.365000725       3.78387496E-02
   11.0000000       800.000000      0.298353791       38.0451622       2.11794972E-02   5.56638459E-12   9.07981375E-05   4.17804765E-03   5.48051560E-07 -0.748154044      0.365000904       3.72053310E-02
   12.0000000       800.000000      0.300734103       38.3437805       2.07058266E-02   5.39936758E-12   9.10091694E-05   4.12910571E-03   5.16303260E-07 -0.737065613      0.365001023       3.65735814E-02
   13.0000000       800.000000      0.303147912       38.6467476       2.02409122E-02   5.23695714E-12   9.12118558E-05   4.08052281E-03   4.78545303E-07 -0.726072907      0.365001053       3.59437577E-02
   2.00000000       800.000000      0.305555582       38.9513550       1.97848324E-02   5.07894594E-12   9.14053817E-05   4.03243070E-03   4.35700173E-07 -0.715182066      0.365001112       3.53161618E-02
   3.00000000       800.000000      0.307996303       39.2577019       1.93374120E-02   4.92529845E-12   9.15879209E-05   3.98516096E-03   3.88787527E-07 -0.704401612      0.365001172       3.46908756E-02
   4.00000000       800.000000      0.310469896       39.5681572       1.88985821E-02   4.77587978E-12   9.17571087E-05   3.93836852E-03   3.38893955E-07 -0.693725824      0.365001261       3.40685658E-02
   5.00000000       800.000000      0.312931180       39.8770142       1.84681304E-02   4.63065740E-12   9.19105878E-05   3.89196048E-03   2.87139017E-07 -0.683165133      0.365001351       3.34499255E-02
   6.00000000       800.000000      0.315432847       40.1933212       1.80461723E-02   4.48948040E-12   9.20470557E-05   3.84618831E-03   2.34629439E-07 -0.672707140      0.365001380       3.28348614E-02
   7.00000000       800.000000      0.317947745       40.5082169       1.76325571E-02   4.35227939E-12   9.21671890E-05   3.80109088E-03   1.82431293E-07 -0.662364960      0.365001500       3.22232582E-02
   8.00000000       800.000000      0.320495814       40.8281288       1.72271430E-02   4.21896459E-12   9.22742620E-05   3.75650194E-03   1.31531564E-07 -0.652137518      0.365001559       3.16156968E-02
   9.00000000       800.000000      0.323059022       41.1489258       1.68298446E-02   4.08943148E-12   9.23702828E-05   3.71233141E-03   8.28058759E-08 -0.642019987      0.365001559       3.10121756E-02
   10.0000000       800.000000      0.325634599       41.4749947       1.64405461E-02   3.96360505E-12   9.24580381E-05   3.66871897E-03   3.69856004E-08 -0.632018149      0.365001589       3.04137040E-02
   11.0000000       800.000000      0.328246117       41.8027420       1.60591956E-02   3.84139075E-12   9.25374698E-05   3.62558616E-03  -5.35919575E-09 -0.622132540      0.365001619       2.98208687E-02
   12.0000000       800.000000      0.330868602       42.1312904       1.56856999E-02   3.72271051E-12   9.26064022E-05   3.58295324E-03  -4.38077983E-08 -0.612363100      0.365001619       2.92329490E-02
   13.0000000       800.000000      0.333499759       42.4624519       1.53199360E-02   3.60744052E-12   9.26602079E-05   3.54092079E-03  -7.80828060E-08 -0.602710664      0.365001589       2.86514107E-02
   2.00000000       800.000000      0.336178690       42.7972488       1.49618173E-02   3.49553741E-12   9.26954017E-05   3.49911745E-03  -1.08020345E-07 -0.593175352      0.365001559       2.80765556E-02
   3.00000000       800.000000      0.338866234       43.1343956       1.46111781E-02   3.38691900E-12   9.27095898E-05   3.45804193E-03  -1.33561699E-07 -0.583757222      0.365001410       2.75080334E-02
   4.00000000       800.000000      0.341564178       43.4764404       1.42679121E-02   3.28144673E-12   9.27036090E-05   3.41738574E-03  -1.54731140E-07 -0.574459672      0.365001410       2.69452203E-02
   5.00000000       800.000000      0.344298780       43.8198090       1.39318975E-02   3.17910390E-12   9.26798020E-05   3.37726646E-03  -1.71622403E-07 -0.565278590      0.365001351       2.63889749E-02
   6.00000000       800.000000      0.347046673       44.1641579       1.36029795E-02   3.07977298E-12   9.26424473E-05   3.33776511E-03  -1.84390927E-07 -0.556214452      0.365001231       2.58398000E-02
   7.00000000       800.000000      0.349838823       44.5138283       1.32812997E-02   2.98340107E-12   9.25957356E-05   3.29844630E-03  -1.93248624E-07 -0.547268212      0.365001172       2.52974145E-02
   8.00000000       800.000000      0.352615893       44.8651733       1.29665220E-02   2.88988451E-12   9.25425920E-05   3.25965858E-03  -1.98450934E-07 -0.538444579      0.365001172       2.47618705E-02
   9.00000000       800.000000      0.355454803       45.2186356       1.26585448E-02   2.79915891E-12   9.24854467E-05   3.22143198E-03  -2.00285385E-07 -0.529738605      0.365001142       2.42339298E-02
   10.0000000       800.000000      0.358279139       45.5763397       1.23573495E-02   2.71115010E-12   9.24253764E-05   3.18343984E-03  -1.99051883E-07 -0.521147788      0.365001112       2.37134453E-02
   11.0000000       800.000000      0.361149102       45.9357567       1.20627806E-02   2.62579802E-12   9.23609550E-05   3.14614782E-03  -1.95053190E-07 -0.512676477      0.365001053       2.32007578E-02
   12.0000000       800.000000      0.364027262       46.2968864       1.17748277E-02   2.54303414E-12   9.22908803E-05   3.10905557E-03  -1.88594257E-07 -0.504324257      0.365000963       2.26959921E-02
   13.0000000       800.000000      0.366944253       46.6631355       1.14931818E-02   2.46275743E-12   9.22124163E-05   3.07265576E-03  -1.79972545E-07 -0.496085882      0.365000933       2.21989602E-02
   2.00000000       800.000000      0.369876415       47.0312233       1.12177851E-02   2.38492624E-12   9.21239189E-05   3.03649390E-03  -1.69472244E-07 -0.487967640      0.365000963       2.17100941E-02
   3.00000000       800.000000      0.372847915       47.4044495       1.09484941E-02   2.30944972E-12   9.20254097E-05   3.00079561E-03  -1.57374330E-07 -0.479959935      0.365000933       2.12289803E-02
   4.00000000       800.000000      0.375840873       47.7758026       1.06853349E-02   2.23627345E-12   9.19192244E-05   2.96551897E-03  -1.43952846E-07 -0.472074389      0.365000933       2.07554977E-02
   5.00000000       800.000000      0.378836393       48.1548996       1.04281288E-02   2.16534256E-12   9.18094302E-05   2.93064304E-03  -1.29480597E-07 -0.464298099      0.365000844       2.02897508E-02
   6.00000000       800.000000      0.381849557       48.5329056       1.01767424E-02   2.09658484E-12   9.17004436E-05   2.89628701E-03  -1.14219574E-07 -0.456636429      0.365000844       1.98318157E-02
   7.00000000       800.000000      0.384928495       48.9166336       9.93108377E-03   2.02994479E-12   9.15940400E-05   2.86208605E-03  -9.84349100E-08 -0.449088991      0.365000784       1.93817094E-02
   8.00000000       800.000000      0.388007849       49.3037720       9.69106518E-03   1.96535301E-12   9.14898337E-05   2.82859127E-03  -8.23760473E-08 -0.441656739      0.365000725       1.89396907E-02
   9.00000000       800.000000      0.391112477       49.6939621       9.45659354E-03   1.90276657E-12   9.13828117E-05   2.79524270E-03  -6.62911148E-08 -0.434334964      0.365000725       1.85057707E-02
   10.0000000       800.000000      0.394236952       50.0870171       9.22751147E-03   1.84211479E-12   9.12672476E-05   2.76242197E-03  -5.04135862E-08 -0.427124470      0.365000695       1.80801228E-02
   11.0000000       800.000000      0.397388846       50.4830971       9.00369603E-03   1.78334019E-12   9.11376483E-05   2.72993115E-03  -3.49698830E-08 -0.420022547      0.365000576       1.76625028E-02
   12.0000000       800.000000      0.400564700       50.8813133       8.78515095E-03   1.72641187E-12   9.09914452E-05   2.69793766E-03  -2.01737702E-08 -0.413029701      0.365000576       1.72528252E-02
   13.0000000       800.000000      0.403795749       51.2825050       8.57161731E-03   1.67124984E-12   9.08293514E-05   2.66610878E-03  -6.22474783E-09 -0.406145453      0.365000576       1.68509670E-02
   2.00000000       800.000000      0.406995207       51.6878319       8.36311560E-03   1.61779216E-12   9.06543937E-05   2.63490574E-03   6.69747457E-09 -0.399367183      0.365000576       1.64566692E-02
   3.00000000       800.000000      0.410275906       52.0953789       8.15947820E-03   1.56602357E-12   9.04710614E-05   2.60391482E-03   1.84385964E-08 -0.392699063      0.365000576       1.60698555E-02
   4.00000000       800.000000      0.413564175       52.5095062       7.96067342E-03   1.51588030E-12   9.02807224E-05   2.57327012E-03   2.88915309E-08 -0.386127651      0.365000606       1.56911034E-02
   5.00000000       800.000000      0.416869521       52.9231834       7.76651269E-03   1.46732333E-12   9.00828236E-05   2.54297885E-03   3.79939529E-08 -0.379664421      0.365000606       1.53198931E-02
   6.00000000       800.000000      0.420203984       53.3436661       7.57704861E-03   1.42027199E-12   8.98735161E-05   2.51304521E-03   4.57182558E-08 -0.373304605      0.365000576       1.49564287E-02
   7.00000000       800.000000      0.423574746       53.7655487       7.39199435E-03   1.37470840E-12   8.96512938E-05   2.48348946E-03   5.20651859E-08 -0.367048711      0.365000695       1.46009410E-02
   8.00000000       800.000000      0.426962882       54.1887779       7.21130800E-03   1.33059449E-12   8.94182231E-05   2.45430716E-03   5.70649412E-08 -0.360885859      0.365000725       1.42528517E-02
   9.00000000       800.000000      0.430381179       54.6191368       7.03500351E-03   1.28786955E-12   8.91797827E-05   2.42556469E-03   6.07643784E-08 -0.354827404      0.365000725       1.39117008E-02
   10.0000000       800.000000      0.433835030       55.0515404       6.86282013E-03   1.24649607E-12   8.89445073E-05   2.39703408E-03   6.32276667E-08 -0.348864377      0.365000784       1.35777220E-02
   11.0000000       800.000000      0.437294513       55.4855461       6.69481652E-03   1.20643513E-12   8.87198039E-05   2.36882595E-03   6.45344969E-08 -0.342998505      0.365000844       1.32508827E-02
   12.0000000       800.000000      0.440796643       55.9234009       6.53085345E-03   1.16764313E-12   8.85089175E-05   2.34089745E-03   6.47803162E-08 -0.337227285      0.365000904       1.29311932E-02
   13.0000000       800.000000      0.444335788       56.3692284       6.37084711E-03   1.13008214E-12   8.83134198E-05   2.31348304E-03   6.40751594E-08 -0.331551105      0.365000904       1.26186870E-02
   2.00000000       800.000000      0.447884768       56.8128738       6.21460658E-03   1.09372082E-12   8.81298474E-05   2.28609657E-03   6.25406855E-08 -0.325969309      0.365000933       1.23134078E-02
   3.00000000       800.000000      0.451492101       57.2652702       6.06213883E-03   1.05851992E-12   8.79559811E-05   2.25926330E-03   6.03009624E-08 -0.320478141      0.365000933       1.20150791E-02
   4.00000000       800.000000      0.455087274       57.7184486       5.91337960E-03   1.02442902E-12   8.77869752E-05   2.23267451E-03   5.74777275E-08 -0.315077424      0.365000933       1.17236292E-02
   5.00000000       800.000000      0.458740443       58.1730003       5.76822273E-03   9.91430354E-13   8.76164268E-05   2.20643566E-03   5.41836052E-08 -0.309765458      0.365001053       1.14391558E-02
   6.00000000       800.000000      0.462410837       58.6358948       5.62651502E-03   9.59479783E-13   8.74381585E-05   2.18054885E-03   5.05207147E-08 -0.304538548      0.365001023       1.11614764E-02
   7.00000000       800.000000      0.466109008       59.0983734       5.48825692E-03   9.28554542E-13   8.72398814E-05   2.15482945E-03   4.65759378E-08 -0.299400568      0.365001023       1.08906412E-02
   8.00000000       800.000000      0.469850868       59.5668716       5.35332225E-03   8.98607848E-13   8.70137883E-05   2.12954544E-03   4.24191384E-08 -0.294345558      0.365001023       1.06263012E-02
   9.00000000       800.000000      0.473630607       60.0369263       5.22165047E-03   8.69620456E-13   8.67579365E-05   2.10440345E-03   3.81113878E-08 -0.289375156      0.365001053       1.03679737E-02
   10.0000000       800.000000      0.477417022       60.5153427       5.09314006E-03   8.41551872E-13   8.64784743E-05   2.07963074E-03   3.37049322E-08 -0.284485906      0.365001053       1.01155108E-02
   11.0000000       800.000000      0.481236160       60.9947357       4.96777100E-03   8.14383879E-13   8.61900553E-05   2.05517560E-03   2.92488309E-08 -0.279677600      0.365001112       9.86842252E-03
   12.0000000       800.000000      0.485106736       61.4788399       4.84542642E-03   7.88089971E-13   8.59122156E-05   2.03097495E-03   2.47908396E-08 -0.274949580      0.365001142       9.62675642E-03
   13.0000000       800.000000      0.489003509       61.9645309       4.72605182E-03   7.62627049E-13   8.56593251E-05   2.00704485E-03   2.03804600E-08 -0.270300210      0.365001142       9.39031877E-03
   2.00000000       800.000000      0.492917389       62.4534645       4.60962066E-03   7.37989097E-13   8.54439568E-05   1.98351312E-03   1.60699365E-08 -0.265729249      0.365001172       9.15965717E-03
   3.00000000       800.000000      0.496857613       62.9518318       4.49601887E-03   7.14152587E-13   8.52673475E-05   1.96014810E-03   1.19154571E-08 -0.261234313      0.365001172       8.93450994E-03
   4.00000000       800.000000      0.500846684       63.4490204       4.38517472E-03   6.91073121E-13   8.51249788E-05   1.93703407E-03   7.97350630E-09 -0.256815195      0.365001172       8.71509407E-03
   5.00000000       800.000000      0.504872501       63.9528084       4.27707145E-03   6.68725437E-13   8.50062861E-05   1.91418582E-03   4.29394564E-09 -0.252468050      0.365001172       8.50142259E-03
   6.00000000       800.000000      0.508909047       64.4573593       4.17154748E-03   6.47106663E-13   8.48949276E-05   1.89164653E-03   9.13927933E-10 -0.248195469      0.365001172       8.29361007E-03
   7.00000000       800.000000      0.512971818       64.9687729       4.06860374E-03   6.26167195E-13   8.47750998E-05   1.86936383E-03  -2.14406559E-09 -0.243994385      0.365001142       8.09094589E-03
   8.00000000       800.000000      0.517089903       65.4843674       3.96817969E-03   6.05908336E-13   8.46391995E-05   1.84731022E-03  -4.86750906E-09 -0.239862382      0.365001142       7.89356790E-03
   9.00000000       800.000000      0.521240056       66.0012741       3.87015473E-03   5.86291107E-13   8.44845781E-05   1.82564603E-03  -7.26085014E-09 -0.235798672      0.365001142       7.70105422E-03
   10.0000000       800.000000      0.525399923       66.5273361       3.77454003E-03   5.67306998E-13   8.43154194E-05   1.80405122E-03  -9.33096000E-09 -0.231801882      0.365001112       7.51325861E-03
   11.0000000       800.000000      0.529633105       67.0519409       3.68121429E-03   5.48932427E-13   8.41414658E-05   1.78288552E-03  -1.10928973E-08 -0.227871791      0.365001112       7.33006559E-03
   12.0000000       800.000000      0.533852458       67.5886993       3.59016866E-03   5.31143543E-13   8.39674176E-05   1.76187884E-03  -1.25606752E-08 -0.224006891      0.365001112       7.15115154E-03
   13.0000000       800.000000      0.538169861       68.1238251       3.50133353E-03   5.13926304E-13   8.37976622E-05   1.74107228E-03  -1.37428673E-08 -0.220203578      0.365001142       6.97685312E-03
   2.00000000       800.000000      0.542478204       68.6609192       3.41467606E-03   4.97258593E-13   8.36339095E-05   1.72048062E-03  -1.46505945E-08 -0.216469318      0.365001142       6.80710655E-03
   3.00000000       800.000000      0.546837091       69.2043610       3.33003723E-03   4.81119539E-13   8.34781749E-05   1.70026033E-03  -1.52986299E-08 -0.212791666      0.365001112       6.64164685E-03
   4.00000000       800.000000      0.551184714       69.7545853       3.24752927E-03   4.65508057E-13   8.33319937E-05   1.68022327E-03  -1.57053766E-08 -0.209173664      0.365001112       6.48079161E-03
   5.00000000       800.000000      0.555633724       70.3113556       3.16696614E-03   4.50385606E-13   8.32005899E-05   1.66035909E-03  -1.58937539E-08 -0.205616400      0.365001112       6.32372731E-03
   6.00000000       800.000000      0.560065687       70.8701859       3.08841839E-03   4.35751478E-13   8.30913996E-05   1.64079957E-03  -1.58900324E-08 -0.202121988      0.365001053       6.17095456E-03
   7.00000000       800.000000      0.564574599       71.4266510       3.01166764E-03   4.21583477E-13   8.30099088E-05   1.62143959E-03  -1.57178306E-08 -0.198675275      0.365001053       6.02221023E-03
   8.00000000       800.000000      0.569091976       71.9988251       2.93685286E-03   4.07870894E-13   8.29547935E-05   1.60233153E-03  -1.53985997E-08 -0.195293158      0.365001053       5.87760611E-03
   9.00000000       800.000000      0.573642910       72.5662689       2.86375941E-03   3.94584945E-13   8.29195924E-05   1.58341601E-03  -1.49487498E-08 -0.191959575      0.365001053       5.73709048E-03
   10.0000000       800.000000      0.578249216       73.1417236       2.79241777E-03   3.81729397E-13   8.28926350E-05   1.56470505E-03  -1.43825609E-08 -0.188683718      0.365001053       5.60063729E-03
   11.0000000       800.000000      0.582887828       73.7225037       2.72279256E-03   3.69276387E-13   8.28631237E-05   1.54622854E-03  -1.37130716E-08 -0.185459554      0.365001053       5.46805887E-03
   12.0000000       800.000000      0.587557673       74.3115692       2.65482580E-03   3.57230575E-13   8.28244374E-05   1.52798998E-03  -1.29552475E-08 -0.182284594      0.365001053       5.33920154E-03
   13.0000000       800.000000      0.592285097       74.9019089       2.58844369E-03   3.45554314E-13   8.27776312E-05   1.50994456E-03  -1.21267218E-08 -0.179157406      0.365001053       5.21381805E-03
   2.00000000       800.000000      0.597044110       75.4963303       2.52363412E-03   3.34248362E-13   8.27285476E-05   1.49206689E-03  -1.12470930E-08 -0.176082253      0.365001023       5.09183062E-03
   3.00000000       800.000000      0.601813197       76.0937424       2.46035377E-03   3.23297839E-13   8.26866526E-05   1.47443172E-03  -1.03356648E-08 -0.173053712      0.365001023       4.97305626E-03
   4.00000000       800.000000      0.606662095       76.6995621       2.39857379E-03   3.12695751E-13   8.26624891E-05   1.45703962E-03  -9.40894829E-09 -0.170072332      0.365001023       4.85756248E-03
   5.00000000       800.000000      0.611538589       77.3089294       2.33821338E-03   3.02427056E-13   8.26668038E-05   1.43980386E-03  -8.47895354E-09 -0.167136401      0.365001023       4.74531250E-03
   6.00000000       800.000000      0.616429627       77.9216690       2.27929256E-03   2.92481696E-13   8.27044423E-05   1.42283726E-03  -7.55312346E-09 -0.164245337      0.365001023       4.63631982E-03
   7.00000000       800.000000      0.621346176       78.5425873       2.22174777E-03   2.82851677E-13   8.27768672E-05   1.40594481E-03  -6.63428912E-09 -0.161396801      0.365001023       4.53064172E-03
   8.00000000       800.000000      0.626343310       79.1605453       2.16552010E-03   2.73522145E-13   8.28823540E-05   1.38931826E-03  -5.72281467E-09 -0.158591345      0.365001023       4.42827493E-03
   9.00000000       800.000000      0.631355822       79.7936478       2.11060466E-03   2.64482663E-13   8.30178251E-05   1.37286040E-03  -4.81903761E-09 -0.155828416      0.365001023       4.32915846E-03
   10.0000000       800.000000      0.636449695       80.4251099       2.05695094E-03   2.55727378E-13   8.31838988E-05   1.35661301E-03  -3.92601640E-09 -0.153102815      0.365001023       4.23328858E-03
   11.0000000       800.000000      0.641569495       81.0633545       2.00452423E-03   2.47245231E-13   8.33808517E-05   1.34058192E-03  -3.04975956E-09 -0.150417417      0.365001023       4.14045528E-03
   12.0000000       800.000000      0.646703839       81.7070923       1.95328542E-03   2.39028767E-13   8.36171384E-05   1.32466503E-03  -2.20181429E-09 -0.147769600      0.365001023       4.05080244E-03
   13.0000000       800.000000      0.651862979       82.3593216       1.90322904E-03   2.31066766E-13   8.39014247E-05   1.30896445E-03  -1.39431555E-09 -0.145157784      0.365001023       3.96426488E-03
   2.00000000       800.000000      0.657104909       83.0148392       1.85433868E-03   2.23353996E-13   8.42446098E-05   1.29343546E-03  -6.40535847E-10 -0.142580315      0.365001023       3.88103537E-03
   3.00000000       800.000000      0.662361264       83.6720734       1.80651760E-03   2.15883233E-13   8.46488401E-05   1.27815036E-03   4.83689651E-11 -0.140037239      0.365001023       3.80084035E-03
   4.00000000       800.000000      0.667716920       84.3404617       1.75978593E-03   2.08637429E-13   8.51125442E-05   1.26293930E-03   6.67970346E-10 -0.137524530      0.365001023       3.72496806E-03
   5.00000000       800.000000      0.673070669       85.0116577       1.71414157E-03   2.01625785E-13   8.56321567E-05   1.24794350E-03   1.21711730E-09 -0.135043457      0.365001023       3.65203083E-03
   6.00000000       800.000000      0.678464949       85.6865540       1.66951690E-03   1.94820302E-13   8.62064626E-05   1.23314746E-03   1.69908798E-09 -0.132588997      0.365001023       3.58430762E-03
   7.00000000       800.000000      0.683868349       86.3630829       1.62583333E-03   1.88234194E-13   8.68327043E-05   1.21854525E-03   2.11819007E-09 -0.130160883      0.365001023       3.51884449E-03
   8.00000000       800.000000      0.689361989       87.0500107       1.58320321E-03   1.81846183E-13   8.75077749E-05   1.20402826E-03   2.47940957E-09 -0.127757639      0.365001023       3.46043962E-03
   9.00000000       800.000000      0.694936693       87.7468338       1.54146191E-03   1.75660498E-13   8.82390159E-05   1.18972466E-03   2.78696244E-09 -0.125370622      0.365001023       3.40251508E-03
   10.0000000       800.000000      0.700467765       88.4404068       1.50072342E-03   1.69665226E-13   8.90765805E-05   1.17564027E-03   3.04282932E-09 -0.123006836      0.365001023       3.35619925E-03
   11.0000000       800.000000      0.706084132       89.1438522       1.46086328E-03   1.63856979E-13   8.99597144E-05   1.16163096E-03   3.24687055E-09 -0.120649628      0.365001023       3.30520724E-03
   12.0000000       800.000000      0.711785257       89.8559036       1.42193178E-03   1.58233317E-13   9.09830560E-05   1.14781712E-03   3.40051609E-09 -0.118324921      0.365001023       3.27578187E-03
   13.0000000       800.000000      0.717506111       90.5660553       1.38394663E-03   1.52786936E-13   9.20159800E-05   1.13421411E-03   3.50531848E-09 -0.115963072      0.365001023       3.23185441E-03
   2.00000000       800.000000      0.723254204       91.2924652       1.34684076E-03   1.47518784E-13   9.32192779E-05   1.12080574E-03   3.56271967E-09 -0.113666639      0.365001023       3.22856684E-03
   3.00000000       800.000000      0.729030788       92.0148239       1.31065643E-03   1.42424944E-13   9.42731785E-05   1.10747234E-03   3.57635899E-09 -0.111281283      0.365001023       3.18954629E-03
   4.00000000       800.000000      0.734885931       92.7492523       1.27541809E-03   1.37496487E-13   9.56029180E-05   1.09441031E-03   3.54928953E-09 -0.108997621      0.365001023       3.22915800E-03
   5.00000000       800.000000      0.740812361       93.4854507       1.24109187E-03   1.32743005E-13   9.65229701E-05   1.08147133E-03   3.48475448E-09 -0.106509551      0.365001023       3.18668084E-03
   6.00000000       800.000000      0.746736884       94.2303009       1.20773970E-03   1.28160489E-13   9.80269906E-05   1.06882933E-03   3.38692119E-09 -0.104259931      0.365001023       3.29904119E-03
   7.00000000       800.000000      0.752711892       94.9802017       1.17541640E-03   1.23744941E-13   9.86519881E-05   1.05620467E-03   3.25843996E-09 -0.101562195      0.365001023       3.22378869E-03
   8.00000000       800.000000      0.758787692       95.7357407       1.14421896E-03   1.19505778E-13   1.00540521E-04   1.04403158E-03   3.09873038E-09  -9.93826315E-02  0.365001023       3.46504268E-03
   9.00000000       800.000000      0.764886141       96.4991150       1.11413898E-03   1.15449290E-13   1.00910147E-04   1.03180343E-03   2.92249380E-09  -9.62831303E-02  0.365001023       3.28976684E-03
   10.0000000       800.000000      0.770997465       97.2638321       1.08525506E-03   1.11567405E-13   1.03208535E-04   1.02018949E-03   2.66056799E-09  -9.43307057E-02  0.365001023       3.85516067E-03
   11.0000000       800.000000      0.777200460       98.0346756       1.05807069E-03   1.07911476E-13   1.15138631E-04   1.00827240E-03   2.48805110E-09  -9.03167650E-02  0.365001023       3.48117435E-03
   12.0000000       800.000000      0.783445537       98.8157425       1.02573493E-03   1.03787977E-13   5.97672770E-05   9.97542986E-04   1.60427156E-19  -8.89003277E-02  0.365001023      -1.76061632E-03
   13.0000000       800.000000      0.789714217       99.6048737       1.00181869E-03   1.00566528E-13   5.95398451E-05   9.85780265E-04  -2.53202231E-20  -9.30891484E-02  0.365001023      -5.30358823E-03
