   0.00000000       190.000000       3.40428352E-02   1.01702809       4.86519188E-04   4.78270418E-12  -8.26142281E-02   1.70756757      -2.05044950E-15  -1.12660811E-03  -6.98045278E-17  -9.86588560E-03
   1.00000000       197.000000       3.40447091E-02   1.05104125       4.78575617E-04   4.55221841E-12  -7.55156726E-02   1.58935535       5.17014257E-15  -1.46247772E-03   1.06216085E-16   3.98325268E-03
   2.00000000       200.000000       3.40499915E-02   1.08514261       4.71007574E-04   4.33965580E-12  -4.68265787E-02   1.24954557     -0.128726155      -8.55364546E-04  -4.38314676E-03   9.08506010E-03
   3.00000000       200.000000       3.40571664E-02   1.11914527       5.58648841E-04   4.99057089E-12  0.103166170       1.12854350     -0.106308319      -8.43724352E-04  -8.00363813E-03  -2.89674848E-03
   4.00000000       200.000000       3.40652503E-02   1.15326166       6.58126548E-04   5.70563085E-12  0.136756495       1.02408624      -7.81009644E-02  -1.05269754E-03  -1.06642088E-02  -5.55851730E-03
   5.00000000       200.000000       3.40752266E-02   1.18727005       7.59196293E-04   6.39301546E-12  0.150206998      0.933325827      -4.70293239E-02  -1.22249010E-03  -1.22667775E-02  -5.39797451E-03
   6.00000000       200.000000       3.40886116E-02   1.22141874       8.68543051E-04   7.10973684E-12  0.154826477      0.859065533      -1.40933665E-02  -1.42065354E-03  -1.27472067E-02  -6.12205360E-03
   7.00000000       200.000000       3.41038704E-02   1.25543642       9.89609980E-04   7.88079931E-12  0.154905021      0.797677636       1.90397818E-02  -1.63997710E-03  -1.20978747E-02  -6.87555689E-03
   8.00000000       200.000000       3.41209993E-02   1.28956389       1.12556701E-03   8.72644665E-12  0.152705640      0.745860457       5.10754399E-02  -1.88974792E-03  -1.03550572E-02  -7.85416737E-03
   9.00000000       200.000000       3.41415480E-02   1.32373023       1.27996667E-03   9.66766424E-12  0.149132177      0.701523900       8.16758946E-02  -2.17612949E-03  -7.56651303E-03  -9.07022040E-03
   10.0000000       200.000000       3.41642797E-02   1.35789859       1.45634217E-03   1.07232053E-11  0.144431546      0.662785828      0.110696331      -2.50929198E-03  -3.78473825E-03  -1.05584813E-02
   11.0000000       200.000000       3.41873281E-02   1.39207828       1.65732228E-03   1.19034999E-11  0.139168054      0.628742695      0.138123795      -2.89781438E-03   9.37374483E-04  -1.23091731E-02
   2.00000000       200.000000       3.42125520E-02   1.42626679       1.88593229E-03   1.32207110E-11  0.133440197      0.598515511      0.163640350      -3.35125439E-03   6.53611263E-03  -1.42935384E-02
   3.00000000       200.000000       3.42412032E-02   1.46045995       2.14609876E-03   1.46919889E-11  0.127588525      0.571230888      0.186223552      -3.87628865E-03   1.29127810E-02  -1.65529065E-02
   4.00000000       200.000000       3.42717990E-02   1.49468386       2.44343211E-03   1.63441725E-11  0.121597119      0.546672761      0.204406008      -4.48537618E-03   1.99183356E-02  -1.92294195E-02
   5.00000000       200.000000       3.43041234E-02   1.52902329       2.78469664E-03   1.82092084E-11  0.115578286      0.524363756      0.216743752      -5.19500999E-03   2.73538660E-02  -2.24406235E-02
   6.00000000       200.000000       3.43400165E-02   1.56331646       3.17721325E-03   2.03198500E-11  0.109439656      0.503775179      0.222052187      -6.02583447E-03   3.49792205E-02  -2.61643827E-02
   7.00000000       200.000000       3.43780145E-02   1.59766877       3.62736522E-03   2.26999617E-11  0.103742912      0.484567136      0.218983039      -6.99296687E-03   4.25072573E-02  -3.08665168E-02
   8.00000000       400.000000       3.44163403E-02   1.63212323       4.14344342E-03   2.53831418E-11   9.84298512E-02  0.465688765      0.208238989      -8.14928021E-03   4.96741682E-02  -3.56496274E-02
   9.00000000       400.000000       3.44596468E-02   1.66651404       4.72682854E-03   2.83587320E-11   9.23123285E-02  0.449061841      0.190558597      -9.44835693E-03   5.62405698E-02  -4.05845195E-02
   10.0000000       400.000000       3.45019177E-02   1.70102203       5.38516790E-03   3.16535860E-11   8.70134458E-02  0.434144616      0.166340649      -1.09480247E-02   6.19797409E-02  -4.65968922E-02
   11.0000000       400.000000       3.45477760E-02   1.73553383       6.12465804E-03   3.52841298E-11   8.23495314E-02  0.420900673      0.135201156      -1.26658957E-02   6.66507483E-02  -5.30631617E-02
   12.0000000       400.000000       3.45973931E-02   1.77006423       6.95137773E-03   3.92648518E-11   7.82800466E-02  0.408768058       9.70923230E-02  -1.46170631E-02   7.00097382E-02  -6.01182766E-02
   13.0000000       400.000000       3.46456654E-02   1.80469894       7.86907226E-03   4.35957867E-11   7.47154057E-02  0.397530466       5.23395538E-02  -1.68287028E-02   7.18231350E-02  -6.75764754E-02
   2.00000000       400.000000       3.46989296E-02   1.83938944       8.87873210E-03   4.82622518E-11   7.17041641E-02  0.387115061       2.20776629E-03  -1.93032399E-02   7.18996748E-02  -7.52582252E-02
   3.00000000       400.000000       3.47537622E-02   1.87406790       9.98071954E-03   5.32471775E-11   6.90982863E-02  0.377344370      -5.15582077E-02  -2.20557097E-02   7.01077953E-02  -8.32432285E-02
   4.00000000       400.000000       3.48123796E-02   1.90886545       1.11767417E-02   5.85415882E-11   6.67626932E-02  0.367917120     -0.107495166      -2.50941459E-02   6.63656890E-02  -9.15834978E-02
   5.00000000       400.000000       3.48717459E-02   1.94381344       1.24675939E-02   6.41322759E-11   6.47699758E-02  0.358884722     -0.164351657      -2.84374487E-02   6.06346950E-02 -0.100370899    
   6.00000000       400.000000       3.49331126E-02   1.97864985       1.38539914E-02   7.00068267E-11   6.30045235E-02  0.350239247     -0.220752180      -3.21003310E-02   5.29232845E-02 -0.109335713    
   7.00000000       400.000000       3.49960364E-02   2.01366401       1.53365843E-02   7.61533822E-11   6.13538548E-02  0.341814727     -0.275141895      -3.60830873E-02   4.32944596E-02 -0.118473299    
   8.00000000       400.000000       3.50628383E-02   2.04869795       1.69144757E-02   8.25522567E-11   5.99192306E-02  0.333730340     -0.326057255      -4.04003710E-02   3.18621993E-02 -0.127798438    
   9.00000000       400.000000       3.51311862E-02   2.08382654       1.85859762E-02   8.91822241E-11   5.86806796E-02  0.325913429     -0.372139335      -4.50536311E-02   1.87887959E-02 -0.137155786    
   10.0000000       400.000000       3.52015831E-02   2.11898565       2.03487277E-02   9.60203791E-11   5.76257668E-02  0.318295151     -0.412283212      -5.00467233E-02   4.27608145E-03 -0.146579221    
   11.0000000       400.000000       3.52728553E-02   2.15418029       2.22013239E-02   1.03048632E-10   5.67485951E-02  0.310950279     -0.445510715      -5.53836562E-02  -1.14386799E-02 -0.156100288    
   12.0000000       400.000000       3.53475511E-02   2.18945503       2.41422467E-02   1.10250406E-10   5.60439862E-02  0.303824842     -0.470902711      -6.10709339E-02  -2.80844402E-02 -0.165703267    
   13.0000000       400.000000       3.54251340E-02   2.22494793       2.61692945E-02   1.17606869E-10   5.54879755E-02  0.296934009     -0.487697273      -6.71113357E-02  -4.53616232E-02 -0.175332218    
   2.00000000       400.000000       3.55066359E-02   2.26028228       2.82802489E-02   1.25099389E-10   5.49888015E-02  0.290281743     -0.495387197      -7.35074431E-02  -6.29505962E-02 -0.184909701    
   3.00000000       400.000000       3.55888382E-02   2.29589605       3.04717161E-02   1.32706554E-10   5.45159504E-02  0.283829480     -0.493861884      -8.02571028E-02  -8.05258825E-02 -0.194397151    
   4.00000000       400.000000       3.56727764E-02   2.33153582       3.27396095E-02   1.40404605E-10   5.41128740E-02  0.277589768     -0.483490020      -8.73598903E-02  -9.77726430E-02 -0.203800455    
   5.00000000       400.000000       3.57585363E-02   2.36718988       3.50802019E-02   1.48172682E-10   5.37426099E-02  0.271516085     -0.465069830      -9.48143601E-02 -0.114402525     -0.213081360    
   6.00000000       400.000000       3.58451568E-02   2.40296197       3.74898426E-02   1.55991747E-10   5.33831082E-02  0.265625209     -0.439668953     -0.102617592     -0.130163074     -0.222218424    
   7.00000000       400.000000       3.59365791E-02   2.43895650       3.99659835E-02   1.63847574E-10   5.29734716E-02  0.259889901     -0.408376962     -0.110766001     -0.144839197     -0.231236383    
   8.00000000       400.000000       3.60317938E-02   2.47496963       4.25048135E-02   1.71722372E-10   5.24614863E-02  0.254318267     -0.372230172     -0.119259194     -0.158250988     -0.240145713    
   9.00000000       400.000000       3.61256152E-02   2.51087451       4.51032445E-02   1.79602028E-10   5.19974865E-02  0.248911947     -0.332213312     -0.128094256     -0.170252636     -0.248868942    
   10.0000000       400.000000       3.62243615E-02   2.54723430       4.77579385E-02   1.87472177E-10   5.16207591E-02  0.243660316     -0.288981229     -0.137264907     -0.180720881     -0.257325292    
   11.0000000       400.000000       3.63236889E-02   2.58347154       5.04646674E-02   1.95315916E-10   5.12626432E-02  0.238577291     -0.242822647     -0.146762922     -0.189541265     -0.265721411    
   12.0000000       400.000000       3.64281610E-02   2.61973166       5.32229207E-02   2.03131206E-10   5.08698784E-02  0.233653679     -0.193924397     -0.156596765     -0.196605504     -0.273810625    
   13.0000000       400.000000       3.65312435E-02   2.65625191       5.60270697E-02   2.10897244E-10   5.04856631E-02  0.228863001     -0.142587692     -0.166740015     -0.201814145     -0.281444669    
   2.00000000       400.000000       3.66381556E-02   2.69287086       5.88735268E-02   2.18600651E-10   5.01564443E-02  0.224202067      -8.95808190E-02 -0.177190512     -0.205096379     -0.288688511    
   3.00000000       400.000000       3.67491208E-02   2.72951531       6.17545433E-02   2.26215810E-10   4.98878472E-02  0.219665259      -3.65945585E-02 -0.187926203     -0.206441283     -0.295314103    
   4.00000000       400.000000       3.68596762E-02   2.76648116       6.46652579E-02   2.33726899E-10   4.96491864E-02  0.215245485       1.39084477E-02 -0.198928237     -0.205928490     -0.301054597    
   5.00000000       400.000000       3.69738303E-02   2.80324292       6.75950497E-02   2.41098613E-10   4.93995920E-02  0.210934028       5.93565367E-02 -0.210154772     -0.203734294     -0.305674970    
   6.00000000       400.000000       3.70923392E-02   2.84031177       7.05338717E-02   2.48301574E-10   4.91323769E-02  0.206732869       9.79826450E-02 -0.221568346     -0.200099424     -0.309227526    
   7.00000000       400.000000       3.72101963E-02   2.87746811       7.34757930E-02   2.55318378E-10   4.88407575E-02  0.202640563      0.129892066     -0.233130589     -0.195266098     -0.311968893    
   8.00000000       400.000000       3.73310633E-02   2.91468883       7.64176399E-02   2.62145528E-10   4.85117547E-02  0.198656663      0.156700552     -0.244823247     -0.189416364     -0.314043224    
   9.00000000       400.000000       3.74547355E-02   2.95214677       7.93546736E-02   2.68772948E-10   4.81274575E-02  0.194778070      0.180519491     -0.256617486     -0.182654768     -0.315354973    
   10.0000000       400.000000       3.75822932E-02   2.98967767       8.22807327E-02   2.75185291E-10   4.76934165E-02  0.191002339      0.202815607     -0.268486768     -0.175032690     -0.315963507    
   11.0000000       400.000000       3.77115831E-02   3.02733731       8.51924717E-02   2.81381113E-10   4.72008362E-02  0.187327862      0.223895118     -0.280406773     -0.166589409     -0.315762341    
   12.0000000       400.000000       3.78417671E-02   3.06507659       8.80841240E-02   2.87346147E-10   4.66349572E-02  0.183750525      0.242701605     -0.292343169     -0.157405287     -0.314995289    
   13.0000000       400.000000       3.79736088E-02   3.10296249       9.09561738E-02   2.93090802E-10   4.59789075E-02  0.180268511      0.257723808     -0.304288685     -0.147618189     -0.314139843    
   2.00000000       400.000000       3.81093584E-02   3.14102793       9.38095525E-02   2.98623876E-10   4.52251472E-02  0.176879987      0.268008709     -0.316244364     -0.137404084     -0.313635349    
   3.00000000       400.000000       3.82481478E-02   3.17926812       9.66505334E-02   3.03973013E-10   4.44056429E-02  0.173582479      0.273839504     -0.328237593     -0.126930133     -0.313525885    
   4.00000000       400.000000       3.83906849E-02   3.21746230       9.94823575E-02   3.09153203E-10   4.35328372E-02  0.170374036      0.276954710     -0.340272695     -0.116297916     -0.313816398    
   5.00000000       400.000000       3.85340862E-02   3.25593615      0.102309145       3.14182208E-10   4.25963402E-02  0.167252868      0.279670417     -0.352377564     -0.105521202     -0.314667553    
   6.00000000       400.000000       3.86794209E-02   3.29459786      0.105135843       3.19079735E-10   4.15970236E-02  0.164216071      0.284025580     -0.364568979      -9.45355222E-02 -0.315948963    
   7.00000000       400.000000       3.88261117E-02   3.33332801      0.107964724       3.23856136E-10   4.05346528E-02  0.161261559      0.290855765     -0.376865238      -8.32424238E-02 -0.317712396    
   8.00000000       400.000000       3.89781781E-02   3.37215042      0.110801637       3.28531646E-10   3.93980704E-02  0.158386633      0.299553365     -0.389288604      -7.15667754E-02 -0.319802999    
   9.00000000       400.000000       3.91310640E-02   3.41121101      0.113648489       3.33114814E-10   3.81737724E-02  0.155589312      0.308542699     -0.401844740      -5.94933815E-02 -0.322201222    
   10.0000000       400.000000       3.92854065E-02   3.45050335      0.116511598       3.37626233E-10   3.68453600E-02  0.152867690      0.316187710     -0.414554864      -4.70714979E-02 -0.325212866    
   11.0000000       400.000000       3.94439995E-02   3.48992372      0.119401507       3.42097378E-10   3.53531614E-02  0.150221705      0.321775705     -0.427448153      -3.43792997E-02 -0.329107881    
   12.0000000       400.000000       3.96043137E-02   3.52931929      0.122324333       3.46546458E-10   3.37150209E-02  0.147651151      0.325695843     -0.440570474      -2.14801058E-02 -0.333876342    
   13.0000000       400.000000       3.97699885E-02   3.56905532      0.125296965       3.51022017E-10   3.19718421E-02  0.145153329      0.329109311     -0.453949541      -8.39201640E-03 -0.339741200    
   2.00000000       400.000000       3.99327539E-02   3.60901117      0.128331885       3.55553836E-10   3.00379489E-02  0.142728493      0.332870930     -0.467647821       4.90085501E-03 -0.346473724    
   3.00000000       400.000000       4.01016437E-02   3.64905024      0.131447285       3.60191016E-10   2.78681964E-02  0.140377283      0.336531073     -0.481679738       1.83965322E-02 -0.353899419    
   4.00000000       400.000000       4.02740240E-02   3.68916464      0.134667844       3.64996394E-10   2.53979620E-02  0.138098493      0.338669151     -0.496093392       3.20357531E-02 -0.363052487    
   5.00000000       400.000000       4.04453352E-02   3.72949243      0.137997583       3.69973829E-10   2.27899421E-02  0.135886788      0.338416964     -0.510985970       4.57235873E-02 -0.375309110    
   6.00000000       400.000000       4.06209007E-02   3.77015471      0.141462043       3.75184994E-10   2.02204734E-02  0.133731142      0.335373193     -0.526518703       5.93473315E-02 -0.388540685    
   7.00000000       400.000000       4.08019014E-02   3.81062984      0.145124212       3.80786042E-10   1.77076589E-02  0.131629765      0.328745574     -0.542621970       7.27607161E-02 -0.404552400    
   8.00000000       400.000000       4.09835242E-02   3.85157919      0.148996294       3.86794541E-10   1.53103499E-02  0.129580349      0.318624735     -0.559605122       8.58187526E-02 -0.426561713    
   9.00000000       400.000000       4.11677249E-02   3.89264297      0.153106451       3.93270277E-10   1.31944316E-02  0.127567172      0.304613680     -0.577663362       9.83587056E-02 -0.457099378    
   10.0000000       800.000000       4.13518026E-02   3.93391180      0.157461360       4.00214473E-10   1.15361176E-02  0.125578895      0.284996361     -0.597324431      0.110144056     -0.491985351    
   11.0000000       800.000000       4.15420607E-02   3.97551847      0.161999285       4.07456235E-10   1.00440271E-02  0.123612069      0.256670356     -0.618447363      0.120806858     -0.523123503    
   12.0000000       800.000000       4.17331755E-02   4.01692963      0.166691169       4.14911550E-10   8.70223064E-03  0.121673368      0.218143612     -0.640888691      0.129910782     -0.546912491    
   13.0000000       800.000000       4.19295840E-02   4.05884504      0.171495348       4.22469421E-10   7.50581548E-03  0.119763441      0.173649967     -0.664203227      0.137191504     -0.563801646    
   2.00000000       800.000000       4.21275869E-02   4.10084629      0.176396206       4.30090075E-10   6.44004624E-03  0.117885560      0.132145181     -0.688278079      0.142758340     -0.568608284    
   3.00000000       800.000000       4.23264094E-02   4.14324856      0.181338340       4.37633513E-10   5.50525961E-03  0.116042376      0.101603545     -0.712224185      0.147058681     -0.551606596    
   4.00000000       800.000000       4.25276794E-02   4.18554831      0.186254174       4.44941139E-10   4.66581155E-03  0.114235729       8.54194909E-02 -0.735084534      0.150691599     -0.519818008    
   5.00000000       800.000000       4.27326299E-02   4.22826385      0.191074327       4.51854137E-10   3.87868844E-03  0.112468913       7.91867897E-02 -0.756543517      0.154075310     -0.483651251    
   6.00000000       800.000000       4.29400988E-02   4.27117634      0.195755765       4.58282468E-10   3.15916282E-03  0.110743053       7.28620589E-02 -0.776521325      0.157204300     -0.446234971    
   7.00000000       800.000000       4.31519486E-02   4.31416321      0.200183466       4.63971667E-10   2.52087112E-03  0.109058663       5.80130368E-02 -0.794961512      0.159707502     -0.419516832    
   8.00000000       800.000000       4.33655083E-02   4.35740662      0.204400539       4.69042138E-10   1.95148389E-03  0.107415490       3.29781994E-02 -0.812816083      0.161137834     -0.409681112    
   9.00000000       800.000000       4.35808785E-02   4.40067959      0.208462670       4.73636130E-10   1.45414483E-03  0.105810687       2.06893613E-03 -0.830582201      0.161227942     -0.407272428    
   10.0000000       800.000000       4.38009016E-02   4.44439697      0.212398320       4.77834938E-10   1.01445359E-03  0.104243584      -2.77235843E-02 -0.848405778      0.160013601     -0.405020952    
   11.0000000       800.000000       4.40220647E-02   4.48833799      0.216194719       4.81618245E-10   6.28376554E-04  0.102712058      -5.10674529E-02 -0.866153538      0.157765538     -0.399341434    
   12.0000000       800.000000       4.42490242E-02   4.53246212      0.219916448       4.85138874E-10   2.67501629E-04  0.101214744      -6.60998449E-02 -0.883656681      0.154840559     -0.395927936    
   13.0000000       800.000000       4.44775447E-02   4.57707596      0.223514214       4.88296237E-10  -8.23928349E-05   9.97503027E-02  -7.38296881E-02 -0.901281655      0.151557058     -0.385091186    
   2.00000000       800.000000       4.47068773E-02   4.62136841      0.226660132       4.90392338E-10  -3.47240159E-04   9.83183831E-02  -7.67012015E-02 -0.917999208      0.148127839     -0.337046653    
   3.00000000       800.000000       4.49385233E-02   4.66624355      0.228778407       4.90218977E-10  -4.08071704E-04   9.69176739E-02  -8.02562684E-02 -0.931497395      0.144521311     -0.252266616    
   4.00000000       800.000000       4.51754220E-02   4.71121693      0.229970619       4.88061314E-10  -3.40694794E-04   9.55481678E-02  -8.79471675E-02 -0.940733373      0.140548304     -0.173918635    
   5.00000000       800.000000       4.54156250E-02   4.75678205      0.230600625       4.84738250E-10  -2.67313037E-04   9.42090079E-02  -9.73938704E-02 -0.947250009      0.136125013     -0.117753781    
   6.00000000       800.000000       4.56556603E-02   4.80203438      0.230718851       4.80389062E-10  -2.13355699E-04   9.28988233E-02 -0.101320945     -0.951455891      0.131499156      -6.70638159E-02
   7.00000000       800.000000       4.59001064E-02   4.84787893      0.230297163       4.74982498E-10  -1.91756451E-04   9.16173607E-02  -9.78741422E-02 -0.953392088      0.127006903      -1.98027007E-02
   8.00000000       800.000000       4.61495221E-02   4.89382601      0.229344279       4.68568351E-10  -2.06935452E-04   9.03632939E-02  -9.00662094E-02 -0.953279316      0.122850060       1.61904525E-02
   9.00000000       800.000000       4.64015417E-02   4.94037914      0.227918953       4.61295613E-10  -2.60399887E-04   8.91357809E-02  -8.20248574E-02 -0.951893389      0.119044147       3.12954038E-02
   10.0000000       800.000000       4.66544069E-02   4.98703766      0.226119623       4.53383942E-10  -3.49346868E-04   8.79335627E-02  -7.58054182E-02 -0.950367987      0.115507595       2.15693843E-02
   11.0000000       800.000000       4.69110720E-02   5.03345490      0.224081784       4.45121856E-10  -4.62496624E-04   8.67544860E-02  -7.12512732E-02 -0.949875414      0.112165101      -8.78980383E-03
   12.0000000       800.000000       4.71705161E-02   5.08080530      0.221952245       4.36809727E-10  -5.85446542E-04   8.55963007E-02  -6.71595633E-02 -0.951194823      0.108997159      -4.83226217E-02
   13.0000000       800.000000       4.74330559E-02   5.12793064      0.219854921       4.28689695E-10  -7.05344894E-04   8.44574571E-02  -6.25450164E-02 -0.954446554      0.106030427      -8.47985819E-02
   2.00000000       800.000000       4.76989783E-02   5.17558718      0.217875108       4.20926044E-10  -8.08555516E-04   8.33360851E-02  -5.75869903E-02 -0.959260523      0.103283577     -0.110660218    
   3.00000000       800.000000       4.79672700E-02   5.22343826      0.216060936       4.13598711E-10  -8.88119277E-04   8.22312161E-02  -5.29071875E-02 -0.965033114      0.100745849     -0.124408498    
   4.00000000       800.000000       4.82396744E-02   5.27148342      0.214425534       4.06723266E-10  -9.42647748E-04   8.11423883E-02  -4.87229005E-02 -0.971230149       9.83953774E-02 -0.128362700    
   5.00000000       800.000000       4.85143214E-02   5.32006216      0.212939858       4.00231293E-10  -9.75166506E-04   8.00695568E-02  -4.50448543E-02 -0.977453351       9.62099433E-02 -0.126828536    
   6.00000000       800.000000       4.87925000E-02   5.36836243      0.211570218       3.94053068E-10  -9.91333392E-04   7.90128708E-02  -4.18760292E-02 -0.983572662       9.41668525E-02 -0.123960592    
   7.00000000       800.000000       4.90735136E-02   5.41723442      0.210280359       3.88113625E-10  -9.96514107E-04   7.79725239E-02  -3.90650630E-02 -0.989584625       9.22496915E-02 -0.121877067    
   8.00000000       800.000000       4.93605398E-02   5.46674824      0.209046170       3.82361753E-10  -9.95699083E-04   7.69479051E-02  -3.64911370E-02 -0.995569527       9.04484838E-02 -0.121083342    
   9.00000000       800.000000       4.96459454E-02   5.51635075      0.207847670       3.76757681E-10  -9.91851441E-04   7.59387091E-02  -3.41527723E-02  -1.00157201       8.87530074E-02 -0.121558011    
   10.0000000       800.000000       4.99367975E-02   5.56616688      0.206684485       3.71296882E-10  -9.85850231E-04   7.49453083E-02  -3.19404267E-02  -1.00767362       8.71578753E-02 -0.122807503    
   11.0000000       800.000000       5.02316244E-02   5.61612844      0.205553368       3.65972475E-10  -9.76459589E-04   7.39665851E-02  -2.96655223E-02  -1.01387310       8.56677890E-02 -0.124244355    
   12.0000000       800.000000       5.05279116E-02   5.66623640      0.204458624       3.60788011E-10  -9.64156701E-04   7.30029941E-02  -2.74351686E-02  -1.02019322       8.42816085E-02 -0.125086308    
   13.0000000       800.000000       5.08273505E-02   5.71697474      0.203393087       3.55725283E-10  -9.48760833E-04   7.20537901E-02  -2.56455000E-02  -1.02655184       8.29780996E-02 -0.125590965    
   2.00000000       800.000000       5.11321910E-02   5.76780939      0.202375039       3.50815876E-10  -9.29182454E-04   7.11187050E-02  -2.42215022E-02  -1.03299797       8.17396119E-02 -0.127646878    
   3.00000000       800.000000       5.14377542E-02   5.81939650      0.201436386       3.46112305E-10  -8.95646983E-04   7.01976493E-02  -2.27255989E-02  -1.03964376       8.05706009E-02 -0.128954932    
   4.00000000       800.000000       5.17485440E-02   5.87104797      0.200534001       3.41533551E-10  -8.60728207E-04   6.92906007E-02  -2.11027339E-02  -1.04630423       7.94785172E-02 -0.128445491    
   5.00000000       800.000000       5.20629622E-02   5.92277527      0.199664637       3.37073147E-10  -8.21212190E-04   6.83971867E-02  -1.96267273E-02  -1.05297911       7.84569085E-02 -0.128150091    
   6.00000000       800.000000       5.23787588E-02   5.97483015      0.198832601       3.32734479E-10  -7.78089918E-04   6.75171018E-02  -1.84177365E-02  -1.05968750       7.74920434E-02 -0.127512649    
   7.00000000       800.000000       5.26992045E-02   6.02751064      0.198020637       3.28487848E-10  -7.33299588E-04   6.66501075E-02  -1.73236206E-02  -1.06637836       7.65791386E-02 -0.126139194    
   8.00000000       800.000000       5.30240014E-02   6.08028364      0.197218716       3.24312271E-10  -6.90691406E-04   6.57966435E-02  -1.62343737E-02  -1.07302439       7.57182389E-02 -0.123747185    
   9.00000000       800.000000       5.33496812E-02   6.13364077      0.196407050       3.20178023E-10  -6.51205599E-04   6.49553761E-02  -1.52687496E-02  -1.07954156       7.49036670E-02 -0.121441506    
   10.0000000       800.000000       5.36804311E-02   6.18732548      0.195603102       3.16108778E-10  -6.13125390E-04   6.41265288E-02  -1.44382995E-02  -1.08602118       7.41286725E-02 -0.119193122    
   11.0000000       800.000000       5.40157408E-02   6.24103832      0.194790706       3.12080473E-10  -5.78744395E-04   6.33108318E-02  -1.36211384E-02  -1.09237766       7.33928457E-02 -0.116717562    
   12.0000000       800.000000       5.43518029E-02   6.29508209      0.193981081       3.08108733E-10  -5.46786003E-04   6.25064149E-02  -1.27704237E-02  -1.09867060       7.26988316E-02 -0.114721112    
   13.0000000       800.000000       5.46922497E-02   6.34962225      0.193172663       3.04188730E-10  -5.16874425E-04   6.17140494E-02  -1.20148528E-02  -1.10488796       7.20416531E-02 -0.112797610    
   2.00000000       800.000000       5.50380871E-02   6.40445566      0.192365512       3.00323738E-10  -4.89245285E-04   6.09332025E-02  -1.13194669E-02  -1.11104774       7.14186206E-02 -0.111040153    
   3.00000000       800.000000       5.53847216E-02   6.45976830      0.191559076       2.96507902E-10  -4.63609817E-04   6.01639710E-02  -1.05843451E-02  -1.11714935       7.08324760E-02 -0.109405510    
   4.00000000       800.000000       5.57359010E-02   6.51546860      0.190752134       2.92742275E-10  -4.40095377E-04   5.94057254E-02  -9.84706078E-03  -1.12320614       7.02836514E-02 -0.108132429    
   5.00000000       800.000000       5.60912378E-02   6.57112312      0.189949796       2.89029550E-10  -4.17514151E-04   5.86584993E-02  -9.15830955E-03  -1.12924016       6.97699636E-02 -0.107277371    
   6.00000000       800.000000       5.64479530E-02   6.62756824      0.189153224       2.85374085E-10  -3.95207811E-04   5.79220541E-02  -8.50515068E-03  -1.13527811       6.92898780E-02 -0.106780611    
   7.00000000       800.000000       5.68098128E-02   6.68420267      0.188364401       2.81776436E-10  -3.72631795E-04   5.71961552E-02  -7.83892162E-03  -1.14133656       6.88446164E-02 -0.106367879    
   8.00000000       800.000000       5.71758151E-02   6.74102211      0.187580571       2.78231382E-10  -3.50215065E-04   5.64806163E-02  -7.18650641E-03  -1.14740145       6.84336051E-02 -0.105724834    
   9.00000000       800.000000       5.75454868E-02   6.79867172      0.186798096       2.74733181E-10  -3.28496273E-04   5.57753444E-02  -6.58701779E-03  -1.15346324       6.80546090E-02 -0.104858778    
   10.0000000       800.000000       5.79212233E-02   6.85620070      0.186015397       2.71277611E-10  -3.08068644E-04   5.50797358E-02  -5.99770481E-03  -1.15950978       6.77071363E-02 -0.103705242    
   11.0000000       800.000000       5.82982525E-02   6.91421032      0.185227424       2.67858652E-10  -2.89550168E-04   5.43941185E-02  -5.46090957E-03  -1.16551614       6.73888773E-02 -0.102201506    
   12.0000000       800.000000       5.86755127E-02   6.97270107      0.184431702       2.64470973E-10  -2.73738086E-04   5.37182018E-02  -4.95340023E-03  -1.17146528       6.70982227E-02 -0.100450858    
   13.0000000       800.000000       5.90622984E-02   7.03143930      0.183626622       2.61112021E-10  -2.60704022E-04   5.30515127E-02  -4.51577501E-03  -1.17734361       6.68314695E-02  -9.85256732E-02
   2.00000000       800.000000       5.94485030E-02   7.09108067      0.182811603       2.57780824E-10  -2.50689103E-04   5.23941256E-02  -4.11547627E-03  -1.18314075       6.65868968E-02  -9.64975283E-02
   3.00000000       800.000000       5.98436110E-02   7.15043688      0.181985915       2.54476579E-10  -2.43723684E-04   5.17458767E-02  -3.76728270E-03  -1.18885422       6.63614199E-02  -9.43248272E-02
   4.00000000       800.000000       6.02373928E-02   7.21079636      0.181147546       2.51195370E-10  -2.40106761E-04   5.11064231E-02  -3.49495793E-03  -1.19446862       6.61507398E-02  -9.19795036E-02
   5.00000000       800.000000       6.06374219E-02   7.27131176      0.180294305       2.47933535E-10  -2.40361871E-04   5.04756011E-02  -3.27122631E-03  -1.19997299       6.59524724E-02  -8.94014910E-02
   6.00000000       800.000000       6.10392392E-02   7.33202028      0.179421246       2.44685855E-10  -2.45025469E-04   4.98535447E-02  -3.09799332E-03  -1.20534527       6.57633394E-02  -8.66821483E-02
   7.00000000       800.000000       6.14471473E-02   7.39313030      0.178528592       2.41451442E-10  -2.54405721E-04   4.92398627E-02  -2.96277436E-03  -1.21058977       6.55813515E-02  -8.38845596E-02
   8.00000000       800.000000       6.18590638E-02   7.45494413      0.177615270       2.38229242E-10  -2.68391712E-04   4.86341305E-02  -2.86625396E-03  -1.21568990       6.54040724E-02  -8.11852440E-02
   9.00000000       800.000000       6.22721761E-02   7.51700449      0.176688880       2.35029912E-10  -2.86011316E-04   4.80367988E-02  -2.78539094E-03  -1.22066879       6.52305931E-02  -7.90288150E-02
   10.0000000       800.000000       6.26941621E-02   7.57950735      0.175761878       2.31869815E-10  -3.04585497E-04   4.74471189E-02  -2.70740665E-03  -1.22556543       6.50608242E-02  -7.77981505E-02
   11.0000000       800.000000       6.31151870E-02   7.64244461      0.174850568       2.28768865E-10  -3.21583764E-04   4.68654931E-02  -2.64672050E-03  -1.23045444       6.48938715E-02  -7.73613006E-02
   12.0000000       800.000000       6.35424033E-02   7.70559978      0.173961148       2.25734653E-10  -3.34912824E-04   4.62914482E-02  -2.58598337E-03  -1.23536241       6.47293925E-02  -7.74618611E-02
   13.0000000       800.000000       6.39760271E-02   7.76949692      0.173101544       2.22776034E-10  -3.43618944E-04   4.57251780E-02  -2.54415744E-03  -1.24033380       6.45667091E-02  -7.79659525E-02
   2.00000000       800.000000       6.44085407E-02   7.83382225      0.172274560       2.19894519E-10  -3.46410321E-04   4.51662950E-02  -2.50727264E-03  -1.24537325       6.44051805E-02  -7.88244605E-02
   3.00000000       800.000000       6.48498610E-02   7.89831066      0.171483740       2.17094412E-10  -3.43264343E-04   4.46150564E-02  -2.47686589E-03  -1.25052178       6.42445087E-02  -7.98390880E-02
   4.00000000       800.000000       6.52926117E-02   7.96304750      0.170724839       2.14367579E-10  -3.33996373E-04   4.40710559E-02  -2.45391275E-03  -1.25576437       6.40842915E-02  -8.06584209E-02
   5.00000000       800.000000       6.57397360E-02   8.02879810      0.169992372       2.11705861E-10  -3.20617430E-04   4.35344353E-02  -2.42868438E-03  -1.26109135       6.39246926E-02  -8.08320045E-02
   6.00000000       800.000000       6.61928579E-02   8.09504509      0.169271708       2.09090162E-10  -3.04783287E-04   4.30047624E-02  -2.38874159E-03  -1.26642799       6.37665167E-02  -8.02655667E-02
   7.00000000       800.000000       6.66503683E-02   8.16145802      0.168555334       2.06511114E-10  -2.89316144E-04   4.24825437E-02  -2.33509787E-03  -1.27175331       6.36109114E-02  -7.89967254E-02
   8.00000000       800.000000       6.71091229E-02   8.22835445      0.167833492       2.03954964E-10  -2.75310216E-04   4.19670567E-02  -2.25881278E-03  -1.27699614       6.34592772E-02  -7.71360621E-02
   9.00000000       800.000000       6.75772652E-02   8.29508305      0.167103484       2.01419270E-10  -2.64350238E-04   4.14584540E-02  -2.16748030E-03  -1.28214216       6.33129478E-02  -7.52056092E-02
   10.0000000       800.000000       6.80434331E-02   8.36327362      0.166364506       1.98902478E-10  -2.55718565E-04   4.09564972E-02  -2.06254981E-03  -1.28719556       6.31725192E-02  -7.34308958E-02
   11.0000000       800.000000       6.85164854E-02   8.43160915      0.165619165       1.96408056E-10  -2.49267847E-04   4.04612534E-02  -1.95895438E-03  -1.29217112       6.30383119E-02  -7.19373524E-02
   12.0000000       800.000000       6.89990669E-02   8.50011826      0.164869562       1.93937616E-10  -2.43648843E-04   3.99726406E-02  -1.86083221E-03  -1.29708636       6.29098788E-02  -7.08701760E-02
   13.0000000       800.000000       6.94770738E-02   8.56972027      0.164120644       1.91496707E-10  -2.38317138E-04   3.94903496E-02  -1.76623487E-03  -1.30198491       6.27871007E-02  -7.00719059E-02
   2.00000000       800.000000       6.99650571E-02   8.63913631      0.163368359       1.89080876E-10  -2.32620558E-04   3.90142053E-02  -1.67805445E-03  -1.30685997       6.26697764E-02  -6.91953003E-02
   3.00000000       800.000000       7.04544336E-02   8.70913506      0.162612349       1.86688040E-10  -2.27667391E-04   3.85448262E-02  -1.59175461E-03  -1.31170130       6.25576973E-02  -6.80814832E-02
   4.00000000       800.000000       7.09533468E-02   8.77987480      0.161845937       1.84312357E-10  -2.23613461E-04   3.80809307E-02  -1.49861816E-03  -1.31648493       6.24513440E-02  -6.67988881E-02
   5.00000000       800.000000       7.14557767E-02   8.85152435      0.161070734       1.81953910E-10  -2.21078837E-04   3.76231372E-02  -1.39322714E-03  -1.32121432       6.23516887E-02  -6.54674172E-02
   6.00000000       800.000000       7.19595850E-02   8.92326069      0.160284802       1.79611243E-10  -2.19656431E-04   3.71712334E-02  -1.27592345E-03  -1.32587373       6.22600093E-02  -6.41416386E-02
   7.00000000       800.000000       7.24673644E-02   8.99552822      0.159490481       1.77286283E-10  -2.19548863E-04   3.67256105E-02  -1.14718638E-03  -1.33047998       6.21768348E-02  -6.28450513E-02
   8.00000000       800.000000       7.29827210E-02   9.06822109      0.158688173       1.74979642E-10  -2.20284521E-04   3.62850055E-02  -1.00867590E-03  -1.33501554       6.21032268E-02  -6.15832880E-02
   9.00000000       800.000000       7.35015273E-02   9.14107132      0.157881916       1.72696232E-10  -2.21559487E-04   3.58503535E-02  -8.65989306E-04  -1.33949935       6.20396025E-02  -6.06270544E-02
   10.0000000       800.000000       7.40236938E-02   9.21487141      0.157080665       1.70443867E-10  -2.21751121E-04   3.54211964E-02  -7.25919381E-04  -1.34395802       6.19857796E-02  -6.02166355E-02
   11.0000000       800.000000       7.45541826E-02   9.28909588      0.156293452       1.68233649E-10  -2.19261448E-04   3.49977426E-02  -5.95158839E-04  -1.34844482       6.19414821E-02  -6.03494719E-02
   12.0000000       800.000000       7.50876293E-02   9.36382198      0.155525863       1.66069603E-10  -2.12966028E-04   3.45791653E-02  -4.79408540E-04  -1.35298932       6.19055666E-02  -6.07177950E-02
   13.0000000       800.000000       7.56227747E-02   9.43945217      0.154776677       1.63950326E-10  -2.02889118E-04   3.41662988E-02  -3.78806784E-04  -1.35759461       6.18769117E-02  -6.09591976E-02
   2.00000000       800.000000       7.61684179E-02   9.51551723      0.154041290       1.61870073E-10  -1.90062579E-04   3.37588713E-02  -2.91693665E-04  -1.36224318       6.18546307E-02  -6.07373416E-02
   3.00000000       800.000000       7.67170042E-02   9.59179592      0.153310865       1.59818492E-10  -1.76089292E-04   3.33561152E-02  -2.16523535E-04  -1.36688232       6.18379265E-02  -5.98185174E-02
   4.00000000       800.000000       7.72694573E-02   9.66848755      0.152576327       1.57786076E-10  -1.63250632E-04   3.29587013E-02  -1.50241758E-04  -1.37145245       6.18263297E-02  -5.81402481E-02
   5.00000000       800.000000       7.78230131E-02   9.74612713      0.151829422       1.55764707E-10  -1.53012166E-04   3.25669572E-02  -9.31655086E-05  -1.37590027       6.18191138E-02  -5.60524240E-02
   6.00000000       800.000000       7.83851892E-02   9.82425022      0.151069626       1.53753135E-10  -1.46017861E-04   3.21792178E-02  -4.92517902E-05  -1.38020980       6.18152246E-02  -5.40163182E-02
   7.00000000       800.000000       7.89523125E-02   9.90284920      0.150298700       1.51753179E-10  -1.41559300E-04   3.17968503E-02  -1.96798810E-05  -1.38439810       6.18137121E-02  -5.22480048E-02
   8.00000000       800.000000       7.95280412E-02   9.98241329      0.149520278       1.49768906E-10  -1.38832300E-04   3.14192250E-02  -7.67965776E-06  -1.38848937       6.18130192E-02  -5.09091169E-02
   9.00000000       800.000000       8.01055804E-02   10.0623922      0.148739263       1.47804727E-10  -1.36551724E-04   3.10463812E-02  -1.42925137E-05  -1.39252591       6.18118644E-02  -4.99750413E-02
   10.0000000       800.000000       8.06882754E-02   10.1425762      0.147957310       1.45862211E-10  -1.34102680E-04   3.06781288E-02  -3.57085846E-05  -1.39652479       6.18090294E-02  -4.91399430E-02
   11.0000000       800.000000       8.12722519E-02   10.2231703      0.147172242       1.43939125E-10  -1.31829365E-04   3.03143319E-02  -6.59044890E-05  -1.40048361       6.18037917E-02  -4.81009409E-02
   12.0000000       800.000000       8.18665698E-02   10.3048105      0.146380886       1.42031914E-10  -1.30294982E-04   2.99552716E-02  -9.90676781E-05  -1.40437400       6.17955439E-02  -4.68737334E-02
   13.0000000       800.000000       8.24698508E-02   10.3871059      0.145581186       1.40138512E-10  -1.29895285E-04   2.96003241E-02  -1.29879481E-04  -1.40818763       6.17848113E-02  -4.55504097E-02
   2.00000000       800.000000       8.30690786E-02   10.4702911      0.144772679       1.38258432E-10  -1.30850633E-04   2.92499494E-02  -1.53692963E-04  -1.41191256       6.17721602E-02  -4.41829115E-02
   3.00000000       800.000000       8.36792067E-02   10.5531397      0.143957943       1.36394479E-10  -1.32674977E-04   2.89042071E-02  -1.68368759E-04  -1.41555333       6.17581345E-02  -4.30713855E-02
   4.00000000       800.000000       8.42924491E-02   10.6371202      0.143145666       1.34553743E-10  -1.34009984E-04   2.85621621E-02  -1.75080480E-04  -1.41914678       6.17432669E-02  -4.26414981E-02
   5.00000000       800.000000       8.49149227E-02   10.7222576      0.142346755       1.32746911E-10  -1.32680841E-04   2.82248631E-02  -1.77564958E-04  -1.42277122       6.17283024E-02  -4.29243706E-02
   6.00000000       800.000000       8.55400413E-02   10.8070173      0.141568840       1.30980518E-10  -1.27205611E-04   2.78909858E-02  -1.79329203E-04  -1.42646348       6.17129095E-02  -4.35604304E-02
   7.00000000       800.000000       8.61672983E-02   10.8929453      0.140812352       1.29253899E-10  -1.17384639E-04   2.75619794E-02  -1.82102784E-04  -1.43024838       6.16971888E-02  -4.40321974E-02
   8.00000000       800.000000       8.68062824E-02   10.9799843      0.140069678       1.27559435E-10  -1.04598927E-04   2.72363406E-02  -1.85633122E-04  -1.43408263       6.16810136E-02  -4.37833928E-02
   9.00000000       800.000000       8.74475688E-02   11.0664978      0.139327988       1.25885247E-10  -9.15304554E-05   2.69151460E-02  -1.88147766E-04  -1.43787837       6.16645664E-02  -4.24741805E-02
   10.0000000       800.000000       8.80924463E-02   11.1543617      0.138573736       1.24218372E-10  -8.11494829E-05   2.65981555E-02  -1.88412989E-04  -1.44153631       6.16479740E-02  -4.01247628E-02
   11.0000000       800.000000       8.87458175E-02   11.2425718      0.137796953       1.22550720E-10  -7.57828238E-05   2.62846500E-02  -1.87874670E-04  -1.44497406       6.16313256E-02  -3.72226052E-02
   12.0000000       800.000000       8.94047245E-02   11.3320246      0.136997104       1.20881430E-10  -7.58517490E-05   2.59750951E-02  -1.89396567E-04  -1.44816661       6.16144314E-02  -3.45576331E-02
   13.0000000       800.000000       9.00711343E-02   11.4218473      0.136181176       1.19217622E-10  -7.95987871E-05   2.56693773E-02  -1.95279950E-04  -1.45117486       6.15966991E-02  -3.27014588E-02
   2.00000000       800.000000       9.07422155E-02   11.5118284      0.135360420       1.17568497E-10  -8.44443421E-05   2.53671054E-02  -2.06021810E-04  -1.45408249       6.15781359E-02  -3.18280198E-02
   3.00000000       800.000000       9.14164707E-02   11.6033077      0.134543866       1.15941846E-10  -8.79600411E-05   2.50687301E-02  -2.19538357E-04  -1.45697320       6.15580939E-02  -3.15738134E-02
   4.00000000       800.000000       9.20993984E-02   11.6952047      0.133732855       1.14338698E-10  -8.94734330E-05   2.47738753E-02  -2.31482030E-04  -1.45987666       6.15366735E-02  -3.12697515E-02
   5.00000000       800.000000       9.27866399E-02   11.7873383      0.132924750       1.12756603E-10  -8.97634891E-05   2.44825743E-02  -2.38581633E-04  -1.46275282       6.15145005E-02  -3.07353307E-02
   6.00000000       800.000000       9.34779644E-02   11.8806105      0.132119715       1.11195060E-10  -8.90247757E-05   2.41950285E-02  -2.39681860E-04  -1.46559918       6.14921153E-02  -3.02718170E-02
   7.00000000       800.000000       9.41774696E-02   11.9743528      0.131321713       1.09657498E-10  -8.66229238E-05   2.39106175E-02  -2.35691812E-04  -1.46843755       6.14700429E-02  -3.01446412E-02
   8.00000000       800.000000       9.48819369E-02   12.0688763      0.130536884       1.08148268E-10  -8.14329615E-05   2.36297268E-02  -2.28413628E-04  -1.47129691       6.14483133E-02  -3.03530656E-02
   9.00000000       800.000000       9.55979601E-02   12.1640635      0.129767582       1.06669208E-10  -7.30111860E-05   2.33523119E-02  -2.19747468E-04  -1.47421563       6.14272356E-02  -3.05847339E-02
   10.0000000       800.000000       9.63135287E-02   12.2600622      0.129010633       1.05216814E-10  -6.19164130E-05   2.30782367E-02  -2.10219019E-04  -1.47716916       6.14070520E-02  -3.04129757E-02
   11.0000000       800.000000       9.70358253E-02   12.3568468      0.128257439       1.03784439E-10  -4.98243971E-05   2.28075944E-02  -1.99766262E-04  -1.48009717       6.13876954E-02  -2.95200776E-02
   12.0000000       800.000000       9.77677032E-02   12.4544106      0.127497494       1.02362438E-10  -3.91702015E-05   2.25401353E-02  -1.87704980E-04  -1.48292041       6.13692664E-02  -2.76814569E-02
   13.0000000       800.000000       9.85076427E-02   12.5523767      0.126718208       1.00941443E-10  -3.26454756E-05   2.22758763E-02  -1.74165791E-04  -1.48552966       6.13521822E-02  -2.49416251E-02
   2.00000000       800.000000       9.92456749E-02   12.6510534      0.125911981       9.95154861E-11  -3.22348205E-05   2.20147446E-02  -1.60574506E-04  -1.48785222       6.13362081E-02  -2.18635034E-02
   3.00000000       800.000000       9.99961421E-02   12.7503929      0.125081509       9.80865111E-11  -3.74650226E-05   2.17566825E-02  -1.48597872E-04  -1.48988676       6.13212958E-02  -1.92929991E-02
   4.00000000       800.000000      0.100751281       12.8514633      0.124236695       9.66632469E-11  -4.58156101E-05   2.15021074E-02  -1.38241085E-04  -1.49172413       6.13073818E-02  -1.77841913E-02
   5.00000000       800.000000      0.101513669       12.9527330      0.123391226       9.52556714E-11  -5.40964866E-05   2.12502256E-02  -1.27766776E-04  -1.49348402       6.12944886E-02  -1.73672363E-02
   6.00000000       800.000000      0.102282949       13.0543804      0.122556113       9.38722919E-11  -5.96445498E-05   2.10010763E-02  -1.14787515E-04  -1.49526322       6.12826981E-02  -1.76546201E-02
   7.00000000       800.000000      0.103057869       13.1565609      0.121736884       9.25175214E-11  -6.12442891E-05   2.07553171E-02  -9.87269887E-05  -1.49710953       6.12725206E-02  -1.82574410E-02
   8.00000000       800.000000      0.103839546       13.2604132      0.120936677       9.11921788E-11  -5.82162538E-05   2.05122344E-02  -8.11645587E-05  -1.49904168       6.12640791E-02  -1.89912785E-02
   9.00000000       800.000000      0.104626514       13.3645535      0.120155677       8.98966665E-11  -5.07882833E-05   2.02721898E-02  -6.38077036E-05  -1.50106966       6.12575486E-02  -1.95495766E-02
   10.0000000       800.000000      0.105420068       13.4691267      0.119388878       8.86264812E-11  -4.00757854E-05   2.00350024E-02  -4.72216598E-05  -1.50314808       6.12524673E-02  -1.95859596E-02
   11.0000000       800.000000      0.106228657       13.5754204      0.118627593       8.73750308E-11  -2.79031265E-05   1.98007487E-02  -3.13122910E-05  -1.50521433       6.12491965E-02  -1.88808758E-02
   12.0000000       800.000000      0.107034281       13.6821260      0.117861636       8.61341415E-11  -1.66471164E-05   1.95691437E-02  -1.63966906E-05  -1.50717545       6.12473898E-02  -1.73498131E-02
   13.0000000       800.000000      0.107849084       13.7891541      0.117080696       8.48967840E-11  -8.74081161E-06   1.93403829E-02  -2.69492443E-06  -1.50894201       6.12470955E-02  -1.49976956E-02
   2.00000000       800.000000      0.108672515       13.8981247      0.116275340       8.36560821E-11  -6.33990931E-06   1.91143006E-02   9.37227378E-06  -1.51042092       6.12480678E-02  -1.20604793E-02
   3.00000000       800.000000      0.109497771       14.0066690      0.115443051       8.24103633E-11  -1.00639145E-05   1.88910924E-02   1.90514293E-05  -1.51157272       6.12502396E-02  -9.23987944E-03
   4.00000000       800.000000      0.110339761       14.1170921      0.114591703       8.11655604E-11  -1.82153308E-05   1.86704192E-02   2.60234974E-05  -1.51245344       6.12530112E-02  -7.36100785E-03
   5.00000000       800.000000      0.111177742       14.2269335      0.113736920       7.99332753E-11  -2.72688612E-05   1.84521247E-02   3.11858021E-05  -1.51320410       6.12565614E-02  -6.76905550E-03
   6.00000000       800.000000      0.112030037       14.3394938      0.112894438       7.87235069E-11  -3.34096840E-05   1.82363577E-02   3.58433790E-05  -1.51396489       6.12604916E-02  -7.33541744E-03
   7.00000000       800.000000      0.112885214       14.4517355      0.112075135       7.75440753E-11  -3.40881961E-05   1.80232078E-02   3.99384808E-05  -1.51485252       6.12650923E-02  -8.43595993E-03
   8.00000000       800.000000      0.113750286       14.5650282      0.111278899       7.63940300E-11  -2.91462566E-05   1.78127848E-02   4.28981948E-05  -1.51587725       6.12699948E-02  -9.26765986E-03
   9.00000000       800.000000      0.114624061       14.6793976      0.110497840       7.52678614E-11  -2.03218497E-05   1.76048893E-02   4.44438738E-05  -1.51697123       6.12749979E-02  -9.35279299E-03
   10.0000000       800.000000      0.115506783       14.7940674      0.109721534       7.41575967E-11  -1.02120293E-05   1.73993818E-02   4.47832608E-05  -1.51802897       6.12801909E-02  -8.56236462E-03
   11.0000000       800.000000      0.116393380       14.9101496      0.108938903       7.30563110E-11  -1.43302884E-06   1.71960089E-02   4.38575735E-05  -1.51895666       6.12853207E-02  -6.91010943E-03
   12.0000000       800.000000      0.117281690       15.0272551      0.108140178       7.19564755E-11   3.74667934E-06   1.69955045E-02   4.14098358E-05  -1.51963913       6.12901039E-02  -4.61014220E-03
   13.0000000       800.000000      0.118191823       15.1445360      0.107320331       7.08559253E-11   4.15835393E-06   1.67971235E-02   3.75450836E-05  -1.52004004       6.12945743E-02  -2.17355276E-03
   2.00000000       800.000000      0.119099334       15.2630339      0.106481925       6.97561037E-11   1.93253115E-07   1.66009273E-02   3.24219800E-05  -1.52015853       6.12985268E-02  -1.18042721E-04
   3.00000000       800.000000      0.120015435       15.3828135      0.105634153       6.86627977E-11  -6.20671472E-06   1.64071508E-02   2.63587481E-05  -1.52007043       6.13017008E-02   1.08372583E-03
   4.00000000       800.000000      0.120940529       15.5036430      0.104789823       6.75846254E-11  -1.18836460E-05   1.62158571E-02   2.02687152E-05  -1.51989806       6.13041185E-02   1.20755238E-03
   5.00000000       800.000000      0.121867239       15.6249332      0.103961304       6.65292058E-11  -1.38725627E-05   1.60263870E-02   1.46241237E-05  -1.51977682       6.13058358E-02   5.75084996E-04
   6.00000000       800.000000      0.122810721       15.7464323      0.103151940       6.54985233E-11  -1.11726858E-05   1.58392712E-02   9.14652992E-06  -1.51975894       6.13070279E-02  -1.79979979E-05
   7.00000000       800.000000      0.123757191       15.8707790      0.102355368       6.44877901E-11  -5.22486744E-06   1.56548377E-02   3.62747528E-06  -1.51978087       6.13074303E-02   1.18203221E-04
   8.00000000       800.000000      0.124716990       15.9948425      0.101560354       6.34898384E-11   1.30628177E-06   1.54720861E-02  -1.94346444E-06  -1.51972902       6.13071434E-02   1.08135620E-03
   9.00000000       800.000000      0.125679165       16.1200333      0.100758716       6.24995194E-11   6.20753462E-06   1.52914338E-02  -7.57665975E-06  -1.51950717       6.13063015E-02   2.62131705E-03
   10.0000000       800.000000      0.126648560       16.2460766       9.99448746E-02   6.15133638E-11   8.18084027E-06   1.51133062E-02  -1.31268025E-05  -1.51906753       6.13046326E-02   4.43440396E-03
   11.0000000       800.000000      0.127627030       16.3736973       9.91186500E-02   6.05311426E-11   7.09909318E-06   1.49367740E-02  -1.82360400E-05  -1.51838124       6.13022819E-02   6.08507870E-03
   12.0000000       800.000000      0.128622070       16.5009899       9.82851163E-02   5.95559990E-11   4.03904187E-06   1.47626912E-02  -2.27064793E-05  -1.51750672       6.12993725E-02   7.25182286E-03
   13.0000000       800.000000      0.129615709       16.6299458       9.74514186E-02   5.85922422E-11   7.67985682E-07   1.45905521E-02  -2.63032289E-05  -1.51651013       6.12958483E-02   7.83392042E-03
   2.00000000       800.000000      0.130617574       16.7607040       9.66245830E-02   5.76442193E-11  -7.76656975E-07   1.44198798E-02  -2.88876836E-05  -1.51546764       6.12922050E-02   7.84965232E-03
   3.00000000       800.000000      0.131631613       16.8909397       9.58096609E-02   5.67144422E-11   4.39518374E-07   1.42517881E-02  -3.07078371E-05  -1.51445055       6.12881072E-02   7.77911209E-03
   4.00000000       800.000000      0.132658064       17.0234966       9.50026363E-02   5.58000972E-11   3.61002321E-06   1.40855182E-02  -3.20639228E-05  -1.51341319       6.12838641E-02   8.16630665E-03
   5.00000000       800.000000      0.133689612       17.1564980       9.41964015E-02   5.48971250E-11   7.08915150E-06   1.39211044E-02  -3.30916992E-05  -1.51227593       6.12793788E-02   9.00841318E-03
   6.00000000       800.000000      0.134727374       17.2917385       9.33870822E-02   5.40030208E-11   9.58219698E-06   1.37592396E-02  -3.37890633E-05  -1.51099300       6.12749271E-02   1.01718018E-02
   7.00000000       800.000000      0.135772675       17.4260139       9.25709829E-02   5.31156612E-11   1.04029286E-05   1.35986051E-02  -3.39929720E-05  -1.50952160       6.12702891E-02   1.14405872E-02
   8.00000000       800.000000      0.136831790       17.5625153       9.17496532E-02   5.22358129E-11   9.78051412E-06   1.34393843E-02  -3.35694967E-05  -1.50787568       6.12656847E-02   1.24914153E-02
   9.00000000       800.000000      0.137887821       17.6995029       9.09271762E-02   5.13658734E-11   8.69491396E-06   1.32828131E-02  -3.24529792E-05  -1.50609231       6.12609647E-02   1.32192029E-02
   10.0000000       800.000000      0.138969555       17.8388729       9.01072994E-02   5.05076883E-11   8.16075953E-06   1.31278653E-02  -3.06407819E-05  -1.50421453       6.12569563E-02   1.36615764E-02
   11.0000000       800.000000      0.140046909       17.9775219       8.92928690E-02   4.96626455E-11   8.85445206E-06   1.29749794E-02  -2.83435857E-05  -1.50228095       6.12529889E-02   1.39790801E-02
   12.0000000       800.000000      0.141143247       18.1181393       8.84830728E-02   4.88304015E-11   1.06435737E-05   1.28235668E-02  -2.58408563E-05  -1.50028813       6.12493046E-02   1.44459354E-02
   13.0000000       800.000000      0.142242312       18.2606220       8.76748636E-02   4.80089475E-11   1.26831146E-05   1.26738753E-02  -2.33466162E-05  -1.49818826       6.12459667E-02   1.51781710E-02
   2.00000000       800.000000      0.143348306       18.4025784       8.68649706E-02   4.71963649E-11   1.41445116E-05   1.25260707E-02  -2.08913279E-05  -1.49594951       6.12430610E-02   1.61024909E-02
   3.00000000       800.000000      0.144470185       18.5468769       8.60520750E-02   4.63919562E-11   1.46637831E-05   1.23799732E-02  -1.83943830E-05  -1.49355423       6.12403974E-02   1.70489103E-02
   4.00000000       800.000000      0.145599216       18.6916237       8.52376372E-02   4.55963323E-11   1.45210697E-05   1.22353956E-02  -1.57776285E-05  -1.49100614       6.12380579E-02   1.78326890E-02
   5.00000000       800.000000      0.146730632       18.8387299       8.44240636E-02   4.48108564E-11   1.43617817E-05   1.20925996E-02  -1.29874197E-05  -1.48834193       6.12362213E-02   1.84261836E-02
   6.00000000       800.000000      0.147886083       18.9852219       8.36133435E-02   4.40361185E-11   1.46727925E-05   1.19514698E-02  -1.00580573E-05  -1.48557568       6.12346865E-02   1.89170651E-02
   7.00000000       800.000000      0.149040878       19.1336536       8.28056112E-02   4.32722226E-11   1.55664166E-05   1.18123908E-02  -7.15860733E-06  -1.48272526       6.12336211E-02   1.94175448E-02
   8.00000000       800.000000      0.150206983       19.2841053       8.19999352E-02   4.25188391E-11   1.67610833E-05   1.16743827E-02  -4.46480408E-06  -1.47976518       6.12329878E-02   2.00226754E-02
   9.00000000       800.000000      0.151375279       19.4338169       8.11947361E-02   4.17746081E-11   1.78131759E-05   1.15380278E-02  -2.06518462E-06  -1.47668874       6.12325557E-02   2.07342505E-02
   10.0000000       800.000000      0.152559474       19.5859928       8.03890601E-02   4.10393143E-11   1.84493765E-05   1.14035644E-02   5.00748492E-08  -1.47346544       6.12326302E-02   2.14775745E-02
   11.0000000       800.000000      0.153755501       19.7391071       7.95836151E-02   4.03126282E-11   1.87650567E-05   1.12705883E-02   1.94746463E-06  -1.47010779       6.12329207E-02   2.21400727E-02
   12.0000000       800.000000      0.154966682       19.8943138       7.87793398E-02   3.95956080E-11   1.91183171E-05   1.11389095E-02   3.68501651E-06  -1.46663201       6.12335317E-02   2.26893891E-02
   13.0000000       800.000000      0.156182289       20.0499210       7.79773593E-02   3.88884272E-11   1.97724185E-05   1.10091055E-02   5.28912915E-06  -1.46304882       6.12343028E-02   2.31889319E-02
   2.00000000       800.000000      0.157407701       20.2067699       7.71776661E-02   3.81910198E-11   2.07278663E-05   1.08799608E-02   6.71234784E-06  -1.45935464       6.12353608E-02   2.37072390E-02
   3.00000000       800.000000      0.158632427       20.3635406       7.63798729E-02   3.75030597E-11   2.17911820E-05   1.07535347E-02   7.88029411E-06  -1.45555556       6.12366535E-02   2.42766980E-02
   4.00000000       800.000000      0.159881696       20.5234394       7.55830333E-02   3.68237697E-11   2.27483579E-05   1.06277475E-02   8.75252044E-06  -1.45162988       6.12380579E-02   2.48849615E-02
   5.00000000       800.000000      0.161134437       20.6836548       7.47870207E-02   3.61532332E-11   2.35149073E-05   1.05037624E-02   9.34090076E-06  -1.44755757       6.12395741E-02   2.54870374E-02
   6.00000000       800.000000      0.162408039       20.8466339       7.39923716E-02   3.54914396E-11   2.41989201E-05   1.03813028E-02   9.68701897E-06  -1.44337749       6.12411350E-02   2.60315724E-02
   7.00000000       800.000000      0.163673609       21.0080662       7.32001811E-02   3.48387985E-11   2.49802270E-05   1.02596572E-02   9.84130929E-06  -1.43908250       6.12426922E-02   2.65273359E-02
   8.00000000       800.000000      0.164970547       21.1726456       7.24092349E-02   3.41949385E-11   2.59066765E-05   1.01398434E-02   9.83248901E-06  -1.43466866       6.12443089E-02   2.70239543E-02
   9.00000000       800.000000      0.166260168       21.3390827       7.16203824E-02   3.35603698E-11   2.68788390E-05   1.00213289E-02   9.66290281E-06  -1.43012595       6.12459853E-02   2.75441874E-02
   10.0000000       800.000000      0.167571649       21.5048828       7.08343461E-02   3.29340166E-11   2.77858544E-05   9.90475714E-03   9.32329385E-06  -1.42547560       6.12473823E-02   2.80769579E-02
   11.0000000       800.000000      0.168884769       21.6747990       7.00489283E-02   3.23160283E-11   2.85851438E-05   9.78861656E-03   8.81693813E-06  -1.42068517       6.12489879E-02   2.86017526E-02
   12.0000000       800.000000      0.170220941       21.8437004       6.92655966E-02   3.17065540E-11   2.93248486E-05   9.67419613E-03   8.16636930E-06  -1.41576982       6.12504371E-02   2.90963594E-02
   13.0000000       800.000000      0.171562597       22.0148487       6.84834793E-02   3.11057811E-11   3.00821139E-05   9.56152938E-03   7.40179121E-06  -1.41072905       6.12516031E-02   2.95651834E-02
   2.00000000       800.000000      0.172911152       22.1867790       6.77045211E-02   3.05127520E-11   3.08618182E-05   9.44946986E-03   6.55435952E-06  -1.40559113       6.12528138E-02   3.00295595E-02
   3.00000000       800.000000      0.174262822       22.3595982       6.69276118E-02   2.99285041E-11   3.16116748E-05   9.33891721E-03   5.64401671E-06  -1.40030682       6.12537675E-02   3.04955114E-02
   4.00000000       800.000000      0.175636902       22.5350342       6.61530122E-02   2.93527494E-11   3.22896522E-05   9.23007261E-03   4.68300823E-06  -1.39490473       6.12546541E-02   3.09561994E-02
   5.00000000       800.000000      0.177029908       22.7109966       6.53806254E-02   2.87847073E-11   3.28931819E-05   9.12240334E-03   3.68368774E-06  -1.38939571       6.12552091E-02   3.14018056E-02
   6.00000000       800.000000      0.178427994       22.8897495       6.46109506E-02   2.82246657E-11   3.34500437E-05   9.01589729E-03   2.66588108E-06  -1.38374579       6.12556525E-02   3.18288356E-02
   7.00000000       800.000000      0.179832757       23.0675335       6.38418496E-02   2.76723783E-11   3.39824473E-05   8.91056284E-03   1.65181734E-06  -1.37799060       6.12559803E-02   3.22402865E-02
   8.00000000       800.000000      0.181247130       23.2492962       6.30767196E-02   2.71283204E-11   3.44909495E-05   8.80619232E-03   6.64119511E-07  -1.37210560       6.12560846E-02   3.26413475E-02
   9.00000000       800.000000      0.182678327       23.4303741       6.23139814E-02   2.65923793E-11   3.49705042E-05   8.70319642E-03  -2.78834534E-07  -1.36609375       6.12560138E-02   3.30304429E-02
   10.0000000       800.000000      0.184120178       23.6137962       6.15542047E-02   2.60637692E-11   3.54323565E-05   8.60155653E-03  -1.16372632E-06  -1.35997891       6.12558834E-02   3.34039740E-02
   11.0000000       800.000000      0.185574606       23.7995758       6.07977994E-02   2.55433903E-11   3.58950601E-05   8.50090943E-03  -1.97953705E-06  -1.35377693       6.12554736E-02   3.37627083E-02
   12.0000000       800.000000      0.187039450       23.9845982       6.00425228E-02   2.50308108E-11   3.63685285E-05   8.40138085E-03  -2.71593876E-06  -1.34742248       6.12549335E-02   3.41090858E-02
   13.0000000       800.000000      0.188515589       24.1725788       5.92929833E-02   2.45258883E-11   3.68521942E-05   8.30280315E-03  -3.36268067E-06  -1.34094989       6.12543225E-02   3.44442986E-02
   2.00000000       800.000000      0.190003842       24.3626595       5.85448965E-02   2.40281822E-11   3.73466646E-05   8.20555910E-03  -3.91101548E-06  -1.33437383       6.12535924E-02   3.47667672E-02
   3.00000000       800.000000      0.191507503       24.5538692       5.77995032E-02   2.35381263E-11   3.78690129E-05   8.10992252E-03  -4.35591892E-06  -1.32769251       6.12526760E-02   3.50722224E-02
   4.00000000       800.000000      0.193027228       24.7454605       5.70583493E-02   2.30557066E-11   3.84475206E-05   8.01471062E-03  -4.69553515E-06  -1.32088828       6.12518601E-02   3.53605039E-02
   5.00000000       800.000000      0.194553345       24.9383144       5.63196763E-02   2.25808990E-11   3.90950081E-05   7.92118069E-03  -4.93000607E-06  -1.31397796       6.12508431E-02   3.56370993E-02
   6.00000000       800.000000      0.196085945       25.1336231       5.55857867E-02   2.21128307E-11   3.98003431E-05   7.82825332E-03  -5.06074548E-06  -1.30695844       6.12499602E-02   3.59064266E-02
   7.00000000       800.000000      0.197636858       25.3313236       5.48545793E-02   2.16524628E-11   4.05357823E-05   7.73669872E-03  -5.09038273E-06  -1.29984760       6.12489916E-02   3.61701287E-02
   8.00000000       800.000000      0.199212298       25.5304661       5.41262403E-02   2.11990755E-11   4.12767113E-05   7.64639396E-03  -5.02349258E-06  -1.29259825       6.12478778E-02   3.64252478E-02
   9.00000000       800.000000      0.200781316       25.7297115       5.34038134E-02   2.07534510E-11   4.20199103E-05   7.55675696E-03  -4.86725867E-06  -1.28527105       6.12469986E-02   3.66679579E-02
   10.0000000       800.000000      0.202371761       25.9304714       5.26820868E-02   2.03138964E-11   4.27708364E-05   7.46791065E-03  -4.63116839E-06  -1.27781641       6.12460114E-02   3.68973203E-02
   11.0000000       800.000000      0.203978211       26.1335907       5.19646518E-02   1.98815842E-11   4.35348884E-05   7.38075888E-03  -4.32599018E-06  -1.27026904       6.12451062E-02   3.71132493E-02
   12.0000000       800.000000      0.205590189       26.3390236       5.12539670E-02   1.94564989E-11   4.43197787E-05   7.29386695E-03  -3.96363839E-06  -1.26262999       6.12443276E-02   3.73145938E-02
   13.0000000       800.000000      0.207215562       26.5462608       5.05437814E-02   1.90385624E-11   4.51340493E-05   7.20854010E-03  -3.55619068E-06  -1.25487483       6.12435825E-02   3.75019722E-02
   2.00000000       800.000000      0.208862230       26.7531796       4.98385653E-02   1.86268379E-11   4.59798612E-05   7.12408125E-03  -3.11560052E-06  -1.24702799       6.12429455E-02   3.76772881E-02
   3.00000000       800.000000      0.210511744       26.9634609       4.91373762E-02   1.82220159E-11   4.68497528E-05   7.04060821E-03  -2.65359972E-06  -1.23907340       6.12424016E-02   3.78426649E-02
   4.00000000       800.000000      0.212182373       27.1744270       4.84402664E-02   1.78239038E-11   4.77252397E-05   6.95804460E-03  -2.18115770E-06  -1.23102844       6.12419546E-02   3.79996710E-02
   5.00000000       800.000000      0.213867262       27.3881035       4.77479286E-02   1.74318424E-11   4.85841483E-05   6.87658135E-03  -1.70844919E-06  -1.22288775       6.12415783E-02   3.81483547E-02
   6.00000000       800.000000      0.215570495       27.6017551       4.70593609E-02   1.70469593E-11   4.94070664E-05   6.79589482E-03  -1.24453618E-06  -1.21465790       6.12412617E-02   3.82876173E-02
   7.00000000       800.000000      0.217280358       27.8196926       4.63742986E-02   1.66678719E-11   5.01809554E-05   6.71634497E-03  -7.97409541E-07  -1.20632219       6.12411387E-02   3.84155847E-02
   8.00000000       800.000000      0.218995273       28.0367794       4.56939191E-02   1.62954563E-11   5.09000238E-05   6.63757091E-03  -3.73785724E-07  -1.19788575       6.12410419E-02   3.85320298E-02
   9.00000000       800.000000      0.220740929       28.2576332       4.50177602E-02   1.59295372E-11   5.15610591E-05   6.55952655E-03   2.07862509E-08  -1.18937206       6.12409450E-02   3.86353396E-02
   10.0000000       800.000000      0.222490728       28.4788132       4.43460196E-02   1.55695786E-11   5.21641159E-05   6.48291828E-03   3.81894921E-07  -1.18076193       6.12409599E-02   3.87262478E-02
   11.0000000       800.000000      0.224248633       28.7025547       4.36775163E-02   1.52163906E-11   5.27055745E-05   6.40677148E-03   7.06492528E-07  -1.17206872       6.12411499E-02   3.88043411E-02
   12.0000000       800.000000      0.226034790       28.9273281       4.30156924E-02   1.48686341E-11   5.32052800E-05   6.33160351E-03   9.90970193E-07  -1.16329014       6.12414330E-02   3.88667919E-02
   13.0000000       800.000000      0.227838799       29.1540203       4.23569307E-02   1.45272952E-11   5.36822517E-05   6.25723647E-03   1.23522375E-06  -1.15442133       6.12417310E-02   3.89126800E-02
   2.00000000       800.000000      0.229636580       29.3828106       4.17035483E-02   1.41915941E-11   5.41450718E-05   6.18366292E-03   1.43729505E-06  -1.14549649       6.12420663E-02   3.89436670E-02
   3.00000000       800.000000      0.231463313       29.6143074       4.10550423E-02   1.38624546E-11   5.46213087E-05   6.11114642E-03   1.59735544E-06  -1.13649333       6.12425320E-02   3.89591642E-02
   4.00000000       800.000000      0.233298600       29.8444633       4.04127724E-02   1.35388463E-11   5.51289631E-05   6.03945786E-03   1.71582008E-06  -1.12740314       6.12429418E-02   3.89597937E-02
   5.00000000       800.000000      0.235164225       30.0788250       3.97727042E-02   1.32206104E-11   5.56765299E-05   5.96872950E-03   1.79334631E-06  -1.11822116       6.12432919E-02   3.89483906E-02
   6.00000000       800.000000      0.237021416       30.3152733       3.91396321E-02   1.29091781E-11   5.62642963E-05   5.89856412E-03   1.83159887E-06  -1.10897553       6.12436458E-02   3.89251858E-02
   7.00000000       800.000000      0.238909259       30.5545444       3.85110639E-02   1.26027452E-11   5.68924879E-05   5.82903158E-03   1.83267105E-06  -1.09969437       6.12441413E-02   3.88903990E-02
   8.00000000       800.000000      0.240805298       30.7942753       3.78889143E-02   1.23026355E-11   5.75619088E-05   5.76085597E-03   1.79909648E-06  -1.09035933       6.12445325E-02   3.88442837E-02
   9.00000000       800.000000      0.242732763       31.0363560       3.72712389E-02   1.20075391E-11   5.82689245E-05   5.69322286E-03   1.73366129E-06  -1.08091199       6.12449087E-02   3.87876295E-02
   10.0000000       800.000000      0.244650185       31.2805672       3.66574414E-02   1.17179938E-11   5.90079144E-05   5.62629709E-03   1.64012886E-06  -1.07140768       6.12453520E-02   3.87198478E-02
   11.0000000       800.000000      0.246601894       31.5240726       3.60511951E-02   1.14342234E-11   5.97787694E-05   5.55996457E-03   1.52218638E-06  -1.06188416       6.12458289E-02   3.86407822E-02
   12.0000000       800.000000      0.248575494       31.7732716       3.54489684E-02   1.11561819E-11   6.05731293E-05   5.49485395E-03   1.38379630E-06  -1.05230188       6.12461045E-02   3.85521241E-02
   13.0000000       800.000000      0.250549018       32.0229034       3.48530076E-02   1.08828059E-11   6.13757729E-05   5.43020759E-03   1.22919585E-06  -1.04261708       6.12464696E-02   3.84548306E-02
   2.00000000       800.000000      0.252544135       32.2734489       3.42605300E-02   1.06145986E-11   6.21698928E-05   5.36633050E-03   1.06246262E-06  -1.03296888       6.12468198E-02   3.83482501E-02
   3.00000000       800.000000      0.254557490       32.5260506       3.36760953E-02   1.03519051E-11   6.29383721E-05   5.30333444E-03   8.87643012E-07  -1.02322125       6.12470284E-02   3.82331908E-02
   4.00000000       800.000000      0.256586730       32.7818604       3.30959633E-02   1.00942683E-11   6.36676632E-05   5.24086459E-03   7.08983180E-07  -1.01342881       6.12471923E-02   3.81081626E-02
   5.00000000       800.000000      0.258610994       33.0395813       3.25203314E-02   9.84174027E-12   6.43492021E-05   5.17935539E-03   5.30355237E-07  -1.00354040       6.12473041E-02   3.79726142E-02
   6.00000000       800.000000      0.260681123       33.2992859       3.19528021E-02   9.59429931E-12   6.49838912E-05   5.11836680E-03   3.55622291E-07 -0.993692040       6.12473302E-02   3.78249660E-02
   7.00000000       800.000000      0.262756377       33.5623474       3.13886106E-02   9.35145364E-12   6.55806725E-05   5.05823828E-03   1.88349063E-07 -0.983746767       6.12473860E-02   3.76651026E-02
   8.00000000       800.000000      0.264846563       33.8261070       3.08312029E-02   9.11365428E-12   6.61549493E-05   4.99857636E-03   3.14615747E-08 -0.973838031       6.12473637E-02   3.74919176E-02
   9.00000000       800.000000      0.266964108       34.0918350       3.02799866E-02   8.88075030E-12   6.67220665E-05   4.93996916E-03  -1.12701052E-07 -0.963828921       6.12473153E-02   3.73066030E-02
   10.0000000       800.000000      0.269089431       34.3593788       2.97330860E-02   8.65270616E-12   6.72954702E-05   4.88180667E-03  -2.42364138E-07 -0.953815162       6.12472333E-02   3.71097401E-02
   11.0000000       800.000000      0.271236569       34.6304741       2.91938037E-02   8.42926336E-12   6.78814977E-05   4.82439017E-03  -3.56293015E-07 -0.943777978       6.12471253E-02   3.69027369E-02
   12.0000000       800.000000      0.273390830       34.9008446       2.86595561E-02   8.21053208E-12   6.84752595E-05   4.76743048E-03  -4.53966976E-07 -0.933730900       6.12469949E-02   3.66874561E-02
   13.0000000       800.000000      0.275573671       35.1773834       2.81316992E-02   7.99618271E-12   6.90642992E-05   4.71135275E-03  -5.35338643E-07 -0.923655033       6.12468570E-02   3.64648849E-02
   2.00000000       800.000000      0.277770936       35.4531212       2.76083089E-02   7.78651015E-12   6.96303250E-05   4.65585152E-03  -6.00712156E-07 -0.913517833       6.12467453E-02   3.62358764E-02
   3.00000000       800.000000      0.279982239       35.7325478       2.70928200E-02   7.58143635E-12   7.01560639E-05   4.60122246E-03  -6.50632444E-07 -0.903421164       6.12465516E-02   3.59990038E-02
   4.00000000       800.000000      0.282222867       36.0137329       2.65825242E-02   7.38055277E-12   7.06386345E-05   4.54705767E-03  -6.85866894E-07 -0.893312335       6.12464398E-02   3.57523710E-02
   5.00000000       800.000000      0.284471065       36.2968369       2.60783490E-02   7.18397087E-12   7.10917375E-05   4.49348707E-03  -7.07233141E-07 -0.883159101       6.12462275E-02   3.54953855E-02
   6.00000000       800.000000      0.286742091       36.5804558       2.55796537E-02   6.99167243E-12   7.15410206E-05   4.44037467E-03  -7.15552346E-07 -0.873022974       6.12460747E-02   3.52260768E-02
   7.00000000       800.000000      0.289016098       36.8690605       2.50875019E-02   6.80364575E-12   7.20204334E-05   4.38809022E-03  -7.11664256E-07 -0.862903416       6.12458847E-02   3.49446610E-02
   8.00000000       800.000000      0.291324228       37.1585426       2.46015657E-02   6.61975379E-12   7.25583668E-05   4.33641579E-03  -6.96418283E-07 -0.852753103       6.12456314E-02   3.46527435E-02
   9.00000000       800.000000      0.293644518       37.4530144       2.41222233E-02   6.44012838E-12   7.31695982E-05   4.28553345E-03  -6.70688848E-07 -0.842631936       6.12453520E-02   3.43529806E-02
   10.0000000       800.000000      0.296003997       37.7481918       2.36491133E-02   6.26436663E-12   7.38487724E-05   4.23502736E-03  -6.35415802E-07 -0.832478046       6.12451546E-02   3.40477228E-02
   11.0000000       800.000000      0.298353791       38.0451622       2.31814925E-02   6.09261253E-12   7.45712168E-05   4.18496877E-03  -5.91610501E-07 -0.822374582       6.12449907E-02   3.37389894E-02
   12.0000000       800.000000      0.300734103       38.3437805       2.27205101E-02   5.92488949E-12   7.53010609E-05   4.13583871E-03  -5.40371730E-07 -0.812275529       6.12448230E-02   3.34275588E-02
   13.0000000       800.000000      0.303147912       38.6467476       2.22656485E-02   5.76080026E-12   7.59978502E-05   4.08714497E-03  -4.82898884E-07 -0.802178562       6.12447113E-02   3.31132784E-02
   2.00000000       800.000000      0.305555582       38.9513550       2.18172371E-02   5.60069309E-12   7.66285084E-05   4.03882470E-03  -4.20491006E-07 -0.792121589       6.12445734E-02   3.27951908E-02
   3.00000000       800.000000      0.307996303       39.2577019       2.13743616E-02   5.44413169E-12   7.71717168E-05   3.99118802E-03  -3.54579015E-07 -0.782079279       6.12444729E-02   3.24716941E-02
   4.00000000       800.000000      0.310469896       39.5681572       2.09378935E-02   5.29124487E-12   7.76218149E-05   3.94433178E-03  -2.86744211E-07 -0.772044361       6.12444170E-02   3.21414918E-02
   5.00000000       800.000000      0.312931180       39.8770142       2.05072016E-02   5.14196845E-12   7.79920156E-05   3.89768323E-03  -2.18608264E-07 -0.762035787       6.12443425E-02   3.18033099E-02
   6.00000000       800.000000      0.315432847       40.1933212       2.00829580E-02   4.99627293E-12   7.83077412E-05   3.85187124E-03  -1.51855744E-07 -0.752042651       6.12442940E-02   3.14559489E-02
   7.00000000       800.000000      0.317947745       40.5082169       1.96651872E-02   4.85398787E-12   7.86083765E-05   3.80636891E-03  -8.79536302E-08 -0.742118955       6.12442456E-02   3.10990140E-02
   8.00000000       800.000000      0.320495814       40.8281288       1.92533042E-02   4.71513020E-12   7.89352634E-05   3.76154459E-03  -2.81263048E-08 -0.732198715       6.12442382E-02   3.07334792E-02
   9.00000000       800.000000      0.323059022       41.1489258       1.88475884E-02   4.57970554E-12   7.93154250E-05   3.71733657E-03   2.66703477E-08 -0.722333729       6.12442717E-02   3.03622149E-02
   10.0000000       800.000000      0.325634599       41.4749947       1.84482113E-02   4.44763974E-12   7.97562898E-05   3.67347104E-03   7.58583880E-08 -0.712499499       6.12442829E-02   2.99872532E-02
   11.0000000       800.000000      0.328246117       41.8027420       1.80551000E-02   4.31883695E-12   8.02423601E-05   3.63001274E-03   1.19150052E-07 -0.702718318       6.12443201E-02   2.96105202E-02
   12.0000000       800.000000      0.330868602       42.1312904       1.76682919E-02   4.19321045E-12   8.07465258E-05   3.58736794E-03   1.56547372E-07 -0.692987382       6.12443611E-02   2.92328931E-02
   13.0000000       800.000000      0.333499759       42.4624519       1.72874685E-02   4.07074895E-12   8.12396684E-05   3.54487519E-03   1.88084783E-07 -0.683300376       6.12443835E-02   2.88545098E-02
   2.00000000       800.000000      0.336178690       42.7972488       1.69128999E-02   3.95131627E-12   8.17042164E-05   3.50312749E-03   2.13812555E-07 -0.673666239       6.12444319E-02   2.84737572E-02
   3.00000000       800.000000      0.338866234       43.1343956       1.65440347E-02   3.83494495E-12   8.21419162E-05   3.46183754E-03   2.33832864E-07 -0.664078236       6.12444878E-02   2.80892365E-02
   4.00000000       800.000000      0.341564178       43.4764404       1.61813647E-02   3.72156429E-12   8.25668249E-05   3.42090777E-03   2.48277303E-07 -0.654549241       6.12445474E-02   2.77004298E-02
   5.00000000       800.000000      0.344298780       43.8198090       1.58249233E-02   3.61105308E-12   8.29951678E-05   3.38075194E-03   2.57310347E-07 -0.645078242       6.12446256E-02   2.73086987E-02
   6.00000000       800.000000      0.347046673       44.1641579       1.54742533E-02   3.50342325E-12   8.34304883E-05   3.34073929E-03   2.61122466E-07 -0.635668874       6.12447113E-02   2.69153472E-02
   7.00000000       800.000000      0.349838823       44.5138283       1.51296332E-02   3.39858870E-12   8.38585402E-05   3.30152409E-03   2.59981107E-07 -0.626323998       6.12448230E-02   2.65218765E-02
   8.00000000       800.000000      0.352615893       44.8651733       1.47910956E-02   3.29659976E-12   8.42521767E-05   3.26250074E-03   2.54184187E-07 -0.617039979       6.12448938E-02   2.61291936E-02
   9.00000000       800.000000      0.355454803       45.2186356       1.44581655E-02   3.19715565E-12   8.45858449E-05   3.22399708E-03   2.44080042E-07 -0.607824326       6.12449907E-02   2.57363264E-02
   10.0000000       800.000000      0.358279139       45.5763397       1.41314492E-02   3.10034810E-12   8.48481723E-05   3.18592042E-03   2.30070725E-07 -0.598669767       6.12450875E-02   2.53425743E-02
   11.0000000       800.000000      0.361149102       45.9357567       1.38101690E-02   3.00614698E-12   8.50509823E-05   3.14838695E-03   2.12649255E-07 -0.589590251       6.12451695E-02   2.49461867E-02
   12.0000000       800.000000      0.364027262       46.2968864       1.34946667E-02   2.91449807E-12   8.52276280E-05   3.11121624E-03   1.92402013E-07 -0.580580950       6.12452291E-02   2.45464444E-02
   13.0000000       800.000000      0.366944253       46.6631355       1.31850662E-02   2.82530141E-12   8.54220270E-05   3.07461992E-03   1.70024961E-07 -0.571646452       6.12452850E-02   2.41435412E-02
   2.00000000       800.000000      0.369876415       47.0312233       1.28810797E-02   2.73859191E-12   8.56704646E-05   3.03832279E-03   1.46264597E-07 -0.562790990       6.12453520E-02   2.37389114E-02
   3.00000000       800.000000      0.372847915       47.4044495       1.25831263E-02   2.65424661E-12   8.59881329E-05   3.00248456E-03   1.21846341E-07 -0.554015160       6.12454265E-02   2.33350135E-02
   4.00000000       800.000000      0.375840873       47.7758026       1.22904610E-02   2.57219549E-12   8.63603782E-05   2.96696112E-03   9.73951373E-08 -0.545319557       6.12454787E-02   2.29336750E-02
   5.00000000       800.000000      0.378836393       48.1548996       1.20036555E-02   2.49248734E-12   8.67527560E-05   2.93200789E-03   7.33953769E-08 -0.536707699       6.12454936E-02   2.25353595E-02
   6.00000000       800.000000      0.381849557       48.5329056       1.17222052E-02   2.41496862E-12   8.71254670E-05   2.89735035E-03   5.02377624E-08 -0.528180957       6.12455122E-02   2.21408978E-02
   7.00000000       800.000000      0.384928495       48.9166336       1.14462450E-02   2.33963131E-12   8.74437392E-05   2.86328443E-03   2.81545098E-08 -0.519728899       6.12455308E-02   2.17494816E-02
   8.00000000       800.000000      0.388007849       49.3037720       1.11755496E-02   2.26640061E-12   8.76917620E-05   2.82952888E-03   7.35702033E-09 -0.511368454       6.12455383E-02   2.13593394E-02
   9.00000000       800.000000      0.391112477       49.6939621       1.09101813E-02   2.19524290E-12   8.78758219E-05   2.79614981E-03  -1.19602328E-08 -0.503089607       6.12455346E-02   2.09700949E-02
   10.0000000       800.000000      0.394236952       50.0870171       1.06501225E-02   2.12612935E-12   8.80123771E-05   2.76316167E-03  -2.95847347E-08 -0.494898289       6.12455346E-02   2.05817930E-02
   11.0000000       800.000000      0.397388846       50.4830971       1.03953732E-02   2.05898710E-12   8.81232045E-05   2.73045828E-03  -4.52834996E-08 -0.486797214       6.12455308E-02   2.01944318E-02
   12.0000000       800.000000      0.400564700       50.8813133       1.01457415E-02   1.99378773E-12   8.82251843E-05   2.69837957E-03  -5.88687001E-08 -0.478783369       6.12455495E-02   1.98087692E-02
   13.0000000       800.000000      0.403795749       51.2825050       9.90122091E-03   1.93046360E-12   8.83276953E-05   2.66647316E-03  -7.02248641E-08 -0.470861614       6.12455197E-02   1.94254201E-02
   2.00000000       800.000000      0.406995207       51.6878319       9.66178253E-03   1.86902707E-12   8.84363544E-05   2.63500260E-03  -7.93264121E-08 -0.463032991       6.12454750E-02   1.90449059E-02
   3.00000000       800.000000      0.410275906       52.0953789       9.42733418E-03   1.80936342E-12   8.85583650E-05   2.60398444E-03  -8.61688960E-08 -0.455300093       6.12454563E-02   1.86672304E-02
   4.00000000       800.000000      0.413564175       52.5095062       9.19793639E-03   1.75148286E-12   8.87070928E-05   2.57313089E-03  -9.07968527E-08 -0.447656751       6.12454116E-02   1.82922799E-02
   5.00000000       800.000000      0.416869521       52.9231834       8.97329487E-03   1.69529386E-12   8.88893919E-05   2.54294183E-03  -9.33143909E-08 -0.440107465       6.12453669E-02   1.79208890E-02
   6.00000000       800.000000      0.420203984       53.3436661       8.75347760E-03   1.64080923E-12   8.90950396E-05   2.51292391E-03  -9.39048164E-08 -0.432654947       6.12453260E-02   1.75541230E-02
   7.00000000       800.000000      0.423574746       53.7655487       8.53843242E-03   1.58793931E-12   8.93008910E-05   2.48327060E-03  -9.27845747E-08 -0.425296545       6.12452887E-02   1.71925612E-02
   8.00000000       800.000000      0.426962882       54.1887779       8.32801964E-03   1.53664624E-12   8.94718469E-05   2.45390274E-03  -9.01626294E-08 -0.418034941       6.12452142E-02   1.68368220E-02
   9.00000000       800.000000      0.430381179       54.6191368       8.12210981E-03   1.48691194E-12   8.95729099E-05   2.42506922E-03  -8.61984262E-08 -0.410857171       6.12451546E-02   1.64861400E-02
   10.0000000       800.000000      0.433835030       55.0515404       7.92076811E-03   1.43864185E-12   8.95939884E-05   2.39645853E-03  -8.10446821E-08 -0.403782398       6.12451211E-02   1.61392987E-02
   11.0000000       800.000000      0.437294513       55.4855461       7.72382226E-03   1.39186265E-12   8.95562189E-05   2.36808020E-03  -7.48600044E-08 -0.396798670       6.12450875E-02   1.57951247E-02
   12.0000000       800.000000      0.440796643       55.9234009       7.53122708E-03   1.34650375E-12   8.94986952E-05   2.34021479E-03  -6.78167780E-08 -0.389916897       6.12450317E-02   1.54532539E-02
   13.0000000       800.000000      0.444335788       56.3692284       7.34290248E-03   1.30253241E-12   8.94629920E-05   2.31263391E-03  -6.01029910E-08 -0.383121908       6.12450354E-02   1.51146762E-02
   2.00000000       800.000000      0.447884768       56.8128738       7.15889363E-03   1.25991546E-12   8.94737168E-05   2.28536804E-03  -5.19163450E-08 -0.376426846       6.12450019E-02   1.47798704E-02
   3.00000000       800.000000      0.451492101       57.2652702       6.97910367E-03   1.21862644E-12   8.95343110E-05   2.25830963E-03  -4.34528964E-08 -0.369829059       6.12449907E-02   1.44505212E-02
   4.00000000       800.000000      0.455087274       57.7184486       6.80341898E-03   1.17862165E-12   8.96269485E-05   2.23170477E-03  -3.49007934E-08 -0.363330692       6.12449832E-02   1.41269453E-02
   5.00000000       800.000000      0.458740443       58.1730003       6.63176645E-03   1.13986164E-12   8.97270656E-05   2.20537418E-03  -2.64258748E-08 -0.356919438       6.12449646E-02   1.38091352E-02
   6.00000000       800.000000      0.462410837       58.6358948       6.46404317E-03   1.10230867E-12   8.98141079E-05   2.17929156E-03  -1.81933881E-08 -0.350610971       6.12449534E-02   1.34970313E-02
   7.00000000       800.000000      0.466109008       59.0983734       6.30023517E-03   1.06593239E-12   8.98685830E-05   2.15373328E-03  -1.03365290E-08 -0.344389945       6.12449460E-02   1.31906420E-02
   8.00000000       800.000000      0.469850868       59.5668716       6.14028610E-03   1.03069951E-12   8.98714934E-05   2.12823879E-03  -2.94859426E-09 -0.338262856       6.12449460E-02   1.28899207E-02
   9.00000000       800.000000      0.473630607       60.0369263       5.98390820E-03   9.96557437E-13   8.98206708E-05   2.10320763E-03   3.87977117E-09 -0.332228363       6.12449497E-02   1.25939408E-02
   10.0000000       800.000000      0.477417022       60.5153427       5.83123649E-03   9.63509003E-13   8.97379286E-05   2.07840884E-03   1.00543271E-08 -0.326285690       6.12449609E-02   1.23018520E-02
   11.0000000       800.000000      0.481236160       60.9947357       5.68221090E-03   9.31500211E-13   8.96597776E-05   2.05377443E-03   1.55064193E-08 -0.320434779       6.12449609E-02   1.20136645E-02
   12.0000000       800.000000      0.485106736       61.4788399       5.53666567E-03   9.00519080E-13   8.96157944E-05   2.02956633E-03   2.01863752E-08 -0.314675540       6.12449683E-02   1.17304763E-02
   13.0000000       800.000000      0.489003509       61.9645309       5.39468881E-03   8.70518826E-13   8.96118945E-05   2.00560945E-03   2.40512037E-08 -0.309007496       6.12449758E-02   1.14528071E-02
   2.00000000       800.000000      0.492917389       62.4534645       5.25606330E-03   8.41490723E-13   8.96308557E-05   1.98205444E-03   2.70922165E-08 -0.303431064       6.12449907E-02   1.11812577E-02
   3.00000000       800.000000      0.496857613       62.9518318       5.12075517E-03   8.13379583E-13   8.96486526E-05   1.95868523E-03   2.93260509E-08 -0.297941417       6.12450019E-02   1.09159639E-02
   4.00000000       800.000000      0.500846684       63.4490204       4.98868152E-03   7.86174023E-13   8.96470447E-05   1.93548459E-03   3.07995229E-08 -0.292540401       6.12450242E-02   1.06562674E-02
   5.00000000       800.000000      0.504872501       63.9528084       4.85977950E-03   7.59835012E-13   8.96160927E-05   1.91262702E-03   3.15759650E-08 -0.287225425       6.12450391E-02   1.04022417E-02
   6.00000000       800.000000      0.508909047       64.4573593       4.73397784E-03   7.34356640E-13   8.95525081E-05   1.89014850E-03   3.17192637E-08 -0.281993777       6.12450652E-02   1.01533700E-02
   7.00000000       800.000000      0.512971818       64.9687729       4.61123511E-03   7.09686704E-13   8.94691184E-05   1.86777336E-03   3.12914814E-08 -0.276849598       6.12450801E-02   9.90935229E-03
   8.00000000       800.000000      0.517089903       65.4843674       4.49143769E-03   6.85803790E-13   8.93946271E-05   1.84579624E-03   3.03547978E-08 -0.271787345       6.12451136E-02   9.66958795E-03
   9.00000000       800.000000      0.521240056       66.0012741       4.37458092E-03   6.62707465E-13   8.93535616E-05   1.82391307E-03   2.89702928E-08 -0.266808361       6.12451434E-02   9.43482947E-03
   10.0000000       800.000000      0.525399923       66.5273361       4.26057400E-03   6.40357179E-13   8.93566903E-05   1.80244236E-03   2.72017004E-08 -0.261911184       6.12451620E-02   9.20528919E-03
   11.0000000       800.000000      0.529633105       67.0519409       4.14937455E-03   6.18736670E-13   8.93908509E-05   1.78112963E-03   2.51100989E-08 -0.257095695       6.12451732E-02   8.98163952E-03
   12.0000000       800.000000      0.533852458       67.5886993       4.04083217E-03   5.97815363E-13   8.94320838E-05   1.76005089E-03   2.27587851E-08 -0.252360404       6.12451769E-02   8.76379013E-03
   13.0000000       800.000000      0.538169861       68.1238251       3.93496314E-03   5.77572820E-13   8.94599143E-05   1.73935399E-03   2.02066737E-08 -0.247701436       6.12452030E-02   8.55142809E-03
   2.00000000       800.000000      0.542478204       68.6609192       3.83167434E-03   5.57985299E-13   8.94654513E-05   1.71881600E-03   1.75103239E-08 -0.243119419       6.12452105E-02   8.34416598E-03
   3.00000000       800.000000      0.546837091       69.2043610       3.73089779E-03   5.39033119E-13   8.94546101E-05   1.69849349E-03   1.47209720E-08 -0.238612160       6.12452254E-02   8.14173184E-03
   4.00000000       800.000000      0.551184714       69.7545853       3.63258622E-03   5.20700128E-13   8.94441328E-05   1.67845562E-03   1.18888694E-08 -0.234180018       6.12452254E-02   7.94371031E-03
   5.00000000       800.000000      0.555633724       70.3113556       3.53668397E-03   5.02959816E-13   8.94539044E-05   1.65858632E-03   9.06411035E-09 -0.229819730       6.12452291E-02   7.75030768E-03
   6.00000000       800.000000      0.560065687       70.8701859       3.44313006E-03   4.85803184E-13   8.94944169E-05   1.63893495E-03   6.30097574E-09 -0.225532994       6.12452403E-02   7.56167481E-03
   7.00000000       800.000000      0.564574599       71.4266510       3.35188489E-03   4.69204374E-13   8.95636767E-05   1.61962886E-03   3.65172159E-09 -0.221315473       6.12452403E-02   7.37811718E-03
   8.00000000       800.000000      0.569091976       71.9988251       3.26284207E-03   4.53144792E-13   8.96505298E-05   1.60045398E-03   1.16396870E-09 -0.217168033       6.12452403E-02   7.19961477E-03
   9.00000000       800.000000      0.573642910       72.5662689       3.17597832E-03   4.37612566E-13   8.97483042E-05   1.58151577E-03  -1.12293974E-09 -0.213088050       6.12452403E-02   7.02600228E-03
   10.0000000       800.000000      0.578249216       73.1417236       3.09129688E-03   4.22582217E-13   8.98583748E-05   1.56279851E-03  -3.17965299E-09 -0.209077746       6.12452403E-02   6.85708364E-03
   11.0000000       800.000000      0.582887828       73.7225037       3.00858216E-03   4.08041520E-13   8.99853840E-05   1.54431851E-03  -4.99053110E-09 -0.205125734       6.12452403E-02   6.69270381E-03
   12.0000000       800.000000      0.587557673       74.3115692       2.92788306E-03   3.93979527E-13   9.01434323E-05   1.52604817E-03  -6.54817045E-09 -0.201239720       6.12452291E-02   6.53269840E-03
   13.0000000       800.000000      0.592285097       74.9019089       2.84922821E-03   3.80362625E-13   9.03407854E-05   1.50796969E-03  -7.85169263E-09 -0.197421819       6.12452291E-02   6.37711538E-03
   2.00000000       800.000000      0.597044110       75.4963303       2.77241808E-03   3.67199814E-13   9.05788111E-05   1.49011880E-03  -8.90487506E-09 -0.193657443       6.12452179E-02   6.22625276E-03
   3.00000000       800.000000      0.601813197       76.0937424       2.69749714E-03   3.54461930E-13   9.08479706E-05   1.47247396E-03  -9.71350911E-09 -0.189952135       6.12452179E-02   6.08010404E-03
   4.00000000       800.000000      0.606662095       76.6995621       2.62435223E-03   3.42134280E-13   9.11369716E-05   1.45503844E-03  -1.02860165E-08 -0.186311260       6.12452142E-02   5.93867572E-03
   5.00000000       800.000000      0.611538589       77.3089294       2.55296845E-03   3.30200385E-13   9.14433986E-05   1.43771968E-03  -1.06329727E-08 -0.182720765       6.12452105E-02   5.80150774E-03
   6.00000000       800.000000      0.616429627       77.9216690       2.48328061E-03   3.18657318E-13   9.17732614E-05   1.42072188E-03  -1.07649480E-08 -0.179186136       6.12451918E-02   5.66878309E-03
   7.00000000       800.000000      0.621346176       78.5425873       2.41526566E-03   3.07486838E-13   9.21354076E-05   1.40385388E-03  -1.06942109E-08 -0.175703570       6.12451881E-02   5.54004172E-03
   8.00000000       800.000000      0.626343310       79.1605453       2.34883977E-03   2.96676637E-13   9.25457280E-05   1.38717587E-03  -1.04343529E-08 -0.172273457       6.12451769E-02   5.41550620E-03
   9.00000000       800.000000      0.631355822       79.7936478       2.28399946E-03   2.86212189E-13   9.30103924E-05   1.37072231E-03  -1.00022604E-08 -0.168892324       6.12451695E-02   5.29501680E-03
   10.0000000       800.000000      0.636449695       80.4251099       2.22070771E-03   2.76086229E-13   9.35346616E-05   1.35446305E-03  -9.41788336E-09 -0.165560216       6.12451695E-02   5.17911138E-03
   11.0000000       800.000000      0.641569495       81.0633545       2.15887767E-03   2.66282764E-13   9.41177495E-05   1.33842591E-03  -8.70655725E-09 -0.162274435       6.12451434E-02   5.06709004E-03
   12.0000000       800.000000      0.646703839       81.7070923       2.09850096E-03   2.56796239E-13   9.47643930E-05   1.32249657E-03  -7.89450283E-09 -0.159032628       6.12451434E-02   4.95998748E-03
   13.0000000       800.000000      0.651862979       82.3593216       2.03953451E-03   2.47614158E-13   9.54680945E-05   1.30676909E-03  -7.00982605E-09 -0.155833632       6.12451322E-02   4.85643465E-03
   2.00000000       800.000000      0.657104909       83.0148392       1.98193733E-03   2.38724269E-13   9.62396953E-05   1.29122799E-03  -6.07841910E-09 -0.152675033       6.12451322E-02   4.75838734E-03
   3.00000000       800.000000      0.662361264       83.6720734       1.92567729E-03   2.30118631E-13   9.70716355E-05   1.27579342E-03  -5.12313392E-09 -0.149553970       6.12451322E-02   4.66342643E-03
   4.00000000       800.000000      0.667716920       84.3404617       1.87074521E-03   2.21788001E-13   9.79797260E-05   1.26058259E-03  -4.16423163E-09 -0.146472737       6.12451434E-02   4.57516592E-03
   5.00000000       800.000000      0.673070669       85.0116577       1.81705598E-03   2.13729926E-13   9.89441105E-05   1.24558643E-03  -3.21796390E-09 -0.143419579       6.12451434E-02   4.48899670E-03
   6.00000000       800.000000      0.678464949       85.6865540       1.76462857E-03   2.05921868E-13   1.00001453E-04   1.23076618E-03  -2.29814812E-09 -0.140405923       6.12451434E-02   4.41185944E-03
   7.00000000       800.000000      0.683868349       86.3630829       1.71343877E-03   1.98370264E-13   1.01111429E-04   1.21613720E-03  -1.41743794E-09 -0.137409061       6.12451434E-02   4.33457782E-03
   8.00000000       800.000000      0.689361989       87.0500107       1.66343455E-03   1.91067363E-13   1.02344413E-04   1.20162952E-03  -5.84674920E-10 -0.134452924       6.12451434E-02   4.27126326E-03
   9.00000000       800.000000      0.694936693       87.7468338       1.61464897E-03   1.83993906E-13   1.03631755E-04   1.18732103E-03   1.87750815E-10 -0.131496221       6.12451434E-02   4.20298334E-03
   10.0000000       800.000000      0.700467765       88.4404068       1.56699622E-03   1.77157903E-13   1.05082006E-04   1.17319357E-03   8.90588103E-10 -0.128587112       6.12451434E-02   4.15812805E-03
   11.0000000       800.000000      0.706084132       89.1438522       1.52048271E-03   1.70546628E-13   1.06548250E-04   1.15918869E-03   1.51565915E-09 -0.125650093       6.12451434E-02   4.09872457E-03
   12.0000000       800.000000      0.711785257       89.8559036       1.47516956E-03   1.64157818E-13   1.08258508E-04   1.14536728E-03   2.05668726E-09 -0.122778319       6.12451434E-02   4.08088230E-03
   13.0000000       800.000000      0.717506111       90.5660553       1.43099145E-03   1.57984696E-13   1.09877401E-04   1.13176962E-03   2.50855048E-09 -0.119814903       6.12451434E-02   4.02877387E-03
   2.00000000       800.000000      0.723254204       91.2924652       1.38800521E-03   1.52032846E-13   1.11902853E-04   1.11836486E-03   2.87184165E-09 -0.116970010       6.12451471E-02   4.05345485E-03
   3.00000000       800.000000      0.729030788       92.0148239       1.34625088E-03   1.46289827E-13   1.13623821E-04   1.10506988E-03   3.14592064E-09 -0.113928020       6.12451471E-02   4.00367286E-03
   4.00000000       800.000000      0.734885931       92.7492523       1.30570994E-03   1.40766115E-13   1.16060830E-04   1.09202834E-03   3.33590888E-09 -0.111110881       6.12451471E-02   4.09908453E-03
   5.00000000       800.000000      0.740812361       93.4854507       1.26640243E-03   1.35446138E-13   1.17728319E-04   1.07913883E-03   3.44675399E-09 -0.107878417       6.12451360E-02   4.03947430E-03
   6.00000000       800.000000      0.746736884       94.2303009       1.22850109E-03   1.30359157E-13   1.20761004E-04   1.06664654E-03   3.48456197E-09 -0.105101764       6.12451471E-02   4.25888970E-03
   7.00000000       800.000000      0.752711892       94.9802017       1.19199615E-03   1.25481927E-13   1.22089041E-04   1.05407101E-03   3.45439255E-09 -0.101491801       6.12451471E-02   4.15489310E-03
   8.00000000       800.000000      0.758787692       95.7357407       1.15704001E-03   1.20846909E-13   1.25975726E-04   1.04218582E-03   3.36498851E-09  -9.88192633E-02   6.12451471E-02   4.60953731E-03
   9.00000000       800.000000      0.764886141       96.4991150       1.12380891E-03   1.16445224E-13   1.26920262E-04   1.03004521E-03   3.22710481E-09  -9.44691449E-02   6.12451471E-02   4.36266745E-03
   10.0000000       800.000000      0.770997465       97.2638321       1.09219761E-03   1.12288583E-13   1.31403416E-04   1.01900136E-03   3.00450509E-09  -9.21207294E-02   6.12451471E-02   5.42161427E-03
   11.0000000       800.000000      0.777200460       98.0346756       1.06334675E-03   1.08454105E-13   1.53701738E-04   1.00729975E-03   2.79438850E-09  -8.60759243E-02   6.12451471E-02   4.61379252E-03
   12.0000000       800.000000      0.783445537       98.8157425       1.02573493E-03   1.03787977E-13   5.97672770E-05   9.97542986E-04  -5.63302436E-20  -8.49208981E-02   6.12451471E-02  -4.45668027E-03
   13.0000000       800.000000      0.789714217       99.6048737       1.00181869E-03   1.00566528E-13   5.95398451E-05   9.85780265E-04  -8.92971844E-20  -9.30891484E-02   6.12451471E-02  -1.03400787E-02
