   0.00000000       190.000000       3.40428352E-02   1.01702809       3.61266255E-04   3.55140006E-12  -8.26142281E-02   1.70756757       3.51529134E-15  -8.36563820E-04   1.19672957E-16  -6.85797492E-03
   1.00000000       197.000000       3.40447091E-02   1.05104125       3.55366617E-04   3.38025571E-12  -7.55156726E-02   1.58935535      -1.78007455E-16  -1.07003469E-03   1.13612106E-16   2.70874635E-03
   2.00000000       200.000000       3.40499915E-02   1.08514261       3.49747133E-04   3.22241756E-12  -2.21591182E-02   1.23464680      -9.81428623E-02  -6.52111019E-04  -3.34177376E-03   6.08013477E-03
   3.00000000       200.000000       3.40571664E-02   1.11914527       4.17308649E-04   3.72793550E-12   8.25217366E-02   1.09536839      -7.94467703E-02  -6.55936776E-04  -6.04746817E-03  -2.44048983E-03
   4.00000000       200.000000       3.40652503E-02   1.15326166       4.95656568E-04   4.29709523E-12  0.103510775      0.975687504      -5.66994287E-02  -8.18360189E-04  -7.97895435E-03  -4.13403846E-03
   5.00000000       200.000000       3.40752266E-02   1.18727005       5.74875216E-04   4.84088377E-12  0.107667945      0.879688382      -3.19637209E-02  -9.37635952E-04  -9.06815939E-03  -3.89554538E-03
   6.00000000       200.000000       3.40886116E-02   1.22141874       6.60427322E-04   5.40614125E-12  0.105727181      0.805914402      -5.97874913E-03  -1.08390127E-03  -9.27196164E-03  -4.55757976E-03
   7.00000000       200.000000       3.41038704E-02   1.25543642       7.55316229E-04   6.01499753E-12  0.102015674      0.748006165       2.06227619E-02  -1.24843558E-03  -8.56864266E-03  -5.18248323E-03
   8.00000000       200.000000       3.41209993E-02   1.28956389       8.62400455E-04   6.68612778E-12   9.69105139E-02  0.700302720       4.64878455E-02  -1.43748755E-03  -6.98238099E-03  -5.95530076E-03
   9.00000000       200.000000       3.41415480E-02   1.32373023       9.83886770E-04   7.43135675E-12   9.11678895E-02  0.659677148       7.10624829E-02  -1.65496382E-03  -4.55618557E-03  -6.89574378E-03
   10.0000000       200.000000       3.41642797E-02   1.35789859       1.12285011E-03   8.26767908E-12   8.54097381E-02  0.624612451       9.37715545E-02  -1.90849812E-03  -1.35261950E-03  -8.11444502E-03
   11.0000000       200.000000       3.41873281E-02   1.39207828       1.28257985E-03   9.21195238E-12   8.00261721E-02  0.594309866      0.114252977      -2.20959517E-03   2.55340384E-03  -9.61544830E-03
   2.00000000       200.000000       3.42125520E-02   1.42626679       1.46565307E-03   1.02744644E-11   7.47829229E-02  0.567289412      0.132570714      -2.56621162E-03   7.08914315E-03  -1.13702230E-02
   3.00000000       200.000000       3.42412032E-02   1.46045995       1.67508970E-03   1.14675153E-11   6.96161985E-02  0.543088794      0.148580149      -2.98795733E-03   1.21768303E-02  -1.33523801E-02
   4.00000000       200.000000       3.42717990E-02   1.49468386       1.91511807E-03   1.28102650E-11   6.46588057E-02  0.521218538      0.161801621      -3.48104606E-03   1.77222136E-02  -1.55752804E-02
   5.00000000       200.000000       3.43041234E-02   1.52902329       2.19157431E-03   1.43307935E-11   6.01355098E-02  0.501276314      0.170438498      -4.05607838E-03   2.35691648E-02  -1.81430466E-02
   6.00000000       200.000000       3.43400165E-02   1.56331646       2.50953622E-03   1.60497258E-11   5.63375615E-02  0.483471721      0.173497617      -4.72648768E-03   2.95271613E-02  -2.10999865E-02
   7.00000000       200.000000       3.43780145E-02   1.59766877       2.87279184E-03   1.79778328E-11   5.34137152E-02  0.467170745      0.170519665      -5.50602609E-03   3.53891961E-02  -2.48289648E-02
   8.00000000       400.000000       3.44163403E-02   1.63212323       3.28673236E-03   2.01348608E-11   5.07752821E-02  0.450347096      0.162008837      -6.43459242E-03   4.09650467E-02  -2.85270941E-02
   9.00000000       400.000000       3.44596468E-02   1.66651404       3.75318504E-03   2.25173196E-11   4.78660390E-02  0.436964840      0.147718236      -7.47085316E-03   4.60551344E-02  -3.23309526E-02
   10.0000000       400.000000       3.45019177E-02   1.70102203       4.27803909E-03   2.51459964E-11   4.57348377E-02  0.424899787      0.127897516      -8.66415445E-03   5.04679047E-02  -3.69920582E-02
   11.0000000       400.000000       3.45477760E-02   1.73553383       4.86634998E-03   2.80350743E-11   4.42157835E-02  0.413907945      0.102547787      -1.00251827E-02   5.40107824E-02  -4.21162248E-02
   12.0000000       400.000000       3.45973931E-02   1.77006423       5.52362809E-03   3.12001744E-11   4.32438962E-02  0.403578162       7.20312595E-02  -1.15762586E-02   5.65028116E-02  -4.77282293E-02
   13.0000000       400.000000       3.46456654E-02   1.80469894       6.25342503E-03   3.46448148E-11   4.27188203E-02  0.394063771       3.68277244E-02  -1.33300358E-02   5.77787720E-02  -5.36618233E-02
   2.00000000       400.000000       3.46989296E-02   1.83938944       7.05765327E-03   3.83635276E-11   4.26193699E-02  0.385113567      -2.38671270E-03  -1.52975488E-02   5.76959066E-02  -5.99176474E-02
   3.00000000       400.000000       3.47537622E-02   1.87406790       7.93709885E-03   4.23444023E-11   4.27719057E-02  0.376444787      -4.43770252E-02  -1.74915548E-02   5.61536849E-02  -6.63807392E-02
   4.00000000       400.000000       3.48123796E-02   1.90886545       8.89058504E-03   4.65670801E-11   4.30605300E-02  0.367890954      -8.79585892E-02  -1.99153740E-02   5.30917682E-02  -7.29518011E-02
   5.00000000       400.000000       3.48717459E-02   1.94381344       9.91781335E-03   5.10165452E-11   4.33926545E-02  0.359513193     -0.132178113      -2.25749761E-02   4.84825186E-02  -7.97435120E-02
   6.00000000       400.000000       3.49331126E-02   1.97864985       1.10200001E-02   5.56862716E-11   4.37541492E-02  0.351251662     -0.175980434      -2.54817195E-02   4.23351526E-02  -8.67840797E-02
   7.00000000       400.000000       3.49960364E-02   2.01366401       1.21981660E-02   6.05696188E-11   4.41014692E-02  0.343185276     -0.218204841      -2.86436714E-02   3.46988589E-02  -9.40440446E-02
   8.00000000       400.000000       3.50628383E-02   2.04869795       1.34522859E-02   6.56547178E-11   4.44347896E-02  0.335354805     -0.257691890      -3.20702605E-02   2.56636217E-02 -0.101475343    
   9.00000000       400.000000       3.51311862E-02   2.08382654       1.47807514E-02   7.09235795E-11   4.47888635E-02  0.327651292     -0.293282986      -3.57664675E-02   1.53604923E-02 -0.108955503    
   10.0000000       400.000000       3.52015831E-02   2.11898565       1.61830615E-02   7.63637695E-11   4.51974347E-02  0.320089877     -0.324052006      -3.97331975E-02   3.95355932E-03 -0.116392784    
   11.0000000       400.000000       3.52728553E-02   2.15418029       1.76567584E-02   8.19547971E-11   4.56220433E-02  0.312780350     -0.349213332      -4.39691432E-02  -8.36448278E-03 -0.123865277    
   12.0000000       400.000000       3.53475511E-02   2.18945503       1.91996470E-02   8.76789474E-11   4.60836478E-02  0.305665851     -0.368134886      -4.84808907E-02  -2.13775616E-02 -0.131355494    
   13.0000000       400.000000       3.54251340E-02   2.22494793       2.08081845E-02   9.35134123E-11   4.65479568E-02  0.298730373     -0.380400062      -5.32658137E-02  -3.48536149E-02 -0.138726965    
   2.00000000       400.000000       3.55066359E-02   2.26028228       2.24787015E-02   9.94357791E-11   4.69637811E-02  0.291987956     -0.385723710      -5.83209880E-02  -4.85488735E-02 -0.145940393    
   3.00000000       400.000000       3.55888382E-02   2.29589605       2.42081378E-02   1.05428145E-10   4.73355614E-02  0.285429418     -0.383981764      -6.36411533E-02  -6.22138232E-02 -0.153040633    
   4.00000000       400.000000       3.56727764E-02   2.33153582       2.59934925E-02   1.11473754E-10   4.76849116E-02  0.279051811     -0.375161588      -6.92265555E-02  -7.55962431E-02 -0.160057306    
   5.00000000       400.000000       3.57585363E-02   2.36718988       2.78317314E-02   1.17556409E-10   4.79642525E-02  0.272852123     -0.359439611      -7.50739723E-02  -8.84492099E-02 -0.166977704    
   6.00000000       400.000000       3.58451568E-02   2.40296197       2.97206342E-02   1.23664440E-10   4.81679626E-02  0.266817659     -0.337332487      -8.11829194E-02 -0.100541383     -0.173872009    
   7.00000000       400.000000       3.59365791E-02   2.43895650       3.16584185E-02   1.29789013E-10   4.82749902E-02  0.260968655     -0.309595913      -8.75551775E-02 -0.111667410     -0.180742905    
   8.00000000       400.000000       3.60317938E-02   2.47496963       3.36426198E-02   1.35918249E-10   4.82649133E-02  0.255302936     -0.277228445      -9.41907465E-02 -0.121656135     -0.187480360    
   9.00000000       400.000000       3.61256152E-02   2.51087451       3.56696285E-02   1.42037215E-10   4.81803492E-02  0.249813169     -0.241646931     -0.101083301     -0.130385891     -0.194021180    
   10.0000000       400.000000       3.62243615E-02   2.54723430       3.77373435E-02   1.48136892E-10   4.81394082E-02  0.244494915     -0.204378709     -0.108228095     -0.137789473     -0.200375587    
   11.0000000       400.000000       3.63236889E-02   2.58347154       3.98433469E-02   1.54207716E-10   4.81046438E-02  0.239318401     -0.166376337     -0.115620114     -0.143832952     -0.206516355    
   12.0000000       400.000000       3.64281610E-02   2.61973166       4.19849977E-02   1.60240571E-10   4.80197258E-02  0.234300897     -0.128214270     -0.123252556     -0.148503453     -0.212562412    
   13.0000000       400.000000       3.65312435E-02   2.65625191       4.41607162E-02   1.66229974E-10   4.79341522E-02  0.229434490      -8.98750424E-02 -0.131128550     -0.151786789     -0.218383223    
   2.00000000       400.000000       3.66381556E-02   2.69287086       4.63669188E-02   1.72163062E-10   4.78356257E-02  0.224706680      -5.10806665E-02 -0.139231876     -0.153658360     -0.223787010    
   3.00000000       400.000000       3.67491208E-02   2.72951531       4.86008599E-02   1.78031992E-10   4.77082767E-02  0.220114231      -1.20112076E-02 -0.147551671     -0.154099524     -0.228711605    
   4.00000000       400.000000       3.68596762E-02   2.76648116       5.08566275E-02   1.83816795E-10   4.75402512E-02  0.215646520       2.65852492E-02 -0.156067178     -0.153119981     -0.232851520    
   5.00000000       400.000000       3.69738303E-02   2.80324292       5.31249456E-02   1.89486926E-10   4.73615639E-02  0.211297423       6.29133210E-02 -0.164744347     -0.150793657     -0.236106709    
   6.00000000       400.000000       3.70923392E-02   2.84031177       5.53995371E-02   1.95023234E-10   4.71599847E-02  0.207061917       9.48777646E-02 -0.173554584     -0.147274703     -0.238434747    
   7.00000000       400.000000       3.72101963E-02   2.87746811       5.76732978E-02   2.00406663E-10   4.69044596E-02  0.202936381      0.121301077     -0.182460546     -0.142760634     -0.239831194    
   8.00000000       400.000000       3.73310633E-02   2.91468883       5.99407181E-02   2.05622200E-10   4.65798788E-02  0.198922276      0.142178655     -0.191432312     -0.137452915     -0.240489393    
   9.00000000       400.000000       3.74547355E-02   2.95214677       6.21978156E-02   2.10662446E-10   4.61652316E-02  0.195018291      0.158702508     -0.200446621     -0.131508663     -0.240658328    
   10.0000000       400.000000       3.75822932E-02   2.98967767       6.44421130E-02   2.15525237E-10   4.56440598E-02  0.191218287      0.172717705     -0.209490716     -0.125017673     -0.240520492    
   11.0000000       400.000000       3.77115831E-02   3.02733731       6.66735023E-02   2.20215207E-10   4.50666286E-02  0.187522098      0.185706750     -0.218555570     -0.118014447     -0.240162477    
   12.0000000       400.000000       3.78417671E-02   3.06507659       6.88924789E-02   2.24739671E-10   4.44797575E-02  0.183925837      0.198115230     -0.227635607     -0.110517494     -0.239700034    
   13.0000000       400.000000       3.79736088E-02   3.10296249       7.10994750E-02   2.29105623E-10   4.38378304E-02  0.180428222      0.209388286     -0.236728922     -0.102566183     -0.239237085    
   2.00000000       400.000000       3.81093584E-02   3.14102793       7.32945427E-02   2.33318309E-10   4.30961810E-02  0.177025676      0.218455181     -0.245838076      -9.42405686E-02 -0.238845646    
   3.00000000       400.000000       3.82481478E-02   3.17926812       7.54788890E-02   2.37386638E-10   4.22573723E-02  0.173715264      0.224540859     -0.254966944      -8.56521577E-02 -0.238789007    
   4.00000000       400.000000       3.83906849E-02   3.21746230       7.76584670E-02   2.41332954E-10   4.13268171E-02  0.170495540      0.227847263     -0.264138311      -7.69051239E-02 -0.239251763    
   5.00000000       400.000000       3.85340862E-02   3.25593615       7.98371658E-02   2.45172549E-10   4.03065905E-02  0.167366147      0.229601234     -0.273370981      -6.80578128E-02 -0.240250677    
   6.00000000       400.000000       3.86794209E-02   3.29459786       8.20202753E-02   2.48925353E-10   3.91938649E-02  0.164325863      0.231557131     -0.282688349      -5.91015220E-02 -0.241804704    
   7.00000000       400.000000       3.88261117E-02   3.33332801       8.42142850E-02   2.52612820E-10   3.79795618E-02  0.161371902      0.235007107     -0.292111874      -4.99768630E-02 -0.243923441    
   8.00000000       400.000000       3.89781781E-02   3.37215042       8.64243284E-02   2.56251687E-10   3.66406292E-02  0.158501759      0.240211934     -0.301666468      -4.06140983E-02 -0.246658891    
   9.00000000       400.000000       3.91310640E-02   3.41121101       8.86557624E-02   2.59858524E-10   3.51617076E-02  0.155713305      0.246486008     -0.311378479      -3.09689529E-02 -0.250087023    
   10.0000000       400.000000       3.92854065E-02   3.45050335       9.09170508E-02   2.63458033E-10   3.35557982E-02  0.153004795      0.252578825     -0.321277887      -2.10460834E-02 -0.253965080    
   11.0000000       400.000000       3.94439995E-02   3.48992372       9.32138637E-02   2.67067507E-10   3.18365991E-02  0.150374845      0.257238418     -0.331372648      -1.08994888E-02 -0.257919669    
   12.0000000       400.000000       3.96043137E-02   3.52931929       9.55507681E-02   2.70697353E-10   2.99513265E-02  0.147820532      0.259806305     -0.341666311      -6.09858835E-04 -0.262385696    
   13.0000000       400.000000       3.97699885E-02   3.56905532       9.79441851E-02   2.74392481E-10   2.77104881E-02  0.145345494      0.260471910     -0.352198929       9.74864047E-03 -0.267633408    
   2.00000000       400.000000       3.99327539E-02   3.60901117      0.100415498       2.78208873E-10   2.50448007E-02  0.142952949      0.259762645     -0.362997353       2.01220252E-02 -0.274255335    
   3.00000000       400.000000       4.01016437E-02   3.64905024      0.102982156       2.82191492E-10   2.22580228E-02  0.140636489      0.258558035     -0.374149531       3.04907728E-02 -0.283355892    
   4.00000000       400.000000       4.02740240E-02   3.68916464      0.105650723       2.86350138E-10   1.94820780E-02  0.138385758      0.257420719     -0.385772377       4.08579521E-02 -0.294645131    
   5.00000000       400.000000       4.04453352E-02   3.72949243      0.108433291       2.90711261E-10   1.68551337E-02  0.136190698      0.256044656     -0.397933155       5.12140915E-02 -0.307604194    
   6.00000000       400.000000       4.06209007E-02   3.77015471      0.111365907       2.95364649E-10   1.46395005E-02  0.134033993      0.252718151     -0.410709649       6.14801683E-02 -0.323677927    
   7.00000000       400.000000       4.08019014E-02   3.81062984      0.114468604       3.00349440E-10   1.28020337E-02  0.131908074      0.246268228     -0.424288750       7.15283379E-02 -0.344024658    
   8.00000000       400.000000       4.09835242E-02   3.85157919      0.117762633       3.05712344E-10   1.10958265E-02  0.129815817      0.235060856     -0.438844860       8.11616108E-02 -0.368050992    
   9.00000000       400.000000       4.11677249E-02   3.89264297      0.121199504       3.11314113E-10   9.64869559E-03  0.127748460      0.217543900     -0.454524130       9.01172757E-02 -0.394306064    
   10.0000000       800.000000       4.13518026E-02   3.93391180      0.124771208       3.17127713E-10   8.36130697E-03  0.125715584      0.191486716     -0.471382856       9.80357751E-02 -0.413940579    
   11.0000000       800.000000       4.15420607E-02   3.97551847      0.128465801       3.23112898E-10   7.05832755E-03  0.123716563      0.157101586     -0.488837272      0.104562141     -0.427443713    
   12.0000000       800.000000       4.17331755E-02   4.01692963      0.132254675       3.29195143E-10   5.90619212E-03  0.121755078      0.120164946     -0.506978333      0.109577157     -0.433109134    
   13.0000000       800.000000       4.19295840E-02   4.05884504      0.136055693       3.35165840E-10   4.94053168E-03  0.119829223       8.76716748E-02 -0.525072396      0.113253102     -0.422761440    
   2.00000000       800.000000       4.21275869E-02   4.10084629      0.139849365       3.40981132E-10   4.07571206E-03  0.117940746       6.57177344E-02 -0.542513490      0.116021484     -0.400772423    
   3.00000000       800.000000       4.23264094E-02   4.14324856      0.143588632       3.46530360E-10   3.32125765E-03  0.116094656       5.50749525E-02 -0.558918476      0.118352629     -0.374493688    
   4.00000000       800.000000       4.25276794E-02   4.18554831      0.147219226       3.51691343E-10   2.68075406E-03  0.114290670       5.08349948E-02 -0.574291170      0.120514438     -0.346965700    
   5.00000000       800.000000       4.27326299E-02   4.22826385      0.150663570       3.56289914E-10   2.12241360E-03  0.112530872       4.48702052E-02 -0.588501215      0.122431800     -0.324840724    
   6.00000000       800.000000       4.29400988E-02   4.27117634      0.153913915       3.60326630E-10   1.61469507E-03  0.110814646       3.16512212E-02 -0.602121890      0.123790987     -0.312562793    
   7.00000000       800.000000       4.31519486E-02   4.31416321      0.156972826       3.63820529E-10   1.14415365E-03  0.109139666       1.08281793E-02 -0.615410984      0.124258220     -0.303244114    
   8.00000000       800.000000       4.33655083E-02   4.35740662      0.159845844       3.66801367E-10   7.16029783E-04  0.107504517      -1.41746690E-02 -0.628358483      0.123643689     -0.298669040    
   9.00000000       800.000000       4.35808785E-02   4.40067959      0.162621081       3.69483083E-10   3.29133414E-04  0.105906695      -3.71090099E-02 -0.641380250      0.122026294     -0.295711845    
   10.0000000       800.000000       4.38009016E-02   4.44439697      0.165280834       3.71835007E-10  -2.95012651E-05  0.104344726      -5.31158186E-02 -0.654197216      0.119699776     -0.282365352    
   11.0000000       800.000000       4.40220647E-02   4.48833799      0.167702675       3.73592685E-10  -3.49884038E-04  0.102818064      -6.14910647E-02 -0.666178584      0.116992719     -0.270311594    
   12.0000000       800.000000       4.42490242E-02   4.53246212      0.169856474       3.74705517E-10  -5.91803633E-04  0.101325043      -6.35197535E-02 -0.678058565      0.114182137     -0.248075157    
   13.0000000       800.000000       4.44775447E-02   4.57707596      0.171498492       3.74661080E-10  -6.10684045E-04   9.98659953E-02  -6.21428937E-02 -0.688188255      0.111418366     -0.190740436    
   2.00000000       800.000000       4.47068773E-02   4.62136841      0.172420293       3.73040238E-10  -5.19833062E-04   9.84398276E-02  -6.41516671E-02 -0.695069253      0.108550295     -0.134394675    
   3.00000000       800.000000       4.49385233E-02   4.66624355      0.172933385       3.70556724E-10  -4.30779648E-04   9.70452949E-02  -7.02369809E-02 -0.700236380      0.105393983      -9.85864848E-02
   4.00000000       800.000000       4.51754220E-02   4.71121693      0.173041016       3.67241598E-10  -3.66980443E-04   9.56812724E-02  -7.52316862E-02 -0.703954160      0.101995148      -6.36430085E-02
   5.00000000       800.000000       4.54156250E-02   4.75678205      0.172746718       3.63125585E-10  -3.38463637E-04   9.43470672E-02  -7.55677298E-02 -0.706001222       9.85633209E-02  -2.89574042E-02
   6.00000000       800.000000       4.56556603E-02   4.80203438      0.172086447       3.58307189E-10  -3.43626773E-04   9.30416733E-02  -7.10821822E-02 -0.706590116       9.53177884E-02  -2.87233386E-03
   7.00000000       800.000000       4.59001064E-02   4.84787893      0.171101153       3.52891716E-10  -3.86873871E-04   9.17641371E-02  -6.43076226E-02 -0.706264794       9.23662111E-02   8.54204223E-03
   8.00000000       800.000000       4.61495221E-02   4.89382601      0.169854730       3.47026047E-10  -4.63838136E-04   9.05130133E-02  -5.78467362E-02 -0.705803216       8.96965638E-02   3.01442854E-03
   9.00000000       800.000000       4.64015417E-02   4.94037914      0.168438718       3.40911133E-10  -5.65504655E-04   8.92862976E-02  -5.30432537E-02 -0.705986917       8.72354731E-02  -1.62730925E-02
   10.0000000       800.000000       4.66544069E-02   4.98703766      0.166946843       3.34738542E-10  -6.82289188E-04   8.80822018E-02  -4.97557670E-02 -0.707319736       8.49140957E-02  -4.25265692E-02
   11.0000000       800.000000       4.69110720E-02   5.03345490      0.165460169       3.28674227E-10  -7.98683497E-04   8.68984610E-02  -4.69037071E-02 -0.709964991       8.27139169E-02  -6.85041100E-02
   12.0000000       800.000000       4.71705161E-02   5.08080530      0.164047584       3.22851218E-10  -9.03036969E-04   8.57333764E-02  -4.38196361E-02 -0.713763595       8.06468576E-02  -8.81736949E-02
   13.0000000       800.000000       4.74330559E-02   5.12793064      0.162740871       3.17325610E-10  -9.87852691E-04   8.45859423E-02  -4.04175743E-02 -0.718306720       7.87297115E-02  -9.90450755E-02
   2.00000000       800.000000       4.76989783E-02   5.17558718      0.161552310       3.12113418E-10  -1.05120672E-03   8.34555551E-02  -3.71287130E-02 -0.723186255       7.69587159E-02 -0.102861717    
   3.00000000       800.000000       4.79672700E-02   5.22343826      0.160483301       3.07207898E-10  -1.09200063E-03   8.23421553E-02  -3.42828333E-02 -0.728146255       7.53142312E-02 -0.102566443    
   4.00000000       800.000000       4.82396744E-02   5.27148342      0.159517929       3.02574105E-10  -1.11351907E-03   8.12455937E-02  -3.17197293E-02 -0.733053982       7.37839937E-02 -0.101034790    
   5.00000000       800.000000       4.85143214E-02   5.32006216      0.158643991       2.98179814E-10  -1.11724588E-03   8.01658556E-02  -2.93677114E-02 -0.737922668       7.23593310E-02 -0.100288644    
   6.00000000       800.000000       4.87925000E-02   5.36836243      0.157846913       2.93992469E-10  -1.10661029E-03   7.91032389E-02  -2.74404343E-02 -0.742812097       7.10203424E-02 -0.100662373    
   7.00000000       800.000000       4.90735136E-02   5.41723442      0.157107383       2.89971908E-10  -1.08421477E-03   7.80573040E-02  -2.58066487E-02 -0.747773826       6.97539672E-02 -0.101560168    
   8.00000000       800.000000       4.93605398E-02   5.46674824      0.156406373       2.86079271E-10  -1.05424621E-03   7.70278499E-02  -2.40521859E-02 -0.752809703       6.85666725E-02 -0.102554634    
   9.00000000       800.000000       4.96459454E-02   5.51635075      0.155735224       2.82295909E-10  -1.01896760E-03   7.60143250E-02  -2.21725013E-02 -0.757927597       6.74659684E-02 -0.103220090    
   10.0000000       800.000000       4.99367975E-02   5.56616688      0.155082300       2.78597367E-10  -9.80086043E-04   7.50168115E-02  -2.05134135E-02 -0.763089120       6.64416328E-02 -0.103812367    
   11.0000000       800.000000       5.02316244E-02   5.61612844      0.154454187       2.74994222E-10  -9.36743570E-04   7.40345642E-02  -1.91885140E-02 -0.768325984       6.54777661E-02 -0.103989840    
   12.0000000       800.000000       5.05279116E-02   5.66623640      0.153837785       2.71462020E-10  -8.91281117E-04   7.30676800E-02  -1.80541221E-02 -0.773566246       6.45655245E-02 -0.103627227    
   13.0000000       800.000000       5.08273505E-02   5.71697474      0.153236568       2.68004258E-10  -8.44668655E-04   7.21158162E-02  -1.68560594E-02 -0.778829038       6.37087747E-02 -0.102975905    
   2.00000000       800.000000       5.11321910E-02   5.76780939      0.152639911       2.64600702E-10  -7.97960267E-04   7.11787045E-02  -1.55868717E-02 -0.784065604       6.29117563E-02 -0.101938114    
   3.00000000       800.000000       5.14377542E-02   5.81939650      0.152046740       2.61249827E-10  -7.53425353E-04   7.02558458E-02  -1.44330282E-02 -0.789285004       6.21693023E-02 -0.100645445    
   4.00000000       800.000000       5.17485440E-02   5.87104797      0.151449531       2.57936672E-10  -7.11425790E-04   6.93472326E-02  -1.35186147E-02 -0.794451654       6.14698194E-02  -9.91244614E-02
   5.00000000       800.000000       5.20629622E-02   5.92277527      0.150852025       2.54667981E-10  -6.72267517E-04   6.84519783E-02  -1.27238398E-02 -0.799575686       6.08073361E-02  -9.73470137E-02
   6.00000000       800.000000       5.23787588E-02   5.97483015      0.150248185       2.51431237E-10  -6.36535347E-04   6.75702244E-02  -1.18959444E-02 -0.804618418       6.01842254E-02  -9.58097428E-02
   7.00000000       800.000000       5.26992045E-02   6.02751064      0.149650261       2.48247756E-10  -6.02410233E-04   6.67025819E-02  -1.10539543E-02 -0.809643388       5.96017204E-02  -9.37377140E-02
   8.00000000       800.000000       5.30240014E-02   6.08028364      0.149037391       2.45081372E-10  -5.75342914E-04   6.58473670E-02  -1.04232887E-02 -0.814528942       5.90489767E-02  -9.15200934E-02
   9.00000000       800.000000       5.33496812E-02   6.13364077      0.148429990       2.41966530E-10  -5.48831478E-04   6.50044978E-02  -9.95776337E-03 -0.819379330       5.85177504E-02  -9.01985690E-02
   10.0000000       800.000000       5.36804311E-02   6.18732548      0.147828698       2.38901815E-10  -5.23335242E-04   6.41748235E-02  -9.45333485E-03 -0.824183285       5.80102727E-02  -8.91424045E-02
   11.0000000       800.000000       5.40157408E-02   6.24103832      0.147238597       2.35895636E-10  -4.98236914E-04   6.33571744E-02  -8.89193919E-03 -0.828977704       5.75300716E-02  -8.82507190E-02
   12.0000000       800.000000       5.43518029E-02   6.29508209      0.146654874       2.32937947E-10  -4.74621367E-04   6.25519380E-02  -8.42156541E-03 -0.833746254       5.70722967E-02  -8.73199478E-02
   13.0000000       800.000000       5.46922497E-02   6.34962225      0.146078348       2.30029565E-10  -4.51900734E-04   6.17582761E-02  -7.98677653E-03 -0.838500142       5.66354915E-02  -8.68213028E-02
   2.00000000       800.000000       5.50380871E-02   6.40445566      0.145513043       2.27176791E-10  -4.28268308E-04   6.09760880E-02  -7.51765072E-03 -0.843271315       5.62217087E-02  -8.65169168E-02
   3.00000000       800.000000       5.53847216E-02   6.45976830      0.144955114       2.24371507E-10  -4.05057421E-04   6.02056012E-02  -7.07664434E-03 -0.848053694       5.58297820E-02  -8.61222520E-02
   4.00000000       800.000000       5.57359010E-02   6.51546860      0.144400537       2.21607066E-10  -3.82434373E-04   5.94463199E-02  -6.62806025E-03 -0.852841377       5.54603525E-02  -8.56577456E-02
   5.00000000       800.000000       5.60912378E-02   6.57112312      0.143846586       2.18878790E-10  -3.61627113E-04   5.86980544E-02  -6.21626386E-03 -0.857632756       5.51116280E-02  -8.49671811E-02
   6.00000000       800.000000       5.64479530E-02   6.62756824      0.143287584       2.16176826E-10  -3.43226420E-04   5.79604097E-02  -5.82760619E-03 -0.862404227       5.47826849E-02  -8.41111913E-02
   7.00000000       800.000000       5.68098128E-02   6.68420267      0.142720431       2.13496720E-10  -3.28147231E-04   5.72335646E-02  -5.42040076E-03 -0.867158830       5.44748604E-02  -8.30899701E-02
   8.00000000       800.000000       5.71758151E-02   6.74102211      0.142139241       2.10829840E-10  -3.16965219E-04   5.65169640E-02  -5.02180634E-03 -0.871875823       5.41876331E-02  -8.17432180E-02
   9.00000000       800.000000       5.75454868E-02   6.79867172      0.141539797       2.08169940E-10  -3.11076554E-04   5.58103547E-02  -4.63163201E-03 -0.876537025       5.39210699E-02  -8.00709352E-02
   10.0000000       800.000000       5.79212233E-02   6.85620070      0.140920937       2.05514258E-10  -3.10429663E-04   5.51139787E-02  -4.23777243E-03 -0.881121576       5.36756702E-02  -7.83028454E-02
   11.0000000       800.000000       5.82982525E-02   6.91421032      0.140288606       2.02872288E-10  -3.14117497E-04   5.44270799E-02  -3.86484270E-03 -0.885638177       5.34503870E-02  -7.68724531E-02
   12.0000000       800.000000       5.86755127E-02   6.97270107      0.139651865       2.00258185E-10  -3.19585117E-04   5.37496135E-02  -3.51416017E-03 -0.890113771       5.32441102E-02  -7.57710710E-02
   13.0000000       800.000000       5.90622984E-02   7.03143930      0.139014244       1.97674502E-10  -3.26083420E-04   5.30815013E-02  -3.20277433E-03 -0.894558728       5.30550219E-02  -7.47859478E-02
   2.00000000       800.000000       5.94485030E-02   7.09108067      0.138378024       1.95125499E-10  -3.32870550E-04   5.24227396E-02  -2.91794818E-03 -0.898978829       5.28815910E-02  -7.39181787E-02
   3.00000000       800.000000       5.98436110E-02   7.15043688      0.137746289       1.92614244E-10  -3.39245948E-04   5.17727360E-02  -2.67248764E-03 -0.903375745       5.27216345E-02  -7.32109547E-02
   4.00000000       800.000000       6.02373928E-02   7.21079636      0.137122527       1.90145816E-10  -3.44360829E-04   5.11317179E-02  -2.47424818E-03 -0.907766819       5.25725447E-02  -7.27369264E-02
   5.00000000       800.000000       6.06374219E-02   7.27131176      0.136511520       1.87725183E-10  -3.47057095E-04   5.04997373E-02  -2.29904475E-03 -0.912167728       5.24331518E-02  -7.25401789E-02
   6.00000000       800.000000       6.10392392E-02   7.33202028      0.135918289       1.85358437E-10  -3.46490589E-04   4.98760268E-02  -2.16218992E-03 -0.916593671       5.23012169E-02  -7.25600719E-02
   7.00000000       800.000000       6.14471473E-02   7.39313030      0.135345191       1.83047688E-10  -3.41700157E-04   4.92610261E-02  -2.04640953E-03 -0.921054542       5.21754250E-02  -7.27690831E-02
   8.00000000       800.000000       6.18590638E-02   7.45494413      0.134795383       1.80796753E-10  -3.32539174E-04   4.86544073E-02  -1.95747637E-03 -0.925567031       5.20543419E-02  -7.30026364E-02
   9.00000000       800.000000       6.22721761E-02   7.51700449      0.134265557       1.78599260E-10  -3.19340063E-04   4.80559580E-02  -1.88127486E-03 -0.930117011       5.19371703E-02  -7.29696080E-02
   10.0000000       800.000000       6.26941621E-02   7.57950735      0.133749738       1.76446316E-10  -3.04313347E-04   4.74658646E-02  -1.82417536E-03 -0.934686542       5.18227927E-02  -7.23641962E-02
   11.0000000       800.000000       6.31151870E-02   7.64244461      0.133236662       1.74322168E-10  -2.89450079E-04   4.68837880E-02  -1.78548926E-03 -0.939221263       5.17100729E-02  -7.12277293E-02
   12.0000000       800.000000       6.35424033E-02   7.70559978      0.132721096       1.72220835E-10  -2.76899053E-04   4.63094339E-02  -1.75739999E-03 -0.943707049       5.15984148E-02  -6.98025152E-02
   13.0000000       800.000000       6.39760271E-02   7.76949692      0.132199064       1.70135475E-10  -2.66727555E-04   4.57430817E-02  -1.73819636E-03 -0.948122740       5.14872633E-02  -6.83475062E-02
   2.00000000       800.000000       6.44085407E-02   7.83382225      0.131671757       1.68068406E-10  -2.59487046E-04   4.51843925E-02  -1.72357308E-03 -0.952482641       5.13762273E-02  -6.69122487E-02
   3.00000000       800.000000       6.48498610E-02   7.89831066      0.131137222       1.66016589E-10  -2.54660059E-04   4.46331799E-02  -1.71331083E-03 -0.956771076       5.12651168E-02  -6.54750243E-02
   4.00000000       800.000000       6.52926117E-02   7.96304750      0.130596399       1.63980871E-10  -2.52751139E-04   4.40891832E-02  -1.69617671E-03 -0.961004615       5.11543937E-02  -6.40533343E-02
   5.00000000       800.000000       6.57397360E-02   8.02879810      0.130047664       1.61959307E-10  -2.53125298E-04   4.35526893E-02  -1.68453262E-03 -0.965164542       5.10436296E-02  -6.27429634E-02
   6.00000000       800.000000       6.61928579E-02   8.09504509      0.129494846       1.59956048E-10  -2.55683553E-04   4.30231169E-02  -1.66185712E-03 -0.969280899       5.09335771E-02  -6.16624244E-02
   7.00000000       800.000000       6.66503683E-02   8.16145802      0.128937975       1.57972468E-10  -2.58955755E-04   4.25009280E-02  -1.64488319E-03 -0.973357558       5.08240014E-02  -6.09095246E-02
   8.00000000       800.000000       6.71091229E-02   8.22835445      0.128382742       1.56013827E-10  -2.62231508E-04   4.19852994E-02  -1.61720510E-03 -0.977427542       5.07154800E-02  -6.04745597E-02
   9.00000000       800.000000       6.75772652E-02   8.29508305      0.127829060       1.54079596E-10  -2.64485163E-04   4.14764285E-02  -1.59000349E-03 -0.981502175       5.06081022E-02  -6.00767359E-02
   10.0000000       800.000000       6.80434331E-02   8.36327362      0.127274767       1.52167806E-10  -2.66420742E-04   4.09742855E-02  -1.54866930E-03 -0.985576570       5.05025797E-02  -5.95536754E-02
   11.0000000       800.000000       6.85164854E-02   8.43160915      0.126716897       1.50273766E-10  -2.68497155E-04   4.04789038E-02  -1.49277796E-03 -0.989633799       5.04003204E-02  -5.88285774E-02
   12.0000000       800.000000       6.89990669E-02   8.50011826      0.126153305       1.48395130E-10  -2.71352095E-04   3.99900191E-02  -1.41557073E-03 -0.993666410       5.03026769E-02  -5.79918213E-02
   13.0000000       800.000000       6.94770738E-02   8.56972027      0.125583634       1.46531814E-10  -2.75135215E-04   3.95073332E-02  -1.31797674E-03 -0.997664452       5.02111465E-02  -5.71653545E-02
   2.00000000       800.000000       6.99650571E-02   8.63913631      0.125012010       1.44687540E-10  -2.78989348E-04   3.90306897E-02  -1.20740454E-03  -1.00163829       5.01266122E-02  -5.66705726E-02
   3.00000000       800.000000       7.04544336E-02   8.70913506      0.124446250       1.42871742E-10  -2.81155197E-04   3.85603532E-02  -1.08475587E-03  -1.00562179       5.00502475E-02  -5.66636771E-02
   4.00000000       800.000000       7.09533468E-02   8.77987480      0.123892948       1.41091028E-10  -2.79952335E-04   3.80961746E-02  -9.59332392E-04  -1.00965142       4.99820746E-02  -5.70250414E-02
   5.00000000       800.000000       7.14557767E-02   8.85152435      0.123355590       1.39349060E-10  -2.74568069E-04   3.76379937E-02  -8.32398888E-04  -1.01374459       4.99226190E-02  -5.75065762E-02
   6.00000000       800.000000       7.19595850E-02   8.92326069      0.122834124       1.37644757E-10  -2.64990987E-04   3.71858180E-02  -7.12167181E-04  -1.01789701       4.98714298E-02  -5.79162799E-02
   7.00000000       800.000000       7.24673644E-02   8.99552822      0.122326709       1.35975897E-10  -2.51801364E-04   3.67395282E-02  -5.95892721E-04  -1.02210736       4.98283021E-02  -5.80882095E-02
   8.00000000       800.000000       7.29827210E-02   9.06822109      0.121829227       1.34336861E-10  -2.36199892E-04   3.62989232E-02  -4.87755344E-04  -1.02634621       4.97927032E-02  -5.78757375E-02
   9.00000000       800.000000       7.35015273E-02   9.14107132      0.121337101       1.32721972E-10  -2.19779831E-04   3.58641967E-02  -3.85129330E-04  -1.03058624       4.97643426E-02  -5.72940223E-02
   10.0000000       800.000000       7.40236938E-02   9.21487141      0.120845594       1.31126346E-10  -2.03590549E-04   3.54346335E-02  -2.92915298E-04  -1.03479826       4.97426614E-02  -5.64883314E-02
   11.0000000       800.000000       7.45541826E-02   9.28909588      0.120352492       1.29547123E-10  -1.88448146E-04   3.50112282E-02  -2.13206702E-04  -1.03897882       4.97267395E-02  -5.55162132E-02
   12.0000000       800.000000       7.50876293E-02   9.36382198      0.119854622       1.27980349E-10  -1.74826506E-04   3.45928259E-02  -1.48442065E-04  -1.04310739       4.97156456E-02  -5.43671660E-02
   13.0000000       800.000000       7.56227747E-02   9.43945217      0.119349927       1.26424052E-10  -1.63568940E-04   3.41798291E-02  -1.00098383E-04  -1.04717183       4.97080684E-02  -5.30754030E-02
   2.00000000       800.000000       7.61684179E-02   9.51551723      0.118835710       1.24875124E-10  -1.54927882E-04   3.37726809E-02  -6.92391623E-05  -1.05116248       4.97027040E-02  -5.16653843E-02
   3.00000000       800.000000       7.67170042E-02   9.59179592      0.118310720       1.23332705E-10  -1.49397005E-04   3.33698206E-02  -5.52536185E-05  -1.05507112       4.96985167E-02  -5.02816252E-02
   4.00000000       800.000000       7.72694573E-02   9.66848755      0.117775083       1.21796975E-10  -1.46351085E-04   3.29726227E-02  -5.76875755E-05  -1.05890393       4.96940985E-02  -4.90654446E-02
   5.00000000       800.000000       7.78230131E-02   9.74612713      0.117230184       1.20268656E-10  -1.45443337E-04   3.25804353E-02  -7.24896963E-05  -1.06268144       4.96884510E-02  -4.79542837E-02
   6.00000000       800.000000       7.83851892E-02   9.82425022      0.116675332       1.18747942E-10  -1.46586928E-04   3.21929418E-02  -9.27584842E-05  -1.06639504       4.96811569E-02  -4.67779487E-02
   7.00000000       800.000000       7.89523125E-02   9.90284920      0.116110116       1.17233750E-10  -1.49924730E-04   3.18103842E-02  -1.13490787E-04  -1.07004082       4.96721230E-02  -4.56338003E-02
   8.00000000       800.000000       7.95280412E-02   9.98241329      0.115537621       1.15729828E-10  -1.54736277E-04   3.14327553E-02  -1.29754975E-04  -1.07362807       4.96618748E-02  -4.47454005E-02
   9.00000000       800.000000       8.01055804E-02   10.0623922      0.114963233       1.14241110E-10  -1.59692718E-04   3.10596600E-02  -1.39526601E-04  -1.07718444       4.96506765E-02  -4.43116389E-02
   10.0000000       800.000000       8.06882754E-02   10.1425762      0.114394560       1.12775095E-10  -1.62907163E-04   3.06908824E-02  -1.42799341E-04  -1.08075237       4.96391654E-02  -4.43079434E-02
   11.0000000       800.000000       8.12722519E-02   10.2231703      0.113836698       1.11336031E-10  -1.63230841E-04   3.03272102E-02  -1.41674507E-04  -1.08435941       4.96277213E-02  -4.46007177E-02
   12.0000000       800.000000       8.18665698E-02   10.3048105      0.113293201       1.09927387E-10  -1.59788469E-04   2.99676713E-02  -1.37304887E-04  -1.08802772       4.96164300E-02  -4.50623371E-02
   13.0000000       800.000000       8.24698508E-02   10.3871059      0.112765044       1.08549260E-10  -1.52294073E-04   2.96131745E-02  -1.31399807E-04  -1.09176457       4.96055670E-02  -4.55025882E-02
   2.00000000       800.000000       8.30690786E-02   10.4702911      0.112251535       1.07200721E-10  -1.41108569E-04   2.92625651E-02  -1.25752849E-04  -1.09556246       4.95951250E-02  -4.57342677E-02
   3.00000000       800.000000       8.36792067E-02   10.5531397      0.111746877       1.05875669E-10  -1.27765830E-04   2.89163776E-02  -1.20914068E-04  -1.09939051       4.95849401E-02  -4.53413501E-02
   4.00000000       800.000000       8.42924491E-02   10.6371202      0.111240610       1.04563858E-10  -1.15291485E-04   2.85748895E-02  -1.17494550E-04  -1.10317874       4.95750681E-02  -4.40617427E-02
   5.00000000       800.000000       8.49149227E-02   10.7222576      0.110722192       1.03255335E-10  -1.06379448E-04   2.82368753E-02  -1.16195333E-04  -1.10684705       4.95652296E-02  -4.22568992E-02
   6.00000000       800.000000       8.55400413E-02   10.8070173      0.110189155       1.01948019E-10  -1.01765552E-04   2.79037785E-02  -1.17738404E-04  -1.11038065       4.95552123E-02  -4.04149890E-02
   7.00000000       800.000000       8.61672983E-02   10.8929453      0.109642521       1.00642501E-10  -1.01140438E-04   2.75744926E-02  -1.22927304E-04  -1.11378706       4.95445877E-02  -3.87237258E-02
   8.00000000       800.000000       8.68062824E-02   10.9799843      0.109084100       9.93413476E-11  -1.03816696E-04   2.72492245E-02  -1.31698253E-04  -1.11707830       4.95331883E-02  -3.72880921E-02
   9.00000000       800.000000       8.74475688E-02   11.0664978      0.108517200       9.80471607E-11  -1.08543863E-04   2.69280039E-02  -1.43797850E-04  -1.12028408       4.95205037E-02  -3.62775289E-02
   10.0000000       800.000000       8.80924463E-02   11.1543617      0.107947946       9.67652139E-11  -1.13495647E-04   2.66101956E-02  -1.57674847E-04  -1.12344742       4.95066978E-02  -3.58132161E-02
   11.0000000       800.000000       8.87458175E-02   11.2425718      0.107381247       9.55003993E-11  -1.17092648E-04   2.62967665E-02  -1.70516345E-04  -1.12661684       4.94915992E-02  -3.56712565E-02
   12.0000000       800.000000       8.94047245E-02   11.3320246      0.106818758       9.42531261E-11  -1.18881981E-04   2.59872898E-02  -1.79128387E-04  -1.12980032       4.94755283E-02  -3.55364457E-02
   13.0000000       800.000000       9.00711343E-02   11.4218473      0.106260516       9.30241509E-11  -1.18832781E-04   2.56813280E-02  -1.82740012E-04  -1.13299584       4.94590402E-02  -3.54994275E-02
   2.00000000       800.000000       9.07422155E-02   11.5118284      0.105711550       9.18166237E-11  -1.16145144E-04   2.53791790E-02  -1.82019488E-04  -1.13622010       4.94425371E-02  -3.57532352E-02
   3.00000000       800.000000       9.14164707E-02   11.6033077      0.105175577       9.06340281E-11  -1.09980232E-04   2.50806939E-02  -1.78389528E-04  -1.13950789       4.94262949E-02  -3.61930467E-02
   4.00000000       800.000000       9.20993984E-02   11.6952047      0.104653679       8.94767108E-11  -9.99769254E-05   2.47855205E-02  -1.72897839E-04  -1.14286184       4.94103134E-02  -3.65904644E-02
   5.00000000       800.000000       9.27866399E-02   11.7873383      0.104143441       8.83424098E-11  -8.67325871E-05   2.44943388E-02  -1.66793645E-04  -1.14627242       4.93948162E-02  -3.66978869E-02
   6.00000000       800.000000       9.34779644E-02   11.8806105      0.103639059       8.72250050E-11  -7.21168399E-05   2.42066141E-02  -1.60219992E-04  -1.14969826       4.93798628E-02  -3.61181274E-02
   7.00000000       800.000000       9.41774696E-02   11.9743528      0.103128307       8.61151775E-11  -5.92780270E-05   2.39224192E-02  -1.52873603E-04  -1.15305066       4.93654236E-02  -3.45790088E-02
   8.00000000       800.000000       9.48819369E-02   12.0688763      0.102600567       8.50033724E-11  -5.12987135E-05   2.36417130E-02  -1.45248734E-04  -1.15623569       4.93517406E-02  -3.23577821E-02
   9.00000000       800.000000       9.55979601E-02   12.1640635      0.102051191       8.38864117E-11  -4.93850712E-05   2.33645122E-02  -1.38742791E-04  -1.15921557       4.93383445E-02  -3.00606024E-02
   10.0000000       800.000000       9.63135287E-02   12.2600622      0.101483025       8.27663077E-11  -5.30444522E-05   2.30904445E-02  -1.33560970E-04  -1.16200411       4.93256263E-02  -2.80179679E-02
   11.0000000       800.000000       9.70358253E-02   12.3568468      0.100899495       8.16466200E-11  -6.08839400E-05   2.28195898E-02  -1.28856016E-04  -1.16463161       4.93130349E-02  -2.64726412E-02
   12.0000000       800.000000       9.77677032E-02   12.4544106      0.100308776       8.05339545E-11  -7.04408521E-05   2.25520376E-02  -1.23940466E-04  -1.16716301       4.93009575E-02  -2.57395376E-02
   13.0000000       800.000000       9.85076427E-02   12.5523767       9.97218713E-02   7.94367627E-11  -7.85886295E-05   2.22878754E-02  -1.17654810E-04  -1.16968417       4.92893234E-02  -2.58513540E-02
   2.00000000       800.000000       9.92456749E-02   12.6510534       9.91477892E-02   7.83622334E-11  -8.27110198E-05   2.20264848E-02  -1.08780616E-04  -1.17227268       4.92785983E-02  -2.65344698E-02
   3.00000000       800.000000       9.99961421E-02   12.7503929       9.85913053E-02   7.73133779E-11  -8.15512176E-05   2.17686389E-02  -9.72718626E-05  -1.17497301       4.92688045E-02  -2.74561923E-02
   4.00000000       800.000000      0.100751281       12.8514633       9.80534479E-02   7.62912650E-11  -7.48359744E-05   2.15136167E-02  -8.41492219E-05  -1.17778349       4.92603704E-02  -2.83406097E-02
   5.00000000       800.000000      0.101513669       12.9527330       9.75326449E-02   7.52935214E-11  -6.33149466E-05   2.12617181E-02  -7.06103019E-05  -1.18070292       4.92532998E-02  -2.88855620E-02
   6.00000000       800.000000      0.102282949       13.0543804       9.70217586E-02   7.43143394E-11  -4.87555153E-05   2.10129190E-02  -5.73068428E-05  -1.18367290       4.92473841E-02  -2.88126878E-02
   7.00000000       800.000000      0.103057869       13.1565609       9.65112820E-02   7.33464955E-11  -3.40754414E-05   2.07669903E-02  -4.43303543E-05  -1.18661869       4.92427684E-02  -2.78565269E-02
   8.00000000       800.000000      0.103839546       13.2604132       9.59886238E-02   7.23802199E-11  -2.26892007E-05   2.05241591E-02  -3.17508529E-05  -1.18943524       4.92394902E-02  -2.59605180E-02
   9.00000000       800.000000      0.104626514       13.3645535       9.54443589E-02   7.14084902E-11  -1.75059722E-05   2.02842522E-02  -2.01569710E-05  -1.19202995       4.92374562E-02  -2.34199595E-02
   10.0000000       800.000000      0.105420068       13.4691267       9.48741287E-02   7.04284478E-11  -1.96607543E-05   2.00471263E-02  -1.04613082E-05  -1.19435608       4.92363088E-02  -2.08834391E-02
   11.0000000       800.000000      0.106228657       13.5754204       9.42833945E-02   6.94443392E-11  -2.79088799E-05   1.98126975E-02  -2.70623309E-06  -1.19644976       4.92360331E-02  -1.88924670E-02
   12.0000000       800.000000      0.107034281       13.6821260       9.36807171E-02   6.84626453E-11  -3.94576928E-05   1.95812806E-02   3.95891811E-06  -1.19838417       4.92364056E-02  -1.77978761E-02
   13.0000000       800.000000      0.107849084       13.7891541       9.30803195E-02   6.74938647E-11  -5.02045914E-05   1.93524323E-02   9.90358240E-06  -1.20027292       4.92375270E-02  -1.78980809E-02
   2.00000000       800.000000      0.108672515       13.8981247       9.24964994E-02   6.65481212E-11  -5.62486712E-05   1.91260576E-02   1.53005203E-05  -1.20226014       4.92390953E-02  -1.88867170E-02
   3.00000000       800.000000      0.109497771       14.0066690       9.19350162E-02   6.56290022E-11  -5.55591323E-05   1.89029034E-02   2.06248260E-05  -1.20439529       4.92414162E-02  -2.01348439E-02
   4.00000000       800.000000      0.110339761       14.1170921       9.13953558E-02   6.47357445E-11  -4.83429794E-05   1.86819658E-02   2.52871359E-05  -1.20668578       4.92442176E-02  -2.11303681E-02
   5.00000000       800.000000      0.111177742       14.2269335       9.08707455E-02   6.38630329E-11  -3.66065942E-05   1.84639115E-02   2.87773018E-05  -1.20907533       4.92473505E-02  -2.13932041E-02
   6.00000000       800.000000      0.112030037       14.3394938       9.03492644E-02   6.30023048E-11  -2.37442182E-05   1.82479434E-02   3.11244403E-05  -1.21146047       4.92508449E-02  -2.06861105E-02
   7.00000000       800.000000      0.112885214       14.4517355       8.98187757E-02   6.21450322E-11  -1.32917212E-05   1.80349927E-02   3.22477499E-05  -1.21372914       4.92545031E-02  -1.90310050E-02
   8.00000000       800.000000      0.113750286       14.5650282       8.92687365E-02   6.12840334E-11  -8.26976338E-06   1.78245418E-02   3.19487517E-05  -1.21577382       4.92581800E-02  -1.67268999E-02
   9.00000000       800.000000      0.114624061       14.6793976       8.86953771E-02   6.04166023E-11  -1.00053894E-05   1.76167917E-02   2.99182120E-05  -1.21754766       4.92615141E-02  -1.43222390E-02
   10.0000000       800.000000      0.115506783       14.7940674       8.81019160E-02   5.95456393E-11  -1.74991292E-05   1.74112394E-02   2.65825038E-05  -1.21907210       4.92646620E-02  -1.24653894E-02
   11.0000000       800.000000      0.116393380       14.9101496       8.75004977E-02   5.86792837E-11  -2.74314189E-05   1.72079876E-02   2.27436849E-05  -1.22044039       4.92672846E-02  -1.17024863E-02
   12.0000000       800.000000      0.117281690       15.0272551       8.69058967E-02   5.78272395E-11  -3.54359654E-05   1.70071535E-02   1.88593694E-05  -1.22180402       4.92694564E-02  -1.20168356E-02
   13.0000000       800.000000      0.118191823       15.1445360       8.63281786E-02   5.69964562E-11  -3.82756334E-05   1.68086607E-02   1.51177246E-05  -1.22326970       4.92713377E-02  -1.29732834E-02
   2.00000000       800.000000      0.119099334       15.2630339       8.57713297E-02   5.61884775E-11  -3.48164904E-05   1.66127365E-02   1.16526817E-05  -1.22488236       4.92726639E-02  -1.39486380E-02
   3.00000000       800.000000      0.120015435       15.3828135       8.52294266E-02   5.53995773E-11  -2.66024599E-05   1.64187830E-02   8.08739696E-06  -1.22660494       4.92737442E-02  -1.42460298E-02
   4.00000000       800.000000      0.120940529       15.5036430       8.46908763E-02   5.46217516E-11  -1.71069223E-05   1.62274018E-02   4.14740407E-06  -1.22831619       4.92741801E-02  -1.35717662E-02
   5.00000000       800.000000      0.121867239       15.6249332       8.41444805E-02   5.38475757E-11  -9.64994888E-06   1.60379671E-02  -6.47845653E-08  -1.22989941       4.92741503E-02  -1.21232923E-02
   6.00000000       800.000000      0.122810721       15.7464323       8.35831761E-02   5.30729384E-11  -6.40124517E-06   1.58508830E-02  -4.54804513E-06  -1.23128140       4.92736548E-02  -1.03344535E-02
   7.00000000       800.000000      0.123757191       15.8707790       8.30070376E-02   5.22976523E-11  -7.65654931E-06   1.56664792E-02  -9.02157262E-06  -1.23244882       4.92724441E-02  -8.65616091E-03
   8.00000000       800.000000      0.124716990       15.9948425       8.24200213E-02   5.15244375E-11  -1.20514014E-05   1.54837351E-02  -1.30968110E-05  -1.23343194       4.92708236E-02  -7.50191556E-03
   9.00000000       800.000000      0.125679165       16.1200333       8.18317458E-02   5.07593308E-11  -1.68915667E-05   1.53032718E-02  -1.63776531E-05  -1.23432636       4.92687896E-02  -7.14878039E-03
   10.0000000       800.000000      0.126648560       16.2460766       8.12516809E-02   5.00081261E-11  -1.93174637E-05   1.51248928E-02  -1.88546164E-05  -1.23523557       4.92663682E-02  -7.37968879E-03
   11.0000000       800.000000      0.127627030       16.3736973       8.06831643E-02   4.92725860E-11  -1.81309661E-05   1.49485413E-02  -2.06618424E-05  -1.23620343       4.92637828E-02  -7.70107470E-03
   12.0000000       800.000000      0.128622070       16.5009899       8.01240057E-02   4.85512394E-11  -1.39388121E-05   1.47742415E-02  -2.20722904E-05  -1.23721123       4.92608882E-02  -7.70734856E-03
   13.0000000       800.000000      0.129615709       16.6299458       7.95678943E-02   4.78398397E-11  -8.75240858E-06   1.46021275E-02  -2.33613646E-05  -1.23819375       4.92579043E-02  -7.11203273E-03
   2.00000000       800.000000      0.130617574       16.7607040       7.90066496E-02   4.71337448E-11  -4.86513682E-06   1.44314170E-02  -2.45555657E-05  -1.23906040       4.92546521E-02  -6.01045974E-03
   3.00000000       800.000000      0.131631613       16.8909397       7.84372240E-02   4.64307377E-11  -3.51634117E-06   1.42632788E-02  -2.54785245E-05  -1.23976934       4.92512509E-02  -4.76091215E-03
   4.00000000       800.000000      0.132658064       17.0234966       7.78595060E-02   4.57310370E-11  -4.64171580E-06   1.40973181E-02  -2.59610460E-05  -1.24031842       4.92479056E-02  -3.64773464E-03
   5.00000000       800.000000      0.133689612       17.1564980       7.72772804E-02   4.50367382E-11  -7.12184874E-06   1.39327785E-02  -2.57839438E-05  -1.24074233       4.92444187E-02  -2.91694840E-03
   6.00000000       800.000000      0.134727374       17.2917385       7.66964033E-02   4.43512345E-11  -9.21583523E-06   1.37708560E-02  -2.49272962E-05  -1.24110186       4.92410362E-02  -2.62043788E-03
   7.00000000       800.000000      0.135772675       17.4260139       7.61209056E-02   4.36768711E-11  -9.60420857E-06   1.36102550E-02  -2.35052012E-05  -1.24145126       4.92379107E-02  -2.53796903E-03
   8.00000000       800.000000      0.136831790       17.5625153       7.55513683E-02   4.30136621E-11  -8.07812103E-06   1.34510221E-02  -2.18288187E-05  -1.24179626       4.92348745E-02  -2.38977349E-03
   9.00000000       800.000000      0.137887821       17.6995029       7.49852583E-02   4.23599662E-11  -5.48021080E-06   1.32944016E-02  -2.01598359E-05  -1.24210691       4.92320545E-02  -1.95192941E-03
   10.0000000       800.000000      0.138969555       17.8388729       7.44179115E-02   4.17132821E-11  -3.18746334E-06   1.31396353E-02  -1.86041452E-05  -1.24233532       4.92295474E-02  -1.18470285E-03
   11.0000000       800.000000      0.140046909       17.9775219       7.38461912E-02   4.10715836E-11  -2.12799318E-06   1.29865147E-02  -1.70892035E-05  -1.24243581       4.92271557E-02  -2.95903708E-04
   12.0000000       800.000000      0.141143247       18.1181393       7.32706487E-02   4.04352489E-11  -2.26877341E-06   1.28351590E-02  -1.54677327E-05  -1.24241662       4.92249466E-02   4.88874095E-04
   13.0000000       800.000000      0.142242312       18.2606220       7.26936460E-02   3.98055200E-11  -2.87533840E-06   1.26853995E-02  -1.36055087E-05  -1.24229872       4.92229834E-02   1.04909483E-03
   2.00000000       800.000000      0.143348306       18.4025784       7.21179992E-02   3.91839443E-11  -2.99549424E-06   1.25376089E-02  -1.14773520E-05  -1.24211824       4.92213592E-02   1.39555370E-03
   3.00000000       800.000000      0.144470185       18.5468769       7.15457276E-02   3.85713961E-11  -2.08284541E-06   1.23915290E-02  -9.19600734E-06  -1.24189579       4.92200628E-02   1.68295845E-03
   4.00000000       800.000000      0.145599216       18.6916237       7.09762201E-02   3.79673931E-11  -3.17532425E-07   1.22472150E-02  -6.97983751E-06  -1.24163198       4.92190011E-02   2.07680464E-03
   5.00000000       800.000000      0.146730632       18.8387299       7.04069138E-02   3.73707246E-11   1.60621107E-06   1.21040801E-02  -4.98277723E-06  -1.24129081       4.92182821E-02   2.65403138E-03
   6.00000000       800.000000      0.147886083       18.9852219       6.98361024E-02   3.67800443E-11   2.98667737E-06   1.19629772E-02  -3.24451139E-06  -1.24084866       4.92178090E-02   3.35894991E-03
   7.00000000       800.000000      0.149040878       19.1336536       6.92627877E-02   3.61951684E-11   3.59914043E-06   1.18238498E-02  -1.70308590E-06  -1.24029112       4.92175743E-02   4.05331701E-03
   8.00000000       800.000000      0.150206983       19.2841053       6.86882213E-02   3.56163744E-11   3.75329773E-06   1.16860215E-02  -2.57830351E-07  -1.23963487       4.92175557E-02   4.63225693E-03
   9.00000000       800.000000      0.151375279       19.4338169       6.81140944E-02   3.50446373E-11   3.98660222E-06   1.15494998E-02   1.16183162E-06  -1.23889399       4.92177270E-02   5.08520333E-03
   10.0000000       800.000000      0.152559474       19.5859928       6.75415248E-02   3.44803977E-11   4.64511186E-06   1.14150504E-02   2.53569442E-06  -1.23808753       4.92180735E-02   5.49389469E-03
   11.0000000       800.000000      0.153755501       19.7391071       6.69704005E-02   3.39234717E-11   5.65707796E-06   1.12818619E-02   3.78359709E-06  -1.23721838       4.92186956E-02   5.94930537E-03
   12.0000000       800.000000      0.154966682       19.8943138       6.63987398E-02   3.33731931E-11   6.69414112E-06   1.11503601E-02   4.81710367E-06  -1.23625720       4.92194071E-02   6.48480142E-03
   13.0000000       800.000000      0.156182289       20.0499210       6.58272877E-02   3.28288889E-11   7.41659096E-06   1.10205663E-02   5.60285753E-06  -1.23519480       4.92202714E-02   7.07983319E-03
   2.00000000       800.000000      0.157407701       20.2067699       6.52545244E-02   3.22907361E-11   7.71190571E-06   1.08914375E-02   6.17424394E-06  -1.23403895       4.92213070E-02   7.66571285E-03
   3.00000000       800.000000      0.158632427       20.3635406       6.46809936E-02   3.17588282E-11   7.76955858E-06   1.07649844E-02   6.58884755E-06  -1.23277557       4.92223464E-02   8.18360690E-03
   4.00000000       800.000000      0.159881696       20.5234394       6.41091689E-02   3.12335227E-11   7.87166846E-06   1.06391907E-02   6.88861292E-06  -1.23142314       4.92233261E-02   8.64312612E-03
   5.00000000       800.000000      0.161134437       20.6836548       6.35367557E-02   3.07148265E-11   8.13967199E-06   1.05152046E-02   7.08469361E-06  -1.22999549       4.92245294E-02   9.09093395E-03
   6.00000000       800.000000      0.162408039       20.8466339       6.29657730E-02   3.02024100E-11   8.53851816E-06   1.03927450E-02   7.15020906E-06  -1.22848296       4.92257439E-02   9.55091882E-03
   7.00000000       800.000000      0.163673609       21.0080662       6.23961352E-02   2.96968075E-11   9.00092436E-06   1.02710929E-02   7.05444791E-06  -1.22688401       4.92268838E-02   1.00201014E-02
   8.00000000       800.000000      0.164970547       21.1726456       6.18261620E-02   2.91973702E-11   9.51047150E-06   1.01512847E-02   6.79189361E-06  -1.22519779       4.92279902E-02   1.04799466E-02
   9.00000000       800.000000      0.166260168       21.3390827       6.12575188E-02   2.87039888E-11   1.01275282E-05   1.00327507E-02   6.38311667E-06  -1.22341013       4.92290892E-02   1.09197740E-02
   10.0000000       800.000000      0.167571649       21.5048828       6.06896654E-02   2.82173312E-11   1.08831637E-05   9.91617888E-03   5.86720989E-06  -1.22154689       4.92301062E-02   1.13572823E-02
   11.0000000       800.000000      0.168884769       21.6747990       6.01233318E-02   2.77366134E-11   1.17122891E-05   9.79998894E-03   5.27713883E-06  -1.21959877       4.92308810E-02   1.18102040E-02
   12.0000000       800.000000      0.170220941       21.8437004       5.95560521E-02   2.72617814E-11   1.25150300E-05   9.68561694E-03   4.62998469E-06  -1.21753764       4.92316224E-02   1.22752851E-02
   13.0000000       800.000000      0.171562597       22.0148487       5.89891933E-02   2.67930296E-11   1.32452114E-05   9.57288314E-03   3.93302480E-06  -1.21538711       4.92323563E-02   1.27364006E-02
   2.00000000       800.000000      0.172911152       22.1867790       5.84241934E-02   2.63303563E-11   1.39390959E-05   9.46085900E-03   3.19618152E-06  -1.21315503       4.92329523E-02   1.31793134E-02
   3.00000000       800.000000      0.174262822       22.3595982       5.78595176E-02   2.58736105E-11   1.46640987E-05   9.35028493E-03   2.43454656E-06  -1.21082067       4.92333695E-02   1.36035969E-02
   4.00000000       800.000000      0.175636902       22.5350342       5.72956502E-02   2.54222147E-11   1.54475947E-05   9.24120750E-03   1.66833991E-06  -1.20839643       4.92337048E-02   1.40230013E-02
   5.00000000       800.000000      0.177029908       22.7109966       5.67325801E-02   2.49773466E-11   1.62495671E-05   9.13376175E-03   9.16761906E-07  -1.20587075       4.92337756E-02   1.44489072E-02
   6.00000000       800.000000      0.178427994       22.8897495       5.61704561E-02   2.45376844E-11   1.70007879E-05   9.02702566E-03   1.94372433E-07  -1.20325601       4.92338203E-02   1.48820458E-02
   7.00000000       800.000000      0.179832757       23.0675335       5.56086376E-02   2.41036253E-11   1.76562426E-05   8.92120320E-03  -4.88659566E-07  -1.20054960       4.92337085E-02   1.53151853E-02
   8.00000000       800.000000      0.181247130       23.2492962       5.50475605E-02   2.36752180E-11   1.82093354E-05   8.81730765E-03  -1.12364091E-06  -1.19772530       4.92335707E-02   1.57409776E-02
   9.00000000       800.000000      0.182678327       23.4303741       5.44879809E-02   2.32521433E-11   1.86748402E-05   8.71431548E-03  -1.70203703E-06  -1.19481575       4.92332056E-02   1.61567498E-02
   10.0000000       800.000000      0.184120178       23.6137962       5.39289154E-02   2.28348937E-11   1.90733717E-05   8.61219224E-03  -2.21629170E-06  -1.19180214       4.92328741E-02   1.65611301E-02
   11.0000000       800.000000      0.185574606       23.7995758       5.33697978E-02   2.24229784E-11   1.94359691E-05   8.51193443E-03  -2.66134543E-06  -1.18870497       4.92323823E-02   1.69510469E-02
   12.0000000       800.000000      0.187039450       23.9845982       5.28135262E-02   2.20164650E-11   1.98119415E-05   8.41200352E-03  -3.03572779E-06  -1.18549073       4.92318049E-02   1.73237771E-02
   13.0000000       800.000000      0.188515589       24.1725788       5.22572175E-02   2.16154473E-11   2.02552583E-05   8.31410103E-03  -3.34016659E-06  -1.18218577       4.92311455E-02   1.76805910E-02
   2.00000000       800.000000      0.190003842       24.3626595       5.17036282E-02   2.12202547E-11   2.08063357E-05   8.21685046E-03  -3.57475028E-06  -1.17879069       4.92305383E-02   1.80250891E-02
   3.00000000       800.000000      0.191507503       24.5538692       5.11505976E-02   2.08301414E-11   2.14742431E-05   8.12090095E-03  -3.73897046E-06  -1.17531586       4.92297262E-02   1.83650125E-02
   4.00000000       800.000000      0.193027228       24.7454605       5.05991615E-02   2.04457961E-11   2.22306626E-05   8.02599639E-03  -3.83138558E-06  -1.17172945       4.92289513E-02   1.87065843E-02
   5.00000000       800.000000      0.194553345       24.9383144       5.00497520E-02   2.00663947E-11   2.30288188E-05   7.93214235E-03  -3.85186650E-06  -1.16806436       4.92283218E-02   1.90516040E-02
   6.00000000       800.000000      0.196085945       25.1336231       4.95010689E-02   1.96924595E-11   2.38180055E-05   7.83920381E-03  -3.80132315E-06  -1.16427755       4.92274687E-02   1.93980895E-02
   7.00000000       800.000000      0.197636858       25.3313236       4.89538796E-02   1.93233832E-11   2.45685696E-05   7.74763944E-03  -3.68466794E-06  -1.16041195       4.92267422E-02   1.97424851E-02
   8.00000000       800.000000      0.199212298       25.5304661       4.84078564E-02   1.89594694E-11   2.52730842E-05   7.65673025E-03  -3.50809273E-06  -1.15645373       4.92260829E-02   2.00811774E-02
   9.00000000       800.000000      0.200781316       25.7297115       4.78629656E-02   1.86002463E-11   2.59351527E-05   7.56712072E-03  -3.27822499E-06  -1.15238762       4.92255054E-02   2.04093698E-02
   10.0000000       800.000000      0.202371761       25.9304714       4.73204590E-02   1.82466403E-11   2.65760646E-05   7.47872423E-03  -3.00282727E-06  -1.14822137       4.92248647E-02   2.07266435E-02
   11.0000000       800.000000      0.203978211       26.1335907       4.67789769E-02   1.78973936E-11   2.72121579E-05   7.39111332E-03  -2.69006432E-06  -1.14397180       4.92243059E-02   2.10349802E-02
   12.0000000       800.000000      0.205590189       26.3390236       4.62388247E-02   1.75532887E-11   2.78389361E-05   7.30500370E-03  -2.34944787E-06  -1.13961124       4.92238253E-02   2.13388167E-02
   13.0000000       800.000000      0.207215562       26.5462608       4.57009189E-02   1.72142682E-11   2.84340949E-05   7.21931411E-03  -1.99115539E-06  -1.13515961       4.92234342E-02   2.16406099E-02
   2.00000000       800.000000      0.208862230       26.7531796       4.51644398E-02   1.68799454E-11   2.89738273E-05   7.13483058E-03  -1.62511367E-06  -1.13061297       4.92231101E-02   2.19374392E-02
   3.00000000       800.000000      0.210511744       26.9634609       4.46293987E-02   1.65502022E-11   2.94591264E-05   7.05142319E-03  -1.26067266E-06  -1.12595773       4.92227897E-02   2.22238060E-02
   4.00000000       800.000000      0.212182373       27.1744270       4.40963730E-02   1.62251289E-11   2.99257536E-05   6.96876459E-03  -9.05436764E-07  -1.12121177       4.92225252E-02   2.24939957E-02
   5.00000000       800.000000      0.213867262       27.3881035       4.35654670E-02   1.59049978E-11   3.04302775E-05   6.88728597E-03  -5.65349353E-07  -1.11636913       4.92223985E-02   2.27457508E-02
   6.00000000       800.000000      0.215570495       27.6017551       4.30363715E-02   1.55897014E-11   3.10260475E-05   6.80658268E-03  -2.44826708E-07  -1.11144543       4.92223762E-02   2.29812525E-02
   7.00000000       800.000000      0.217280358       27.8196926       4.25090753E-02   1.52789986E-11   3.17387676E-05   6.72664819E-03   5.26845305E-08  -1.10641909       4.92224209E-02   2.32084095E-02
   8.00000000       800.000000      0.218995273       28.0367794       4.19847928E-02   1.49732726E-11   3.25434012E-05   6.64783036E-03   3.24337520E-07  -1.10130990       4.92224470E-02   2.34369431E-02
   9.00000000       800.000000      0.220740929       28.2576332       4.14626449E-02   1.46718471E-11   3.33815224E-05   6.57007843E-03   5.68656162E-07  -1.09612238       4.92225587E-02   2.36694366E-02
   10.0000000       800.000000      0.222490728       28.4788132       4.09420617E-02   1.43749110E-11   3.41892992E-05   6.49279915E-03   7.83749215E-07  -1.09082806       4.92227823E-02   2.39032693E-02
   11.0000000       800.000000      0.224248633       28.7025547       4.04237919E-02   1.40824340E-11   3.49233196E-05   6.41692756E-03   9.67608798E-07  -1.08544290       4.92230132E-02   2.41339002E-02
   12.0000000       800.000000      0.226034790       28.9273281       3.99071127E-02   1.37942956E-11   3.55738230E-05   6.34178286E-03   1.11872544E-06  -1.07996011       4.92233075E-02   2.43563056E-02
   13.0000000       800.000000      0.227838799       29.1540203       3.93933952E-02   1.35106405E-11   3.61545754E-05   6.26749685E-03   1.23641473E-06  -1.07438195       4.92235422E-02   2.45668888E-02
   2.00000000       800.000000      0.229636580       29.3828106       3.88812162E-02   1.32313830E-11   3.66988024E-05   6.19382551E-03   1.32037098E-06  -1.06873465       4.92238142E-02   2.47635506E-02
   3.00000000       800.000000      0.231463313       29.6143074       3.83720584E-02   1.29558673E-11   3.72397371E-05   6.12130715E-03   1.37121538E-06  -1.06295550       4.92241569E-02   2.49474719E-02
   4.00000000       800.000000      0.233298600       29.8444633       3.78643796E-02   1.26854308E-11   3.77976357E-05   6.04942720E-03   1.39051303E-06  -1.05710852       4.92244773E-02   2.51212083E-02
   5.00000000       800.000000      0.235164225       30.0788250       3.73602584E-02   1.24189842E-11   3.83826555E-05   5.97843947E-03   1.38062239E-06  -1.05120885       4.92247976E-02   2.52844691E-02
   6.00000000       800.000000      0.237021416       30.3152733       3.68578769E-02   1.21565882E-11   3.90040659E-05   5.90826944E-03   1.34438142E-06  -1.04517663       4.92251590E-02   2.54403464E-02
   7.00000000       800.000000      0.238909259       30.5545444       3.63581441E-02   1.18983235E-11   3.96570686E-05   5.83906053E-03   1.28505098E-06  -1.03908849       4.92254533E-02   2.55907308E-02
   8.00000000       800.000000      0.240805298       30.7942753       3.58611345E-02   1.16446679E-11   4.03334998E-05   5.77055570E-03   1.20577658E-06  -1.03291547       4.92257290E-02   2.57318672E-02
   9.00000000       800.000000      0.242732763       31.0363560       3.53672802E-02   1.13944236E-11   4.10360080E-05   5.70281968E-03   1.10941539E-06  -1.02664971       4.92259413E-02   2.58655958E-02
   10.0000000       800.000000      0.244650185       31.2805672       3.48763168E-02   1.11486653E-11   4.17483534E-05   5.63599030E-03   9.99408485E-07  -1.02030027       4.92262132E-02   2.59955544E-02
   11.0000000       800.000000      0.246601894       31.5240726       3.43875587E-02   1.09068787E-11   4.24424397E-05   5.56950178E-03   8.79306981E-07  -1.01387227       4.92264293E-02   2.61208396E-02
   12.0000000       800.000000      0.248575494       31.7732716       3.39016765E-02   1.06689622E-11   4.30973851E-05   5.50438743E-03   7.52164112E-07  -1.00737786       4.92266454E-02   2.62404270E-02
   13.0000000       800.000000      0.250549018       32.0229034       3.34188789E-02   1.04350261E-11   4.37064664E-05   5.43970056E-03   6.20457286E-07  -1.00079370       4.92268056E-02   2.63510812E-02
   2.00000000       800.000000      0.252544135       32.2734489       3.29385474E-02   1.02046782E-11   4.42864584E-05   5.37579600E-03   4.86753208E-07 -0.994099617       4.92269546E-02   2.64494400E-02
   3.00000000       800.000000      0.254557490       32.5260506       3.24601345E-02   9.97861429E-12   4.48694736E-05   5.31268399E-03   3.53522921E-07 -0.987390935       4.92269844E-02   2.65347082E-02
   4.00000000       800.000000      0.256586730       32.7818604       3.19863446E-02   9.75576477E-12   4.54807632E-05   5.24999155E-03   2.23300731E-07 -0.980564773       4.92270514E-02   2.66085360E-02
   5.00000000       800.000000      0.258610994       33.0395813       3.15146521E-02   9.53722518E-12   4.61290074E-05   5.18822018E-03   9.85757538E-08 -0.973682225       4.92270663E-02   2.66741756E-02
   6.00000000       800.000000      0.260681123       33.2992859       3.10472455E-02   9.32217237E-12   4.68065591E-05   5.12747420E-03  -1.86980653E-08 -0.966689765       4.92270701E-02   2.67327782E-02
   7.00000000       800.000000      0.262756377       33.5623474       3.05821858E-02   9.11092382E-12   4.75000161E-05   5.06706024E-03  -1.26902520E-07 -0.959660590       4.92270552E-02   2.67850757E-02
   8.00000000       800.000000      0.264846563       33.8261070       3.01200207E-02   8.90336849E-12   4.81958232E-05   5.00768377E-03  -2.24682154E-07 -0.952538848       4.92269546E-02   2.68319063E-02
   9.00000000       800.000000      0.266964108       34.0918350       2.96605807E-02   8.69946563E-12   4.88756559E-05   4.94861975E-03  -3.10547023E-07 -0.945410132       4.92268987E-02   2.68730465E-02
   10.0000000       800.000000      0.269089431       34.3593788       2.92060021E-02   8.49900879E-12   4.95269487E-05   4.89044329E-03  -3.83792297E-07 -0.938149929       4.92267609E-02   2.69070435E-02
   11.0000000       800.000000      0.271236569       34.6304741       2.87533589E-02   8.30211767E-12   5.01477116E-05   4.83302074E-03  -4.44348018E-07 -0.930858672       4.92266491E-02   2.69321855E-02
   12.0000000       800.000000      0.273390830       34.9008446       2.83047147E-02   8.10889463E-12   5.07467485E-05   4.77601634E-03  -4.92424476E-07 -0.923478127       4.92264964E-02   2.69477051E-02
   13.0000000       800.000000      0.275573671       35.1773834       2.78582759E-02   7.91918874E-12   5.13372070E-05   4.71978867E-03  -5.28312739E-07 -0.916075051       4.92263399E-02   2.69532986E-02
   2.00000000       800.000000      0.277770936       35.4531212       2.74163634E-02   7.73259581E-12   5.19343121E-05   4.66441223E-03  -5.52373365E-07 -0.908563077       4.92262021E-02   2.69485172E-02
   3.00000000       800.000000      0.279982239       35.7325478       2.69784182E-02   7.54940294E-12   5.25571304E-05   4.60936641E-03  -5.65294897E-07 -0.901020586       4.92260642E-02   2.69337948E-02
   4.00000000       800.000000      0.282222867       36.0137329       2.65433230E-02   7.36953814E-12   5.32115591E-05   4.55542235E-03  -5.67784639E-07 -0.893422604       4.92259264E-02   2.69122012E-02
   5.00000000       800.000000      0.284471065       36.2968369       2.61114761E-02   7.19320523E-12   5.38823115E-05   4.50155465E-03  -5.60435751E-07 -0.885777771       4.92257960E-02   2.68854313E-02
   6.00000000       800.000000      0.286742091       36.5804558       2.56839171E-02   7.02030014E-12   5.45483672E-05   4.44866298E-03  -5.44036823E-07 -0.878054202       4.92256656E-02   2.68531777E-02
   7.00000000       800.000000      0.289016098       36.8690605       2.52591651E-02   6.85008864E-12   5.51916273E-05   4.39636596E-03  -5.19385594E-07 -0.870363414       4.92254980E-02   2.68152561E-02
   8.00000000       800.000000      0.291324228       37.1585426       2.48383023E-02   6.68341424E-12   5.58007196E-05   4.34427476E-03  -4.87369277E-07 -0.862549663       4.92253564E-02   2.67703198E-02
   9.00000000       800.000000      0.293644518       37.4530144       2.44219471E-02   6.51977907E-12   5.63779031E-05   4.29337146E-03  -4.49060877E-07 -0.854668200       4.92252186E-02   2.67165247E-02
   10.0000000       800.000000      0.296003997       37.7481918       2.40080133E-02   6.35947545E-12   5.69424592E-05   4.24282206E-03  -4.05655641E-07 -0.846753836       4.92251068E-02   2.66522188E-02
   11.0000000       800.000000      0.298353791       38.0451622       2.35981885E-02   6.20207401E-12   5.75214690E-05   4.19259537E-03  -3.58399575E-07 -0.838832021       4.92249951E-02   2.65774000E-02
   12.0000000       800.000000      0.300734103       38.3437805       2.31931377E-02   6.04804965E-12   5.81346467E-05   4.14341176E-03  -3.08545623E-07 -0.830826342       4.92248796E-02   2.64937822E-02
   13.0000000       800.000000      0.303147912       38.6467476       2.27908064E-02   5.89652632E-12   5.87847571E-05   4.09437204E-03  -2.57165453E-07 -0.822823822       4.92247790E-02   2.64036376E-02
   2.00000000       800.000000      0.305555582       38.9513550       2.23925393E-02   5.74836663E-12   5.94565317E-05   4.04625060E-03  -2.05172597E-07 -0.814777970       4.92246710E-02   2.63088625E-02
   3.00000000       800.000000      0.307996303       39.2577019       2.19988003E-02   5.60310262E-12   6.01262109E-05   3.99851380E-03  -1.53420686E-07 -0.806658030       4.92246747E-02   2.62093376E-02
   4.00000000       800.000000      0.310469896       39.5681572       2.16081627E-02   5.46058684E-12   6.07741677E-05   3.95131484E-03  -1.02676083E-07 -0.798575342       4.92246486E-02   2.61040069E-02
   5.00000000       800.000000      0.312931180       39.8770142       2.12214682E-02   5.32113546E-12   6.13914744E-05   3.90465185E-03  -5.36932454E-08 -0.790420234       4.92246747E-02   2.59919260E-02
   6.00000000       800.000000      0.315432847       40.1933212       2.08395049E-02   5.18431999E-12   6.19811835E-05   3.85862822E-03  -7.31673744E-09 -0.782222390       4.92246561E-02   2.58722305E-02
   7.00000000       800.000000      0.317947745       40.5082169       2.04614718E-02   5.05036421E-12   6.25575340E-05   3.81310377E-03   3.56574397E-08 -0.774047017       4.92246635E-02   2.57436819E-02
   8.00000000       800.000000      0.320495814       40.8281288       2.00867150E-02   4.91928200E-12   6.31394651E-05   3.76821985E-03   7.45278399E-08 -0.765779078       4.92246822E-02   2.56067980E-02
   9.00000000       800.000000      0.323059022       41.1489258       1.97163243E-02   4.79077021E-12   6.37382254E-05   3.72382067E-03   1.08823549E-07 -0.757545710       4.92247269E-02   2.54628621E-02
   10.0000000       800.000000      0.325634599       41.4749947       1.93506423E-02   4.66494421E-12   6.43506864E-05   3.67988879E-03   1.38255160E-07 -0.749260664       4.92247790E-02   2.53136959E-02
   11.0000000       800.000000      0.328246117       41.8027420       1.89882237E-02   4.54190895E-12   6.49645808E-05   3.63636040E-03   1.62690810E-07 -0.740964413       4.92248237E-02   2.51596421E-02
   12.0000000       800.000000      0.330868602       42.1312904       1.86297745E-02   4.42128842E-12   6.55675613E-05   3.59344506E-03   1.82099541E-07 -0.732690752       4.92248498E-02   2.50007398E-02
   13.0000000       800.000000      0.333499759       42.4624519       1.82756502E-02   4.30345690E-12   6.61513186E-05   3.55112925E-03   1.96554794E-07 -0.724377275       4.92248982E-02   2.48358417E-02
   2.00000000       800.000000      0.336178690       42.7972488       1.79257896E-02   4.18810039E-12   6.67168206E-05   3.50917666E-03   2.06190990E-07 -0.716050684       4.92249615E-02   2.46645957E-02
   3.00000000       800.000000      0.338866234       43.1343956       1.75803956E-02   4.07511655E-12   6.72724418E-05   3.46762873E-03   2.11207293E-07 -0.707724988       4.92250472E-02   2.44870968E-02
   4.00000000       800.000000      0.341564178       43.4764404       1.72385350E-02   3.96465369E-12   6.78298602E-05   3.42663890E-03   2.11882579E-07 -0.699408591       4.92251217E-02   2.43029539E-02
   5.00000000       800.000000      0.344298780       43.8198090       1.69014204E-02   3.85676734E-12   6.83954640E-05   3.38640367E-03   2.08591572E-07 -0.691062748       4.92252186E-02   2.41134204E-02
   6.00000000       800.000000      0.347046673       44.1641579       1.65686700E-02   3.75118469E-12   6.89664303E-05   3.34636634E-03   2.01767023E-07 -0.682720780       4.92252745E-02   2.39192192E-02
   7.00000000       800.000000      0.349838823       44.5138283       1.62392128E-02   3.64790229E-12   6.95342023E-05   3.30674928E-03   1.91865340E-07 -0.674395859       4.92253453E-02   2.37206779E-02
   8.00000000       800.000000      0.352615893       44.8651733       1.59145612E-02   3.54696893E-12   7.00914097E-05   3.26765794E-03   1.79321646E-07 -0.666064799       4.92254235E-02   2.35176422E-02
   9.00000000       800.000000      0.355454803       45.2186356       1.55941797E-02   3.44835488E-12   7.06376886E-05   3.22913495E-03   1.64537880E-07 -0.657739937       4.92254570E-02   2.33092979E-02
   10.0000000       800.000000      0.358279139       45.5763397       1.52780181E-02   3.35190903E-12   7.11803077E-05   3.19097773E-03   1.47895022E-07 -0.649427414       4.92255241E-02   2.30960287E-02
   11.0000000       800.000000      0.361149102       45.9357567       1.49665112E-02   3.25774043E-12   7.17289804E-05   3.15322657E-03   1.29794415E-07 -0.641123593       4.92255762E-02   2.28771567E-02
   12.0000000       800.000000      0.364027262       46.2968864       1.46584036E-02   3.16584324E-12   7.22887198E-05   3.11597926E-03   1.10658689E-07 -0.632841527       4.92256097E-02   2.26540938E-02
   13.0000000       800.000000      0.366944253       46.6631355       1.43551240E-02   3.07605048E-12   7.28555096E-05   3.07909865E-03   9.09296318E-08 -0.624566913       4.92256507E-02   2.24277042E-02
   2.00000000       800.000000      0.369876415       47.0312233       1.40556525E-02   2.98830361E-12   7.34160130E-05   3.04276170E-03   7.10413204E-08 -0.616310656       4.92256731E-02   2.21983269E-02
   3.00000000       800.000000      0.372847915       47.4044495       1.37608461E-02   2.90270781E-12   7.39569659E-05   3.00684967E-03   5.13986755E-08 -0.608079374       4.92256992E-02   2.19660718E-02
   4.00000000       800.000000      0.375840873       47.7758026       1.34702949E-02   2.81912102E-12   7.44727949E-05   2.97122775E-03   3.23578391E-08 -0.599866807       4.92257066E-02   2.17298437E-02
   5.00000000       800.000000      0.378836393       48.1548996       1.31837213E-02   2.73749079E-12   7.49676910E-05   2.93603330E-03   1.42201726E-08 -0.591678441       4.92257066E-02   2.14894693E-02
   6.00000000       800.000000      0.381849557       48.5329056       1.29014356E-02   2.65786720E-12   7.54532084E-05   2.90142163E-03  -2.74726841E-09 -0.583521426       4.92256880E-02   2.12450568E-02
   7.00000000       800.000000      0.384928495       48.9166336       1.26233427E-02   2.58021187E-12   7.59387331E-05   2.86709983E-03  -1.83096400E-08 -0.575387180       4.92256843E-02   2.09969897E-02
   8.00000000       800.000000      0.388007849       49.3037720       1.23494118E-02   2.50446972E-12   7.64276338E-05   2.83325673E-03  -3.22615463E-08 -0.567294419       4.92256768E-02   2.07463875E-02
   9.00000000       800.000000      0.391112477       49.6939621       1.20795509E-02   2.43056378E-12   7.69162361E-05   2.79961992E-03  -4.44472619E-08 -0.559228718       4.92256731E-02   2.04929207E-02
   10.0000000       800.000000      0.394236952       50.0870171       1.18144145E-02   2.35853849E-12   7.73977445E-05   2.76658637E-03  -5.47695578E-08 -0.551193535       4.92256433E-02   2.02374216E-02
   11.0000000       800.000000      0.397388846       50.4830971       1.15530221E-02   2.28831797E-12   7.78683170E-05   2.73374678E-03  -6.31958770E-08 -0.543204486       4.92256209E-02   1.99799035E-02
   12.0000000       800.000000      0.400564700       50.8813133       1.12961791E-02   2.21986166E-12   7.83297655E-05   2.70139915E-03  -6.97549112E-08 -0.535252988       4.92256097E-02   1.97202116E-02
   13.0000000       800.000000      0.403795749       51.2825050       1.10432850E-02   2.15315721E-12   7.87873796E-05   2.66943104E-03  -7.45050173E-08 -0.527343571       4.92255799E-02   1.94579307E-02
   2.00000000       800.000000      0.406995207       51.6878319       1.07946740E-02   2.08814801E-12   7.92445207E-05   2.63788598E-03  -7.75321922E-08 -0.519475579       4.92255539E-02   1.91938505E-02
   3.00000000       800.000000      0.410275906       52.0953789       1.05499951E-02   2.02482779E-12   7.97013490E-05   2.60677119E-03  -7.89286716E-08 -0.511654496       4.92254831E-02   1.89284235E-02
   4.00000000       800.000000      0.413564175       52.5095062       1.03094960E-02   1.96315620E-12   8.01545757E-05   2.57587410E-03  -7.88024295E-08 -0.503883481       4.92254533E-02   1.86617337E-02
   5.00000000       800.000000      0.416869521       52.9231834       1.00731421E-02   1.90308338E-12   8.06000899E-05   2.54535885E-03  -7.72735973E-08 -0.496158242       4.92254235E-02   1.83941852E-02
   6.00000000       800.000000      0.420203984       53.3436661       9.84086841E-03   1.84461843E-12   8.10376296E-05   2.51530833E-03  -7.44746202E-08 -0.488487154       4.92253825E-02   1.81254484E-02
   7.00000000       800.000000      0.423574746       53.7655487       9.61247273E-03   1.78767873E-12   8.14686646E-05   2.48540146E-03  -7.05519270E-08 -0.480860829       4.92253676E-02   1.78557746E-02
   8.00000000       800.000000      0.426962882       54.1887779       9.38823540E-03   1.73227275E-12   8.18956032E-05   2.45615584E-03  -6.56585470E-08 -0.473294914       4.92253527E-02   1.75852831E-02
   9.00000000       800.000000      0.430381179       54.6191368       9.16791800E-03   1.67832783E-12   8.23182054E-05   2.42707040E-03  -5.99621401E-08 -0.465790719       4.92253527E-02   1.73144061E-02
   10.0000000       800.000000      0.433835030       55.0515404       8.95166118E-03   1.62586698E-12   8.27347321E-05   2.39836052E-03  -5.36321956E-08 -0.458337575       4.92253229E-02   1.70435999E-02
   11.0000000       800.000000      0.437294513       55.4855461       8.73915385E-03   1.57482209E-12   8.31424331E-05   2.36988091E-03  -4.68433328E-08 -0.450938165       4.92253006E-02   1.67728979E-02
   12.0000000       800.000000      0.440796643       55.9234009       8.53066985E-03   1.52518558E-12   8.35391402E-05   2.34177476E-03  -3.97638438E-08 -0.443606555       4.92252745E-02   1.65020376E-02
   13.0000000       800.000000      0.444335788       56.3692284       8.32604058E-03   1.47693956E-12   8.39257918E-05   2.31409259E-03  -3.25547873E-08 -0.436333984       4.92252819E-02   1.62311662E-02
   2.00000000       800.000000      0.447884768       56.8128738       8.12520832E-03   1.42997712E-12   8.43045127E-05   2.28677853E-03  -2.53660328E-08 -0.429123282       4.92252558E-02   1.59605555E-02
   3.00000000       800.000000      0.451492101       57.2652702       7.92819448E-03   1.38433535E-12   8.46763141E-05   2.25969800E-03  -1.83373565E-08 -0.421981484       4.92252558E-02   1.56907812E-02
   4.00000000       800.000000      0.455087274       57.7184486       7.73494411E-03   1.33998943E-12   8.50422148E-05   2.23291945E-03  -1.15951480E-08 -0.414900869       4.92252484E-02   1.54209668E-02
   5.00000000       800.000000      0.458740443       58.1730003       7.54540181E-03   1.29689412E-12   8.54025566E-05   2.20640702E-03  -5.24953236E-09 -0.407888055       4.92252670E-02   1.51526798E-02
   6.00000000       800.000000      0.462410837       58.6358948       7.35962018E-03   1.25502289E-12   8.57593404E-05   2.18024291E-03   6.11595941E-10 -0.400946945       4.92252596E-02   1.48852030E-02
   7.00000000       800.000000      0.466109008       59.0983734       7.17738923E-03   1.21434687E-12   8.61156004E-05   2.15446274E-03   5.92480154E-09 -0.394060820       4.92252670E-02   1.46184172E-02
   8.00000000       800.000000      0.469850868       59.5668716       6.99891336E-03   1.17483670E-12   8.64725735E-05   2.12904229E-03   1.06510116E-08 -0.387262583       4.92252484E-02   1.43534075E-02
   9.00000000       800.000000      0.473630607       60.0369263       6.82403706E-03   1.13647178E-12   8.68317948E-05   2.10379786E-03   1.47696992E-08 -0.380518556       4.92252484E-02   1.40896412E-02
   10.0000000       800.000000      0.477417022       60.5153427       6.65256195E-03   1.09921328E-12   8.71918310E-05   2.07888638E-03   1.82758662E-08 -0.373861462       4.92252484E-02   1.38278492E-02
   11.0000000       800.000000      0.481236160       60.9947357       6.48464402E-03   1.06304418E-12   8.75482656E-05   2.05421471E-03   2.11719211E-08 -0.367268592       4.92252745E-02   1.35679981E-02
   12.0000000       800.000000      0.485106736       61.4788399       6.32021902E-03   1.02794108E-12   8.78988722E-05   2.02989508E-03   2.34653861E-08 -0.360746384       4.92252745E-02   1.33106485E-02
   13.0000000       800.000000      0.489003509       61.9645309       6.15900988E-03   9.93875663E-13   8.82414679E-05   2.00589793E-03   2.51645744E-08 -0.354304045       4.92252894E-02   1.30551951E-02
   2.00000000       800.000000      0.492917389       62.4534645       6.00141333E-03   9.60811725E-13   8.85769259E-05   1.98208983E-03   2.62810360E-08 -0.347930372       4.92253006E-02   1.28011247E-02
   3.00000000       800.000000      0.496857613       62.9518318       5.84702380E-03   9.28726822E-13   8.89102448E-05   1.95853063E-03   2.68366271E-08 -0.341631472       4.92253117E-02   1.25504611E-02
   4.00000000       800.000000      0.500846684       63.4490204       5.69579564E-03   8.97612551E-13   8.92476746E-05   1.93544303E-03   2.68581353E-08 -0.335408926       4.92253229E-02   1.23016844E-02
   5.00000000       800.000000      0.504872501       63.9528084       5.54795470E-03   8.67430205E-13   8.95895937E-05   1.91246672E-03   2.63830007E-08 -0.329260826       4.92253527E-02   1.20552117E-02
   6.00000000       800.000000      0.508909047       64.4573593       5.40323509E-03   8.38166450E-13   8.99369406E-05   1.88973930E-03   2.54596895E-08 -0.323186427       4.92253713E-02   1.18122129E-02
   7.00000000       800.000000      0.512971818       64.9687729       5.26160793E-03   8.09773418E-13   9.02863248E-05   1.86733436E-03   2.41436791E-08 -0.317189932       4.92253937E-02   1.15718367E-02
   8.00000000       800.000000      0.517089903       65.4843674       5.12311608E-03   7.82254090E-13   9.06379937E-05   1.84531731E-03   2.24948646E-08 -0.311267793       4.92254198E-02   1.13343876E-02
   9.00000000       800.000000      0.521240056       66.0012741       4.98763379E-03   7.55579843E-13   9.09897717E-05   1.82341493E-03   2.05749657E-08 -0.305420965       4.92254347E-02   1.11003155E-02
   10.0000000       800.000000      0.525399923       66.5273361       4.85512894E-03   7.29724007E-13   9.13446565E-05   1.80179940E-03   1.84436058E-08 -0.299648255       4.92254421E-02   1.08690932E-02
   11.0000000       800.000000      0.529633105       67.0519409       4.72557079E-03   7.04668854E-13   9.17007856E-05   1.78046548E-03   1.61586478E-08 -0.293955415       4.92254384E-02   1.06412983E-02
   12.0000000       800.000000      0.533852458       67.5886993       4.59887041E-03   6.80364781E-13   9.20613820E-05   1.75923272E-03   1.37744740E-08 -0.288334221       4.92254533E-02   1.04166735E-02
   13.0000000       800.000000      0.538169861       68.1238251       4.47498215E-03   6.56831577E-13   9.24291089E-05   1.73841044E-03   1.13427907E-08 -0.282787561       4.92254496E-02   1.01954537E-02
   2.00000000       800.000000      0.542478204       68.6609192       4.35390463E-03   6.34038286E-13   9.28077716E-05   1.71775185E-03   8.91174690E-09 -0.277313650       4.92254570E-02   9.97769833E-03
   3.00000000       800.000000      0.546837091       69.2043610       4.23555868E-03   6.11947288E-13   9.31973264E-05   1.69739965E-03   6.52647536E-09 -0.271919340       4.92254570E-02   9.76337399E-03
   4.00000000       800.000000      0.551184714       69.7545853       4.11991496E-03   5.90550449E-13   9.36023207E-05   1.67722569E-03   4.22734514E-09 -0.266596198       4.92254533E-02   9.55274235E-03
   5.00000000       800.000000      0.555633724       70.3113556       4.00684914E-03   5.69825708E-13   9.40260215E-05   1.65734207E-03   2.04988493E-09 -0.261346281       4.92254645E-02   9.34565160E-03
   6.00000000       800.000000      0.560065687       70.8701859       3.89638776E-03   5.49756150E-13   9.44663116E-05   1.63765275E-03   2.41450141E-11 -0.256168574       4.92254570E-02   9.14243888E-03
   7.00000000       800.000000      0.564574599       71.4266510       3.78846703E-03   5.30319007E-13   9.49263776E-05   1.61823560E-03  -1.82545257E-09 -0.251062781       4.92254533E-02   8.94302782E-03
   8.00000000       800.000000      0.569091976       71.9988251       3.68300313E-03   5.11503166E-13   9.54098723E-05   1.59902207E-03  -3.48001827E-09 -0.246029705       4.92254533E-02   8.74742214E-03
   9.00000000       800.000000      0.573642910       72.5662689       3.57999140E-03   4.93281685E-13   9.59156823E-05   1.58004661E-03  -4.92627450E-09 -0.241066828       4.92254421E-02   8.55578482E-03
   10.0000000       800.000000      0.578249216       73.1417236       3.47934780E-03   4.75636783E-13   9.64456267E-05   1.56121270E-03  -6.15704021E-09 -0.236173853       4.92254384E-02   8.36814195E-03
   11.0000000       800.000000      0.582887828       73.7225037       3.38101760E-03   4.58556587E-13   9.70031688E-05   1.54272350E-03  -7.16945836E-09 -0.231350034       4.92254347E-02   8.18447210E-03
   12.0000000       800.000000      0.587557673       74.3115692       3.28502920E-03   4.42021826E-13   9.75856019E-05   1.52439938E-03  -7.96562727E-09 -0.226594746       4.92254347E-02   8.00493453E-03
   13.0000000       800.000000      0.592285097       74.9019089       3.19114234E-03   4.26015072E-13   9.81985359E-05   1.50627841E-03  -8.55055848E-09 -0.221907660       4.92254272E-02   7.82947242E-03
   2.00000000       800.000000      0.597044110       75.4963303       3.09952837E-03   4.10527217E-13   9.88438114E-05   1.48825930E-03  -8.93177443E-09 -0.217281267       4.92254235E-02   7.65811978E-03
   3.00000000       800.000000      0.601813197       76.0937424       3.01000569E-03   3.95531725E-13   9.95249866E-05   1.47056917E-03  -9.11748632E-09 -0.212722927       4.92254198E-02   7.49095809E-03
   4.00000000       800.000000      0.606662095       76.6995621       2.92264996E-03   3.81016670E-13   1.00242964E-04   1.45309779E-03  -9.11861608E-09 -0.208232701       4.92254198E-02   7.32789934E-03
   5.00000000       800.000000      0.611538589       77.3089294       2.83722347E-03   3.66965058E-13   1.01006859E-04   1.43575796E-03  -8.94736196E-09 -0.203797013       4.92254086E-02   7.16901664E-03
   6.00000000       800.000000      0.616429627       77.9216690       2.75383471E-03   3.53375667E-13   1.01821155E-04   1.41863350E-03  -8.61944294E-09 -0.199426144       4.92254011E-02   7.01446831E-03
   7.00000000       800.000000      0.621346176       78.5425873       2.67235958E-03   3.40214700E-13   1.02688369E-04   1.40172034E-03  -8.15420975E-09 -0.195116684       4.92253937E-02   6.86406530E-03
   8.00000000       800.000000      0.626343310       79.1605453       2.59279716E-03   3.27489582E-13   1.03614817E-04   1.38499658E-03  -7.57358709E-09 -0.190861762       4.92253937E-02   6.71825977E-03
   9.00000000       800.000000      0.631355822       79.7936478       2.51507992E-03   3.15168708E-13   1.04603423E-04   1.36851915E-03  -6.90206248E-09 -0.186663985       4.92253937E-02   6.57651853E-03
   10.0000000       800.000000      0.636449695       80.4251099       2.43917876E-03   3.03245005E-13   1.05658692E-04   1.35212275E-03  -6.16427975E-09 -0.182523131       4.92253862E-02   6.43964205E-03
   11.0000000       800.000000      0.641569495       81.0633545       2.36501102E-03   2.91710558E-13   1.06782914E-04   1.33604172E-03  -5.38336664E-09 -0.178434387       4.92253937E-02   6.30680658E-03
   12.0000000       800.000000      0.646703839       81.7070923       2.29259464E-03   2.80548263E-13   1.07980239E-04   1.32006907E-03  -4.58050797E-09 -0.174399093       4.92253862E-02   6.17942959E-03
   13.0000000       800.000000      0.651862979       82.3593216       2.22188095E-03   2.69752889E-13   1.09255532E-04   1.30420749E-03  -3.77273057E-09 -0.170411229       4.92253862E-02   6.05568942E-03
   2.00000000       800.000000      0.657104909       83.0148392       2.15281034E-03   2.59305435E-13   1.10619367E-04   1.28865195E-03  -2.97466851E-09 -0.166472763       4.92253825E-02   5.93840471E-03
   3.00000000       800.000000      0.662361264       83.6720734       2.08533788E-03   2.49199505E-13   1.12063703E-04   1.27317081E-03  -2.19809415E-09 -0.162576124       4.92253862E-02   5.82425250E-03
   4.00000000       800.000000      0.667716920       84.3404617       2.01949733E-03   2.39425775E-13   1.13616479E-04   1.25794485E-03  -1.45279677E-09 -0.158725917       4.92253862E-02   5.71846636E-03
   5.00000000       800.000000      0.673070669       85.0116577       1.95515621E-03   2.29970963E-13   1.15257411E-04   1.24287931E-03  -7.47621465E-10 -0.154907435       4.92253862E-02   5.61450049E-03
   6.00000000       800.000000      0.678464949       85.6865540       1.89236144E-03   2.20833809E-13   1.17030766E-04   1.22803333E-03  -9.05442735E-11 -0.151138708       4.92253862E-02   5.52243507E-03
   7.00000000       800.000000      0.683868349       86.3630829       1.83113210E-03   2.11997602E-13   1.18892996E-04   1.21329958E-03   5.11461595E-10 -0.147385046       4.92253862E-02   5.42945787E-03
   8.00000000       800.000000      0.689361989       87.0500107       1.77128951E-03   2.03459062E-13   1.20926859E-04   1.19875581E-03   1.05135867E-09 -0.143682897       4.92253862E-02   5.35529247E-03
   9.00000000       800.000000      0.694936693       87.7468338       1.71300874E-03   1.95204977E-13   1.23034159E-04   1.18429959E-03   1.52477408E-09 -0.139971212       4.92253862E-02   5.27419755E-03
   10.0000000       800.000000      0.700467765       88.4404068       1.65618456E-03   1.87243558E-13   1.25369232E-04   1.17015932E-03   1.92815874E-09 -0.136322990       4.92253862E-02   5.22535760E-03
   11.0000000       800.000000      0.706084132       89.1438522       1.60082499E-03   1.79552093E-13   1.27726584E-04   1.15610857E-03   2.25878338E-09 -0.132620558       4.92253862E-02   5.15686395E-03
   12.0000000       800.000000      0.711785257       89.8559036       1.54693145E-03   1.72136651E-13   1.30413711E-04   1.14228483E-03   2.51816035E-09 -0.129011273       4.92253862E-02   5.14702965E-03
   13.0000000       800.000000      0.717506111       90.5660553       1.49451673E-03   1.64996177E-13   1.32990885E-04   1.12867320E-03   2.70481171E-09 -0.125263602       4.92253862E-02   5.09010023E-03
   2.00000000       800.000000      0.723254204       91.2924652       1.44362159E-03   1.58119665E-13   1.36106581E-04   1.11526786E-03   2.82443091E-09 -0.121677682       4.92253862E-02   5.14517771E-03
   3.00000000       800.000000      0.729030788       92.0148239       1.39428233E-03   1.51509610E-13   1.38817413E-04   1.10197067E-03   2.87810731E-09 -0.117791720       4.92253862E-02   5.09346370E-03
   4.00000000       800.000000      0.734885931       92.7492523       1.34661782E-03   1.45179197E-13   1.42494726E-04   1.08903786E-03   2.87433743E-09 -0.114220530       4.92253862E-02   5.26412297E-03
   5.00000000       800.000000      0.740812361       93.4854507       1.30059686E-03   1.39107611E-13   1.45114231E-04   1.07616279E-03   2.81703860E-09 -0.110026553       4.92253862E-02   5.19633340E-03
   6.00000000       800.000000      0.746736884       94.2303009       1.25645590E-03   1.33329491E-13   1.49612679E-04   1.06376770E-03   2.71640777E-09 -0.106493153       4.92253862E-02   5.58526115E-03
   7.00000000       800.000000      0.752711892       94.9802017       1.21421984E-03   1.27831502E-13   1.51686647E-04   1.05136295E-03   2.57458455E-09 -0.101651445       4.92253862E-02   5.43815549E-03
   8.00000000       800.000000      0.758787692       95.7357407       1.17420638E-03   1.22642917E-13   1.57471979E-04   1.03974331E-03   2.40611975E-09  -9.82692987E-02   4.92253862E-02   6.26360252E-03
   9.00000000       800.000000      0.764886141       96.4991150       1.13651366E-03   1.17764576E-13   1.58709532E-04   1.02780806E-03   2.19979879E-09  -9.21062529E-02   4.92253862E-02   5.85284038E-03
   10.0000000       800.000000      0.770997465       97.2638321       1.10127812E-03   1.13214844E-13   1.65621343E-04   1.01735070E-03   2.01418415E-09  -8.92825648E-02   4.92253862E-02   7.78114703E-03
   11.0000000       800.000000      0.777200460       98.0346756       1.06994843E-03   1.09124928E-13   1.97721165E-04   1.00588391E-03   1.67432090E-09  -8.00591633E-02   4.92253937E-02   6.34430116E-03
   12.0000000       800.000000      0.783445537       98.8157425       1.02573493E-03   1.03787977E-13   5.97672770E-05   9.97542986E-04  -2.81994168E-19  -7.93807060E-02   4.92253937E-02  -8.28126352E-03
   13.0000000       800.000000      0.789714217       99.6048737       1.00181869E-03   1.00566528E-13   5.95398451E-05   9.85780265E-04   8.43024869E-20  -9.30891484E-02   4.92253937E-02  -1.73559003E-02
