   0.00000000       190.000000       3.40428352E-02   1.01702809       2.65022856E-04   2.60529250E-12  -8.26142281E-02   1.70756757      -2.90188850E-15  -6.13699085E-04  -9.87907100E-17  -3.51334433E-03
   1.00000000       197.000000       3.40447091E-02   1.05104125       2.60695408E-04   2.47974015E-12  -7.55156726E-02   1.58935535       7.47189627E-16  -7.33306515E-04  -7.33521466E-17   4.93471394E-04
   2.00000000       200.000000       3.40499915E-02   1.08514261       2.56572821E-04   2.36394996E-12   6.18453976E-03   1.23469388       4.30900641E-02  -5.80095977E-04   1.46722328E-03   2.00427207E-03
   3.00000000       200.000000       3.40571664E-02   1.11914527       3.28128634E-04   2.93126569E-12   7.56718516E-02   1.09693456       9.65408534E-02  -5.96801809E-04   4.75507835E-03  -3.45722074E-03
   4.00000000       200.000000       3.40652503E-02   1.15326166       4.33763023E-04   3.76049929E-12   8.93105641E-02  0.966539145      0.160704285      -8.15607549E-04   1.02295354E-02  -6.51053060E-03
   5.00000000       200.000000       3.40752266E-02   1.18727005       5.62653469E-04   4.73797347E-12   8.15784186E-02  0.867741108      0.239742741      -1.04043901E-03   1.83990728E-02  -7.42076291E-03
   6.00000000       200.000000       3.40886116E-02   1.22141874       7.28347513E-04   5.96213747E-12   6.32786676E-02  0.793739438      0.336936861      -1.32145057E-03   2.98850052E-02  -8.96975677E-03
   7.00000000       200.000000       3.41038704E-02   1.25543642       9.36374126E-04   7.45685545E-12   4.34592962E-02  0.738008976      0.449912339      -1.65212282E-03   4.52291220E-02  -1.10428203E-02
   8.00000000       200.000000       3.41209993E-02   1.28956389       1.19673193E-03   9.27818326E-12   2.56304760E-02  0.695466578      0.576362669      -2.07486656E-03   6.48957640E-02  -1.36891352E-02
   9.00000000       200.000000       3.41415480E-02   1.32373023       1.52431452E-03   1.15132019E-11   1.07768457E-02  0.662519813      0.711311936      -2.58659595E-03   8.91812742E-02  -1.74358692E-02
   10.0000000       200.000000       3.41642797E-02   1.35789859       1.94729946E-03   1.43381817E-11  -1.33106209E-04  0.635411203      0.857962132      -3.26582696E-03  0.118492402      -2.28853971E-02
   11.0000000       200.000000       3.41873281E-02   1.39207828       2.47962167E-03   1.78095785E-11  -8.74864031E-03  0.612523854       1.00615549      -4.15084045E-03  0.152890235      -2.88667660E-02
   2.00000000       200.000000       3.42125520E-02   1.42626679       3.15424032E-03   2.21117846E-11  -1.52899297E-02  0.592113137       1.15270030      -5.24035143E-03  0.192328244      -3.64279039E-02
   3.00000000       200.000000       3.42412032E-02   1.46045995       4.00170684E-03   2.73952978E-11  -2.00716313E-02  0.573281229       1.28416681      -6.64454512E-03  0.236300945      -4.65621501E-02
   4.00000000       200.000000       3.42717990E-02   1.49468386       5.06890053E-03   3.39060377E-11  -2.36119479E-02  0.555796683       1.39402747      -8.43054801E-03  0.284078151      -5.95009774E-02
   5.00000000       200.000000       3.43041234E-02   1.52902329       6.42621797E-03   4.20213898E-11  -2.65308693E-02  0.538968563       1.47374451      -1.07249962E-02  0.334635466      -7.69511536E-02
   6.00000000       200.000000       3.43400165E-02   1.56331646       8.15304369E-03   5.21426582E-11  -2.89910790E-02  0.522796452       1.50502539      -1.37129221E-02  0.386318266      -9.99553129E-02
   7.00000000       200.000000       3.43780145E-02   1.59766877       1.03775728E-02   6.49424681E-11  -3.04219816E-02  0.507316351       1.47376657      -1.75937340E-02  0.436982840     -0.133529007    
   8.00000000       400.000000       3.44163403E-02   1.63212323       1.32374791E-02   8.10941453E-11  -3.07666827E-02  0.492323250       1.35477233      -2.28989813E-02  0.483610481     -0.171119079    
   9.00000000       400.000000       3.44596468E-02   1.66651404       1.68318637E-02   1.00983194E-10  -2.99762785E-02  0.477858812       1.11530757      -2.93796696E-02  0.522041500     -0.217547774    
   10.0000000       400.000000       3.45019177E-02   1.70102203       2.13782042E-02   1.25659080E-10  -2.80795842E-02  0.463881522      0.743939936      -3.79012674E-02  0.547709942     -0.283551544    
   11.0000000       400.000000       3.45477760E-02   1.73553383       2.70908568E-02   1.56070407E-10  -2.54510902E-02  0.450375289      0.230760172      -4.89590354E-02  0.555681765     -0.364540130    
   12.0000000       400.000000       3.45973931E-02   1.77006423       3.41841318E-02   1.93088726E-10  -2.23237835E-02  0.437270582     -0.408621013      -6.31073788E-02  0.541545451     -0.462029129    
   13.0000000       400.000000       3.46456654E-02   1.80469894       4.28555571E-02   2.37425968E-10  -1.89064443E-02  0.424515128      -1.11040330      -8.09515491E-02  0.503073394     -0.575008690    
   2.00000000       400.000000       3.46989296E-02   1.83938944       5.32555841E-02   2.89482077E-10  -1.53107718E-02  0.412097931      -1.75117135     -0.102982022      0.442308217     -0.696225643    
   3.00000000       400.000000       3.47537622E-02   1.87406790       6.54085204E-02   3.48955004E-10  -1.17632980E-02  0.400036901      -2.15080690     -0.129307047      0.367558599     -0.810817599    
   4.00000000       400.000000       3.48123796E-02   1.90886545       7.91289806E-02   4.14462881E-10  -8.52213055E-03  0.388356775      -2.12025380     -0.159387305      0.293748945     -0.898053467    
   5.00000000       400.000000       3.48717459E-02   1.94381344       9.38802660E-02   4.82913931E-10  -5.81371179E-03  0.377101332      -1.57651937     -0.191885456      0.238774672     -0.940986753    
   6.00000000       400.000000       3.49331126E-02   1.97864985      0.108768903       5.49630896E-10  -3.87235382E-03  0.366305470     -0.684469104     -0.225070775      0.214865252     -0.940726995    
   7.00000000       400.000000       3.49960364E-02   2.01366401      0.122882783       6.10169637E-10  -2.80243088E-03  0.355969161      0.172139809     -0.257668912      0.220888838     -0.915452003    
   8.00000000       400.000000       3.50628383E-02   2.04869795      0.135742992       6.62502941E-10  -2.47088703E-03  0.346059084      0.680683911     -0.289205879      0.244755432     -0.886622310    
   9.00000000       400.000000       3.51311862E-02   2.08382654      0.147491440       7.07718828E-10  -2.56366422E-03  0.336536437      0.775519371     -0.319903076      0.271999359     -0.854974210    
   10.0000000       400.000000       3.52015831E-02   2.11898565      0.158123478       7.46142537E-10  -2.70326738E-03  0.327372521      0.596362591     -0.349337190      0.292991877     -0.810226321    
   11.0000000       400.000000       3.52728553E-02   2.15418029      0.167695865       7.78370202E-10  -2.71957740E-03  0.318551570      0.348885536     -0.377003729      0.305298835     -0.743605733    
   12.0000000       400.000000       3.53475511E-02   2.18945503      0.176265925       8.04954658E-10  -2.61106715E-03  0.310074210      0.186607987     -0.401852757      0.311894596     -0.639364183    
   13.0000000       400.000000       3.54251340E-02   2.22494793      0.183513239       8.24721458E-10  -2.39954959E-03  0.301954091      0.117011271     -0.422254264      0.316040188     -0.496979207    
   2.00000000       400.000000       3.55066359E-02   2.26028228      0.189165756       8.36785752E-10  -2.15399149E-03  0.294206291       8.02352056E-02 -0.437104583      0.318889201     -0.348286331    
   3.00000000       400.000000       3.55888382E-02   2.29589605      0.193433285       8.42415138E-10  -1.94033619E-03  0.286845118       3.33976820E-02 -0.447015226      0.320076883     -0.229477227    
   4.00000000       400.000000       3.56727764E-02   2.33153582      0.196587339       8.43069836E-10  -1.76539854E-03  0.279870838      -3.69374752E-02 -0.453456879      0.318759739     -0.160333812    
   5.00000000       400.000000       3.57585363E-02   2.36718988      0.198847190       8.39897540E-10  -1.62378990E-03  0.273261070      -9.87036154E-02 -0.458468020      0.315230668     -0.140804723    
   6.00000000       400.000000       3.58451568E-02   2.40296197      0.200457454       8.34084690E-10  -1.50490727E-03  0.266971290     -0.111910984     -0.463539213      0.311218768     -0.141580597    
   7.00000000       400.000000       3.59365791E-02   2.43895650      0.201641545       8.26662461E-10  -1.39275205E-03  0.260959864      -6.14773035E-02 -0.468630821      0.309009433     -0.133425206    
   8.00000000       400.000000       3.60317938E-02   2.47496963      0.202503398       8.18128010E-10  -1.28090603E-03  0.255200952       2.77661644E-02 -0.473141223      0.310009509     -0.117706917    
   9.00000000       400.000000       3.61256152E-02   2.51087451      0.203146681       8.08933365E-10  -1.18060992E-03  0.249681398      0.110039070     -0.477123708      0.313984901     -0.110379465    
   10.0000000       400.000000       3.62243615E-02   2.54723430      0.203631997       7.99350419E-10  -1.10435823E-03  0.244387433      0.148910061     -0.481126755      0.319379270     -0.122352801    
   11.0000000       400.000000       3.63236889E-02   2.58347154      0.204051629       7.89751986E-10  -1.06230855E-03  0.239301026      0.132990330     -0.486001104      0.324210405     -0.154491499    
   12.0000000       400.000000       3.64281610E-02   2.61973166      0.204486877       7.80447207E-10  -1.04498200E-03  0.234399661       8.02809820E-02 -0.492366374      0.327134222     -0.196569055    
   13.0000000       400.000000       3.65312435E-02   2.65625191      0.205019429       7.71734454E-10  -1.03493989E-03  0.229661018       2.03209631E-02 -0.500342786      0.327876598     -0.234517127    
   2.00000000       400.000000       3.66381556E-02   2.69287086      0.205677241       7.63692165E-10  -1.02264620E-03  0.225067094      -2.64160596E-02 -0.509526134      0.326909184     -0.259905189    
   3.00000000       400.000000       3.67491208E-02   2.72951531      0.206460550       7.56296359E-10  -1.00772153E-03  0.220606849      -5.24502918E-02 -0.519416749      0.324981332     -0.273033768    
   4.00000000       400.000000       3.68596762E-02   2.76648116      0.207335189       7.49395435E-10  -9.94611881E-04  0.216273472      -6.51292950E-02 -0.529623866      0.322580576     -0.279093236    
   5.00000000       400.000000       3.69738303E-02   2.80324292      0.208288535       7.42926332E-10  -9.87349078E-04  0.212063923      -7.37581551E-02 -0.540022731      0.319853753     -0.283841074    
   6.00000000       400.000000       3.70923392E-02   2.84031177      0.209316179       7.36858796E-10  -9.79095930E-04  0.207972005      -7.38885924E-02 -0.550646842      0.317112416     -0.289937705    
   7.00000000       400.000000       3.72101963E-02   2.87746811      0.210437506       7.31241401E-10  -9.66422725E-04  0.203993529      -5.89873604E-02 -0.561564922      0.314918190     -0.295902163    
   8.00000000       400.000000       3.73310633E-02   2.91468883      0.211628646       7.25976279E-10  -9.49181325E-04  0.200124145      -3.66258509E-02 -0.572704852      0.313550532     -0.300296724    
   9.00000000       400.000000       3.74547355E-02   2.95214677      0.212877110       7.21011306E-10  -9.32921248E-04  0.196362004      -2.04088371E-02 -0.584024310      0.312786490     -0.303476959    
   10.0000000       400.000000       3.75822932E-02   2.98967767      0.214164212       7.16267101E-10  -9.16930381E-04  0.192701370      -1.83595549E-02 -0.595476151      0.312096506     -0.306951672    
   11.0000000       400.000000       3.77115831E-02   3.02733731      0.215496942       7.11763204E-10  -8.99926410E-04  0.189140305      -2.48471368E-02 -0.607134640      0.311159104     -0.311772317    
   12.0000000       400.000000       3.78417671E-02   3.06507659      0.216871202       7.07472969E-10  -8.78757739E-04  0.185673565      -2.69803815E-02 -0.619031370      0.310137928     -0.316586882    
   13.0000000       400.000000       3.79736088E-02   3.10296249      0.218279988       7.03369196E-10  -8.56336264E-04  0.182298914      -2.04058588E-02 -0.631137967      0.309362978     -0.320599645    
   2.00000000       400.000000       3.81093584E-02   3.14102793      0.219714999       6.99420521E-10  -8.31657788E-04  0.179012269      -9.13385116E-03 -0.643423855      0.309014976     -0.324287802    
   3.00000000       400.000000       3.82481478E-02   3.17926812      0.221177712       6.95620339E-10  -8.06725817E-04  0.175811216       9.54505522E-04 -0.655900419      0.309051901     -0.327954561    
   4.00000000       400.000000       3.83906849E-02   3.21746230      0.222655922       6.91929070E-10  -7.80309027E-04  0.172692388       7.98400491E-03 -0.668559253      0.309358388     -0.331728429    
   5.00000000       400.000000       3.85340862E-02   3.25593615      0.224146098       6.88332891E-10  -7.55042536E-04  0.169652551       1.50514403E-02 -0.681417584      0.309937954     -0.335214525    
   6.00000000       400.000000       3.86794209E-02   3.29459786      0.225636244       6.84788726E-10  -7.30885833E-04  0.166689396       2.28018854E-02 -0.694440126      0.310820222     -0.338178992    
   7.00000000       400.000000       3.88261117E-02   3.33332801      0.227131143       6.81312173E-10  -7.09654065E-04  0.163799092       2.79951729E-02 -0.707628965      0.311907023     -0.340544343    
   8.00000000       400.000000       3.89781781E-02   3.37215042      0.228623495       6.77879697E-10  -6.89528009E-04  0.160980880       2.82574333E-02 -0.720937252      0.313008428     -0.342244625    
   9.00000000       400.000000       3.91310640E-02   3.41121101      0.230121538       6.74508394E-10  -6.71209185E-04  0.158230618       2.55191009E-02 -0.734360576      0.314007133     -0.344114095    
   10.0000000       400.000000       3.92854065E-02   3.45050335      0.231623620       6.71196876E-10  -6.51804556E-04  0.155547142       2.33071614E-02 -0.747921526      0.314922720     -0.346475899    
   11.0000000       400.000000       3.94439995E-02   3.48992372      0.233138651       6.67966182E-10  -6.32355688E-04  0.152927816       2.20541377E-02 -0.761639297      0.315792352     -0.349038482    
   12.0000000       400.000000       3.96043137E-02   3.52931929      0.234654710       6.64780841E-10  -6.11645577E-04  0.150370985       1.85613874E-02 -0.775512516      0.316527635     -0.351537228    
   13.0000000       400.000000       3.97699885E-02   3.56905532      0.236175939       6.61651012E-10  -5.94479498E-04  0.147874221       1.13236411E-02 -0.789542317      0.316978306     -0.353694826    
   2.00000000       400.000000       3.99327539E-02   3.60901117      0.237695009       6.58553823E-10  -5.76617778E-04  0.145435393       2.67851353E-03 -0.803702533      0.317085087     -0.356353402    
   3.00000000       400.000000       4.01016437E-02   3.64905024      0.239227474       6.55531240E-10  -5.60071087E-04  0.143053025      -4.05074982E-03 -0.818062484      0.316922575     -0.358983487    
   4.00000000       400.000000       4.02740240E-02   3.68916464      0.240755305       6.52530141E-10  -5.41606452E-04  0.140724450      -7.95802474E-03 -0.832557201      0.316602141     -0.361142784    
   5.00000000       400.000000       4.04453352E-02   3.72949243      0.242287025       6.49576115E-10  -5.25828917E-04  0.138448536      -1.08316578E-02 -0.847213626      0.316164166     -0.362943888    
   6.00000000       400.000000       4.06209007E-02   3.77015471      0.243806332       6.46621034E-10  -5.09682402E-04  0.136224106      -1.27547337E-02 -0.861980200      0.315645963     -0.364726573    
   7.00000000       400.000000       4.08019014E-02   3.81062984      0.245333701       6.43720854E-10  -4.95513959E-04  0.134048030      -1.25290956E-02 -0.876911640      0.315134346     -0.366766959    
   8.00000000       400.000000       4.09835242E-02   3.85157919      0.246845812       6.40812015E-10  -4.79736103E-04  0.131920934      -9.45557095E-03 -0.891975760      0.314747304     -0.368100047    
   9.00000000       400.000000       4.11677249E-02   3.89264297      0.248352736       6.37920661E-10  -4.67406644E-04  0.129838973      -5.50671201E-03 -0.907150149      0.314520866     -0.369462729    
   10.0000000       800.000000       4.13518026E-02   3.93391180      0.249863625       6.35071329E-10  -4.50849941E-04  0.127803281      -3.80036794E-03 -0.922463357      0.314363360     -0.371336311    
   11.0000000       800.000000       4.15420607E-02   3.97551847      0.251368254       6.32234043E-10  -4.37682378E-04  0.125809729      -3.70920752E-03 -0.937933505      0.314209342     -0.372966379    
   12.0000000       800.000000       4.17331755E-02   4.01692963      0.252870679       6.29420904E-10  -4.21972480E-04  0.123859927      -2.55339756E-03 -0.953522027      0.314102858     -0.374821246    
   13.0000000       800.000000       4.19295840E-02   4.05884504      0.254372686       6.26634300E-10  -4.07828396E-04  0.121950738      -8.16597079E-04 -0.969290435      0.314068496     -0.376249671    
   2.00000000       800.000000       4.21275869E-02   4.10084629      0.255856454       6.23830487E-10  -3.93979106E-04  0.120081082      -1.88633078E-03 -0.985147893      0.313988864     -0.377461702    
   3.00000000       800.000000       4.23264094E-02   4.14324856      0.257339627       6.21051266E-10  -3.82989092E-04  0.118250556      -5.13825286E-03  -1.00116873      0.313771278     -0.378846645    
   4.00000000       800.000000       4.25276794E-02   4.18554831      0.258805722       6.18258722E-10  -3.71457485E-04  0.116457723      -6.98150042E-03  -1.01729286      0.313474864     -0.380238801    
   5.00000000       800.000000       4.27326299E-02   4.22826385      0.260270298       6.15489826E-10  -3.61839426E-04  0.114700787      -6.21459493E-03  -1.03358722      0.313208878     -0.381638139    
   6.00000000       800.000000       4.29400988E-02   4.27117634      0.261719733       6.12710049E-10  -3.52202944E-04  0.112979531      -5.00083575E-03  -1.04999018      0.312994510     -0.382887155    
   7.00000000       800.000000       4.31519486E-02   4.31416321      0.263167411       6.09948592E-10  -3.44050961E-04  0.111292243      -4.47332487E-03  -1.06655276      0.312801182     -0.384283036    
   8.00000000       800.000000       4.33655083E-02   4.35740662      0.264604181       6.07192741E-10  -3.35280027E-04  0.109638937      -3.27110314E-03  -1.08323860      0.312659174     -0.385717273    
   9.00000000       800.000000       4.35808785E-02   4.40067959      0.266040057       6.04457706E-10  -3.26342153E-04  0.108017936      -1.93440850E-04  -1.10009015      0.312650770     -0.387289554    
   10.0000000       800.000000       4.38009016E-02   4.44439697      0.267472088       6.01736660E-10  -3.16931313E-04  0.106428221       2.80982791E-03  -1.11708081      0.312773585     -0.388643324    
   11.0000000       800.000000       4.40220647E-02   4.48833799      0.268898189       5.99026162E-10  -3.07551119E-04  0.104869992       3.93731333E-03  -1.13422263      0.312947422     -0.390066445    
   12.0000000       800.000000       4.42490242E-02   4.53246212      0.270316541       5.96323213E-10  -2.98391329E-04  0.103342064       3.75585118E-03  -1.15151441      0.313113749     -0.391193479    
   13.0000000       800.000000       4.44775447E-02   4.57707596      0.271727383       5.93624150E-10  -2.89809221E-04  0.101843096       3.51038785E-03  -1.16893053      0.313269615     -0.392261118    
   2.00000000       800.000000       4.47068773E-02   4.62136841      0.273126543       5.90923921E-10  -2.81850836E-04  0.100371934       3.21631646E-03  -1.18649650      0.313413322     -0.393245250    
   3.00000000       800.000000       4.49385233E-02   4.66624355      0.274513334       5.88220361E-10  -2.75185419E-04   9.89272967E-02   2.56558857E-03  -1.20418215      0.313529015     -0.394187629    
   4.00000000       800.000000       4.51754220E-02   4.71121693      0.275887847       5.85511750E-10  -2.69026583E-04   9.75117683E-02   2.03309208E-03  -1.22201931      0.313620895     -0.395017326    
   5.00000000       800.000000       4.54156250E-02   4.75678205      0.277252346       5.82803306E-10  -2.64103961E-04   9.61203501E-02   2.33839476E-03  -1.23996651      0.313727111     -0.395635366    
   6.00000000       800.000000       4.56556603E-02   4.80203438      0.278601229       5.80086312E-10  -2.58917222E-04   9.47568268E-02   3.36976396E-03  -1.25804830      0.313880622     -0.396547288    
   7.00000000       800.000000       4.59001064E-02   4.84787893      0.279945165       5.77380921E-10  -2.54843355E-04   9.34166089E-02   4.08836640E-03  -1.27627575      0.314068794     -0.397434443    
   8.00000000       800.000000       4.61495221E-02   4.89382601      0.281277537       5.74672865E-10  -2.49523378E-04   9.21006873E-02   3.88873834E-03  -1.29463601      0.314247936     -0.398383141    
   9.00000000       800.000000       4.64015417E-02   4.94037914      0.282607108       5.71981240E-10  -2.44796800E-04   9.08075869E-02   3.38670635E-03  -1.31314540      0.314404637     -0.399270177    
   10.0000000       800.000000       4.66544069E-02   4.98703766      0.283925205       5.69287728E-10  -2.38682085E-04   8.95395279E-02   2.93690595E-03  -1.33178723      0.314542085     -0.400257736    
   11.0000000       800.000000       4.69110720E-02   5.03345490      0.285237193       5.66603431E-10  -2.33583749E-04   8.82921219E-02   1.96451158E-03  -1.35059536      0.314633846     -0.400956541    
   12.0000000       800.000000       4.71705161E-02   5.08080530      0.286534458       5.63908975E-10  -2.27785145E-04   8.70678276E-02   7.78835034E-04  -1.36950994      0.314670861     -0.401399374    
   13.0000000       800.000000       4.74330559E-02   5.12793064      0.287819594       5.61214242E-10  -2.23235111E-04   8.58642384E-02   4.12010762E-04  -1.38856769      0.314690113     -0.401746780    
   2.00000000       800.000000       4.76989783E-02   5.17558718      0.289087027       5.58504021E-10  -2.18750443E-04   8.46811607E-02   4.47123661E-04  -1.40772831      0.314711601     -0.401889443    
   3.00000000       800.000000       4.79672700E-02   5.22343826      0.290338188       5.55785418E-10  -2.15776745E-04   8.35176855E-02   6.56870470E-05  -1.42701757      0.314714670     -0.401875407    
   4.00000000       800.000000       4.82396744E-02   5.27148342      0.291572869       5.53055490E-10  -2.12558094E-04   8.23762119E-02  -1.93827334E-04  -1.44639564      0.314705193     -0.402015507    
   5.00000000       800.000000       4.85143214E-02   5.32006216      0.292794406       5.50322565E-10  -2.10006401E-04   8.12542886E-02  -2.58228858E-04  -1.46591353      0.314693123     -0.402260244    
   6.00000000       800.000000       4.87925000E-02   5.36836243      0.294002086       5.47583590E-10  -2.07078992E-04   8.01497176E-02  -8.54992250E-04  -1.48553550      0.314651191     -0.402357459    
   7.00000000       800.000000       4.90735136E-02   5.41723442      0.295196235       5.44842338E-10  -2.04157273E-04   7.90627152E-02  -1.48707489E-03  -1.50529122      0.314578086     -0.402532667    
   8.00000000       800.000000       4.93605398E-02   5.46674824      0.296377957       5.42097978E-10  -2.00686118E-04   7.79957473E-02  -1.60829735E-03  -1.52516031      0.314498872     -0.402577460    
   9.00000000       800.000000       4.96459454E-02   5.51635075      0.297542930       5.39345402E-10  -1.97618341E-04   7.69474953E-02  -1.82667922E-03  -1.54514790      0.314408392     -0.402260780    
   10.0000000       800.000000       4.99367975E-02   5.56616688      0.298688799       5.36578670E-10  -1.94482447E-04   7.59157166E-02  -1.93915656E-03  -1.56521499      0.314311177     -0.401824176    
   11.0000000       800.000000       5.02316244E-02   5.61612844      0.299817950       5.33802558E-10  -1.91852334E-04   7.48978779E-02  -1.68974220E-03  -1.58539891      0.314226508     -0.401279956    
   12.0000000       800.000000       5.05279116E-02   5.66623640      0.300923169       5.31008126E-10  -1.89488215E-04   7.39012659E-02  -1.69156981E-03  -1.60564792      0.314141214     -0.400488853    
   13.0000000       800.000000       5.08273505E-02   5.71697474      0.302008301       5.28198818E-10  -1.87583821E-04   7.29177743E-02  -1.73697737E-03  -1.62599289      0.314052910     -0.399766833    
   2.00000000       800.000000       5.11321910E-02   5.76780939      0.303074300       5.25378963E-10  -1.85646219E-04   7.19503239E-02  -1.56686944E-03  -1.64640653      0.313972920     -0.399003178    
   3.00000000       800.000000       5.14377542E-02   5.81939650      0.304118842       5.22542953E-10  -1.83788841E-04   7.10004568E-02  -1.59911311E-03  -1.66691458      0.313889712     -0.398122609    
   4.00000000       800.000000       5.17485440E-02   5.87104797      0.305143952       5.19696286E-10  -1.81777141E-04   7.00612217E-02  -1.44812907E-03  -1.68748939      0.313815176     -0.397231609    
   5.00000000       800.000000       5.20629622E-02   5.92277527      0.306149989       5.16840459E-10  -1.79532624E-04   6.91414103E-02  -1.14055187E-03  -1.70815182      0.313755870     -0.396189630    
   6.00000000       800.000000       5.23787588E-02   5.97483015      0.307130396       5.13964427E-10  -1.77393653E-04   6.82342798E-02  -1.02815975E-03  -1.72886920      0.313702196     -0.394864172    
   7.00000000       800.000000       5.26992045E-02   6.02751064      0.308090389       5.11075404E-10  -1.75216002E-04   6.73413277E-02  -7.46056496E-04  -1.74964726      0.313662827     -0.393600553    
   8.00000000       800.000000       5.30240014E-02   6.08028364      0.309026003       5.08172948E-10  -1.72911590E-04   6.64608479E-02  -5.52960206E-04  -1.77048385      0.313633680     -0.392162144    
   9.00000000       800.000000       5.33496812E-02   6.13364077      0.309936613       5.05251452E-10  -1.70612548E-04   6.55983537E-02  -4.59603296E-04  -1.79135680      0.313608736     -0.390587896    
   10.0000000       800.000000       5.36804311E-02   6.18732548      0.310825735       5.02317354E-10  -1.68119950E-04   6.47448003E-02  -1.81049560E-04  -1.81228530      0.313599050     -0.388997108    
   11.0000000       800.000000       5.40157408E-02   6.24103832      0.311687440       4.99363439E-10  -1.65506804E-04   6.39055818E-02  -6.49016874E-05  -1.83325601      0.313595951     -0.387182444    
   12.0000000       800.000000       5.43518029E-02   6.29508209      0.312523425       4.96393981E-10  -1.62874247E-04   6.30807430E-02   1.14423623E-04  -1.85424411      0.313602269     -0.385180384    
   13.0000000       800.000000       5.46922497E-02   6.34962225      0.313331306       4.93403596E-10  -1.60331751E-04   6.22637346E-02   3.17923317E-04  -1.87525451      0.313619405     -0.383010864    
   2.00000000       800.000000       5.50380871E-02   6.40445566      0.314108312       4.90390395E-10  -1.57980336E-04   6.14640042E-02   3.61774291E-04  -1.89627171      0.313639283     -0.380697906    
   3.00000000       800.000000       5.53847216E-02   6.45976830      0.314857960       4.87359542E-10  -1.55644622E-04   6.06738888E-02   5.38367254E-04  -1.91729057      0.313669384     -0.378383249    
   4.00000000       800.000000       5.57359010E-02   6.51546860      0.315577656       4.84308205E-10  -1.53262721E-04   5.98964989E-02   5.91874821E-04  -1.93831646      0.313702017     -0.375955820    
   5.00000000       800.000000       5.60912378E-02   6.57112312      0.316267550       4.81237272E-10  -1.50738022E-04   5.91304004E-02   6.55516749E-04  -1.95934069      0.313738853     -0.373431474    
   6.00000000       800.000000       5.64479530E-02   6.62756824      0.316928297       4.78146467E-10  -1.48124338E-04   5.83759956E-02   7.49813218E-04  -1.98034096      0.313781202     -0.370731562    
   7.00000000       800.000000       5.68098128E-02   6.68420267      0.317554951       4.75034290E-10  -1.45567275E-04   5.76335192E-02   7.28314393E-04  -2.00132608      0.313822597     -0.367814928    
   8.00000000       800.000000       5.71758151E-02   6.74102211      0.318149954       4.71900019E-10  -1.43150246E-04   5.69009893E-02   8.11665086E-04  -2.02226973      0.313869208     -0.364717036    
   9.00000000       800.000000       5.75454868E-02   6.79867172      0.318708241       4.68740102E-10  -1.40944758E-04   5.61770946E-02   7.72022468E-04  -2.04316640      0.313913137     -0.361519456    
   10.0000000       800.000000       5.79212233E-02   6.85620070      0.319233179       4.65557648E-10  -1.38768446E-04   5.54669462E-02   7.81260489E-04  -2.06401491      0.313958496     -0.358279169    
   11.0000000       800.000000       5.82982525E-02   6.91421032      0.319724232       4.62353822E-10  -1.36621500E-04   5.47654629E-02   7.52694265E-04  -2.08480573      0.314002454     -0.354920626    
   12.0000000       800.000000       5.86755127E-02   6.97270107      0.320179164       4.59130595E-10  -1.34350921E-04   5.40757440E-02   6.99228607E-04  -2.10552883      0.314043164     -0.351508021    
   13.0000000       800.000000       5.90622984E-02   7.03143930      0.320599854       4.55884441E-10  -1.32018293E-04   5.33925220E-02   6.87938475E-04  -2.12619352      0.314084321     -0.347936571    
   2.00000000       800.000000       5.94485030E-02   7.09108067      0.320982546       4.52614751E-10  -1.29632579E-04   5.27211726E-02   6.01835549E-04  -2.14675665      0.314119935     -0.344233364    
   3.00000000       800.000000       5.98436110E-02   7.15043688      0.321330309       4.49325521E-10  -1.27256295E-04   5.20614721E-02   5.76653343E-04  -2.16725707      0.314154148     -0.340396911    
   4.00000000       800.000000       6.02373928E-02   7.21079636      0.321639359       4.46012782E-10  -1.24831058E-04   5.14081381E-02   4.71996114E-04  -2.18763423      0.314182997     -0.336480319    
   5.00000000       800.000000       6.06374219E-02   7.27131176      0.321911305       4.42680337E-10  -1.22415004E-04   5.07662706E-02   4.31964319E-04  -2.20791984      0.314209372     -0.332430661    
   6.00000000       800.000000       6.10392392E-02   7.33202028      0.322144151       4.39324743E-10  -1.20006684E-04   5.01315929E-02   3.29719565E-04  -2.22808909      0.314229280     -0.328248948    
   7.00000000       800.000000       6.14471473E-02   7.39313030      0.322337925       4.35947861E-10  -1.17642601E-04   4.95062321E-02   2.72706180E-04  -2.24813199      0.314246297     -0.323968977    
   8.00000000       800.000000       6.18590638E-02   7.45494413      0.322492421       4.32548636E-10  -1.15334631E-04   4.88896742E-02   1.66546335E-04  -2.26803565      0.314256191     -0.319551289    
   9.00000000       800.000000       6.22721761E-02   7.51700449      0.322606057       4.29127012E-10  -1.13056776E-04   4.82806861E-02   1.00107660E-04  -2.28780007      0.314262450     -0.315060645    
   10.0000000       800.000000       6.26941621E-02   7.57950735      0.322679341       4.25688540E-10  -1.10753841E-04   4.76837717E-02  -7.19214711E-07  -2.30740738      0.314262599     -0.310482979    
   11.0000000       800.000000       6.31151870E-02   7.64244461      0.322712570       4.22225310E-10  -1.08442626E-04   4.70904149E-02  -6.65994376E-05  -2.32685637      0.314258158     -0.305759758    
   12.0000000       800.000000       6.35424033E-02   7.70559978      0.322702587       4.18744012E-10  -1.06181491E-04   4.65089977E-02  -1.59831339E-04  -2.34612942      0.314247936     -0.300892889    
   13.0000000       800.000000       6.39760271E-02   7.76949692      0.322651863       4.15242091E-10  -1.03968945E-04   4.59321551E-02  -2.18215471E-04  -2.36522007      0.314233601     -0.295930475    
   2.00000000       800.000000       6.44085407E-02   7.83382225      0.322557986       4.11719131E-10  -1.01786791E-04   4.53657284E-02  -2.96172715E-04  -2.38412881      0.314215124     -0.290869147    
   3.00000000       800.000000       6.48498610E-02   7.89831066      0.322420925       4.08178047E-10  -9.95977316E-05   4.48071994E-02  -3.39663180E-04  -2.40282297      0.314192802     -0.285738260    
   4.00000000       800.000000       6.52926117E-02   7.96304750      0.322241455       4.04615508E-10  -9.73809583E-05   4.42544706E-02  -3.99518409E-04  -2.42131114      0.314166576     -0.280498475    
   5.00000000       800.000000       6.57397360E-02   8.02879810      0.322017878       4.01036426E-10  -9.51779512E-05   4.37105186E-02  -4.27893188E-04  -2.43957591      0.314138889     -0.275116444    
   6.00000000       800.000000       6.61928579E-02   8.09504509      0.321748465       3.97436195E-10  -9.30226452E-05   4.31747176E-02  -4.62383323E-04  -2.45761442      0.314107925     -0.269626558    
   7.00000000       800.000000       6.66503683E-02   8.16145802      0.321436584       3.93818228E-10  -9.09140581E-05   4.26430739E-02  -4.75684967E-04  -2.47540474      0.314076245     -0.264062405    
   8.00000000       800.000000       6.71091229E-02   8.22835445      0.321078211       3.90182969E-10  -8.88021314E-05   4.21220623E-02  -4.85544675E-04  -2.49292469      0.314043581     -0.258438081    
   9.00000000       800.000000       6.75772652E-02   8.29508305      0.320676446       3.86528198E-10  -8.66627088E-05   4.16050814E-02  -4.83418931E-04  -2.51020741      0.314011604     -0.252748013    
   10.0000000       800.000000       6.80434331E-02   8.36327362      0.320227444       3.82859550E-10  -8.44841779E-05   4.10989039E-02  -4.68353595E-04  -2.52719617      0.313979238     -0.246950015    
   11.0000000       800.000000       6.85164854E-02   8.43160915      0.319734544       3.79173193E-10  -8.23207665E-05   4.05960940E-02  -4.52235196E-04  -2.54392529      0.313948303     -0.241047531    
   12.0000000       800.000000       6.89990669E-02   8.50011826      0.319196016       3.75473902E-10  -8.01604547E-05   4.01003882E-02  -4.19714721E-04  -2.56035423      0.313919216     -0.235081956    
   13.0000000       800.000000       6.94770738E-02   8.56972027      0.318610907       3.71757014E-10  -7.79836046E-05   3.96120027E-02  -3.86529806E-04  -2.57648754      0.313892841     -0.229064107    
   2.00000000       800.000000       6.99650571E-02   8.63913631      0.317978978       3.68026692E-10  -7.58011447E-05   3.91309224E-02  -3.42541491E-04  -2.59230781      0.313868523     -0.222950548    
   3.00000000       800.000000       7.04544336E-02   8.70913506      0.317303330       3.64281688E-10  -7.36401416E-05   3.86526547E-02  -2.94164318E-04  -2.60779595      0.313848048     -0.216739222    
   4.00000000       800.000000       7.09533468E-02   8.77987480      0.316577137       3.60524305E-10  -7.15421120E-05   3.81850898E-02  -2.44709081E-04  -2.62295222      0.313830316     -0.210449830    
   5.00000000       800.000000       7.14557767E-02   8.85152435      0.315807343       3.56751184E-10  -6.94885675E-05   3.77202369E-02  -1.88359933E-04  -2.63776064      0.313817173     -0.204132840    
   6.00000000       800.000000       7.19595850E-02   8.92326069      0.314990699       3.52970042E-10  -6.74318653E-05   3.72627750E-02  -1.33230089E-04  -2.65222359      0.313807189     -0.197774962    
   7.00000000       800.000000       7.24673644E-02   8.99552822      0.314126730       3.49175855E-10  -6.54168252E-05   3.68119217E-02  -7.92914871E-05  -2.66633296      0.313802093     -0.191320896    
   8.00000000       800.000000       7.29827210E-02   9.06822109      0.313216388       3.45371565E-10  -6.34820826E-05   3.63675319E-02  -2.45810352E-05  -2.68005657      0.313799858     -0.184801534    
   9.00000000       800.000000       7.35015273E-02   9.14107132      0.312259495       3.41557671E-10  -6.15901881E-05   3.59268561E-02   2.67267078E-05  -2.69339037      0.313802153     -0.178284079    
   10.0000000       800.000000       7.40236938E-02   9.21487141      0.311254233       3.37733841E-10  -5.97008184E-05   3.54922153E-02   7.39728785E-05  -2.70636415      0.313807905     -0.171760440    
   11.0000000       800.000000       7.45541826E-02   9.28909588      0.310206085       3.33904265E-10  -5.77930550E-05   3.50646600E-02   1.18859600E-04  -2.71892190      0.313815951     -0.165196121    
   12.0000000       800.000000       7.50876293E-02   9.36382198      0.309109092       3.30066197E-10  -5.58603570E-05   3.46409753E-02   1.59262025E-04  -2.73106551      0.313828081     -0.158611834    
   13.0000000       800.000000       7.56227747E-02   9.43945217      0.307968616       3.26222299E-10  -5.38851273E-05   3.42249237E-02   1.94547480E-04  -2.74281383      0.313842893     -0.152029052    
   2.00000000       800.000000       7.61684179E-02   9.51551723      0.306786388       3.22376265E-10  -5.18467277E-05   3.38125005E-02   2.25471202E-04  -2.75415587      0.313860178     -0.145427436    
   3.00000000       800.000000       7.67170042E-02   9.59179592      0.305554539       3.18524512E-10  -4.97546134E-05   3.34038511E-02   2.51568941E-04  -2.76506114      0.313879609     -0.138792157    
   4.00000000       800.000000       7.72694573E-02   9.66848755      0.304280043       3.14670984E-10  -4.76297682E-05   3.30041870E-02   2.71962374E-04  -2.77552104      0.313900381     -0.132141680    
   5.00000000       800.000000       7.78230131E-02   9.74612713      0.302962482       3.10815707E-10  -4.54656183E-05   3.26074883E-02   2.87473493E-04  -2.78554201      0.313922942     -0.125497937    
   6.00000000       800.000000       7.83851892E-02   9.82425022      0.301601350       3.06958847E-10  -4.32583329E-05   3.22151929E-02   2.97981373E-04  -2.79512310      0.313946098     -0.118840665    
   7.00000000       800.000000       7.89523125E-02   9.90284920      0.300195098       3.03099962E-10  -4.10367320E-05   3.18292975E-02   3.02969245E-04  -2.80425167      0.313970089     -0.112164430    
   8.00000000       800.000000       7.95280412E-02   9.98241329      0.298745781       2.99242159E-10  -3.88152403E-05   3.14477570E-02   3.02923785E-04  -2.81290174      0.313993931     -0.105496682    
   9.00000000       800.000000       8.01055804E-02   10.0623922      0.297253162       2.95386465E-10  -3.65856977E-05   3.10693029E-02   2.97973194E-04  -2.82108927      0.314018190      -9.88468006E-02
   10.0000000       800.000000       8.06882754E-02   10.1425762      0.295718342       2.91532548E-10  -3.43605243E-05   3.06983981E-02   2.87910807E-04  -2.82878709      0.314041585      -9.21953917E-02
   11.0000000       800.000000       8.12722519E-02   10.2231703      0.294141859       2.87680213E-10  -3.21678490E-05   3.03317532E-02   2.72960577E-04  -2.83602452      0.314063191      -8.55480358E-02
   12.0000000       800.000000       8.18665698E-02   10.3048105      0.292524546       2.83832929E-10  -3.00106112E-05   2.99681593E-02   2.53521983E-04  -2.84275055      0.314084053      -7.89351836E-02
   13.0000000       800.000000       8.24698508E-02   10.3871059      0.290863603       2.79990225E-10  -2.78789830E-05   2.96096504E-02   2.29822937E-04  -2.84898925      0.314103216      -7.23576173E-02
   2.00000000       800.000000       8.30690786E-02   10.4702911      0.289163977       2.76153961E-10  -2.57755637E-05   2.92563289E-02   2.02426338E-04  -2.85473657      0.314120084      -6.58110529E-02
   3.00000000       800.000000       8.36792067E-02   10.5531397      0.287425488       2.72323469E-10  -2.37034837E-05   2.89072730E-02   1.71984953E-04  -2.85994554      0.314134270      -5.93052208E-02
   4.00000000       800.000000       8.42924491E-02   10.6371202      0.285646617       2.68501887E-10  -2.16559147E-05   2.85621192E-02   1.39323674E-04  -2.86469436      0.314146072      -5.28527722E-02
   5.00000000       800.000000       8.49149227E-02   10.7222576      0.283831477       2.64690297E-10  -1.96244619E-05   2.82211173E-02   1.05415173E-04  -2.86890984      0.314155281      -4.64541130E-02
   6.00000000       800.000000       8.55400413E-02   10.8070173      0.281975061       2.60887506E-10  -1.76078793E-05   2.78852582E-02   7.11666216E-05  -2.87260151      0.314160824      -4.01097797E-02
   7.00000000       800.000000       8.61672983E-02   10.8929453      0.280085951       2.57095345E-10  -1.56029782E-05   2.75524110E-02   3.75325071E-05  -2.87578607      0.314164251      -3.38275433E-02
   8.00000000       800.000000       8.68062824E-02   10.9799843      0.278157324       2.53315202E-10  -1.36000008E-05   2.72247754E-02   5.36049083E-06  -2.87846398      0.314164847      -2.76173092E-02
   9.00000000       800.000000       8.74475688E-02   11.0664978      0.276197731       2.49549020E-10  -1.15871144E-05   2.69010570E-02  -2.46825202E-05  -2.88060832      0.314162999      -2.14817580E-02
   10.0000000       800.000000       8.80924463E-02   11.1543617      0.274201602       2.45796022E-10  -9.56133044E-06   2.65807640E-02  -5.21019938E-05  -2.88222504      0.314158052      -1.54127004E-02
   11.0000000       800.000000       8.87458175E-02   11.2425718      0.272174120       2.42058845E-10  -7.53459562E-06   2.62649432E-02  -7.66513258E-05  -2.88332152      0.314151585      -9.40902624E-03
   12.0000000       800.000000       8.94047245E-02   11.3320246      0.270113170       2.38337433E-10  -5.51086350E-06   2.59531531E-02  -9.81991325E-05  -2.88389254      0.314142436      -3.48617299E-03
   13.0000000       800.000000       9.00711343E-02   11.4218473      0.268021166       2.34634534E-10  -3.48398839E-06   2.56447624E-02  -1.16685012E-04  -2.88395119      0.314131826       2.35000672E-03
   2.00000000       800.000000       9.07422155E-02   11.5118284      0.265897185       2.30947123E-10  -1.45696367E-06   2.53405180E-02  -1.32163332E-04  -2.88349485      0.314120144       8.10859259E-03
   3.00000000       800.000000       9.14164707E-02   11.6033077      0.263746411       2.27279529E-10   5.57463636E-07   2.50395127E-02  -1.44730337E-04  -2.88248396      0.314106733       1.37864659E-02
   4.00000000       800.000000       9.20993984E-02   11.6952047      0.261564910       2.23630822E-10   2.55305395E-06   2.47421190E-02  -1.54521360E-04  -2.88094854      0.314091891       1.93725806E-02
   5.00000000       800.000000       9.27866399E-02   11.7873383      0.259355783       2.20003529E-10   4.52298082E-06   2.44489722E-02  -1.61587042E-04  -2.87890148      0.314077854       2.48731971E-02
   6.00000000       800.000000       9.34779644E-02   11.8806105      0.257119358       2.16397136E-10   6.44492047E-06   2.41592415E-02  -1.66066733E-04  -2.87632322      0.314062089       3.02906949E-02
   7.00000000       800.000000       9.41774696E-02   11.9743528      0.254856557       2.12813253E-10   8.30472982E-06   2.38725338E-02  -1.68117389E-04  -2.87320733      0.314046234       3.56102474E-02
   8.00000000       800.000000       9.48819369E-02   12.0688763      0.252569020       2.09250950E-10   1.01033993E-05   2.35900879E-02  -1.67915248E-04  -2.86959147      0.314030260       4.08211611E-02
   9.00000000       800.000000       9.55979601E-02   12.1640635      0.250257254       2.05713391E-10   1.18485568E-05   2.33117323E-02  -1.65620630E-04  -2.86541867      0.314014435       4.59162891E-02
   10.0000000       800.000000       9.63135287E-02   12.2600622      0.247924760       2.02198744E-10   1.35551054E-05   2.30357926E-02  -1.61391814E-04  -2.86079097      0.313998729       5.08883409E-02
   11.0000000       800.000000       9.70358253E-02   12.3568468      0.245567337       1.98711436E-10   1.52411067E-05   2.27626320E-02  -1.55338610E-04  -2.85559821      0.313983917       5.57349026E-02
   12.0000000       800.000000       9.77677032E-02   12.4544106      0.243191257       1.95249053E-10   1.69250707E-05   2.24941690E-02  -1.47522747E-04  -2.84990621      0.313969702       6.04518093E-02
   13.0000000       800.000000       9.85076427E-02   12.5523767      0.240797564       1.91814342E-10   1.86241432E-05   2.22282615E-02  -1.38003437E-04  -2.84373021      0.313955486       6.50403947E-02
   2.00000000       800.000000       9.92456749E-02   12.6510534      0.238385722       1.88408456E-10   2.03448490E-05   2.19650250E-02  -1.26842409E-04  -2.83705759      0.313943505       6.95085749E-02
   3.00000000       800.000000       9.99961421E-02   12.7503929      0.235956639       1.85032115E-10   2.20849906E-05   2.17056219E-02  -1.14087241E-04  -2.82989383      0.313932091       7.38556609E-02
   4.00000000       800.000000      0.100751281       12.8514633      0.233511433       1.81684445E-10   2.38423654E-05   2.14498639E-02  -9.98562609E-05  -2.82222199      0.313921660       7.80801922E-02
   5.00000000       800.000000      0.101513669       12.9527330      0.231049761       1.78367293E-10   2.56128260E-05   2.11972892E-02  -8.43780144E-05  -2.81407619      0.313912958       8.21823850E-02
   6.00000000       800.000000      0.102282949       13.0543804      0.228578210       1.75080048E-10   2.73906517E-05   2.09464375E-02  -6.78947981E-05  -2.80548763      0.313906103       8.61604139E-02
   7.00000000       800.000000      0.103057869       13.1565609      0.226091325       1.71825401E-10   2.91690721E-05   2.06989460E-02  -5.07216391E-05  -2.79639745      0.313900828       9.00153220E-02
   8.00000000       800.000000      0.103839546       13.2604132      0.223593950       1.68601591E-10   3.09376555E-05   2.04549208E-02  -3.32559284E-05  -2.78685713      0.313897699       9.37488377E-02
   9.00000000       800.000000      0.104626514       13.3645535      0.221086696       1.65410061E-10   3.26823538E-05   2.02140193E-02  -1.58958865E-05  -2.77685905      0.313896209       9.73606184E-02
   10.0000000       800.000000      0.105420068       13.4691267      0.218569696       1.62251906E-10   3.43896099E-05   1.99765358E-02   9.78279900E-07  -2.76640844      0.313895762      0.100849018    
   11.0000000       800.000000      0.106228657       13.5754204      0.216045752       1.59127392E-10   3.60476079E-05   1.97407994E-02   1.70173116E-05  -2.75550938      0.313897729      0.104211800    
   12.0000000       800.000000      0.107034281       13.6821260      0.213511005       1.56035587E-10   3.76504358E-05   1.95082147E-02   3.19214560E-05  -2.74417162      0.313901126      0.107442863    
   13.0000000       800.000000      0.107849084       13.7891541      0.210973650       1.52979004E-10   3.92018846E-05   1.92788132E-02   4.54577312E-05  -2.73240948      0.313906074      0.110536151    
   2.00000000       800.000000      0.108672515       13.8981247      0.208427608       1.49957491E-10   4.07156440E-05   1.90510731E-02   5.74556252E-05  -2.72025681      0.313912243      0.113485575    
   3.00000000       800.000000      0.109497771       14.0066690      0.205882162       1.46970464E-10   4.22122866E-05   1.88281536E-02   6.78130527E-05  -2.70766544      0.313920081      0.116289236    
   4.00000000       800.000000      0.110339761       14.1170921      0.203332171       1.44019865E-10   4.37113558E-05   1.86063498E-02   7.64928336E-05  -2.69466829      0.313928276      0.118950829    
   5.00000000       800.000000      0.111177742       14.2269335      0.200779334       1.41105710E-10   4.52245222E-05   1.83867719E-02   8.35094615E-05  -2.68132544      0.313937277      0.121477030    
   6.00000000       800.000000      0.112030037       14.3394938      0.198228329       1.38228345E-10   4.67503451E-05   1.81711633E-02   8.89240837E-05  -2.66756940      0.313947618      0.123877108    
   7.00000000       800.000000      0.112885214       14.4517355      0.195676535       1.35387410E-10   4.82724390E-05   1.79575067E-02   9.28319787E-05  -2.65345407      0.313957959      0.126160309    
   8.00000000       800.000000      0.113750286       14.5650282      0.193127915       1.32584249E-10   4.97644141E-05   1.77459009E-02   9.53385170E-05  -2.63896275      0.313968718      0.128330633    
   9.00000000       800.000000      0.114624061       14.6793976      0.190581396       1.29818378E-10   5.11997605E-05   1.75378844E-02   9.65381332E-05  -2.62415361      0.313979745      0.130386591    
   10.0000000       800.000000      0.115506783       14.7940674      0.188036695       1.27089048E-10   5.25621726E-05   1.73317734E-02   9.64999708E-05  -2.60897875      0.313990891      0.132319883    
   11.0000000       800.000000      0.116393380       14.9101496      0.185497165       1.24397243E-10   5.38537170E-05   1.71279125E-02   9.52611736E-05  -2.59346771      0.314001828      0.134120360    
   12.0000000       800.000000      0.117281690       15.0272551      0.182962030       1.21743837E-10   5.50967015E-05   1.69264991E-02   9.28388472E-05  -2.57761788      0.314012825      0.135778666    
   13.0000000       800.000000      0.118191823       15.1445360      0.180432960       1.19128221E-10   5.63280773E-05   1.67274773E-02   8.92342723E-05  -2.56148410      0.314023525      0.137291983    
   2.00000000       800.000000      0.119099334       15.2630339      0.177913427       1.16550575E-10   5.75772174E-05   1.65318716E-02   8.44852257E-05  -2.54507303      0.314033747      0.138674408    
   3.00000000       800.000000      0.120015435       15.3828135      0.175401971       1.14011377E-10   5.88519906E-05   1.63380187E-02   7.86598612E-05  -2.52833080      0.314042568      0.139938086    
   4.00000000       800.000000      0.120940529       15.5036430      0.172899976       1.11511647E-10   6.01493084E-05   1.61463358E-02   7.18672818E-05  -2.51135087      0.314051867      0.141087517    
   5.00000000       800.000000      0.121867239       15.6249332      0.170406252       1.09050963E-10   6.14561504E-05   1.59566775E-02   6.42445375E-05  -2.49406505      0.314059317      0.142131880    
   6.00000000       800.000000      0.122810721       15.7464323      0.167924970       1.06628269E-10   6.27485861E-05   1.57696344E-02   5.59565633E-05  -2.47654176      0.314066321      0.143076599    
   7.00000000       800.000000      0.123757191       15.8707790      0.165455118       1.04243655E-10   6.40044600E-05   1.55849811E-02   4.71882231E-05  -2.45880342      0.314072490      0.143920198    
   8.00000000       800.000000      0.124716990       15.9948425      0.162998244       1.01897164E-10   6.52140225E-05   1.54023422E-02   3.81289283E-05  -2.44080591      0.314077258      0.144655094    
   9.00000000       800.000000      0.125679165       16.1200333      0.160553664       9.95896351E-11   6.63841129E-05   1.52207641E-02   2.89642467E-05  -2.42256117      0.314081103      0.145276830    
   10.0000000       800.000000      0.126648560       16.2460766      0.158121392       9.73196107E-11   6.75340780E-05   1.50433118E-02   1.98643920E-05  -2.40413833      0.314083040      0.145783797    
   11.0000000       800.000000      0.127627030       16.3736973      0.155706540       9.50893739E-11   6.86849089E-05   1.48662515E-02   1.09804196E-05  -2.38549685      0.314084530      0.146180138    
   12.0000000       800.000000      0.128622070       16.5009899      0.153304696       9.28960381E-11   6.98472577E-05   1.46928020E-02   2.43847080E-06  -2.36669540      0.314085484      0.146476373    
   13.0000000       800.000000      0.129615709       16.6299458      0.150920764       9.07416434E-11   7.10139793E-05   1.45208640E-02  -5.66175140E-06  -2.34768772      0.314084679      0.146683991    
   2.00000000       800.000000      0.130617574       16.7607040      0.148554087       8.86241844E-11   7.21601318E-05   1.43505316E-02  -1.32453806E-05  -2.32853317      0.314082444      0.146812841    
   3.00000000       800.000000      0.131631613       16.8909397      0.146203905       8.65441885E-11   7.32531553E-05   1.41826617E-02  -2.02556166E-05  -2.30915093      0.314079195      0.146866664    
   4.00000000       800.000000      0.132658064       17.0234966      0.143868834       8.45023634E-11   7.42662887E-05   1.40160862E-02  -2.66479055E-05  -2.28968215      0.314076215      0.146841139    
   5.00000000       800.000000      0.133689612       17.1564980      0.141553879       8.24969953E-11   7.51910193E-05   1.38519499E-02  -3.23848035E-05  -2.27005339      0.314072192      0.146729022    
   6.00000000       800.000000      0.134727374       17.2917385      0.139256999       8.05290834E-11   7.60410912E-05   1.36902146E-02  -3.74296360E-05  -2.25030541      0.314066708      0.146522790    
   7.00000000       800.000000      0.135772675       17.4260139      0.136981905       7.85979476E-11   7.68484388E-05   1.35299927E-02  -4.17434785E-05  -2.23043132      0.314061433      0.146219730    
   8.00000000       800.000000      0.136831790       17.5625153      0.134723797       7.67025540E-11   7.76515881E-05   1.33712618E-02  -4.52829190E-05  -2.21046543      0.314055085      0.145823017    
   9.00000000       800.000000      0.137887821       17.6995029      0.132487848       7.48438603E-11   7.84805670E-05   1.32147688E-02  -4.80016206E-05  -2.19036865      0.314048201      0.145343155    
   10.0000000       800.000000      0.138969555       17.8388729      0.130272210       7.30218316E-11   7.93472209E-05   1.30604105E-02  -4.98542395E-05  -2.17020369      0.314041406      0.144791827    
   11.0000000       800.000000      0.140046909       17.9775219      0.128078982       7.12340673E-11   8.02416034E-05   1.29074743E-02  -5.08057237E-05  -2.14996266      0.314034253      0.144180477    
   12.0000000       800.000000      0.141143247       18.1181393      0.125907466       6.94832525E-11   8.11392310E-05   1.27563439E-02  -5.08387966E-05  -2.12968040      0.314027131      0.143516049    
   13.0000000       800.000000      0.142242312       18.2606220      0.123756662       6.77670003E-11   8.20116184E-05   1.26074739E-02  -4.99618909E-05  -2.10930252      0.314020157      0.142799735    
   2.00000000       800.000000      0.143348306       18.4025784      0.121630512       6.60850819E-11   8.28368575E-05   1.24600222E-02  -4.82134383E-05  -2.08888054      0.314013004      0.142029509    
   3.00000000       800.000000      0.144470185       18.5468769      0.119524650       6.44378509E-11   8.36094841E-05   1.23139052E-02  -4.56604612E-05  -2.06843400      0.314006537      0.141200975    
   4.00000000       800.000000      0.145599216       18.6916237      0.117442966       6.28229205E-11   8.43380622E-05   1.21702487E-02  -4.23949168E-05  -2.04793644      0.314000309      0.140311360    
   5.00000000       800.000000      0.146730632       18.8387299      0.115381502       6.12428649E-11   8.50402721E-05   1.20277451E-02  -3.85251114E-05  -2.02741575      0.313995153      0.139361843    
   6.00000000       800.000000      0.147886083       18.9852219      0.113347039       5.96952696E-11   8.57328268E-05   1.18876165E-02  -3.41666055E-05  -2.00688148      0.313989699      0.138358161    
   7.00000000       800.000000      0.149040878       19.1336536      0.111334465       5.81813937E-11   8.64217291E-05   1.17488336E-02  -2.94365891E-05  -1.98634243      0.313985050      0.137306973    
   8.00000000       800.000000      0.150206983       19.2841053      0.109346680       5.66982537E-11   8.71011289E-05   1.16115008E-02  -2.44486055E-05  -1.96578193      0.313981533      0.136215419    
   9.00000000       800.000000      0.151375279       19.4338169      0.107382029       5.52477300E-11   8.77566999E-05   1.14759123E-02  -1.93123797E-05  -1.94525158      0.313978583      0.135087505    
   10.0000000       800.000000      0.152559474       19.5859928      0.105442323       5.38298364E-11   8.83752436E-05   1.13411723E-02  -1.41327791E-05  -1.92473996      0.313976169      0.133923903    
   11.0000000       800.000000      0.153755501       19.7391071      0.103527591       5.24403576E-11   8.89511939E-05   1.12090278E-02  -9.00980194E-06  -1.90423667      0.313974887      0.132723108    
   12.0000000       800.000000      0.154966682       19.8943138      0.101635039       5.10837275E-11   8.94903424E-05   1.10778809E-02  -4.03741205E-06  -1.88373530      0.313974768      0.131483346    
   13.0000000       800.000000      0.156182289       20.0499210       9.97681990E-02   4.97554706E-11   9.00061932E-05   1.09483041E-02   6.98682413E-07  -1.86331213      0.313974619      0.130205959    
   2.00000000       800.000000      0.157407701       20.2067699       9.79256257E-02   4.84574186E-11   9.05133857E-05   1.08205024E-02   5.12333781E-06  -1.84291422      0.313975275      0.128893659    
   3.00000000       800.000000      0.158632427       20.3635406       9.61090624E-02   4.71899464E-11   9.10203089E-05   1.06944581E-02   9.17361649E-06  -1.82255375      0.313976735      0.127552524    
   4.00000000       800.000000      0.159881696       20.5234394       9.43162814E-02   4.59504830E-11   9.15256314E-05   1.05697205E-02   1.27993335E-05  -1.80228293      0.313978523      0.126187027    
   5.00000000       800.000000      0.161134437       20.6836548       9.25475955E-02   4.47391291E-11   9.20198872E-05   1.04461722E-02   1.59624869E-05  -1.78206968      0.313981414      0.124801502    
   6.00000000       800.000000      0.162408039       20.8466339       9.08047706E-02   4.35562281E-11   9.24911074E-05   1.03243440E-02   1.86363977E-05  -1.76191974      0.313984305      0.123398803    
   7.00000000       800.000000      0.163673609       21.0080662       8.90865549E-02   4.23992889E-11   9.29318339E-05   1.02038169E-02   2.08043239E-05  -1.74183917      0.313988030      0.121976510    
   8.00000000       800.000000      0.164970547       21.1726456       8.73931274E-02   4.12709450E-11   9.33411648E-05   1.00841653E-02   2.24589785E-05  -1.72182322      0.313991994      0.120536298    
   9.00000000       800.000000      0.166260168       21.3390827       8.57236534E-02   4.01685803E-11   9.37246659E-05   9.96630359E-03   2.36009801E-05  -1.70190108      0.313995689      0.119077832    
   10.0000000       800.000000      0.167571649       21.5048828       8.40788484E-02   3.90920629E-11   9.40894970E-05   9.84995998E-03   2.42387923E-05  -1.68207133      0.313999891      0.117603101    
   11.0000000       800.000000      0.168884769       21.6747990       8.24590027E-02   3.80413895E-11   9.44415660E-05   9.73511394E-03   2.43877676E-05  -1.66233468      0.314003795      0.116114616    
   12.0000000       800.000000      0.170220941       21.8437004       8.08639675E-02   3.70158834E-11   9.47824301E-05   9.62203834E-03   2.40701465E-05  -1.64269602      0.314007998      0.114615478    
   13.0000000       800.000000      0.171562597       22.0148487       7.92928189E-02   3.60148578E-11   9.51109396E-05   9.50953085E-03   2.33156807E-05  -1.62316132      0.314011812      0.113107271    
   2.00000000       800.000000      0.172911152       22.1867790       7.77464509E-02   3.50383958E-11   9.54256466E-05   9.39803477E-03   2.21609989E-05  -1.60373378      0.314015985      0.111592613    
   3.00000000       800.000000      0.174262822       22.3595982       7.62235820E-02   3.40855226E-11   9.57274242E-05   9.28875245E-03   2.06501791E-05  -1.58441174      0.314019680      0.110071868    
   4.00000000       800.000000      0.175636902       22.5350342       7.47252181E-02   3.31560127E-11   9.60176985E-05   9.18007083E-03   1.88335434E-05  -1.56522954      0.314022183      0.108545281    
   5.00000000       800.000000      0.177029908       22.7109966       7.32511133E-02   3.22494878E-11   9.62983468E-05   9.07315034E-03   1.67664075E-05  -1.54615009      0.314025104      0.107015155    
   6.00000000       800.000000      0.178427994       22.8897495       7.18003362E-02   3.13654554E-11   9.65705840E-05   8.96689855E-03   1.45071072E-05  -1.52717614      0.314028233      0.105483375    
   7.00000000       800.000000      0.179832757       23.0675335       7.03731701E-02   3.05032388E-11   9.68329987E-05   8.86286795E-03   1.21150633E-05  -1.50835073      0.314029962      0.103951678    
   8.00000000       800.000000      0.181247130       23.2492962       6.89694136E-02   2.96626022E-11   9.70853071E-05   8.75897799E-03   9.64894934E-06  -1.48963463      0.314031959      0.102421030    
   9.00000000       800.000000      0.182678327       23.4303741       6.75891861E-02   2.88430512E-11   9.73275892E-05   8.65697768E-03   7.16516615E-06  -1.47106564      0.314033300      0.100891009    
   10.0000000       800.000000      0.184120178       23.6137962       6.62316382E-02   2.80444556E-11   9.75607109E-05   8.55589006E-03   4.71710428E-06  -1.45264220      0.314034164       9.93639901E-02
   11.0000000       800.000000      0.185574606       23.7995758       6.48973510E-02   2.72659031E-11   9.77862801E-05   8.45575612E-03   2.35373750E-06  -1.43433869      0.314034760       9.78403017E-02
   12.0000000       800.000000      0.187039450       23.9845982       6.35854676E-02   2.65072964E-11   9.80042387E-05   8.35742150E-03   1.18738406E-07  -1.41618586      0.314035088       9.63220224E-02
   13.0000000       800.000000      0.188515589       24.1725788       6.22959100E-02   2.57679988E-11   9.82130732E-05   8.25942960E-03  -1.95083408E-06  -1.39816487      0.314034671       9.48102027E-02
   2.00000000       800.000000      0.190003842       24.3626595       6.10288531E-02   2.50477486E-11   9.84091748E-05   8.16341490E-03  -3.82534790E-06  -1.38029182      0.314033926       9.33059305E-02
   3.00000000       800.000000      0.191507503       24.5538692       5.97833879E-02   2.43459818E-11   9.85900842E-05   8.06807540E-03  -5.48323987E-06  -1.36256742      0.314032823       9.18099061E-02
   4.00000000       800.000000      0.193027228       24.7454605       5.85602373E-02   2.36626101E-11   9.87533931E-05   7.97401834E-03  -6.91077321E-06  -1.34498799      0.314031243       9.03219208E-02
   5.00000000       800.000000      0.194553345       24.9383144       5.73582314E-02   2.29967399E-11   9.88975662E-05   7.88101088E-03  -8.10162237E-06  -1.32756174      0.314030081       8.88430700E-02
   6.00000000       800.000000      0.196085945       25.1336231       5.61779737E-02   2.23484235E-11   9.90219996E-05   7.78899016E-03  -9.05527759E-06  -1.31028283      0.314028263       8.73751044E-02
   7.00000000       800.000000      0.197636858       25.3313236       5.50185442E-02   2.17170049E-11   9.91259803E-05   7.69802602E-03  -9.77577929E-06  -1.29315948      0.314025730       8.59169438E-02
   8.00000000       800.000000      0.199212298       25.5304661       5.38797490E-02   2.11025294E-11   9.92078712E-05   7.60827772E-03  -1.02702779E-05  -1.27618968      0.314023495       8.44702944E-02
   9.00000000       800.000000      0.200781316       25.7297115       5.27616628E-02   2.05039145E-11   9.92672212E-05   7.51927635E-03  -1.05479257E-05  -1.25937212      0.314021617       8.30350220E-02
   10.0000000       800.000000      0.202371761       25.9304714       5.16640469E-02   1.99212712E-11   9.93056674E-05   7.43154343E-03  -1.06193638E-05  -1.24271250      0.314019382       8.16113725E-02
   11.0000000       800.000000      0.203978211       26.1335907       5.05866297E-02   1.93541225E-11   9.93278227E-05   7.34502869E-03  -1.04965802E-05  -1.22620976      0.314017415       8.01991522E-02
   12.0000000       800.000000      0.205590189       26.3390236       4.95287329E-02   1.88021473E-11   9.93404683E-05   7.25922734E-03  -1.01936948E-05  -1.20986485      0.314015359       7.87989944E-02
   13.0000000       800.000000      0.207215562       26.5462608       4.84907292E-02   1.82649451E-11   9.93494978E-05   7.17420597E-03  -9.72656744E-06  -1.19368005      0.314013362       7.74111524E-02
   2.00000000       800.000000      0.208862230       26.7531796       4.74722050E-02   1.77422053E-11   9.93575886E-05   7.09080463E-03  -9.11377265E-06  -1.17765713      0.314011902       7.60371163E-02
   3.00000000       800.000000      0.210511744       26.9634609       4.64722551E-02   1.72335236E-11   9.93630165E-05   7.00764125E-03  -8.37596417E-06  -1.16179407      0.314010024       7.46791214E-02
   4.00000000       800.000000      0.212182373       27.1744270       4.54915985E-02   1.67386313E-11   9.93594949E-05   6.92575751E-03  -7.53508084E-06  -1.14608943      0.314008325       7.33364224E-02
   5.00000000       800.000000      0.213867262       27.3881035       4.45294939E-02   1.62570964E-11   9.93418726E-05   6.84532337E-03  -6.61413605E-06  -1.13054454      0.314006835       7.20094740E-02
   6.00000000       800.000000      0.215570495       27.6017551       4.35854793E-02   1.57887384E-11   9.93080321E-05   6.76532928E-03  -5.63589128E-06  -1.11516297      0.314005315       7.06987008E-02
   7.00000000       800.000000      0.217280358       27.8196926       4.26598229E-02   1.53331289E-11   9.92606001E-05   6.68640435E-03  -4.62279922E-06  -1.09994924      0.314004421       6.94019273E-02
   8.00000000       800.000000      0.218995273       28.0367794       4.17517647E-02   1.48900111E-11   9.92050554E-05   6.60823192E-03  -3.59672526E-06  -1.08488631      0.314003587       6.81193024E-02
   9.00000000       800.000000      0.220740929       28.2576332       4.08612452E-02   1.44590936E-11   9.91483248E-05   6.53090840E-03  -2.57855368E-06  -1.06999087      0.314003080       6.68534711E-02
   10.0000000       800.000000      0.222490728       28.4788132       3.99880260E-02   1.40399749E-11   9.90947519E-05   6.45461865E-03  -1.58822183E-06  -1.05525744      0.314002901       6.56010732E-02
   11.0000000       800.000000      0.224248633       28.7025547       3.91319096E-02   1.36324138E-11   9.90454937E-05   6.37943391E-03  -6.44200384E-07  -1.04068446      0.314002752       6.43675700E-02
   12.0000000       800.000000      0.226034790       28.9273281       3.82925197E-02   1.32361804E-11   9.89993932E-05   6.30492857E-03   2.37033603E-07  -1.02627265      0.314002693       6.31485879E-02
   13.0000000       800.000000      0.227838799       29.1540203       3.74696106E-02   1.28509078E-11   9.89535256E-05   6.23130472E-03   1.04145056E-06  -1.01202083      0.314002812       6.19482733E-02
   2.00000000       800.000000      0.229636580       29.3828106       3.66629325E-02   1.24763429E-11   9.89049586E-05   6.15866156E-03   1.75800017E-06 -0.997932315      0.314003229       6.07651211E-02
   3.00000000       800.000000      0.231463313       29.6143074       3.58721577E-02   1.21122704E-11   9.88511165E-05   6.08640118E-03   2.37880658E-06 -0.984001815      0.314003587       5.95976524E-02
   4.00000000       800.000000      0.233298600       29.8444633       3.50972526E-02   1.17583053E-11   9.87907770E-05   6.01560902E-03   2.89916534E-06 -0.970234394      0.314004570       5.84467202E-02
   5.00000000       800.000000      0.235164225       30.0788250       3.43377143E-02   1.14142784E-11   9.87239691E-05   5.94520569E-03   3.31742694E-06 -0.956621528      0.314005256       5.73141649E-02
   6.00000000       800.000000      0.237021416       30.3152733       3.35933305E-02   1.10798827E-11   9.86497980E-05   5.87572623E-03   3.63465915E-06 -0.943170249      0.314006120       5.61994314E-02
   7.00000000       800.000000      0.238909259       30.5545444       3.28640379E-02   1.07548623E-11   9.85679362E-05   5.80705469E-03   3.85430849E-06 -0.929877996      0.314007163       5.50997555E-02
   8.00000000       800.000000      0.240805298       30.7942753       3.21493223E-02   1.04390272E-11   9.84768485E-05   5.73922368E-03   3.98154452E-06 -0.916737616      0.314007968       5.40168397E-02
   9.00000000       800.000000      0.242732763       31.0363560       3.14491838E-02   1.01321408E-11   9.83750142E-05   5.67239942E-03   4.02289515E-06 -0.903755546      0.314008802       5.29519282E-02
   10.0000000       800.000000      0.244650185       31.2805672       3.07631027E-02   9.83388197E-12   9.82626443E-05   5.60587039E-03   3.98585144E-06 -0.890929937      0.314009726       5.19027598E-02
   11.0000000       800.000000      0.246601894       31.5240726       3.00910641E-02   9.54410509E-12   9.81417179E-05   5.54063171E-03   3.87848240E-06 -0.878258228      0.314010710       5.08702919E-02
   12.0000000       800.000000      0.248575494       31.7732716       2.94326786E-02   9.26254299E-12   9.80149925E-05   5.47582051E-03   3.70927091E-06 -0.865737796      0.314011365       4.98533621E-02
   13.0000000       800.000000      0.250549018       32.0229034       2.87877955E-02   8.98900919E-12   9.78849930E-05   5.41186705E-03   3.48698018E-06 -0.853379309      0.314012229       4.88531105E-02
   2.00000000       800.000000      0.252544135       32.2734489       2.81562451E-02   8.72327384E-12   9.77524105E-05   5.34838671E-03   3.22057690E-06 -0.841165960      0.314013273       4.78692278E-02
   3.00000000       800.000000      0.254557490       32.5260506       2.75376439E-02   8.46512357E-12   9.76165029E-05   5.28603606E-03   2.91887727E-06 -0.829100430      0.314014137       4.69018668E-02
   4.00000000       800.000000      0.256586730       32.7818604       2.69317646E-02   8.21434153E-12   9.74760624E-05   5.22422465E-03   2.59076410E-06 -0.817190170      0.314014971       4.59505320E-02
   5.00000000       800.000000      0.258610994       33.0395813       2.63384711E-02   7.97077248E-12   9.73317801E-05   5.16318111E-03   2.24466248E-06 -0.805427492      0.314015627       4.50154655E-02
   6.00000000       800.000000      0.260681123       33.2992859       2.57576220E-02   7.73419783E-12   9.71844565E-05   5.10290917E-03   1.88882552E-06 -0.793810844      0.314015955       4.40963879E-02
   7.00000000       800.000000      0.262756377       33.5623474       2.51887739E-02   7.50439988E-12   9.70360124E-05   5.04304236E-03   1.53094686E-06 -0.782341480      0.314016163       4.31925356E-02
   8.00000000       800.000000      0.264846563       33.8261070       2.46317908E-02   7.28128582E-12   9.68871827E-05   4.98396577E-03   1.17822992E-06 -0.771029532      0.314016581       4.23045307E-02
   9.00000000       800.000000      0.266964108       34.0918350       2.40867864E-02   7.06455294E-12   9.67376036E-05   4.92577720E-03   8.36995582E-07 -0.759848297      0.314016879       4.14323360E-02
   10.0000000       800.000000      0.269089431       34.3593788       2.35530324E-02   6.85409758E-12   9.65836225E-05   4.86831134E-03   5.12681993E-07 -0.748819888      0.314017206       4.05759923E-02
   11.0000000       800.000000      0.271236569       34.6304741       2.30300985E-02   6.64973849E-12   9.64202191E-05   4.81129112E-03   2.09562984E-07 -0.737922013      0.314017355       3.97355705E-02
   12.0000000       800.000000      0.273390830       34.9008446       2.25185752E-02   6.45129219E-12   9.62415434E-05   4.75502433E-03  -6.92427733E-08 -0.727173090      0.314017206       3.89102884E-02
   13.0000000       800.000000      0.275573671       35.1773834       2.20179986E-02   6.25857872E-12   9.60443213E-05   4.69950307E-03  -3.21689072E-07 -0.716567814      0.314017028       3.81007791E-02
   2.00000000       800.000000      0.277770936       35.4531212       2.15276163E-02   6.07150224E-12   9.58271557E-05   4.64440789E-03  -5.46531510E-07 -0.706092119      0.314016938       3.73057500E-02
   3.00000000       800.000000      0.279982239       35.7325478       2.10478902E-02   5.88984850E-12   9.55924479E-05   4.59005218E-03  -7.43104010E-07 -0.695755184      0.314016908       3.65246646E-02
   4.00000000       800.000000      0.282222867       36.0137329       2.05782577E-02   5.71347527E-12   9.53458730E-05   4.53656306E-03  -9.11014695E-07 -0.685557067      0.314016730       3.57574522E-02
   5.00000000       800.000000      0.284471065       36.2968369       2.01186351E-02   5.54229275E-12   9.50947142E-05   4.48327744E-03  -1.05004801E-06 -0.675493836      0.314016342       3.50038558E-02
   6.00000000       800.000000      0.286742091       36.5804558       1.96689088E-02   5.37606895E-12   9.48459710E-05   4.43082582E-03  -1.16007732E-06 -0.665563822      0.314016014       3.42634059E-02
   7.00000000       800.000000      0.289016098       36.8690605       1.92287341E-02   5.21472232E-12   9.46047003E-05   4.37920075E-03  -1.24124256E-06 -0.655766010      0.314015716       3.35368626E-02
   8.00000000       800.000000      0.291324228       37.1585426       1.87981054E-02   5.05812753E-12   9.43729683E-05   4.32777777E-03  -1.29405055E-06 -0.646098495      0.314015448       3.28241475E-02
   9.00000000       800.000000      0.293644518       37.4530144       1.83765963E-02   4.90611024E-12   9.41490653E-05   4.27721534E-03  -1.31953038E-06 -0.636563659      0.314014971       3.21253054E-02
   10.0000000       800.000000      0.296003997       37.7481918       1.79642979E-02   4.75857244E-12   9.39281890E-05   4.22697142E-03  -1.31926333E-06 -0.627157092      0.314014614       3.14399227E-02
   11.0000000       800.000000      0.298353791       38.0451622       1.75608769E-02   4.61536885E-12   9.37050863E-05   4.17774729E-03  -1.29533896E-06 -0.617877543      0.314014316       3.07685733E-02
   12.0000000       800.000000      0.300734103       38.3437805       1.71661079E-02   4.47638714E-12   9.34731797E-05   4.12860932E-03  -1.25019528E-06 -0.608723819      0.314013928       3.01105138E-02
   13.0000000       800.000000      0.303147912       38.6467476       1.67798586E-02   4.34148377E-12   9.32281910E-05   4.08047624E-03  -1.18645323E-06 -0.599694371      0.314013571       2.94657033E-02
   2.00000000       800.000000      0.305555582       38.9513550       1.64020192E-02   4.21055898E-12   9.29678499E-05   4.03244933E-03  -1.10674432E-06 -0.590788305      0.314012975       2.88337599E-02
   3.00000000       800.000000      0.307996303       39.2577019       1.60323493E-02   4.08349700E-12   9.26926150E-05   3.98540124E-03  -1.01359637E-06 -0.582004368      0.314012706       2.82131322E-02
   4.00000000       800.000000      0.310469896       39.5681572       1.56706944E-02   3.96018808E-12   9.24070846E-05   3.93867632E-03  -9.09444964E-07 -0.573340237      0.314012378       2.76051033E-02
   5.00000000       800.000000      0.312931180       39.8770142       1.53170303E-02   3.84053987E-12   9.21168394E-05   3.89263686E-03  -7.96638119E-07 -0.564795136      0.314012259       2.70079616E-02
   6.00000000       800.000000      0.315432847       40.1933212       1.49709461E-02   3.72444393E-12   9.18278529E-05   3.84705886E-03  -6.77544165E-07 -0.556367695      0.314012080       2.64227577E-02
   7.00000000       800.000000      0.317947745       40.5082169       1.46324718E-02   3.61176453E-12   9.15452911E-05   3.80198471E-03  -5.54598216E-07 -0.548058331      0.314011842       2.58487910E-02
   8.00000000       800.000000      0.320495814       40.8281288       1.43014919E-02   3.50244031E-12   9.12711039E-05   3.75745655E-03  -4.30273502E-07 -0.539866388      0.314011484       2.52862927E-02
   9.00000000       800.000000      0.323059022       41.1489258       1.39776208E-02   3.39638777E-12   9.10043091E-05   3.71335051E-03  -3.07082843E-07 -0.531785548      0.314011544       2.47352850E-02
   10.0000000       800.000000      0.325634599       41.4749947       1.36609171E-02   3.29347487E-12   9.07430076E-05   3.66976042E-03  -1.87434409E-07 -0.523816705      0.314011484       2.41954625E-02
   11.0000000       800.000000      0.328246117       41.8027420       1.33511974E-02   3.19359925E-12   9.04846456E-05   3.62682436E-03  -7.35952170E-08 -0.515963972      0.314011425       2.36667506E-02
   12.0000000       800.000000      0.330868602       42.1312904       1.30482279E-02   3.09673207E-12   9.02293104E-05   3.58425803E-03   3.24077014E-08 -0.508219838      0.314011276       2.31486633E-02
   13.0000000       800.000000      0.333499759       42.4624519       1.27519909E-02   3.00276188E-12   8.99780207E-05   3.54228425E-03   1.28808892E-07 -0.500584781      0.314011306       2.26411000E-02
   2.00000000       800.000000      0.336178690       42.7972488       1.24622509E-02   2.91156986E-12   8.97339487E-05   3.50086996E-03   2.14139348E-07 -0.493057817      0.314011425       2.21435372E-02
   3.00000000       800.000000      0.338866234       43.1343956       1.21790376E-02   2.82313691E-12   8.95005142E-05   3.45985708E-03   2.87262736E-07 -0.485638052      0.314011365       2.16562171E-02
   4.00000000       800.000000      0.341564178       43.4764404       1.19019076E-02   2.73731862E-12   8.92805328E-05   3.41920718E-03   3.47381331E-07 -0.478321910      0.314011514       2.11787596E-02
   5.00000000       800.000000      0.344298780       43.8198090       1.16310287E-02   2.65406273E-12   8.90762312E-05   3.37911723E-03   3.94090421E-07 -0.471112192      0.314011574       2.07110550E-02
   6.00000000       800.000000      0.347046673       44.1641579       1.13662211E-02   2.57332502E-12   8.88874565E-05   3.33948061E-03   4.27431729E-07 -0.464005053      0.314011782       2.02531312E-02
   7.00000000       800.000000      0.349838823       44.5138283       1.11072110E-02   2.49501288E-12   8.87120477E-05   3.30035854E-03   4.47867791E-07 -0.456995398      0.314011991       1.98049843E-02
   8.00000000       800.000000      0.352615893       44.8651733       1.08539006E-02   2.41904066E-12   8.85436311E-05   3.26158595E-03   4.56326177E-07 -0.450093210      0.314012080       1.93665996E-02
   9.00000000       800.000000      0.355454803       45.2186356       1.06062964E-02   2.34535048E-12   8.83732137E-05   3.22341477E-03   4.54053776E-07 -0.443285048      0.314012319       1.89378932E-02
   10.0000000       800.000000      0.358279139       45.5763397       1.03641720E-02   2.27386989E-12   8.81903179E-05   3.18559073E-03   4.42540710E-07 -0.436574578      0.314012378       1.85186863E-02
   11.0000000       800.000000      0.361149102       45.9357567       1.01274429E-02   2.20452606E-12   8.79858853E-05   3.14815552E-03   4.23354749E-07 -0.429962009      0.314012617       1.81086361E-02
   12.0000000       800.000000      0.364027262       46.2968864       9.89600085E-03   2.13726671E-12   8.77554339E-05   3.11127375E-03   3.98003920E-07 -0.423442125      0.314012766       1.77072752E-02
   13.0000000       800.000000      0.366944253       46.6631355       9.66967549E-03   2.07203915E-12   8.75013502E-05   3.07470770E-03   3.67837345E-07 -0.417015880      0.314012885       1.73140280E-02
   2.00000000       800.000000      0.369876415       47.0312233       9.44841187E-03   2.00875406E-12   8.72311211E-05   3.03872651E-03   3.34006501E-07 -0.410682291      0.314013094       1.69287752E-02
   3.00000000       800.000000      0.372847915       47.4044495       9.23204701E-03   1.94738973E-12   8.69556388E-05   3.00309877E-03   2.97505096E-07 -0.404442072      0.314013243       1.65509563E-02
   4.00000000       800.000000      0.375840873       47.7758026       9.02057905E-03   1.88787375E-12   8.66830378E-05   2.96782912E-03   2.59218751E-07 -0.398295939      0.314013362       1.61809269E-02
   5.00000000       800.000000      0.378836393       48.1548996       8.81387666E-03   1.83015538E-12   8.64166796E-05   2.93296180E-03   2.19939835E-07 -0.392231643      0.314013451       1.58189069E-02
   6.00000000       800.000000      0.381849557       48.5329056       8.61179829E-03   1.77417759E-12   8.61529988E-05   2.89856712E-03   1.80435563E-07 -0.386258215      0.314013541       1.54647967E-02
   7.00000000       800.000000      0.384928495       48.9166336       8.41420237E-03   1.71988107E-12   8.58840140E-05   2.86447885E-03   1.41366797E-07 -0.380376011      0.314013600       1.51187135E-02
   8.00000000       800.000000      0.388007849       49.3037720       8.22111033E-03   1.66725325E-12   8.56034167E-05   2.83092749E-03   1.03343801E-07 -0.374572605      0.314013660       1.47801200E-02
   9.00000000       800.000000      0.391112477       49.6939621       8.03232379E-03   1.61619839E-12   8.53102538E-05   2.79763155E-03   6.68895552E-08 -0.368860036      0.314013660       1.44486381E-02
   10.0000000       800.000000      0.394236952       50.0870171       7.84779713E-03   1.56667669E-12   8.50118522E-05   2.76472536E-03   3.24945333E-08 -0.363224000      0.314013660       1.41238738E-02
   11.0000000       800.000000      0.397388846       50.4830971       7.66738271E-03   1.51866746E-12   8.47234842E-05   2.73228390E-03   6.53042953E-10 -0.357678294      0.314013630       1.38054416E-02
   12.0000000       800.000000      0.400564700       50.8813133       7.49116018E-03   1.47211529E-12   8.44614115E-05   2.70029507E-03  -2.81150765E-08 -0.352211803      0.314013630       1.34932101E-02
   13.0000000       800.000000      0.403795749       51.2825050       7.31877750E-03   1.42698147E-12   8.42383888E-05   2.66847154E-03  -5.32782529E-08 -0.346825570      0.314013630       1.31874736E-02
   2.00000000       800.000000      0.406995207       51.6878319       7.15043629E-03   1.38319857E-12   8.40579596E-05   2.63726758E-03  -7.43626671E-08 -0.341519803      0.314013571       1.28884483E-02
   3.00000000       800.000000      0.410275906       52.0953789       6.98584225E-03   1.34078382E-12   8.39133863E-05   2.60627596E-03  -9.10373075E-08 -0.336291760      0.314013571       1.25964442E-02
   4.00000000       800.000000      0.413564175       52.5095062       6.82506803E-03   1.29963119E-12   8.37901171E-05   2.57549784E-03  -1.03182501E-07 -0.331141531      0.314013511       1.23112397E-02
   5.00000000       800.000000      0.416869521       52.9231834       6.66783005E-03   1.25973331E-12   8.36725158E-05   2.54535000E-03  -1.10948136E-07 -0.326067865      0.314013511       1.20329959E-02
   6.00000000       800.000000      0.420203984       53.3436661       6.51422841E-03   1.22105451E-12   8.35483952E-05   2.51534185E-03  -1.14730966E-07 -0.321069807      0.314013451       1.17612407E-02
   7.00000000       800.000000      0.423574746       53.7655487       6.36399351E-03   1.18354610E-12   8.34108214E-05   2.48578214E-03  -1.15126120E-07 -0.316143245      0.314013422       1.14955315E-02
   8.00000000       800.000000      0.426962882       54.1887779       6.21721707E-03   1.14717849E-12   8.32550795E-05   2.45665875E-03  -1.12850259E-07 -0.311293334      0.314013332       1.12355882E-02
   9.00000000       800.000000      0.430381179       54.6191368       6.07383903E-03   1.11191134E-12   8.30751087E-05   2.42768438E-03  -1.08661119E-07 -0.306510538      0.314013243       1.09816827E-02
   10.0000000       800.000000      0.433835030       55.0515404       5.93353016E-03   1.07771908E-12   8.28613556E-05   2.39910069E-03  -1.03255076E-07 -0.301801175      0.314013213       1.07337330E-02
   11.0000000       800.000000      0.437294513       55.4855461       5.79657685E-03   1.04456385E-12   8.26019022E-05   2.37094332E-03  -9.71908278E-08 -0.297160834      0.314013153       1.04914848E-02
   12.0000000       800.000000      0.440796643       55.9234009       5.66256884E-03   1.01241682E-12   8.22877846E-05   2.34317104E-03  -9.08333035E-08 -0.292588860      0.314013094       1.02548050E-02
   13.0000000       800.000000      0.444335788       56.3692284       5.53169381E-03   9.81240479E-13   8.19181587E-05   2.31554708E-03  -8.43140384E-08 -0.288084030      0.314013064       1.00231702E-02
   2.00000000       800.000000      0.447884768       56.8128738       5.40372776E-03   9.51015091E-13   8.15062231E-05   2.28834222E-03  -7.75649696E-08 -0.283645988      0.314013064       9.79603175E-03
   3.00000000       800.000000      0.451492101       57.2652702       5.27868094E-03   9.21714419E-13   8.10770725E-05   2.26150593E-03  -7.03821783E-08 -0.279273450      0.314013034       9.57295857E-03
   4.00000000       800.000000      0.455087274       57.7184486       5.15650725E-03   8.93309081E-13   8.06619573E-05   2.23490386E-03  -6.25560546E-08 -0.274967343      0.314013034       9.35384072E-03
   5.00000000       800.000000      0.458740443       58.1730003       5.03713312E-03   8.65772514E-13   8.02899376E-05   2.20859493E-03  -5.39541034E-08 -0.270725816      0.314012975       9.13895946E-03
   6.00000000       800.000000      0.462410837       58.6358948       4.92050406E-03   8.39087317E-13   7.99779737E-05   2.18251836E-03  -4.46079582E-08 -0.266548246      0.314012975       8.92860070E-03
   7.00000000       800.000000      0.466109008       59.0983734       4.80654510E-03   8.13214459E-13   7.97289686E-05   2.15685391E-03  -3.47187878E-08 -0.262435704      0.314012975       8.72310717E-03
   8.00000000       800.000000      0.469850868       59.5668716       4.69523994E-03   7.88141199E-13   7.95296146E-05   2.13149050E-03  -2.46131773E-08 -0.258383125      0.314013034       8.52273777E-03
   9.00000000       800.000000      0.473630607       60.0369263       4.58644470E-03   7.63827695E-13   7.93574072E-05   2.10651755E-03  -1.46659529E-08 -0.254395276      0.314013034       8.32754467E-03
   10.0000000       800.000000      0.477417022       60.5153427       4.48014820E-03   7.40262615E-13   7.91870261E-05   2.08172062E-03  -5.22117194E-09 -0.250462949      0.314013004       8.13738257E-03
   11.0000000       800.000000      0.481236160       60.9947357       4.37630061E-03   7.17415114E-13   7.89979968E-05   2.05710693E-03   3.45518436E-09 -0.246593446      0.314013004       7.95184728E-03
   12.0000000       800.000000      0.485106736       61.4788399       4.27475758E-03   6.95271965E-13   7.87790996E-05   2.03290535E-03   1.11952527E-08 -0.242780268      0.314013004       7.77079398E-03
   13.0000000       800.000000      0.489003509       61.9645309       4.17556241E-03   6.73801618E-13   7.85282391E-05   2.00895406E-03   1.79084001E-08 -0.239024147      0.314013004       7.59345107E-03
   2.00000000       800.000000      0.492917389       62.4534645       4.07868437E-03   6.52986725E-13   7.82519783E-05   1.98541465E-03   2.35470097E-08 -0.235324502      0.314013034       7.42003508E-03
   3.00000000       800.000000      0.496857613       62.9518318       3.98392742E-03   6.32806416E-13   7.79622860E-05   1.96203287E-03   2.80721668E-08 -0.231679246      0.314013034       7.25013809E-03
   4.00000000       800.000000      0.500846684       63.4490204       3.89138889E-03   6.13250444E-13   7.76704037E-05   1.93885306E-03   3.14299697E-08 -0.228090435      0.314013034       7.08383694E-03
   5.00000000       800.000000      0.504872501       63.9528084       3.80097749E-03   5.94290079E-13   7.73880456E-05   1.91605859E-03   3.35477957E-08 -0.224556074      0.314013034       6.92104129E-03
   6.00000000       800.000000      0.508909047       64.4573593       3.71265295E-03   5.75917948E-13   7.71196064E-05   1.89351977E-03   3.43535440E-08 -0.221074462      0.314013034       6.76179631E-03
   7.00000000       800.000000      0.512971818       64.9687729       3.62634030E-03   5.58102935E-13   7.68674145E-05   1.87114952E-03   3.37914585E-08 -0.217643842      0.314013034       6.60621980E-03
   8.00000000       800.000000      0.517089903       65.4843674       3.54201510E-03   5.40836039E-13   7.66294470E-05   1.84917450E-03   3.18559401E-08 -0.214272112      0.314013034       6.45426009E-03
   9.00000000       800.000000      0.521240056       66.0012741       3.45966499E-03   5.24103005E-13   7.64032520E-05   1.82737876E-03   2.86180075E-08 -0.210942611      0.314013034       6.30567409E-03
   10.0000000       800.000000      0.525399923       66.5273361       3.37914657E-03   5.07881280E-13   7.61885676E-05   1.80581806E-03   2.42438087E-08 -0.207671747      0.314013034       6.16058754E-03
   11.0000000       800.000000      0.529633105       67.0519409       3.30049824E-03   4.92166366E-13   7.59892355E-05   1.78462779E-03   1.90028686E-08 -0.204446718      0.314013034       6.01844024E-03
   12.0000000       800.000000      0.533852458       67.5886993       3.22367647E-03   4.76921671E-13   7.58124806E-05   1.76352344E-03   1.32650522E-08 -0.201271340      0.314013034       5.87958843E-03
   13.0000000       800.000000      0.538169861       68.1238251       3.14868172E-03   4.62153156E-13   7.56662776E-05   1.74282899E-03   7.47352225E-09 -0.198141426      0.314013034       5.74377645E-03
   2.00000000       800.000000      0.542478204       68.6609192       3.07534379E-03   4.47841769E-13   7.55548099E-05   1.72229868E-03   2.09908535E-09 -0.195062563      0.314013034       5.61090512E-03
   3.00000000       800.000000      0.546837091       69.2043610       3.00373184E-03   4.33971083E-13   7.54760549E-05   1.70188525E-03  -2.42493847E-09 -0.192027897      0.314013034       5.48123661E-03
   4.00000000       800.000000      0.551184714       69.7545853       2.93370476E-03   4.20526136E-13   7.54191205E-05   1.68184913E-03  -5.77134029E-09 -0.189041853      0.314013034       5.35487384E-03
   5.00000000       800.000000      0.555633724       70.3113556       2.86536687E-03   4.07488903E-13   7.53669447E-05   1.66207505E-03  -7.77767539E-09 -0.186102390      0.314013034       5.23163006E-03
   6.00000000       800.000000      0.560065687       70.8701859       2.79855798E-03   3.94861037E-13   7.52990964E-05   1.64251297E-03  -8.47867554E-09 -0.183208197      0.314013034       5.11171576E-03
   7.00000000       800.000000      0.564574599       71.4266510       2.73330021E-03   3.82609499E-13   7.51972693E-05   1.62314449E-03  -8.08326472E-09 -0.180354282      0.314013034       4.99455305E-03
   8.00000000       800.000000      0.569091976       71.9988251       2.66952859E-03   3.70743312E-13   7.50506006E-05   1.60403363E-03  -6.93032343E-09 -0.177544579      0.314013034       4.88057127E-03
   9.00000000       800.000000      0.573642910       72.5662689       2.60721310E-03   3.59243343E-13   7.48590755E-05   1.58504501E-03  -5.40056933E-09 -0.174777582      0.314013034       4.76884516E-03
   10.0000000       800.000000      0.578249216       73.1417236       2.54632719E-03   3.48083812E-13   7.46358855E-05   1.56640692E-03  -3.83283583E-09 -0.172051370      0.314013034       4.65909345E-03
   11.0000000       800.000000      0.582887828       73.7225037       2.48684688E-03   3.37279656E-13   7.43958008E-05   1.54786219E-03  -2.46954257E-09 -0.169367030      0.314013034       4.55221580E-03
   12.0000000       800.000000      0.587557673       74.3115692       2.42872257E-03   3.26804474E-13   7.41408294E-05   1.52968313E-03  -1.42662959E-09 -0.166723087      0.314013034       4.44759382E-03
   13.0000000       800.000000      0.592285097       74.9019089       2.37194635E-03   3.16647235E-13   7.38761664E-05   1.51158439E-03  -7.10450421E-10 -0.164119318      0.314013034       4.34516603E-03
   2.00000000       800.000000      0.597044110       75.4963303       2.31645908E-03   3.06806555E-13   7.36262955E-05   1.49376120E-03  -2.59369443E-10 -0.161555111      0.314013034       4.24471358E-03
   3.00000000       800.000000      0.601813197       76.0937424       2.26227776E-03   2.97269127E-13   7.34115310E-05   1.47612568E-03   1.04639639E-11 -0.159030870      0.314013034       4.14643856E-03
   4.00000000       800.000000      0.606662095       76.6995621       2.20934418E-03   2.88025354E-13   7.32353365E-05   1.45869667E-03   1.73338399E-10 -0.156543911      0.314013034       4.05050348E-03
   5.00000000       800.000000      0.611538589       77.3089294       2.15761340E-03   2.79069221E-13   7.30912361E-05   1.44149235E-03   2.75364370E-10 -0.154097348      0.314013034       3.95688647E-03
   6.00000000       800.000000      0.616429627       77.9216690       2.10709288E-03   2.70385277E-13   7.29720196E-05   1.42452528E-03   3.34468037E-10 -0.151686564      0.314013034       3.86552676E-03
   7.00000000       800.000000      0.621346176       78.5425873       2.05774372E-03   2.61974389E-13   7.28777231E-05   1.40766904E-03   3.52988000E-10 -0.149311632      0.314013034       3.77628510E-03
   8.00000000       800.000000      0.626343310       79.1605453       2.00952054E-03   2.53818505E-13   7.28025188E-05   1.39111688E-03   3.31646599E-10 -0.146973059      0.314013034       3.68928630E-03
   9.00000000       800.000000      0.631355822       79.7936478       1.96242426E-03   2.45915484E-13   7.27325896E-05   1.37470791E-03   2.80369616E-10 -0.144671679      0.314013034       3.60439741E-03
   10.0000000       800.000000      0.636449695       80.4251099       1.91642682E-03   2.38256138E-13   7.26685976E-05   1.35846506E-03   2.12553530E-10 -0.142404944      0.314013034       3.52158630E-03
   11.0000000       800.000000      0.641569495       81.0633545       1.87144487E-03   2.30829461E-13   7.26141079E-05   1.34235504E-03   1.43772480E-10 -0.140170872      0.314013034       3.44054704E-03
   12.0000000       800.000000      0.646703839       81.7070923       1.82751508E-03   2.23636336E-13   7.25763603E-05   1.32656074E-03   8.68288982E-11 -0.137971804      0.314013034       3.36125121E-03
   13.0000000       800.000000      0.651862979       82.3593216       1.78459252E-03   2.16666650E-13   7.25589125E-05   1.31086470E-03   4.77671583E-11 -0.135806531      0.314013034       3.28382594E-03
   2.00000000       800.000000      0.657104909       83.0148392       1.74266193E-03   2.09903248E-13   7.25574209E-05   1.29537727E-03   2.62030397E-11 -0.133674011      0.314013034       3.20829358E-03
   3.00000000       800.000000      0.662361264       83.6720734       1.70170947E-03   2.03353285E-13   7.25626960E-05   1.28008181E-03   1.85079643E-11 -0.131572008      0.314013034       3.13474634E-03
   4.00000000       800.000000      0.667716920       84.3404617       1.66169798E-03   1.97010241E-13   7.25683130E-05   1.26500183E-03   2.07667772E-11 -0.129503950      0.314013034       3.06313299E-03
   5.00000000       800.000000      0.673070669       85.0116577       1.62258290E-03   1.90853260E-13   7.25796490E-05   1.25002966E-03   2.85439398E-11 -0.127466306      0.314013034       2.99337367E-03
   6.00000000       800.000000      0.678464949       85.6865540       1.58432720E-03   1.84883345E-13   7.26130675E-05   1.23525062E-03   3.91680646E-11 -0.125460148      0.314013034       2.92529399E-03
   7.00000000       800.000000      0.683868349       86.3630829       1.54701993E-03   1.79103856E-13   7.26958096E-05   1.22069125E-03   4.94943357E-11 -0.123481646      0.314013034       2.85842409E-03
   8.00000000       800.000000      0.689361989       87.0500107       1.51052093E-03   1.73500157E-13   7.28385130E-05   1.20621314E-03   5.25552414E-11 -0.121532097      0.314013034       2.79232464E-03
   9.00000000       800.000000      0.694936693       87.7468338       1.47489854E-03   1.68071313E-13   7.30234824E-05   1.19202782E-03   4.80777952E-11 -0.119615316      0.314013034       2.72627710E-03
   10.0000000       800.000000      0.700467765       88.4404068       1.44011306E-03   1.62815630E-13   7.31964537E-05   1.17785449E-03   3.53119096E-11 -0.117728628      0.314013034       2.66020815E-03
   11.0000000       800.000000      0.706084132       89.1438522       1.40621851E-03   1.57727022E-13   7.32968474E-05   1.16396067E-03   1.04467589E-11 -0.115873739      0.314013034       2.59342277E-03
   12.0000000       800.000000      0.711785257       89.8559036       1.37317216E-03   1.52805652E-13   7.33931229E-05   1.15018652E-03  -1.85394963E-11 -0.114051431      0.314013034       2.52896175E-03
   13.0000000       800.000000      0.717506111       90.5660553       1.34099135E-03   1.48046736E-13   7.36346847E-05   1.13656442E-03  -5.08321579E-11 -0.112257123      0.314013034       2.46519269E-03
   2.00000000       800.000000      0.723254204       91.2924652       1.30963966E-03   1.43442333E-13   7.46338847E-05   1.12318643E-03  -7.00707894E-11 -0.110499017      0.314013034       2.41067191E-03
   3.00000000       800.000000      0.729030788       92.0148239       1.27898587E-03   1.38981288E-13   7.64302531E-05   1.10985560E-03  -7.66406244E-11 -0.108756550      0.314013034       2.36683548E-03
   4.00000000       800.000000      0.734885931       92.7492523       1.24891440E-03   1.34642988E-13   7.87300596E-05   1.09674013E-03  -7.41183712E-11 -0.107033968      0.314013034       2.34135822E-03
   5.00000000       800.000000      0.740812361       93.4854507       1.21928437E-03   1.30411551E-13   8.09138292E-05   1.08379615E-03  -5.85338653E-11 -0.105303071      0.314013034       2.32363027E-03
   6.00000000       800.000000      0.746736884       94.2303009       1.18993374E-03   1.26269126E-13   8.11249702E-05   1.07097649E-03  -3.55522313E-11 -0.103578083      0.314013034       2.34307372E-03
   7.00000000       800.000000      0.752711892       94.9802017       1.16069335E-03   1.22192783E-13   7.72305357E-05   1.05833530E-03  -1.51787957E-11 -0.101790078      0.314013034       2.37063249E-03
   8.00000000       800.000000      0.758787692       95.7357407       1.13162189E-03   1.18191481E-13   6.86894346E-05   1.04577513E-03   4.09965334E-12  -9.99952108E-02  0.314013034       2.43664370E-03
   9.00000000       800.000000      0.764886141       96.4991150       1.10299338E-03   1.14292134E-13   5.76597595E-05   1.03346759E-03   1.35691805E-11  -9.80777517E-02  0.314013034       2.43427558E-03
   10.0000000       800.000000      0.770997465       97.2638321       1.07531354E-03   1.10544549E-13   4.75096749E-05   1.02130533E-03   1.71518407E-11  -9.62567925E-02  0.314013034       2.67293304E-03
   11.0000000       800.000000      0.777200460       98.0346756       1.04914058E-03   1.07001268E-13   4.57611131E-05   1.00922550E-03   1.51708056E-11  -9.39385965E-02  0.314013034       2.27861502E-03
   12.0000000       800.000000      0.783445537       98.8157425       1.02573493E-03   1.03787977E-13   5.97672770E-05   9.97542986E-04   2.80069461E-20  -9.27013978E-02  0.314013034       5.41410234E-04
   13.0000000       800.000000      0.789714217       99.6048737       1.00181869E-03   1.00566528E-13   5.95398451E-05   9.85780265E-04  -2.88007649E-20  -9.30891484E-02  0.314013034      -4.89450409E-04
