   0.00000000       190.000000       3.40428352E-02   1.01702809       6.25081710E-04   6.14482337E-12  -8.26142281E-02   1.70756757      -1.69822229E-14  -1.44746806E-03  -5.78135085E-16  -9.80880763E-03
   1.00000000       197.000000       3.40447091E-02   1.05104125       6.14874822E-04   5.84870650E-12  -7.55156726E-02   1.58935535       2.17630632E-15  -1.78139354E-03  -5.04041196E-16   1.14526402E-03
   2.00000000       200.000000       3.40499915E-02   1.08514261       6.05151523E-04   5.57559858E-12   1.98407602E-02   1.31815434       9.73702222E-02  -1.36947748E-03   3.31546599E-03   5.68399625E-03
   3.00000000       200.000000       3.40571664E-02   1.11914527       7.75800319E-04   6.93043149E-12  0.162863225       1.19885612      0.221846074      -1.39427779E-03   1.08708078E-02  -7.55474158E-03
   4.00000000       200.000000       3.40652503E-02   1.15326166       1.01341738E-03   8.78582537E-12  0.206074864       1.09791899      0.375453770      -1.88412447E-03   2.36607864E-02  -1.51667781E-02
   5.00000000       200.000000       3.40752266E-02   1.18727005       1.31029356E-03   1.10336584E-11  0.213543057       1.00469661      0.568853498      -2.42776424E-03   4.30451445E-02  -1.80503055E-02
   6.00000000       200.000000       3.40886116E-02   1.22141874       1.69901212E-03   1.39078402E-11  0.201184675      0.921128511      0.807684839      -3.11453524E-03   7.05784708E-02  -2.18159743E-02
   7.00000000       200.000000       3.41038704E-02   1.25543642       2.17846083E-03   1.73482617E-11  0.177312374      0.846851945       1.07459736      -3.91548593E-03  0.107227251      -2.70128530E-02
   8.00000000       200.000000       3.41209993E-02   1.28956389       2.79720942E-03   2.16865744E-11  0.147237569      0.782387435       1.37385225      -4.95753158E-03  0.154105946      -3.36475410E-02
   9.00000000       200.000000       3.41415480E-02   1.32373023       3.56387976E-03   2.69182298E-11  0.117622286      0.728391349       1.67858541      -6.21239794E-03  0.211415604      -4.07889485E-02
   10.0000000       200.000000       3.41642797E-02   1.35789859       4.53791069E-03   3.34131785E-11   8.95561352E-02  0.683545589       2.00768280      -7.74362078E-03  0.280005097      -5.15778959E-02
   11.0000000       200.000000       3.41873281E-02   1.39207828       5.77530405E-03   4.14804475E-11   6.41267672E-02  0.646175981       2.35053730      -9.73779615E-03  0.360364169      -6.56836331E-02
   2.00000000       200.000000       3.42125520E-02   1.42626679       7.32113188E-03   5.13224081E-11   4.21700142E-02  0.614759386       2.68008566      -1.22364601E-02  0.452059805      -8.31590816E-02
   3.00000000       200.000000       3.42412032E-02   1.46045995       9.26834252E-03   6.34503214E-11   2.34405212E-02  0.588045716       2.97964025      -1.54305259E-02  0.554089785     -0.105366834    
   4.00000000       200.000000       3.42717990E-02   1.49468386       1.17418878E-02   7.85417079E-11   7.71321729E-03  0.564872026       3.23522973      -1.94556545E-02  0.664968550     -0.134384722    
   5.00000000       200.000000       3.43041234E-02   1.52902329       1.48653574E-02   9.72050634E-11  -5.36062103E-03  0.544331372       3.41123176      -2.46463399E-02  0.781992435     -0.173606932    
   6.00000000       200.000000       3.43400165E-02   1.56331646       1.88261233E-02   1.20402494E-10  -1.56500340E-02  0.525732815       3.47262979      -3.13730650E-02  0.901245177     -0.225508958    
   7.00000000       200.000000       3.43780145E-02   1.59766877       2.39147898E-02   1.49658147E-10  -2.28098072E-02  0.508654773       3.38703156      -4.01428938E-02   1.01768363     -0.302442372    
   8.00000000       400.000000       3.44163403E-02   1.63212323       3.04417089E-02   1.86488852E-10  -2.61623077E-02  0.492759317       3.10687232      -5.21794222E-02   1.12460876     -0.387746096    
   9.00000000       400.000000       3.44596468E-02   1.66651404       3.86442170E-02   2.31846875E-10  -2.75649279E-02  0.477841586       2.55413628      -6.68490976E-02   1.21262312     -0.492743462    
   10.0000000       400.000000       3.45019177E-02   1.70102203       4.90280315E-02   2.88182755E-10  -2.69421823E-02  0.463720828       1.70369625      -8.61594304E-02   1.27140427     -0.643329918    
   11.0000000       400.000000       3.45477760E-02   1.73553383       6.20785430E-02   3.57634644E-10  -2.51138080E-02  0.450170368      0.529422820     -0.111271158       1.28969502     -0.829186797    
   12.0000000       400.000000       3.45973931E-02   1.77006423       7.82837346E-02   4.42185927E-10  -2.24155225E-02  0.437079012     -0.932729900     -0.143493414       1.25742543      -1.05465794    
   13.0000000       400.000000       3.46456654E-02   1.80469894       9.81119499E-02   5.43553536E-10  -1.91433541E-02  0.424376070      -2.54017830     -0.184299335       1.16941607      -1.31743217    
   2.00000000       400.000000       3.46989296E-02   1.83938944      0.121934213       6.62799815E-10  -1.56337675E-02  0.412008941      -4.01593065     -0.234852910       1.03006458      -1.60082221    
   3.00000000       400.000000       3.47537622E-02   1.87406790      0.149835631       7.99374233E-10  -1.21529717E-02  0.399983734      -4.95086193     -0.295483202      0.858002007      -1.86998940    
   4.00000000       400.000000       3.48123796E-02   1.90886545      0.181328714       9.49763823E-10  -8.89172684E-03  0.388323575      -4.90943289     -0.364939809      0.687097430      -2.07791781    
   5.00000000       400.000000       3.48717459E-02   1.94381344      0.215201378       1.10697873E-09  -6.08697999E-03  0.377070993      -3.70563674     -0.440276682      0.557878315      -2.18631053    
   6.00000000       400.000000       3.49331126E-02   1.97864985      0.249505654       1.26079913E-09  -4.02014656E-03  0.366258681      -1.71207666     -0.517551243      0.498072237      -2.19323134    
   7.00000000       400.000000       3.49960364E-02   2.01366401      0.282182485       1.40116752E-09  -2.83352914E-03  0.355893105      0.254482180     -0.593645036      0.506978035      -2.13464308    
   8.00000000       400.000000       3.50628383E-02   2.04869795      0.311986119       1.52266888E-09  -2.41652690E-03  0.345949382       1.48196161     -0.667100489      0.558939219      -2.04526114    
   9.00000000       400.000000       3.51311862E-02   2.08382654      0.338626921       1.62485392E-09  -2.41132639E-03  0.336394489       1.79105294     -0.737207949      0.621858656      -1.93915319    
   10.0000000       400.000000       3.52015831E-02   2.11898565      0.362385094       1.70999914E-09  -2.53956486E-03  0.327199817       1.44543004     -0.803483307      0.672738552      -1.81618035    
   11.0000000       400.000000       3.52728553E-02   2.15418029      0.383739978       1.78115078E-09  -2.63552833E-03  0.318352252      0.881318688     -0.865202546      0.703825176      -1.64252555    
   12.0000000       400.000000       3.53475511E-02   2.18945503      0.402417600       1.83772153E-09  -2.59191939E-03  0.309853554      0.447457671     -0.919482350      0.719643176      -1.38553107    
   13.0000000       400.000000       3.54251340E-02   2.22494793      0.417755783       1.87742311E-09  -2.40995921E-03  0.301714629      0.223983943     -0.963262558      0.727579594      -1.06727421    
   2.00000000       400.000000       3.55066359E-02   2.26028228      0.429502130       1.89992710E-09  -2.17645126E-03  0.293948740      0.128314972     -0.995186985      0.732134938     -0.753461480    
   3.00000000       400.000000       3.55888382E-02   2.29589605      0.438114911       1.90802107E-09  -1.96460448E-03  0.286564678       5.27670272E-02  -1.01682878      0.734012127     -0.502925754    
   4.00000000       400.000000       3.56727764E-02   2.33153582      0.443962783       1.90394500E-09  -1.78130914E-03  0.279554069      -5.79109602E-02  -1.03102338      0.731946528     -0.343762904    
   5.00000000       400.000000       3.57585363E-02   2.36718988      0.447500825       1.89016758E-09  -1.63720350E-03  0.272891581     -0.159151658      -1.04138303      0.726255059     -0.264186352    
   6.00000000       400.000000       3.58451568E-02   2.40296197      0.449223310       1.86917615E-09  -1.51321746E-03  0.266537488     -0.173747897      -1.04994130      0.720027447     -0.207678020    
   7.00000000       400.000000       3.59365791E-02   2.43895650      0.449606717       1.84323845E-09  -1.40059087E-03  0.260459930      -7.28936195E-02  -1.05629039      0.717406631     -0.135158002    
   8.00000000       400.000000       3.60317938E-02   2.47496963      0.448928595       1.81370075E-09  -1.29227922E-03  0.254641324       9.51261371E-02  -1.05966687      0.720835268      -6.18253946E-02
   9.00000000       400.000000       3.61256152E-02   2.51087451      0.447409332       1.78159054E-09  -1.19463447E-03  0.249069095      0.249436587      -1.06075144      0.729847074      -1.91813465E-02
   10.0000000       400.000000       3.62243615E-02   2.54723430      0.445246011       1.74780035E-09  -1.11633074E-03  0.243728414      0.317292750      -1.06105447      0.741341174      -2.24237293E-02
   11.0000000       400.000000       3.63236889E-02   2.58347154      0.442674965       1.71330905E-09  -1.06811512E-03  0.238600194      0.277594090      -1.06237829      0.751422346      -7.01416880E-02
   12.0000000       400.000000       3.64281610E-02   2.61973166      0.439958692       1.67915348E-09  -1.04188966E-03  0.233663961      0.164418951      -1.06615853      0.757413507     -0.141550004    
   13.0000000       400.000000       3.65312435E-02   2.65625191      0.437270999       1.64597580E-09  -1.02799025E-03  0.228896633       3.38957310E-02  -1.07270670      0.758651257     -0.206461921    
   2.00000000       400.000000       3.66381556E-02   2.69287086      0.434689343       1.61402658E-09  -1.01468549E-03  0.224279851      -7.13074952E-02  -1.08126581      0.756038308     -0.245782897    
   3.00000000       400.000000       3.67491208E-02   2.72951531      0.432201892       1.58321811E-09  -1.00083556E-03  0.219802290     -0.138100967      -1.09074533      0.750962973     -0.260184646    
   4.00000000       400.000000       3.68596762E-02   2.76648116      0.429792196       1.55344426E-09  -9.90056316E-04  0.215456069     -0.177186713      -1.10041702      0.744433284     -0.261794686    
   5.00000000       400.000000       3.69738303E-02   2.80324292      0.427467972       1.52470025E-09  -9.84747545E-04  0.211235330     -0.199679837      -1.11007297      0.737049222     -0.262271345    
   6.00000000       400.000000       3.70923392E-02   2.84031177      0.425272673       1.49709090E-09  -9.77010932E-04  0.207136661     -0.193435118      -1.11984146      0.729875267     -0.264331758    
   7.00000000       400.000000       3.72101963E-02   2.87746811      0.423203439       1.47057211E-09  -9.65797401E-04  0.203154072     -0.148947582      -1.12971473      0.724332988     -0.263623446    
   8.00000000       400.000000       3.73310633E-02   2.91468883      0.421191126       1.44486678E-09  -9.53929033E-04  0.199282467      -8.94183889E-02  -1.13949442      0.720993996     -0.258963645    
   9.00000000       400.000000       3.74547355E-02   2.95214677      0.419193119       1.41979883E-09  -9.46511282E-04  0.195519671      -4.67438214E-02  -1.14908028      0.719244003     -0.253499538    
   10.0000000       400.000000       3.75822932E-02   2.98967767      0.417201608       1.39531975E-09  -9.42480809E-04  0.191860735      -3.64081599E-02  -1.15851402      0.717875540     -0.250672072    
   11.0000000       400.000000       3.77115831E-02   3.02733731      0.415238351       1.37148692E-09  -9.37025645E-04  0.188302308      -4.37362120E-02  -1.16795552      0.716224372     -0.250889093    
   12.0000000       400.000000       3.78417671E-02   3.06507659      0.413326174       1.34834377E-09  -9.26780398E-04  0.184839725      -4.48423140E-02  -1.17747164      0.714528084     -0.251879513    
   13.0000000       400.000000       3.79736088E-02   3.10296249      0.411470175       1.32589140E-09  -9.10354545E-04  0.181469366      -3.24487314E-02  -1.18705142      0.713296294     -0.252179354    
   2.00000000       400.000000       3.81093584E-02   3.14102793      0.409668863       1.30410094E-09  -8.88729002E-04  0.178187907      -1.32095702E-02  -1.19665790      0.712794125     -0.252161801    
   3.00000000       400.000000       3.82481478E-02   3.17926812      0.407918543       1.28293320E-09  -8.62035726E-04  0.174992874       5.61999902E-03  -1.20630682      0.713007629     -0.252729595    
   4.00000000       400.000000       3.83906849E-02   3.21746230      0.406203985       1.26232547E-09  -8.31583980E-04  0.171880588       2.24620234E-02  -1.21602702      0.713869810     -0.253517717    
   5.00000000       400.000000       3.85340862E-02   3.25593615      0.404512078       1.24222133E-09  -7.98784255E-04  0.168847650       3.97632718E-02  -1.22580552      0.715401351     -0.253802270    
   6.00000000       400.000000       3.86794209E-02   3.29459786      0.402832836       1.22256805E-09  -7.64771539E-04  0.165892035       5.45443334E-02  -1.23562407      0.717512071     -0.252908081    
   7.00000000       400.000000       3.88261117E-02   3.33332801      0.401151091       1.20331101E-09  -7.31670356E-04  0.163010240       5.96056357E-02  -1.24540913      0.719826639     -0.249874488    
   8.00000000       400.000000       3.89781781E-02   3.37215042      0.399451822       1.18438992E-09  -7.01436598E-04  0.160199314       5.46347797E-02  -1.25506532      0.721956134     -0.244831666    
   9.00000000       400.000000       3.91310640E-02   3.41121101      0.397726387       1.16577359E-09  -6.75217714E-04  0.157457277       4.62830104E-02  -1.26453400      0.723767400     -0.239045233    
   10.0000000       400.000000       3.92854065E-02   3.45050335      0.395977676       1.14746068E-09  -6.53208932E-04  0.154782072       4.17976454E-02  -1.27380979      0.725409329     -0.233853459    
   11.0000000       400.000000       3.94439995E-02   3.48992372      0.394215286       1.12946574E-09  -6.32971758E-04  0.152171135       4.07195464E-02  -1.28294516      0.727017403     -0.229443312    
   12.0000000       400.000000       3.96043137E-02   3.52931929      0.392436981       1.11178000E-09  -6.16301724E-04  0.149621710       3.41092236E-02  -1.29194689      0.728366673     -0.225247920    
   13.0000000       400.000000       3.97699885E-02   3.56905532      0.390642494       1.09439269E-09  -6.02079963E-04  0.147133127       1.80567950E-02  -1.30082238      0.729083896     -0.221862331    
   2.00000000       400.000000       3.99327539E-02   3.60901117      0.388855129       1.07735432E-09  -5.88734983E-04  0.144702613      -5.20299945E-04  -1.30963123      0.729062855     -0.220001876    
   3.00000000       400.000000       4.01016437E-02   3.64905024      0.387098521       1.06072839E-09  -5.71449345E-04  0.142327473      -1.16344746E-02  -1.31843197      0.728595972     -0.218998984    
   4.00000000       400.000000       4.02740240E-02   3.68916464      0.385371298       1.04448927E-09  -5.50303957E-04  0.140006647      -1.56311132E-02  -1.32723141      0.727967143     -0.217345282    
   5.00000000       400.000000       4.04453352E-02   3.72949243      0.383657992       1.02859521E-09  -5.26873686E-04  0.137738854      -1.89650618E-02  -1.33597708      0.727199852     -0.214985386    
   6.00000000       400.000000       4.06209007E-02   3.77015471      0.381952107       1.01301023E-09  -5.02397539E-04  0.135521427      -2.21259594E-02  -1.34466100      0.726301610     -0.212059423    
   7.00000000       400.000000       4.08019014E-02   3.81062984      0.380248547       9.97717464E-10  -4.76913643E-04  0.133354142      -2.08737291E-02  -1.35324121      0.725448668     -0.209491998    
   8.00000000       400.000000       4.09835242E-02   3.85157919      0.378538221       9.82685600E-10  -4.51045635E-04  0.131235242      -1.40744606E-02  -1.36179268      0.724872291     -0.204928726    
   9.00000000       400.000000       4.11677249E-02   3.89264297      0.376787513       9.67820490E-10  -4.29643085E-04  0.129161581      -7.32589327E-03  -1.37007856      0.724570811     -0.199570209    
   10.0000000       800.000000       4.13518026E-02   3.93391180      0.375036746       9.53221946E-10  -4.07066225E-04  0.127132758      -5.50181326E-03  -1.37826324      0.724344492     -0.195145383    
   11.0000000       800.000000       4.15420607E-02   3.97551847      0.373235643       9.38749523E-10  -3.91856913E-04  0.125148177      -5.75455464E-03  -1.38625407      0.724105537     -0.190115899    
   12.0000000       800.000000       4.17331755E-02   4.01692963      0.371425003       9.24515242E-10  -3.77782359E-04  0.123205312      -3.26088024E-03  -1.39409471      0.723968327     -0.186261043    
   13.0000000       800.000000       4.19295840E-02   4.05884504      0.369604260       9.10501674E-10  -3.64098960E-04  0.121304147      -1.49095198E-04  -1.40183771      0.723961353     -0.182863712    
   2.00000000       800.000000       4.21275869E-02   4.10084629      0.367780358       8.96724250E-10  -3.51226568E-04  0.119442821      -1.93439773E-03  -1.40946555      0.723881185     -0.179617599    
   3.00000000       800.000000       4.23264094E-02   4.14324856      0.365959644       8.83189522E-10  -3.38044134E-04  0.117618859      -7.43851298E-03  -1.41700542      0.723567307     -0.177063495    
   4.00000000       800.000000       4.25276794E-02   4.18554831      0.364148855       8.69912808E-10  -3.23833578E-04  0.115834415      -1.05072428E-02  -1.42448926      0.723118901     -0.174723953    
   5.00000000       800.000000       4.27326299E-02   4.22826385      0.362344205       8.56873239E-10  -3.08535557E-04  0.114084817      -9.25246347E-03  -1.43190110      0.722725034     -0.172130063    
   6.00000000       800.000000       4.29400988E-02   4.27117634      0.360541552       8.44060100E-10  -2.93428049E-04  0.112370878      -7.23579805E-03  -1.43923652      0.722412527     -0.169132322    
   7.00000000       800.000000       4.31519486E-02   4.31416321      0.358733773       8.31448521E-10  -2.79278960E-04  0.110691883      -6.53277198E-03  -1.44646430      0.722130179     -0.165962338    
   8.00000000       800.000000       4.33655083E-02   4.35740662      0.356920153       8.19032120E-10  -2.66183721E-04  0.109045930      -4.60760249E-03  -1.45359516      0.721931636     -0.162741959    
   9.00000000       800.000000       4.35808785E-02   4.40067959      0.355097264       8.06798961E-10  -2.54582439E-04  0.107433327      -1.74838424E-04  -1.46061397      0.721923649     -0.159305453    
   10.0000000       800.000000       4.38009016E-02   4.44439697      0.353264987       7.94745714E-10  -2.44763069E-04  0.105852194       3.68139590E-03  -1.46751595      0.722084701     -0.156073838    
   11.0000000       800.000000       4.40220647E-02   4.48833799      0.351426631       7.82875376E-10  -2.36477223E-04  0.104301929       4.74036485E-03  -1.47432029      0.722293437     -0.153255641    
   12.0000000       800.000000       4.42490242E-02   4.53246212      0.349587113       7.71194275E-10  -2.28878140E-04  0.102780804       4.24539484E-03  -1.48104572      0.722481668     -0.150823236    
   13.0000000       800.000000       4.44775447E-02   4.57707596      0.347753167       7.59712071E-10  -2.21422612E-04  0.101288818       3.71261826E-03  -1.48770308      0.722646594     -0.148765355    
   2.00000000       800.000000       4.47068773E-02   4.62136841      0.345928580       7.48435758E-10  -2.13418141E-04   9.98256058E-02   3.16363992E-03  -1.49431038      0.722787678     -0.147235975    
   3.00000000       800.000000       4.49385233E-02   4.66624355      0.344119638       7.37368666E-10  -2.04401877E-04   9.83900577E-02   2.36463593E-03  -1.50090265      0.722893476     -0.145946696    
   4.00000000       800.000000       4.51754220E-02   4.71121693      0.342322946       7.26505411E-10  -1.94541732E-04   9.69811305E-02   1.89988886E-03  -1.50746500      0.722981036     -0.144339532    
   5.00000000       800.000000       4.54156250E-02   4.75678205      0.340536207       7.15830228E-10  -1.84309043E-04   9.55990106E-02   2.48193368E-03  -1.51397645      0.723092556     -0.142438665    
   6.00000000       800.000000       4.56556603E-02   4.80203438      0.338752002       7.05328018E-10  -1.74601999E-04   9.42414179E-02   4.15199483E-03  -1.52043593      0.723282635     -0.140272230    
   7.00000000       800.000000       4.59001064E-02   4.84787893      0.336964428       6.94980962E-10  -1.66361177E-04   9.29080844E-02   5.74121019E-03  -1.52682149      0.723545969     -0.137769371    
   8.00000000       800.000000       4.61495221E-02   4.89382601      0.335173011       6.84785229E-10  -1.60029798E-04   9.16011482E-02   5.92369959E-03  -1.53311884      0.723818779     -0.135271624    
   9.00000000       800.000000       4.64015417E-02   4.94037914      0.333380759       6.74743761E-10  -1.54854744E-04   9.03159678E-02   5.26537327E-03  -1.53934097      0.724063575     -0.133212045    
   10.0000000       800.000000       4.66544069E-02   4.98703766      0.331592947       6.64863276E-10  -1.50375985E-04   8.90546739E-02   4.83212341E-03  -1.54551184      0.724288225     -0.131532088    
   11.0000000       800.000000       4.69110720E-02   5.03345490      0.329811901       6.55146715E-10  -1.46377963E-04   8.78158361E-02   3.92285176E-03  -1.55164456      0.724473238     -0.129999176    
   12.0000000       800.000000       4.71705161E-02   5.08080530      0.328040481       6.45595966E-10  -1.42331919E-04   8.65985751E-02   2.49867281E-03  -1.55774462      0.724590898     -0.128698096    
   13.0000000       800.000000       4.74330559E-02   5.12793064      0.326282501       6.36211084E-10  -1.37633935E-04   8.54029655E-02   2.14569434E-03  -1.56382132      0.724692285     -0.127700806    
   2.00000000       800.000000       4.76989783E-02   5.17558718      0.324539423       6.26995733E-10  -1.32449743E-04   8.42279494E-02   2.46683066E-03  -1.56988931      0.724810064     -0.126627579    
   3.00000000       800.000000       4.79672700E-02   5.22343826      0.322805822       6.17936369E-10  -1.27174455E-04   8.30727816E-02   1.97210419E-03  -1.57593811      0.724904001     -0.125215352    
   4.00000000       800.000000       4.82396744E-02   5.27148342      0.321079522       6.09023776E-10  -1.22165700E-04   8.19385350E-02   1.47250178E-03  -1.58194160      0.724975884     -0.123771146    
   5.00000000       800.000000       4.85143214E-02   5.32006216      0.319361120       6.00255678E-10  -1.17545576E-04   8.08233172E-02   1.35534885E-03  -1.58791149      0.725042880     -0.122476205    
   6.00000000       800.000000       4.87925000E-02   5.36836243      0.317651212       5.91631799E-10  -1.13257709E-04   7.97263011E-02   3.98683827E-04  -1.59385598      0.725061715     -0.121179596    
   7.00000000       800.000000       4.90735136E-02   5.41723442      0.315950364       5.83146031E-10  -1.09016153E-04   7.86480680E-02  -7.28432322E-04  -1.59977138      0.725026071     -0.119922861    
   8.00000000       800.000000       4.93605398E-02   5.46674824      0.314255893       5.74799541E-10  -1.05005878E-04   7.75887892E-02  -1.01371750E-03  -1.60566163      0.724975646     -0.118600354    
   9.00000000       800.000000       4.96459454E-02   5.51635075      0.312566787       5.66578506E-10  -1.01734506E-04   7.65454695E-02  -1.52297958E-03  -1.61151421      0.724900007     -0.117079832    
   10.0000000       800.000000       4.99367975E-02   5.56616688      0.310882866       5.58484758E-10  -9.90088884E-05   7.55205303E-02  -2.08270969E-03  -1.61732340      0.724796414     -0.115725100    
   11.0000000       800.000000       5.02316244E-02   5.61612844      0.309208214       5.50522961E-10  -9.64035498E-05   7.45118260E-02  -1.96429179E-03  -1.62310600      0.724696279     -0.114598997    
   12.0000000       800.000000       5.05279116E-02   5.66623640      0.307542920       5.42688117E-10  -9.40118261E-05   7.35200047E-02  -2.18621665E-03  -1.62886620      0.724586487     -0.113398761    
   13.0000000       800.000000       5.08273505E-02   5.71697474      0.305883676       5.34977007E-10  -9.17089492E-05   7.25446045E-02  -2.64335261E-03  -1.63459861      0.724453688     -0.112323672    
   2.00000000       800.000000       5.11321910E-02   5.76780939      0.304239661       5.27398347E-10  -8.91124291E-05   7.15849176E-02  -2.54943618E-03  -1.64032161      0.724321783     -0.111437857    
   3.00000000       800.000000       5.14377542E-02   5.81939650      0.302603662       5.19939480E-10  -8.63638852E-05   7.06406981E-02  -2.69684149E-03  -1.64602673      0.724182606     -0.110428311    
   4.00000000       800.000000       5.17485440E-02   5.87104797      0.300977260       5.12600018E-10  -8.36453546E-05   6.97116926E-02  -2.78150267E-03  -1.65171409      0.724039137     -0.109296314    
   5.00000000       800.000000       5.20629622E-02   5.92277527      0.299358934       5.05376296E-10  -8.12065991E-05   6.87972754E-02  -2.39238096E-03  -1.65737462      0.723915040     -0.107971266    
   6.00000000       800.000000       5.23787588E-02   5.97483015      0.297740906       4.98251385E-10  -7.95427331E-05   6.78969845E-02  -2.31429888E-03  -1.66299272      0.723793566     -0.106494881    
   7.00000000       800.000000       5.26992045E-02   6.02751064      0.296128541       4.91234220E-10  -7.86084347E-05   6.70103505E-02  -2.10434827E-03  -1.66856265      0.723682225     -0.105170421    
   8.00000000       800.000000       5.30240014E-02   6.08028364      0.294522017       4.84321638E-10  -7.80062401E-05   6.61380738E-02  -1.72889594E-03  -1.67410851      0.723590195     -0.104004510    
   9.00000000       800.000000       5.33496812E-02   6.13364077      0.292923212       4.77515694E-10  -7.73880747E-05   6.52785748E-02  -1.65465963E-03  -1.67962825      0.723503411     -0.103134207    
   10.0000000       800.000000       5.36804311E-02   6.18732548      0.291339755       4.70826711E-10  -7.60521216E-05   6.44345209E-02  -1.28743402E-03  -1.68514919      0.723433077     -0.102528147    
   11.0000000       800.000000       5.40157408E-02   6.24103832      0.289767921       4.64247280E-10  -7.40533942E-05   6.36004061E-02  -9.76572745E-04  -1.69067085      0.723381281     -0.101711661    
   12.0000000       800.000000       5.43518029E-02   6.29508209      0.288205415       4.57767629E-10  -7.18851370E-05   6.27820045E-02  -7.65727309E-04  -1.69617116      0.723339736     -0.100688130    
   13.0000000       800.000000       5.46922497E-02   6.34962225      0.286649346       4.51387872E-10  -6.98431104E-05   6.19743504E-02  -3.48901027E-04  -1.70164824      0.723320007      -9.95197073E-02
   2.00000000       800.000000       5.50380871E-02   6.40445566      0.285097539       4.45097570E-10  -6.82989630E-05   6.11796826E-02  -1.36543400E-04  -1.70709145      0.723312676      -9.82532352E-02
   3.00000000       800.000000       5.53847216E-02   6.45976830      0.283551693       4.38900555E-10  -6.70769077E-05   6.03957064E-02   1.72387619E-04  -1.71249962      0.723321915      -9.71020609E-02
   4.00000000       800.000000       5.57359010E-02   6.51546860      0.282011956       4.32795022E-10  -6.60171863E-05   5.96252792E-02   4.53481916E-04  -1.71788180      0.723347902      -9.60603878E-02
   5.00000000       800.000000       5.60912378E-02   6.57112312      0.280480474       4.26782470E-10  -6.48324858E-05   5.88665009E-02   6.19678875E-04  -1.72324002      0.723382652      -9.51254815E-02
   6.00000000       800.000000       5.64479530E-02   6.62756824      0.278957546       4.20861707E-10  -6.34530152E-05   5.81177212E-02   8.78057326E-04  -1.72858679      0.723432481      -9.41918418E-02
   7.00000000       800.000000       5.68098128E-02   6.68420267      0.277442366       4.15028456E-10  -6.19362108E-05   5.73793724E-02   9.78327938E-04  -1.73391116      0.723488390      -9.32340324E-02
   8.00000000       800.000000       5.71758151E-02   6.74102211      0.275935560       4.09283940E-10  -6.02879227E-05   5.66541180E-02   1.13839447E-03  -1.73921418      0.723551810      -9.22619700E-02
   9.00000000       800.000000       5.75454868E-02   6.79867172      0.274434805       4.03624717E-10  -5.86012102E-05   5.59380427E-02   1.21334021E-03  -1.74449444      0.723622620      -9.12655443E-02
   10.0000000       800.000000       5.79212233E-02   6.85620070      0.272941619       3.98048344E-10  -5.67816205E-05   5.52322380E-02   1.23997941E-03  -1.74975061      0.723693848      -9.02977288E-02
   11.0000000       800.000000       5.82982525E-02   6.91421032      0.271455079       3.92553073E-10  -5.49694414E-05   5.45360819E-02   1.25980913E-03  -1.75498569      0.723767996      -8.92423615E-02
   12.0000000       800.000000       5.86755127E-02   6.97270107      0.269972950       3.87135352E-10  -5.32840786E-05   5.38503677E-02   1.19408825E-03  -1.76018977      0.723837793      -8.80799368E-02
   13.0000000       800.000000       5.90622984E-02   7.03143930      0.268494517       3.81791904E-10  -5.20522153E-05   5.31766154E-02   1.17559161E-03  -1.76535809      0.723907053      -8.67517814E-02
   2.00000000       800.000000       5.94485030E-02   7.09108067      0.267016530       3.76517539E-10  -5.14685562E-05   5.25102131E-02   1.05495180E-03  -1.77047122      0.723969638      -8.53713602E-02
   3.00000000       800.000000       5.98436110E-02   7.15043688      0.265540898       3.71313480E-10  -5.14646781E-05   5.18541820E-02   9.75142582E-04  -1.77554047      0.724027753      -8.40960220E-02
   4.00000000       800.000000       6.02373928E-02   7.21079636      0.264068902       3.66180947E-10  -5.16877662E-05   5.12082279E-02   8.17503140E-04  -1.78057134      0.724076569      -8.30327719E-02
   5.00000000       800.000000       6.06374219E-02   7.27131176      0.262604505       3.61123215E-10  -5.17021908E-05   5.05692288E-02   7.07682979E-04  -1.78557813      0.724120438      -8.21806043E-02
   6.00000000       800.000000       6.10392392E-02   7.33202028      0.261148125       3.56140811E-10  -5.12586084E-05   4.99419756E-02   5.53090125E-04  -1.79057062      0.724152565      -8.13839361E-02
   7.00000000       800.000000       6.14471473E-02   7.39313030      0.259700686       3.51232099E-10  -5.04080272E-05   4.93218340E-02   4.38288640E-04  -1.79554880      0.724181890      -8.05087462E-02
   8.00000000       800.000000       6.18590638E-02   7.45494413      0.258258700       3.46393414E-10  -4.93469925E-05   4.87104394E-02   2.91898265E-04  -1.80049789      0.724199057      -7.95534998E-02
   9.00000000       800.000000       6.22721761E-02   7.51700449      0.256823033       3.41623341E-10  -4.81586903E-05   4.81089391E-02   1.82881791E-04  -1.80542254      0.724210382      -7.85606652E-02
   10.0000000       800.000000       6.26941621E-02   7.57950735      0.255392075       3.36920186E-10  -4.69281258E-05   4.75150198E-02   6.24634267E-05  -1.81031513      0.724214673      -7.75544196E-02
   11.0000000       800.000000       6.31151870E-02   7.64244461      0.253967285       3.32281952E-10  -4.56287125E-05   4.69282418E-02  -2.39087931E-05  -1.81518102      0.724212408      -7.65597597E-02
   12.0000000       800.000000       6.35424033E-02   7.70559978      0.252546519       3.27708832E-10  -4.43468743E-05   4.63499948E-02  -1.19509496E-04  -1.82001007      0.724205673      -7.54778013E-02
   13.0000000       800.000000       6.39760271E-02   7.76949692      0.251130402       3.23195803E-10  -4.32010056E-05   4.57791388E-02  -1.85057128E-04  -1.82480586      0.724193871      -7.43702352E-02
   2.00000000       800.000000       6.44085407E-02   7.83382225      0.249716699       3.18744003E-10  -4.21485965E-05   4.52184752E-02  -2.49237055E-04  -1.82955742      0.724177480      -7.32977092E-02
   3.00000000       800.000000       6.48498610E-02   7.89831066      0.248308763       3.14352239E-10  -4.11724031E-05   4.46630791E-02  -2.93901569E-04  -1.83428061      0.724157631      -7.22227320E-02
   4.00000000       800.000000       6.52926117E-02   7.96304750      0.246903867       3.10019260E-10  -4.02337319E-05   4.41158637E-02  -3.36738623E-04  -1.83895850      0.724136472      -7.11670145E-02
   5.00000000       800.000000       6.57397360E-02   8.02879810      0.245503888       3.05746234E-10  -3.92790316E-05   4.35782075E-02  -3.67858534E-04  -1.84360301      0.724112809      -7.01265112E-02
   6.00000000       800.000000       6.61928579E-02   8.09504509      0.244107470       3.01529968E-10  -3.82898070E-05   4.30450812E-02  -3.90349334E-04  -1.84820867      0.724087059      -6.90859333E-02
   7.00000000       800.000000       6.66503683E-02   8.16145802      0.242715821       2.97371239E-10  -3.72295144E-05   4.25193682E-02  -4.08734719E-04  -1.85278440      0.724059999      -6.80552348E-02
   8.00000000       800.000000       6.71091229E-02   8.22835445      0.241328612       2.93267910E-10  -3.61383354E-05   4.20012958E-02  -4.18394047E-04  -1.85731459      0.724030674      -6.69745132E-02
   9.00000000       800.000000       6.75772652E-02   8.29508305      0.239943951       2.89218649E-10  -3.51257659E-05   4.14903425E-02  -4.27027058E-04  -1.86180079      0.724002302      -6.58418685E-02
   10.0000000       800.000000       6.80434331E-02   8.36327362      0.238562971       2.85222679E-10  -3.42020903E-05   4.09860089E-02  -4.23846417E-04  -1.86624289      0.723973632      -6.47088587E-02
   11.0000000       800.000000       6.85164854E-02   8.43160915      0.237184793       2.81277751E-10  -3.33235548E-05   4.04892676E-02  -4.20952245E-04  -1.87063622      0.723944306      -6.36166930E-02
   12.0000000       800.000000       6.89990669E-02   8.50011826      0.235810816       2.77385948E-10  -3.23874265E-05   3.99996191E-02  -4.09550063E-04  -1.87499249      0.723916531      -6.25642315E-02
   13.0000000       800.000000       6.94770738E-02   8.56972027      0.234438613       2.73544881E-10  -3.13807759E-05   3.95134091E-02  -3.90876579E-04  -1.87930465      0.723889351      -6.14767186E-02
   2.00000000       800.000000       6.99650571E-02   8.63913631      0.233071089       2.69754358E-10  -3.04323657E-05   3.90362144E-02  -3.67035362E-04  -1.88356578      0.723863184      -6.03014790E-02
   3.00000000       800.000000       7.04544336E-02   8.70913506      0.231704652       2.66010575E-10  -2.96376893E-05   3.85653488E-02  -3.32765369E-04  -1.88777161      0.723840177      -5.91017269E-02
   4.00000000       800.000000       7.09533468E-02   8.77987480      0.230340511       2.62313948E-10  -2.89722557E-05   3.80998254E-02  -2.95090431E-04  -1.89192224      0.723819435      -5.79286106E-02
   5.00000000       800.000000       7.14557767E-02   8.85152435      0.228977829       2.58665173E-10  -2.84113357E-05   3.76388431E-02  -2.49814504E-04  -1.89602149      0.723802328      -5.67433164E-02
   6.00000000       800.000000       7.19595850E-02   8.92326069      0.227617547       2.55061777E-10  -2.79982396E-05   3.71857807E-02  -1.98867652E-04  -1.90005684      0.723787010      -5.55225313E-02
   7.00000000       800.000000       7.24673644E-02   8.99552822      0.226258099       2.51503374E-10  -2.77308009E-05   3.67377661E-02  -1.49675558E-04  -1.90403974      0.723775864      -5.43219186E-02
   8.00000000       800.000000       7.29827210E-02   9.06822109      0.224901363       2.47990267E-10  -2.74975391E-05   3.62961888E-02  -9.77280943E-05  -1.90796351      0.723768890      -5.31961732E-02
   9.00000000       800.000000       7.35015273E-02   9.14107132      0.223547891       2.44523179E-10  -2.71563604E-05   3.58600542E-02  -4.54457586E-05  -1.91183615      0.723765552      -5.21156564E-02
   10.0000000       800.000000       7.40236938E-02   9.21487141      0.222197637       2.41100251E-10  -2.67121486E-05   3.54308151E-02   5.84102565E-07  -1.91564631      0.723764539      -5.09938449E-02
   11.0000000       800.000000       7.45541826E-02   9.28909588      0.220848471       2.37720427E-10  -2.62738249E-05   3.50046866E-02   4.42954406E-05  -1.91940701      0.723769367      -4.98045199E-02
   12.0000000       800.000000       7.50876293E-02   9.36382198      0.219501346       2.34382985E-10  -2.59121862E-05   3.45853753E-02   8.57291598E-05  -1.92310357      0.723775208      -4.85950001E-02
   13.0000000       800.000000       7.56227747E-02   9.43945217      0.218155116       2.31085720E-10  -2.56367603E-05   3.41720693E-02   1.19642136E-04  -1.92673206      0.723784029      -4.73881178E-02
   2.00000000       800.000000       7.61684179E-02   9.51551723      0.216811508       2.27830463E-10  -2.54215665E-05   3.37626077E-02   1.49165484E-04  -1.93029726      0.723794997      -4.61960211E-02
   3.00000000       800.000000       7.67170042E-02   9.59179592      0.215469345       2.24615382E-10  -2.51667952E-05   3.33602652E-02   1.75043053E-04  -1.93379366      0.723809004      -4.50646989E-02
   4.00000000       800.000000       7.72694573E-02   9.66848755      0.214130312       2.21442059E-10  -2.47143707E-05   3.29609849E-02   1.93436848E-04  -1.93723142      0.723823965      -4.40183245E-02
   5.00000000       800.000000       7.78230131E-02   9.74612713      0.212795287       2.18310384E-10  -2.39418714E-05   3.25687714E-02   2.05629971E-04  -1.94062316      0.723840654      -4.30027880E-02
   6.00000000       800.000000       7.83851892E-02   9.82425022      0.211463362       2.15218982E-10  -2.28747285E-05   3.21804360E-02   2.13183317E-04  -1.94395196      0.723856390      -4.19254899E-02
   7.00000000       800.000000       7.89523125E-02   9.90284920      0.210133404       2.12166645E-10  -2.16611170E-05   3.17970291E-02   2.14444153E-04  -1.94722247      0.723873377      -4.07683365E-02
   8.00000000       800.000000       7.95280412E-02   9.98241329      0.208805427       2.09152543E-10  -2.04402004E-05   3.14178281E-02   2.10186219E-04  -1.95041060      0.723890603      -3.95481847E-02
   9.00000000       800.000000       8.01055804E-02   10.0623922      0.207477927       2.06174314E-10  -1.93183896E-05   3.10439970E-02   2.01463699E-04  -1.95353472      0.723906517      -3.82737294E-02
   10.0000000       800.000000       8.06882754E-02   10.1425762      0.206149936       2.03230724E-10  -1.84055189E-05   3.06754299E-02   1.88526159E-04  -1.95656753      0.723921776      -3.69318239E-02
   11.0000000       800.000000       8.12722519E-02   10.2231703      0.204821363       2.00322162E-10  -1.77809179E-05   3.03111318E-02   1.71921289E-04  -1.95951462      0.723935902      -3.55663523E-02
   12.0000000       800.000000       8.18665698E-02   10.3048105      0.203492835       1.97446878E-10  -1.73653953E-05   2.99508572E-02   1.52544671E-04  -1.96237206      0.723948181      -3.42752784E-02
   13.0000000       800.000000       8.24698508E-02   10.3871059      0.202163875       1.94606567E-10  -1.70030871E-05   2.95945816E-02   1.30774992E-04  -1.96514130      0.723958194      -3.30455787E-02
   2.00000000       800.000000       8.30690786E-02   10.4702911      0.200838059       1.91800881E-10  -1.66351565E-05   2.92435754E-02   1.07863234E-04  -1.96783686      0.723968804      -3.18133868E-02
   3.00000000       800.000000       8.36792067E-02   10.5531397      0.199511126       1.89029320E-10  -1.62822562E-05   2.88977027E-02   8.43702146E-05  -1.97044814      0.723976314      -3.05669997E-02
   4.00000000       800.000000       8.42924491E-02   10.6371202      0.198186204       1.86290913E-10  -1.59231095E-05   2.85552219E-02   6.14762612E-05  -1.97296929      0.723980367      -2.93409713E-02
   5.00000000       800.000000       8.49149227E-02   10.7222576      0.196861371       1.83585480E-10  -1.55493908E-05   2.82162987E-02   4.01208308E-05  -1.97541034      0.723983943      -2.80969795E-02
   6.00000000       800.000000       8.55400413E-02   10.8070173      0.195537746       1.80913146E-10  -1.52148159E-05   2.78831348E-02   2.07718513E-05  -1.97775996      0.723985851      -2.68225204E-02
   7.00000000       800.000000       8.61672983E-02   10.8929453      0.194214314       1.78272175E-10  -1.48943418E-05   2.75526177E-02   4.03074591E-06  -1.98002815      0.723985493      -2.55882014E-02
   8.00000000       800.000000       8.68062824E-02   10.9799843      0.192891866       1.75663997E-10  -1.44926262E-05   2.72276644E-02  -9.99458280E-06  -1.98218608      0.723984480      -2.43890435E-02
   9.00000000       800.000000       8.74475688E-02   11.0664978      0.191570759       1.73086948E-10  -1.39917420E-05   2.69060284E-02  -2.17961478E-05  -1.98426509      0.723982751      -2.31760275E-02
   10.0000000       800.000000       8.80924463E-02   11.1543617      0.190250278       1.70542289E-10  -1.34088259E-05   2.65883412E-02  -3.16552068E-05  -1.98625600      0.723980725      -2.19609272E-02
   11.0000000       800.000000       8.87458175E-02   11.2425718      0.188931525       1.68027495E-10  -1.27268049E-05   2.62749474E-02  -4.00593090E-05  -1.98815393      0.723976672      -2.07509566E-02
   12.0000000       800.000000       8.94047245E-02   11.3320246      0.187613651       1.65543176E-10  -1.19778279E-05   2.59635039E-02  -4.73691071E-05  -1.98995757      0.723973155      -1.95059869E-02
   13.0000000       800.000000       9.00711343E-02   11.4218473      0.186296433       1.63089667E-10  -1.12141133E-05   2.56577153E-02  -5.39302091E-05  -1.99165368      0.723968029      -1.82402972E-02
   2.00000000       800.000000       9.07422155E-02   11.5118284      0.184978142       1.60664343E-10  -1.04454557E-05   2.53554303E-02  -5.98120678E-05  -1.99324858      0.723961651      -1.69775877E-02
   3.00000000       800.000000       9.14164707E-02   11.6033077      0.183661431       1.58268648E-10  -9.68841232E-06   2.50560436E-02  -6.51188238E-05  -1.99474621      0.723955989      -1.56929847E-02
   4.00000000       800.000000       9.20993984E-02   11.6952047      0.182344258       1.55900515E-10  -8.98521557E-06   2.47618072E-02  -6.97230207E-05  -1.99613333      0.723949730      -1.43901771E-02
   5.00000000       800.000000       9.27866399E-02   11.7873383      0.181026503       1.53561081E-10  -8.32066416E-06   2.44701132E-02  -7.34588393E-05  -1.99740100      0.723942637      -1.31099867E-02
   6.00000000       800.000000       9.34779644E-02   11.8806105      0.179710761       1.51248125E-10  -7.63281332E-06   2.41819732E-02  -7.60742987E-05  -1.99858010      0.723936141      -1.18532842E-02
   7.00000000       800.000000       9.41774696E-02   11.9743528      0.178393900       1.48964133E-10  -6.89676835E-06   2.38978527E-02  -7.72838612E-05  -1.99963653      0.723928630      -1.05974423E-02
   8.00000000       800.000000       9.48819369E-02   12.0688763      0.177078038       1.46707438E-10  -6.11631503E-06   2.36163400E-02  -7.69774852E-05  -2.00058508      0.723921239      -9.33653209E-03
   9.00000000       800.000000       9.55979601E-02   12.1640635      0.175762147       1.44476556E-10  -5.32129980E-06   2.33383998E-02  -7.50904219E-05  -2.00140500      0.723913252      -8.05047061E-03
   10.0000000       800.000000       9.63135287E-02   12.2600622      0.174445257       1.42273110E-10  -4.57478154E-06   2.30638348E-02  -7.16004142E-05  -2.00212765      0.723906577      -6.73651928E-03
   11.0000000       800.000000       9.70358253E-02   12.3568468      0.173129603       1.40094492E-10  -3.90038122E-06   2.27932129E-02  -6.66356354E-05  -2.00271940      0.723900557      -5.42464340E-03
   12.0000000       800.000000       9.77677032E-02   12.4544106      0.171813533       1.37941908E-10  -3.26975555E-06   2.25255433E-02  -6.03639819E-05  -2.00317812      0.723895609      -4.13102005E-03
   13.0000000       800.000000       9.85076427E-02   12.5523767      0.170496568       1.35815026E-10  -2.63686047E-06   2.22617183E-02  -5.30154721E-05  -2.00351286      0.723888814      -2.86139082E-03
   2.00000000       800.000000       9.92456749E-02   12.6510534      0.169180512       1.33713360E-10  -1.94418681E-06   2.19995212E-02  -4.47916718E-05  -2.00374675      0.723884761      -1.61999755E-03
   3.00000000       800.000000       9.99961421E-02   12.7503929      0.167864993       1.31637048E-10  -1.15201385E-06   2.17409115E-02  -3.59816477E-05  -2.00384951      0.723881662      -3.86419095E-04
   4.00000000       800.000000      0.100751281       12.8514633      0.166549936       1.29585370E-10  -2.78427507E-07   2.14872174E-02  -2.69174125E-05  -2.00382781      0.723879218       8.63992609E-04
   5.00000000       800.000000      0.101513669       12.9527330      0.165235654       1.27558630E-10   6.32874105E-07   2.12338381E-02  -1.79014569E-05  -2.00366759      0.723876715       2.13112100E-03
   6.00000000       800.000000      0.102282949       13.0543804      0.163921148       1.25555871E-10   1.54215331E-06   2.09848471E-02  -9.29618909E-06  -2.00338387      0.723876059       3.41549655E-03
   7.00000000       800.000000      0.103057869       13.1565609      0.162605345       1.23576982E-10   2.39481551E-06   2.07397304E-02  -1.45340402E-06  -2.00296116      0.723876059       4.72553680E-03
   8.00000000       800.000000      0.103839546       13.2604132      0.161289752       1.21620811E-10   3.14888257E-06   2.04963312E-02   5.36554262E-06  -2.00240517      0.723876715       6.04716130E-03
   9.00000000       800.000000      0.104626514       13.3645535      0.159973606       1.19687676E-10   3.79562630E-06   2.02560425E-02   1.10839019E-05  -2.00171638      0.723877847       7.36509124E-03
   10.0000000       800.000000      0.105420068       13.4691267      0.158657640       1.17777038E-10   4.33880268E-06   2.00191531E-02   1.56902061E-05  -2.00087380      0.723878682       8.67748726E-03
   11.0000000       800.000000      0.106228657       13.5754204      0.157340154       1.15887966E-10   4.79420942E-06   1.97837502E-02   1.93158285E-05  -1.99989009      0.723881185       9.97557119E-03
   12.0000000       800.000000      0.107034281       13.6821260      0.156023294       1.14023187E-10   5.19974174E-06   1.95531119E-02   2.21802948E-05  -1.99873066      0.723883390       1.12489508E-02
   13.0000000       800.000000      0.107849084       13.7891541      0.154705703       1.12180334E-10   5.61294064E-06   1.93239152E-02   2.45612664E-05  -1.99745893      0.723886490       1.24885729E-02
   2.00000000       800.000000      0.108672515       13.8981247      0.153388977       1.10359298E-10   6.09740573E-06   1.90966278E-02   2.67244795E-05  -1.99603581      0.723888934       1.36982240E-02
   3.00000000       800.000000      0.109497771       14.0066690      0.152074009       1.08558891E-10   6.69548081E-06   1.88741032E-02   2.88051833E-05  -1.99446750      0.723892570       1.48911988E-02
   4.00000000       800.000000      0.110339761       14.1170921      0.150759846       1.06783776E-10   7.41255462E-06   1.86530314E-02   3.08037343E-05  -1.99276829      0.723895907       1.60855502E-02
   5.00000000       800.000000      0.111177742       14.2269335      0.149444357       1.05028611E-10   8.20764308E-06   1.84337031E-02   3.26134832E-05  -1.99091291      0.723899066       1.73003562E-02
   6.00000000       800.000000      0.112030037       14.3394938      0.148129940       1.03295282E-10   9.01847670E-06   1.82189271E-02   3.40467232E-05  -1.98889828      0.723902166       1.85354967E-02
   7.00000000       800.000000      0.112885214       14.4517355      0.146817431       1.01582465E-10   9.80761433E-06   1.80053711E-02   3.48682770E-05  -1.98673356      0.723906636       1.97728463E-02
   8.00000000       800.000000      0.113750286       14.5650282      0.145504385       9.98900962E-11   1.05724721E-05   1.77953038E-02   3.48752255E-05  -1.98440874      0.723910809       2.09996756E-02
   9.00000000       800.000000      0.114624061       14.6793976      0.144191325       9.82185791E-11   1.13329725E-05   1.75861772E-02   3.39363833E-05  -1.98194206      0.723914862       2.22081840E-02
   10.0000000       800.000000      0.115506783       14.7940674      0.142878622       9.65674485E-11   1.21219191E-05   1.73806679E-02   3.20398431E-05  -1.97931004      0.723919272       2.33931318E-02
   11.0000000       800.000000      0.116393380       14.9101496      0.141567066       9.49375092E-11   1.29726504E-05   1.71775818E-02   2.92630648E-05  -1.97652698      0.723923266       2.45574154E-02
   12.0000000       800.000000      0.117281690       15.0272551      0.140256464       9.33267075E-11   1.39070316E-05   1.69764496E-02   2.57654046E-05  -1.97358954      0.723925948       2.57078931E-02
   13.0000000       800.000000      0.118191823       15.1445360      0.138946503       9.17365212E-11   1.49271673E-05   1.67779978E-02   2.17733377E-05  -1.97046041      0.723928154       2.68528312E-02
   2.00000000       800.000000      0.119099334       15.2630339      0.137637854       9.01666034E-11   1.60080745E-05   1.65824126E-02   1.75379082E-05  -1.96718812      0.723930120       2.80047506E-02
   3.00000000       800.000000      0.120015435       15.3828135      0.136329919       8.86153581E-11   1.70948406E-05   1.63879879E-02   1.33057874E-05  -1.96376646      0.723931670       2.91746818E-02
   4.00000000       800.000000      0.120940529       15.5036430      0.135022685       8.70836597E-11   1.81189498E-05   1.61970221E-02   9.30499027E-06  -1.96016443      0.723932445       3.03625688E-02
   5.00000000       800.000000      0.121867239       15.6249332      0.133715361       8.55701690E-11   1.90234605E-05   1.60068888E-02   5.70727252E-06  -1.95637906      0.723933280       3.15598883E-02
   6.00000000       800.000000      0.122810721       15.7464323      0.132408217       8.40754549E-11   1.97751651E-05   1.58198122E-02   2.59335843E-06  -1.95244300      0.723933756       3.27547677E-02
   7.00000000       800.000000      0.123757191       15.8707790      0.131100893       8.25988722E-11   2.03725758E-05   1.56354159E-02  -2.82864931E-08  -1.94832385      0.723933578       3.39319594E-02
   8.00000000       800.000000      0.124716990       15.9948425      0.129794419       8.11409551E-11   2.08552774E-05   1.54530285E-02  -2.22255380E-06  -1.94402182      0.723933101       3.50732841E-02
   9.00000000       800.000000      0.125679165       16.1200333      0.128489658       7.97006419E-11   2.12972191E-05   1.52716162E-02  -4.12486816E-06  -1.93953061      0.723932624       3.61680463E-02
   10.0000000       800.000000      0.126648560       16.2460766      0.127186462       7.82793413E-11   2.17813522E-05   1.50936777E-02  -5.89797128E-06  -1.93489599      0.723932385       3.72182094E-02
   11.0000000       800.000000      0.127627030       16.3736973      0.125883564       7.68768452E-11   2.23706047E-05   1.49167618E-02  -7.63881690E-06  -1.93007231      0.723931968       3.82358134E-02
   12.0000000       800.000000      0.128622070       16.5009899      0.124583863       7.54916754E-11   2.30908518E-05   1.47428792E-02  -9.38677204E-06  -1.92509520      0.723931015       3.92372645E-02
   13.0000000       800.000000      0.129615709       16.6299458      0.123287566       7.41254141E-11   2.39315559E-05   1.45708025E-02  -1.11160871E-05  -1.91993618      0.723929286       4.02347222E-02
   2.00000000       800.000000      0.130617574       16.7607040      0.121990837       7.27772287E-11   2.48579781E-05   1.44004095E-02  -1.27269877E-05  -1.91460824      0.723927498       4.12351340E-02
   3.00000000       800.000000      0.131631613       16.8909397      0.120698445       7.14470497E-11   2.58219734E-05   1.42323328E-02  -1.40908660E-05  -1.90913367      0.723925233       4.22398783E-02
   4.00000000       800.000000      0.132658064       17.0234966      0.119405515       7.01336975E-11   2.67809282E-05   1.40651297E-02  -1.50801106E-05  -1.90344095      0.723923266       4.32434082E-02
   5.00000000       800.000000      0.133689612       17.1564980      0.118116803       6.88378798E-11   2.77139825E-05   1.39009180E-02  -1.55928847E-05  -1.89760125      0.723920763       4.42348421E-02
   6.00000000       800.000000      0.134727374       17.2917385      0.116828777       6.75588335E-11   2.86278373E-05   1.37390643E-02  -1.55790167E-05  -1.89159358      0.723918200       4.52029556E-02
   7.00000000       800.000000      0.135772675       17.4260139      0.115543507       6.62966002E-11   2.95487534E-05   1.35779828E-02  -1.50529713E-05  -1.88538790      0.723916411       4.61441539E-02
   8.00000000       800.000000      0.136831790       17.5625153      0.114259847       6.50513254E-11   3.04965033E-05   1.34198116E-02  -1.40906086E-05  -1.87900972      0.723914146       4.70638685E-02
   9.00000000       800.000000      0.137887821       17.6995029      0.112979323       6.38234535E-11   3.14664212E-05   1.32632563E-02  -1.28122529E-05  -1.87244320      0.723912597       4.79737148E-02
   10.0000000       800.000000      0.138969555       17.8388729      0.111700907       6.26113328E-11   3.24244102E-05   1.31074358E-02  -1.13642282E-05  -1.86570930      0.723910809       4.88818251E-02
   11.0000000       800.000000      0.140046909       17.9775219      0.110425435       6.14161569E-11   3.33260214E-05   1.29546877E-02  -9.88524971E-06  -1.85881174      0.723909736       4.97862510E-02
   12.0000000       800.000000      0.141143247       18.1181393      0.109152324       6.02370723E-11   3.41416635E-05   1.28033170E-02  -8.48614218E-06  -1.85171676      0.723908603       5.06785549E-02
   13.0000000       800.000000      0.142242312       18.2606220      0.107881106       5.90737875E-11   3.48667636E-05   1.26533611E-02  -7.23876065E-06  -1.84444904      0.723907650       5.15488386E-02
   2.00000000       800.000000      0.143348306       18.4025784      0.106614269       5.79261535E-11   3.55246702E-05   1.25057986E-02  -6.15786075E-06  -1.83699465      0.723906279       5.23869134E-02
   3.00000000       800.000000      0.144470185       18.5468769      0.105347984       5.67947668E-11   3.61607999E-05   1.23595921E-02  -5.20373169E-06  -1.82937336      0.723905683       5.31863980E-02
   4.00000000       800.000000      0.145599216       18.6916237      0.104087777       5.56796970E-11   3.68232868E-05   1.22147398E-02  -4.30870523E-06  -1.82158589      0.723904967       5.39497621E-02
   5.00000000       800.000000      0.146730632       18.8387299      0.102829754       5.45799100E-11   3.75464733E-05   1.20721487E-02  -3.40293309E-06  -1.81358981      0.723904312       5.46839871E-02
   6.00000000       800.000000      0.147886083       18.9852219      0.101576775       5.34961624E-11   3.83451770E-05   1.19309910E-02  -2.43530371E-06  -1.80546987      0.723904133       5.53948097E-02
   7.00000000       800.000000      0.149040878       19.1336536      0.100327075       5.24282562E-11   3.92171751E-05   1.17913121E-02  -1.38647647E-06  -1.79715574      0.723903298       5.60869500E-02
   8.00000000       800.000000      0.150206983       19.2841053       9.90808532E-02   5.13759348E-11   4.01465659E-05   1.16538722E-02  -2.79492752E-07  -1.78865921      0.723903298       5.67651913E-02
   9.00000000       800.000000      0.151375279       19.4338169       9.78404209E-02   5.03387332E-11   4.11108049E-05   1.15176439E-02   8.26313453E-07  -1.78003836      0.723903656       5.74289151E-02
   10.0000000       800.000000      0.152559474       19.5859928       9.66029689E-02   4.93166862E-11   4.20942197E-05   1.13829663E-02   1.85709723E-06  -1.77120340      0.723904192       5.80744892E-02
   11.0000000       800.000000      0.153755501       19.7391071       9.53711048E-02   4.83097382E-11   4.30867585E-05   1.12495488E-02   2.75898856E-06  -1.76225030      0.723904431       5.87012544E-02
   12.0000000       800.000000      0.154966682       19.8943138       9.41426978E-02   4.73178025E-11   4.40741496E-05   1.11180358E-02   3.50622577E-06  -1.75310016      0.723905385       5.93112335E-02
   13.0000000       800.000000      0.156182289       20.0499210       9.29195583E-02   4.63404905E-11   4.50307234E-05   1.09882671E-02   4.09604991E-06  -1.74378788      0.723905981       5.99079654E-02
   2.00000000       800.000000      0.157407701       20.2067699       9.17006433E-02   4.53775455E-11   4.59235016E-05   1.08599802E-02   4.54666679E-06  -1.73430204      0.723906577       6.04913123E-02
   3.00000000       800.000000      0.158632427       20.3635406       9.04862061E-02   4.44289015E-11   4.67276914E-05   1.07326545E-02   4.89198874E-06  -1.72467339      0.723907530       6.10560551E-02
   4.00000000       800.000000      0.159881696       20.5234394       8.92756358E-02   4.34953532E-11   4.74409353E-05   1.06068561E-02   5.16562932E-06  -1.71486342      0.723908663       6.15928993E-02
   5.00000000       800.000000      0.161134437       20.6836548       8.80718008E-02   4.25752905E-11   4.80894341E-05   1.04828114E-02   5.38564018E-06  -1.70491254      0.723909736       6.20933734E-02
   6.00000000       800.000000      0.162408039       20.8466339       8.68734419E-02   4.16701049E-11   4.87200268E-05   1.03605967E-02   5.54861708E-06  -1.69477260      0.723910749       6.25527725E-02
   7.00000000       800.000000      0.163673609       21.0080662       8.56791958E-02   4.07782592E-11   4.93866355E-05   1.02389622E-02   5.63158665E-06  -1.68450654      0.723911643       6.29715845E-02
   8.00000000       800.000000      0.164970547       21.1726456       8.44927877E-02   3.99013947E-11   5.01311042E-05   1.01192566E-02   5.60342596E-06  -1.67408729      0.723912418       6.33557737E-02
   9.00000000       800.000000      0.166260168       21.3390827       8.33112001E-02   3.90381026E-11   5.09739948E-05   1.00006340E-02   5.43954366E-06  -1.66350567      0.723913312       6.37114942E-02
   10.0000000       800.000000      0.167571649       21.5048828       8.21368098E-02   3.81893024E-11   5.19142304E-05   9.88387410E-03   5.13466557E-06  -1.65280139      0.723913789       6.40466586E-02
   11.0000000       800.000000      0.168884769       21.6747990       8.09688345E-02   3.73538180E-11   5.29273093E-05   9.76794772E-03   4.70831355E-06  -1.64196289      0.723914444       6.43668249E-02
   12.0000000       800.000000      0.170220941       21.8437004       7.98071101E-02   3.65322460E-11   5.39739594E-05   9.65358503E-03   4.19970274E-06  -1.63098097      0.723915100       6.46749586E-02
   13.0000000       800.000000      0.171562597       22.0148487       7.86523223E-02   3.57241736E-11   5.50087389E-05   9.54065844E-03   3.65657706E-06  -1.61987400      0.723915875       6.49712458E-02
   2.00000000       800.000000      0.172911152       22.1867790       7.75037333E-02   3.49291707E-11   5.59823202E-05   9.42941941E-03   3.11888039E-06  -1.60860682      0.723916769       6.52559474E-02
   3.00000000       800.000000      0.174262822       22.3595982       7.63613954E-02   3.41471712E-11   5.68503783E-05   9.31915361E-03   2.60853699E-06  -1.59721088      0.723917127       6.55254722E-02
   4.00000000       800.000000      0.175636902       22.5350342       7.52263367E-02   3.33780503E-11   5.75922968E-05   9.21003614E-03   2.12581813E-06  -1.58565938      0.723917663       6.57693669E-02
   5.00000000       800.000000      0.177029908       22.7109966       7.40974918E-02   3.26222105E-11   5.82265166E-05   9.10186581E-03   1.65634435E-06  -1.57401013      0.723918021       6.59771264E-02
   6.00000000       800.000000      0.178427994       22.8897495       7.29761049E-02   3.18789439E-11   5.88073890E-05   8.99509247E-03   1.18436037E-06  -1.56221652      0.723918200       6.61393702E-02
   7.00000000       800.000000      0.179832757       23.0675335       7.18621090E-02   3.11481917E-11   5.94094927E-05   8.89011566E-03   7.04616298E-07  -1.55031347      0.723918617       6.62560835E-02
   8.00000000       800.000000      0.181247130       23.2492962       7.07555786E-02   3.04306094E-11   6.00903440E-05   8.78568925E-03   2.25152647E-07  -1.53828299      0.723918617       6.63364381E-02
   9.00000000       800.000000      0.182678327       23.4303741       6.96577132E-02   2.97259370E-11   6.08741102E-05   8.68271850E-03  -2.36491573E-07  -1.52619934      0.723918378       6.63887039E-02
   10.0000000       800.000000      0.184120178       23.6137962       6.85677826E-02   2.90338153E-11   6.17571714E-05   8.58116150E-03  -6.57280054E-07  -1.51395893      0.723918378       6.64207265E-02
   11.0000000       800.000000      0.185574606       23.7995758       6.74861223E-02   2.83541506E-11   6.27061745E-05   8.48054234E-03  -1.01880278E-06  -1.50162876      0.723917782       6.64395392E-02
   12.0000000       800.000000      0.187039450       23.9845982       6.64144233E-02   2.76865354E-11   6.36680707E-05   8.38126242E-03  -1.31466084E-06  -1.48918390      0.723917484       6.64484650E-02
   13.0000000       800.000000      0.188515589       24.1725788       6.53486401E-02   2.70308984E-11   6.45872133E-05   8.28345958E-03  -1.55268378E-06  -1.47668147      0.723917425       6.64454699E-02
   2.00000000       800.000000      0.190003842       24.3626595       6.42925799E-02   2.63869430E-11   6.54210817E-05   8.18626024E-03  -1.75109676E-06  -1.46404672      0.723917067       6.64255098E-02
   3.00000000       800.000000      0.191507503       24.5538692       6.32431805E-02   2.57547941E-11   6.61552767E-05   8.09037220E-03  -1.92938319E-06  -1.45133495      0.723916590       6.63803741E-02
   4.00000000       800.000000      0.193027228       24.7454605       6.22040108E-02   2.51348421E-11   6.68093344E-05   7.99551699E-03  -2.09818268E-06  -1.43850684      0.723915994       6.63022250E-02
   5.00000000       800.000000      0.194553345       24.9383144       6.11719601E-02   2.45258414E-11   6.74308467E-05   7.90198240E-03  -2.25623808E-06  -1.42563319      0.723915696       6.61854371E-02
   6.00000000       800.000000      0.196085945       25.1336231       6.01500645E-02   2.39287340E-11   6.80789381E-05   7.80881569E-03  -2.39080941E-06  -1.41267955      0.723915100       6.60319179E-02
   7.00000000       800.000000      0.197636858       25.3313236       5.91379404E-02   2.33432544E-11   6.87941720E-05   7.71728205E-03  -2.48287438E-06  -1.39961863      0.723914564       6.58488721E-02
   8.00000000       800.000000      0.199212298       25.5304661       5.81350848E-02   2.27687730E-11   6.95868002E-05   7.62732001E-03  -2.51822212E-06  -1.38653517      0.723914087       6.56442195E-02
   9.00000000       800.000000      0.200781316       25.7297115       5.71415201E-02   2.22056332E-11   7.04359481E-05   7.53779849E-03  -2.49155869E-06  -1.37338197      0.723913789       6.54246956E-02
   10.0000000       800.000000      0.202371761       25.9304714       5.61573170E-02   2.16536910E-11   7.12970723E-05   7.44942902E-03  -2.40643840E-06  -1.36015475      0.723913252       6.51945323E-02
   11.0000000       800.000000      0.203978211       26.1335907       5.51829003E-02   2.11125145E-11   7.21189717E-05   7.36219296E-03  -2.27091027E-06  -1.34687006      0.723912656       6.49528876E-02
   12.0000000       800.000000      0.205590189       26.3390236       5.42174131E-02   2.05821228E-11   7.28627929E-05   7.27583515E-03  -2.09323275E-06  -1.33355904      0.723911881       6.46947101E-02
   13.0000000       800.000000      0.207215562       26.5462608       5.32614440E-02   2.00619018E-11   7.35206049E-05   7.19052833E-03  -1.87910643E-06  -1.32017255      0.723911703       6.44128546E-02
   2.00000000       800.000000      0.208862230       26.7531796       5.23154512E-02   1.95523216E-11   7.41209224E-05   7.10607599E-03  -1.63276616E-06  -1.30674875      0.723911285       6.41003773E-02
   3.00000000       800.000000      0.210511744       26.9634609       5.13793789E-02   1.90535678E-11   7.47147060E-05   7.02277431E-03  -1.35997573E-06  -1.29328203      0.723910987       6.37552217E-02
   4.00000000       800.000000      0.212182373       27.1744270       5.04547581E-02   1.85644278E-11   7.53506174E-05   6.94026751E-03  -1.07016876E-06  -1.27979958      0.723910809       6.33824840E-02
   5.00000000       800.000000      0.213867262       27.3881035       4.95396256E-02   1.80861021E-11   7.60480834E-05   6.85882568E-03  -7.76269701E-07  -1.26629186      0.723910749       6.29899427E-02
   6.00000000       800.000000      0.215570495       27.6017551       4.86340523E-02   1.76175966E-11   7.67900856E-05   6.77856430E-03  -4.92919469E-07  -1.25275135      0.723910511       6.25847578E-02
   7.00000000       800.000000      0.217280358       27.8196926       4.77393195E-02   1.71589565E-11   7.75337321E-05   6.69875089E-03  -2.32602929E-07  -1.23920584      0.723910332       6.21706285E-02
   8.00000000       800.000000      0.218995273       28.0367794       4.68547270E-02   1.67100171E-11   7.82289644E-05   6.62037730E-03  -2.28738273E-09  -1.22562182      0.723910153       6.17469698E-02
   9.00000000       800.000000      0.220740929       28.2576332       4.59807627E-02   1.62706307E-11   7.88465331E-05   6.54261094E-03   1.96706310E-07  -1.21204758      0.723910332       6.13082573E-02
   10.0000000       800.000000      0.222490728       28.4788132       4.51171882E-02   1.58406274E-11   7.93905274E-05   6.46590255E-03   3.67014422E-07  -1.19844365      0.723910391       6.08480833E-02
   11.0000000       800.000000      0.224248633       28.7025547       4.42647338E-02   1.54204583E-11   7.98964466E-05   6.38980418E-03   5.12415056E-07  -1.18486333      0.723910511       6.03629351E-02
   12.0000000       800.000000      0.226034790       28.9273281       4.34210189E-02   1.50088934E-11   8.04106676E-05   6.31518057E-03   6.35535514E-07  -1.17126727      0.723910809       5.98535985E-02
   13.0000000       800.000000      0.227838799       29.1540203       4.25897203E-02   1.46068123E-11   8.09649355E-05   6.24084938E-03   7.37607934E-07  -1.15769911      0.723910987       5.93259484E-02
   2.00000000       800.000000      0.229636580       29.3828106       4.17688899E-02   1.42141264E-11   8.15602543E-05   6.16769539E-03   8.19026127E-07  -1.14413643      0.723911107       5.87858781E-02
   3.00000000       800.000000      0.231463313       29.6143074       4.09584977E-02   1.38299467E-11   8.21687790E-05   6.09524641E-03   8.80323739E-07  -1.13057816      0.723911643       5.82386442E-02
   4.00000000       800.000000      0.233298600       29.8444633       4.01593857E-02   1.34540486E-11   8.27505719E-05   6.02359604E-03   9.22438289E-07  -1.11705506      0.723911762       5.76842912E-02
   5.00000000       800.000000      0.235164225       30.0788250       3.93700711E-02   1.30872249E-11   8.32793521E-05   5.95299480E-03   9.46118291E-07  -1.10356927      0.723912179       5.71193397E-02
   6.00000000       800.000000      0.237021416       30.3152733       3.85928564E-02   1.27288449E-11   8.37565894E-05   5.88330533E-03   9.51514835E-07  -1.09010136      0.723912418       5.65393642E-02
   7.00000000       800.000000      0.238909259       30.5545444       3.78255248E-02   1.23784221E-11   8.42082518E-05   5.81426499E-03   9.37947846E-07  -1.07665479      0.723912656       5.59424683E-02
   8.00000000       800.000000      0.240805298       30.7942753       3.70691195E-02   1.20365289E-11   8.46683979E-05   5.74595621E-03   9.04887770E-07  -1.06324458      0.723913014       5.53292036E-02
   9.00000000       800.000000      0.242732763       31.0363560       3.63243446E-02   1.17025747E-11   8.51549630E-05   5.67834778E-03   8.53330732E-07  -1.04990256      0.723913074       5.47044836E-02
   10.0000000       800.000000      0.244650185       31.2805672       3.55896056E-02   1.13766583E-11   8.56577681E-05   5.61173493E-03   7.86640214E-07  -1.03660178      0.723913312       5.40738031E-02
   11.0000000       800.000000      0.246601894       31.5240726       3.48662883E-02   1.10585187E-11   8.61485023E-05   5.54583548E-03   7.09605331E-07  -1.02331972      0.723913670       5.34384139E-02
   12.0000000       800.000000      0.248575494       31.7732716       3.41528915E-02   1.07481645E-11   8.66006303E-05   5.48080308E-03   6.27493421E-07  -1.01011920      0.723913908       5.27972504E-02
   13.0000000       800.000000      0.250549018       32.0229034       3.34506929E-02   1.04449973E-11   8.70042713E-05   5.41664893E-03   5.44634815E-07 -0.996993005      0.723913968       5.21481670E-02
   2.00000000       800.000000      0.252544135       32.2734489       3.27596217E-02   1.01494741E-11   8.73715981E-05   5.35296882E-03   4.63656875E-07 -0.983894289      0.723914146       5.14885858E-02
   3.00000000       800.000000      0.254557490       32.5260506       3.20789367E-02   9.86111453E-12   8.77298589E-05   5.29003469E-03   3.85847045E-07 -0.970879912      0.723914325       5.08177541E-02
   4.00000000       800.000000      0.256586730       32.7818604       3.14091146E-02   9.57992800E-12   8.81019805E-05   5.22803050E-03   3.11431364E-07 -0.957923532      0.723914325       5.01385853E-02
   5.00000000       800.000000      0.258610994       33.0395813       3.07499450E-02   9.30583215E-12   8.84928595E-05   5.16677275E-03   2.40067408E-07 -0.945045829      0.723914444       4.94548231E-02
   6.00000000       800.000000      0.260681123       33.2992859       3.01014651E-02   9.03862228E-12   8.88905197E-05   5.10596950E-03   1.71370132E-07 -0.932234228      0.723914444       4.87684533E-02
   7.00000000       800.000000      0.262756377       33.5623474       2.94641089E-02   8.77812319E-12   8.92796306E-05   5.04592247E-03   1.05180504E-07 -0.919510424      0.723914444       4.80796061E-02
   8.00000000       800.000000      0.264846563       33.8261070       2.88370363E-02   8.52426463E-12   8.96537822E-05   4.98676300E-03   4.17150154E-08 -0.906878173      0.723914444       4.73867655E-02
   9.00000000       800.000000      0.266964108       34.0918350       2.82202512E-02   8.27693036E-12   9.00192681E-05   4.92834579E-03  -1.84719315E-08 -0.894314468      0.723914444       4.66899872E-02
   10.0000000       800.000000      0.269089431       34.3593788       2.76143197E-02   8.03599461E-12   9.03863183E-05   4.87041054E-03  -7.45865663E-08 -0.881844819      0.723914444       4.59896661E-02
   11.0000000       800.000000      0.271236569       34.6304741       2.70186588E-02   7.80132209E-12   9.07578651E-05   4.81319334E-03  -1.25792823E-07 -0.869471490      0.723914444       4.52877209E-02
   12.0000000       800.000000      0.273390830       34.9008446       2.64328793E-02   7.57270548E-12   9.11256357E-05   4.75681340E-03  -1.71307661E-07 -0.857181787      0.723914444       4.45857607E-02
   13.0000000       800.000000      0.275573671       35.1773834       2.58582681E-02   7.35018123E-12   9.14749689E-05   4.70071472E-03  -2.10600732E-07 -0.844994307      0.723914444       4.38842103E-02
   2.00000000       800.000000      0.277770936       35.4531212       2.52933484E-02   7.13347610E-12   9.17954749E-05   4.64555714E-03  -2.43410966E-07 -0.832893372      0.723914325       4.31839302E-02
   3.00000000       800.000000      0.279982239       35.7325478       2.47381926E-02   6.92253373E-12   9.20850653E-05   4.59100446E-03  -2.69712928E-07 -0.820897698      0.723914146       4.24834788E-02
   4.00000000       800.000000      0.282222867       36.0137329       2.41937097E-02   6.71726043E-12   9.23454936E-05   4.53731650E-03  -2.89617446E-07 -0.809012055      0.723914146       4.17830870E-02
   5.00000000       800.000000      0.284471065       36.2968369       2.36588903E-02   6.51747319E-12   9.25774366E-05   4.48403694E-03  -3.03161414E-07 -0.797220230      0.723914146       4.10844758E-02
   6.00000000       800.000000      0.286742091       36.5804558       2.31336541E-02   6.32310220E-12   9.27779838E-05   4.43143863E-03  -3.10198942E-07 -0.785543859      0.723914146       4.03880626E-02
   7.00000000       800.000000      0.289016098       36.8690605       2.26183273E-02   6.13401907E-12   9.29442976E-05   4.37927106E-03  -3.10437201E-07 -0.773969948      0.723913789       3.96931618E-02
   8.00000000       800.000000      0.291324228       37.1585426       2.21127626E-02   5.95006119E-12   9.30798924E-05   4.32778802E-03  -3.03592174E-07 -0.762505770      0.723913789       3.90003771E-02
   9.00000000       800.000000      0.293644518       37.4530144       2.16168053E-02   5.77121207E-12   9.31959148E-05   4.27715760E-03  -2.89673551E-07 -0.751163900      0.723913670       3.83098051E-02
   10.0000000       800.000000      0.296003997       37.7481918       2.11304296E-02   5.59728132E-12   9.33059855E-05   4.22674138E-03  -2.69165213E-07 -0.739926100      0.723913670       3.76213193E-02
   11.0000000       800.000000      0.298353791       38.0451622       2.06533615E-02   5.42818525E-12   9.34170603E-05   4.17710887E-03  -2.43125243E-07 -0.728796065      0.723913491       3.69366221E-02
   12.0000000       800.000000      0.300734103       38.3437805       2.01855861E-02   5.26374430E-12   9.35277567E-05   4.12820932E-03  -2.13089095E-07 -0.717791438      0.723913491       3.62564772E-02
   13.0000000       800.000000      0.303147912       38.6467476       1.97270587E-02   5.10397453E-12   9.36268334E-05   4.07975633E-03  -1.80662127E-07 -0.706901848      0.723913491       3.55827436E-02
   2.00000000       800.000000      0.305555582       38.9513550       1.92775354E-02   4.94871895E-12   9.37017612E-05   4.03183885E-03  -1.47324315E-07 -0.696131527      0.723913491       3.49152051E-02
   3.00000000       800.000000      0.307996303       39.2577019       1.88369285E-02   4.79782837E-12   9.37420700E-05   3.98444990E-03  -1.14288255E-07 -0.685479820      0.723913491       3.42534781E-02
   4.00000000       800.000000      0.310469896       39.5681572       1.84051767E-02   4.65122168E-12   9.37450241E-05   3.93770589E-03  -8.25996409E-08 -0.674947500      0.723913491       3.35972197E-02
   5.00000000       800.000000      0.312931180       39.8770142       1.79822035E-02   4.50880652E-12   9.37157747E-05   3.89131298E-03  -5.31219939E-08 -0.664536059      0.723913491       3.29460688E-02
   6.00000000       800.000000      0.315432847       40.1933212       1.75678041E-02   4.37046319E-12   9.36651122E-05   3.84584162E-03  -2.65933178E-08 -0.654245675      0.723913491       3.22997756E-02
   7.00000000       800.000000      0.317947745       40.5082169       1.71619877E-02   4.23612014E-12   9.36068973E-05   3.80047061E-03  -3.50684037E-09 -0.644078851      0.723913491       3.16594467E-02
   8.00000000       800.000000      0.320495814       40.8281288       1.67645626E-02   4.10566416E-12   9.35545395E-05   3.75588797E-03   1.59705866E-08 -0.634033501      0.723913491       3.10245268E-02
   9.00000000       800.000000      0.323059022       41.1489258       1.63753722E-02   3.97900072E-12   9.35180578E-05   3.71176889E-03   3.20852784E-08 -0.624109745      0.723913670       3.03964131E-02
   10.0000000       800.000000      0.325634599       41.4749947       1.59943867E-02   3.85604526E-12   9.35007265E-05   3.66817345E-03   4.53866562E-08 -0.614314556      0.723913670       2.97753364E-02
   11.0000000       800.000000      0.328246117       41.8027420       1.56214871E-02   3.73667850E-12   9.34974669E-05   3.62518337E-03   5.65257103E-08 -0.604641557      0.723913670       2.91630905E-02
   12.0000000       800.000000      0.330868602       42.1312904       1.52565278E-02   3.62081394E-12   9.34964119E-05   3.58267012E-03   6.60303030E-08 -0.595092773      0.723913670       2.85594296E-02
   13.0000000       800.000000      0.333499759       42.4624519       1.48992157E-02   3.50839930E-12   9.34835844E-05   3.54063930E-03   7.41695203E-08 -0.585668445      0.723913670       2.79645566E-02
   2.00000000       800.000000      0.336178690       42.7972488       1.45498049E-02   3.39929235E-12   9.34474156E-05   3.49902664E-03   8.09764202E-08 -0.576365769      0.723913670       2.73788609E-02
   3.00000000       800.000000      0.338866234       43.1343956       1.42077291E-02   3.29339854E-12   9.33830306E-05   3.45800025E-03   8.63600889E-08 -0.567186058      0.723913670       2.68008169E-02
   4.00000000       800.000000      0.341564178       43.4764404       1.38730472E-02   3.19066648E-12   9.32961339E-05   3.41729983E-03   9.02703334E-08 -0.558128238      0.723913670       2.62303203E-02
   5.00000000       800.000000      0.344298780       43.8198090       1.35457227E-02   3.09100705E-12   9.32000767E-05   3.37705389E-03   9.28110779E-08 -0.549194515      0.723913670       2.56677773E-02
   6.00000000       800.000000      0.347046673       44.1641579       1.32256178E-02   2.99431942E-12   9.31077811E-05   3.33755184E-03   9.42251148E-08 -0.540385187      0.723913670       2.51125861E-02
   7.00000000       800.000000      0.349838823       44.5138283       1.29125649E-02   2.90056282E-12   9.30258320E-05   3.29837948E-03   9.47448342E-08 -0.531696916      0.723913670       2.45657302E-02
   8.00000000       800.000000      0.352615893       44.8651733       1.26063852E-02   2.80959761E-12   9.29496091E-05   3.25965253E-03   9.44290548E-08 -0.523128510      0.723913670       2.40283068E-02
   9.00000000       800.000000      0.355454803       45.2186356       1.23069547E-02   2.72142270E-12   9.28644076E-05   3.22141894E-03   9.30970998E-08 -0.514681995      0.723913670       2.35008579E-02
   10.0000000       800.000000      0.358279139       45.5763397       1.20143155E-02   2.63591557E-12   9.27524452E-05   3.18344031E-03   9.03490474E-08 -0.506355047      0.723913670       2.29824167E-02
   11.0000000       800.000000      0.361149102       45.9357567       1.17281759E-02   2.55296110E-12   9.26030480E-05   3.14615248E-03   8.57683560E-08 -0.498146653      0.723913670       2.24733707E-02
   12.0000000       800.000000      0.364027262       46.2968864       1.14484262E-02   2.47256013E-12   9.24180567E-05   3.10907420E-03   7.90970986E-08 -0.490055740      0.723913670       2.19725650E-02
   13.0000000       800.000000      0.366944253       46.6631355       1.11750746E-02   2.39461185E-12   9.22118925E-05   3.07271420E-03   7.04589240E-08 -0.482087314      0.723913670       2.14790273E-02
   2.00000000       800.000000      0.369876415       47.0312233       1.09078372E-02   2.31904339E-12   9.20035454E-05   3.03650578E-03   6.02957968E-08 -0.474230230      0.723913670       2.09934879E-02
   3.00000000       800.000000      0.372847915       47.4044495       1.06467530E-02   2.24580142E-12   9.18078586E-05   3.00087384E-03   4.92531989E-08 -0.466492355      0.723913670       2.05158573E-02
   4.00000000       800.000000      0.375840873       47.7758026       1.03916349E-02   2.17480526E-12   9.16313147E-05   2.96560000E-03   3.79302065E-08 -0.458873212      0.723913670       2.00471003E-02
   5.00000000       800.000000      0.378836393       48.1548996       1.01423785E-02   2.10600699E-12   9.14731208E-05   2.93072895E-03   2.67614766E-08 -0.451363593      0.723913670       1.95872597E-02
   6.00000000       800.000000      0.381849557       48.5329056       9.89884418E-03   2.03933159E-12   9.13273907E-05   2.89633079E-03   1.60631917E-08 -0.443971366      0.723913670       1.91366151E-02
   7.00000000       800.000000      0.384928495       48.9166336       9.66098346E-03   1.97473396E-12   9.11905154E-05   2.86239455E-03   6.05515327E-09 -0.436691195      0.723913670       1.86948199E-02
   8.00000000       800.000000      0.388007849       49.3037720       9.42862686E-03   1.91213473E-12   9.10589297E-05   2.82868417E-03  -3.03485614E-09 -0.429521233      0.723913670       1.82620790E-02
   9.00000000       800.000000      0.391112477       49.6939621       9.20161791E-03   1.85146928E-12   9.09324663E-05   2.79556750E-03  -1.09535785E-08 -0.422461957      0.723913670       1.78375077E-02
   10.0000000       800.000000      0.394236952       50.0870171       8.97996034E-03   1.79268959E-12   9.08091752E-05   2.76270811E-03  -1.74555055E-08 -0.415512681      0.723913670       1.74220689E-02
   11.0000000       800.000000      0.397388846       50.4830971       8.76338221E-03   1.73575878E-12   9.06830464E-05   2.73027644E-03  -2.24009558E-08 -0.408670604      0.723913670       1.70152914E-02
   12.0000000       800.000000      0.400564700       50.8813133       8.55195522E-03   1.68059316E-12   9.05412235E-05   2.69805570E-03  -2.58604711E-08 -0.401934206      0.723913670       1.66175384E-02
   13.0000000       800.000000      0.403795749       51.2825050       8.34541675E-03   1.62713311E-12   9.03670298E-05   2.66646734E-03  -2.81230843E-08 -0.395302296      0.723913670       1.62286554E-02
   2.00000000       800.000000      0.406995207       51.6878319       8.14370438E-03   1.57534576E-12   9.01458479E-05   2.63503054E-03  -2.96258733E-08 -0.388780594      0.723913670       1.58483051E-02
   3.00000000       800.000000      0.410275906       52.0953789       7.94675108E-03   1.52518297E-12   8.98738290E-05   2.60408409E-03  -3.08188746E-08 -0.382350624      0.723913670       1.54757770E-02
   4.00000000       800.000000      0.413564175       52.5095062       7.75435194E-03   1.47660107E-12   8.95588164E-05   2.57349643E-03  -3.20273514E-08 -0.376024753      0.723913670       1.51105104E-02
   5.00000000       800.000000      0.416869521       52.9231834       7.56653771E-03   1.42952805E-12   8.92192984E-05   2.54334835E-03  -3.33611929E-08 -0.369800448      0.723913670       1.47518301E-02
   6.00000000       800.000000      0.420203984       53.3436661       7.38315191E-03   1.38393138E-12   8.88785507E-05   2.51340796E-03  -3.47213387E-08 -0.363678128      0.723913670       1.43999485E-02
   7.00000000       800.000000      0.423574746       53.7655487       7.20419176E-03   1.33979481E-12   8.85563204E-05   2.48384522E-03  -3.58559298E-08 -0.357654542      0.723913670       1.40552148E-02
   8.00000000       800.000000      0.426962882       54.1887779       7.02947890E-03   1.29704841E-12   8.82648019E-05   2.45472696E-03  -3.64805253E-08 -0.351724416      0.723913670       1.37174465E-02
   9.00000000       800.000000      0.430381179       54.6191368       6.85888156E-03   1.25564034E-12   8.80092994E-05   2.42576934E-03  -3.63638080E-08 -0.345892131      0.723913670       1.33877387E-02
   10.0000000       800.000000      0.433835030       55.0515404       6.69247610E-03   1.21555272E-12   8.77864150E-05   2.39719241E-03  -3.53576475E-08 -0.340155035      0.723913670       1.30652785E-02
   11.0000000       800.000000      0.437294513       55.4855461       6.52999617E-03   1.17673601E-12   8.75911282E-05   2.36903597E-03  -3.33881545E-08 -0.334511846      0.723913670       1.27505977E-02
   12.0000000       800.000000      0.440796643       55.9234009       6.37142453E-03   1.13914748E-12   8.74104880E-05   2.34126858E-03  -3.04435055E-08 -0.328959256      0.723913670       1.24437483E-02
   13.0000000       800.000000      0.444335788       56.3692284       6.21668203E-03   1.10274170E-12   8.72229648E-05   2.31364765E-03  -2.65982703E-08 -0.323497951      0.723913670       1.21446978E-02
   2.00000000       800.000000      0.447884768       56.8128738       6.06556516E-03   1.06748963E-12   8.70017830E-05   2.28646188E-03  -2.20338698E-08 -0.318124712      0.723913670       1.18536009E-02
   3.00000000       800.000000      0.451492101       57.2652702       5.91795845E-03   1.03335255E-12   8.67195849E-05   2.25969660E-03  -1.70541288E-08 -0.312835366      0.723913670       1.15698064E-02
   4.00000000       800.000000      0.455087274       57.7184486       5.77403326E-03   1.00028319E-12   8.63607347E-05   2.23303027E-03  -1.20355104E-08 -0.307634145      0.723913670       1.12929279E-02
   5.00000000       800.000000      0.458740443       58.1730003       5.63340681E-03   9.68269518E-13   8.59257780E-05   2.20680051E-03  -7.34393701E-09 -0.302515358      0.723913670       1.10218031E-02
   6.00000000       800.000000      0.462410837       58.6358948       5.49621414E-03   9.37266757E-13   8.54361424E-05   2.18080939E-03  -3.25203175E-09 -0.297482580      0.723913670       1.07559878E-02
   7.00000000       800.000000      0.466109008       59.0983734       5.36231603E-03   9.07244603E-13   8.49308854E-05   2.15519266E-03   1.30698091E-10 -0.292529166      0.723913670       1.04950964E-02
   8.00000000       800.000000      0.469850868       59.5668716       5.23164868E-03   8.78183756E-13   8.44581009E-05   2.12988444E-03   2.88533042E-09 -0.287659645      0.723913670       1.02388412E-02
   9.00000000       800.000000      0.473630607       60.0369263       5.10416646E-03   8.50055594E-13   8.40630746E-05   2.10475898E-03   5.20354559E-09 -0.282867879      0.723913670       9.98743437E-03
   10.0000000       800.000000      0.477417022       60.5153427       4.97981394E-03   8.22825857E-13   8.37805346E-05   2.07996601E-03   7.27894056E-09 -0.278159797      0.723913670       9.74159408E-03
   11.0000000       800.000000      0.481236160       60.9947357       4.85849287E-03   7.96467981E-13   8.36212057E-05   2.05552857E-03   9.22658661E-09 -0.273529738      0.723913670       9.50181857E-03
   12.0000000       800.000000      0.485106736       61.4788399       4.74012829E-03   7.70957896E-13   8.35680767E-05   2.03132629E-03   1.10583462E-08 -0.268978268      0.723913670       9.26869456E-03
   13.0000000       800.000000      0.489003509       61.9645309       4.62462660E-03   7.46257114E-13   8.35850660E-05   2.00745463E-03   1.26986581E-08 -0.264500648      0.723913670       9.04239900E-03
   2.00000000       800.000000      0.492917389       62.4534645       4.51194076E-03   7.22342867E-13   8.36244944E-05   1.98376528E-03   1.40258853E-08 -0.260097831      0.723913670       8.82283878E-03
   3.00000000       800.000000      0.496857613       62.9518318       4.40189941E-03   6.99198566E-13   8.36359250E-05   1.96040748E-03   1.49082542E-08 -0.255767792      0.723913670       8.60985275E-03
   4.00000000       800.000000      0.500846684       63.4490204       4.29455144E-03   6.76780680E-13   8.35743049E-05   1.93738157E-03   1.52314676E-08 -0.251509666      0.723913670       8.40283372E-03
   5.00000000       800.000000      0.504872501       63.9528084       4.18974319E-03   6.55070941E-13   8.34088933E-05   1.91451109E-03   1.49404205E-08 -0.247318238      0.723913670       8.20147432E-03
   6.00000000       800.000000      0.508909047       64.4573593       4.08743368E-03   6.34051405E-13   8.31245561E-05   1.89205469E-03   1.40771892E-08 -0.243194655      0.723913670       8.00504442E-03
   7.00000000       800.000000      0.512971818       64.9687729       3.98751115E-03   6.13691715E-13   8.27289405E-05   1.86968711E-03   1.27922029E-08 -0.239138156      0.723913670       7.81306718E-03
   8.00000000       800.000000      0.517089903       65.4843674       3.89004196E-03   5.93979889E-13   8.22591901E-05   1.84773386E-03   1.13255947E-08 -0.235146955      0.723913670       7.62473606E-03
   9.00000000       800.000000      0.521240056       66.0012741       3.79489618E-03   5.74895220E-13   8.17749169E-05   1.82585896E-03   9.93202143E-09 -0.231220499      0.723913670       7.43973115E-03
   10.0000000       800.000000      0.525399923       66.5273361       3.70207662E-03   5.56418139E-13   8.13373263E-05   1.80438545E-03   8.81017481E-09 -0.227360010      0.723913670       7.25821732E-03
   11.0000000       800.000000      0.529633105       67.0519409       3.61149665E-03   5.38533465E-13   8.09939302E-05   1.78319553E-03   8.04098121E-09 -0.223562881      0.723913670       7.08053634E-03
   12.0000000       800.000000      0.533852458       67.5886993       3.52312787E-03   5.21223527E-13   8.07645774E-05   1.76209351E-03   7.56979013E-09 -0.219829991      0.723913670       6.90727215E-03
   13.0000000       800.000000      0.538169861       68.1238251       3.43689346E-03   5.04466857E-13   8.06413082E-05   1.74140639E-03   7.23589544E-09 -0.216159835      0.723913670       6.73875352E-03
   2.00000000       800.000000      0.542478204       68.6609192       3.35279200E-03   4.88242910E-13   8.05884483E-05   1.72089436E-03   6.83644874E-09 -0.212547421      0.723913670       6.57532178E-03
   3.00000000       800.000000      0.546837091       69.2043610       3.27066984E-03   4.72540464E-13   8.05551390E-05   1.70055311E-03   6.19110763E-09 -0.208994269      0.723913670       6.41702581E-03
   4.00000000       800.000000      0.551184714       69.7545853       3.19052371E-03   4.57332035E-13   8.04855808E-05   1.68051897E-03   5.18485388E-09 -0.205501646      0.723913670       6.26368076E-03
   5.00000000       800.000000      0.555633724       70.3113556       3.11228982E-03   4.42606753E-13   8.03303556E-05   1.66068028E-03   3.80894027E-09 -0.202065557      0.723913670       6.11513248E-03
   6.00000000       800.000000      0.560065687       70.8701859       3.03588295E-03   4.28340116E-13   8.00644048E-05   1.64111902E-03   2.18206386E-09 -0.198676512      0.723913670       5.97066898E-03
   7.00000000       800.000000      0.564574599       71.4266510       2.96122557E-03   4.14522908E-13   7.97011526E-05   1.62173307E-03   5.04360165E-10 -0.195348993      0.723913670       5.82930073E-03
   8.00000000       800.000000      0.569091976       71.9988251       2.88841664E-03   4.01147702E-13   7.92940991E-05   1.60264713E-03  -9.94629490E-10 -0.192069724      0.723913670       5.69063378E-03
   9.00000000       800.000000      0.573642910       72.5662689       2.81735067E-03   3.88193357E-13   7.89113110E-05   1.58372975E-03  -2.13256524E-09 -0.188842773      0.723913670       5.55463554E-03
   10.0000000       800.000000      0.578249216       73.1417236       2.74793920E-03   3.75652092E-13   7.86086603E-05   1.56499166E-03  -2.84657342E-09 -0.185670108      0.723913670       5.42143779E-03
   11.0000000       800.000000      0.582887828       73.7225037       2.68021296E-03   3.63502685E-13   7.84216900E-05   1.54654984E-03  -3.20969407E-09 -0.182550475      0.723913670       5.29146940E-03
   12.0000000       800.000000      0.587557673       74.3115692       2.61410209E-03   3.51743970E-13   7.83568394E-05   1.52827310E-03  -3.38971273E-09 -0.179479346      0.723913670       5.16507216E-03
   13.0000000       800.000000      0.592285097       74.9019089       2.54957820E-03   3.40366597E-13   7.83939686E-05   1.51019543E-03  -3.58610674E-09 -0.176455960      0.723913670       5.04205422E-03
   2.00000000       800.000000      0.597044110       75.4963303       2.48658471E-03   3.29337008E-13   7.85103766E-05   1.49245723E-03  -3.90862187E-09 -0.173481420      0.723913670       4.92260326E-03
   3.00000000       800.000000      0.601813197       76.0937424       2.42509809E-03   3.18667130E-13   7.86825694E-05   1.47481612E-03  -4.34357750E-09 -0.170553923      0.723913670       4.80694976E-03
   4.00000000       800.000000      0.606662095       76.6995621       2.36506015E-03   3.08329480E-13   7.88956022E-05   1.45738141E-03  -4.79518469E-09 -0.167673305      0.723913670       4.69491538E-03
   5.00000000       800.000000      0.611538589       77.3089294       2.30642199E-03   2.98313511E-13   7.91435014E-05   1.44010002E-03  -5.12373965E-09 -0.164836049      0.723913670       4.58630361E-03
   6.00000000       800.000000      0.616429627       77.9216690       2.24916055E-03   2.88615377E-13   7.94223743E-05   1.42310536E-03  -5.21603472E-09 -0.162040532      0.723913670       4.48103156E-03
   7.00000000       800.000000      0.621346176       78.5425873       2.19320343E-03   2.79217323E-13   7.97271787E-05   1.40624645E-03  -5.03166486E-09 -0.159289092      0.723913670       4.37912950E-03
   8.00000000       800.000000      0.626343310       79.1605453       2.13854504E-03   2.70112654E-13   8.00373018E-05   1.38968637E-03  -4.63663508E-09 -0.156577185      0.723913670       4.28093225E-03
   9.00000000       800.000000      0.631355822       79.7936478       2.08512740E-03   2.61289850E-13   8.03325311E-05   1.37324678E-03  -4.17840340E-09 -0.153904170      0.723913670       4.18560160E-03
   10.0000000       800.000000      0.636449695       80.4251099       2.03290232E-03   2.52741025E-13   8.06060343E-05   1.35694933E-03  -3.77882792E-09 -0.151270643      0.723913670       4.09274874E-03
   11.0000000       800.000000      0.641569495       81.0633545       1.98189099E-03   2.44457774E-13   8.08643526E-05   1.34087820E-03  -3.44914808E-09 -0.148674145      0.723913670       4.00231453E-03
   12.0000000       800.000000      0.646703839       81.7070923       1.93207862E-03   2.36431778E-13   8.11324790E-05   1.32507354E-03  -3.16059290E-09 -0.146114722      0.723913670       3.91555158E-03
   13.0000000       800.000000      0.651862979       82.3593216       1.88335287E-03   2.28653685E-13   8.14007581E-05   1.30934955E-03  -2.85289259E-09 -0.143589064      0.723913670       3.83122964E-03
   2.00000000       800.000000      0.657104909       83.0148392       1.83573831E-03   2.21111974E-13   8.16679967E-05   1.29385083E-03  -2.46687559E-09 -0.141099840      0.723913670       3.75053496E-03
   3.00000000       800.000000      0.662361264       83.6720734       1.78917521E-03   2.13806552E-13   8.19394263E-05   1.27845805E-03  -1.99057215E-09 -0.138640299      0.723913670       3.67192645E-03
   4.00000000       800.000000      0.667716920       84.3404617       1.74367777E-03   2.06729450E-13   8.22603106E-05   1.26336736E-03  -1.44937518E-09 -0.136215329      0.723913670       3.59750912E-03
   5.00000000       800.000000      0.673070669       85.0116577       1.69919489E-03   1.99864254E-13   8.27005788E-05   1.24835956E-03  -9.17378673E-10 -0.133817390      0.723913670       3.52477841E-03
   6.00000000       800.000000      0.678464949       85.6865540       1.65573088E-03   1.93212132E-13   8.32784062E-05   1.23356562E-03  -4.61520572E-10 -0.131451324      0.723913670       3.45755997E-03
   7.00000000       800.000000      0.683868349       86.3630829       1.61326420E-03   1.86770982E-13   8.39606510E-05   1.21886085E-03  -8.82409562E-11 -0.129106015      0.723913670       3.39098857E-03
   8.00000000       800.000000      0.689361989       87.0500107       1.57167355E-03   1.80524934E-13   8.48087802E-05   1.20447611E-03   2.11275233E-10 -0.126793027      0.723913670       3.33430478E-03
   9.00000000       800.000000      0.694936693       87.7468338       1.53103832E-03   1.74469014E-13   8.56629194E-05   1.19017262E-03   4.67743067E-10 -0.124493740      0.723913670       3.27641005E-03
   10.0000000       800.000000      0.700467765       88.4404068       1.49131904E-03   1.68604077E-13   8.65185066E-05   1.17605529E-03   7.03160363E-10 -0.122222982      0.723913670       3.23202997E-03
   11.0000000       800.000000      0.706084132       89.1438522       1.45246310E-03   1.62911907E-13   8.71748343E-05   1.16205239E-03   9.12105558E-10 -0.119945385      0.723913670       3.18155764E-03
   12.0000000       800.000000      0.711785257       89.8559036       1.41446339E-03   1.57399904E-13   8.78132269E-05   1.14824029E-03   1.10084919E-09 -0.117714122      0.723913670       3.15245031E-03
   13.0000000       800.000000      0.717506111       90.5660553       1.37733982E-03   1.52061293E-13   8.84240580E-05   1.13463425E-03   1.23245780E-09 -0.115437075      0.723913670       3.10745137E-03
   2.00000000       800.000000      0.723254204       91.2924652       1.34108798E-03   1.46888903E-13   8.92619719E-05   1.12122460E-03   1.30974365E-09 -0.113235451      0.723913670       3.09944572E-03
   3.00000000       800.000000      0.729030788       92.0148239       1.30574231E-03   1.41889850E-13   9.00751547E-05   1.10791752E-03   1.36080314E-09 -0.110938855      0.723913670       3.05972598E-03
   4.00000000       800.000000      0.734885931       92.7492523       1.27126870E-03   1.37056721E-13   9.16421704E-05   1.09481800E-03   1.40363576E-09 -0.108755454      0.723913670       3.08779045E-03
   5.00000000       800.000000      0.740812361       93.4854507       1.23770919E-03   1.32389610E-13   9.30744209E-05   1.08187448E-03   1.45815493E-09 -0.106384277      0.723913670       3.04917968E-03
   6.00000000       800.000000      0.746736884       94.2303009       1.20516762E-03   1.27878353E-13   9.52317787E-05   1.06912933E-03   1.50315271E-09 -0.104220003      0.723913670       3.13805602E-03
   7.00000000       800.000000      0.752711892       94.9802017       1.17349264E-03   1.23539796E-13   9.64772917E-05   1.05650676E-03   1.52565283E-09 -0.101676770      0.723913670       3.09051829E-03
   8.00000000       800.000000      0.758787692       95.7357407       1.14288775E-03   1.19366593E-13   9.89097025E-05   1.04427722E-03   1.47820134E-09  -9.95483398E-02  0.723913670       3.28830024E-03
   9.00000000       800.000000      0.764886141       96.4991150       1.11328857E-03   1.15352104E-13   9.99056574E-05   1.03205175E-03   1.41665213E-09  -9.66628119E-02  0.723913670       3.18694930E-03
   10.0000000       800.000000      0.770997465       97.2638321       1.08466740E-03   1.11506324E-13   1.00939928E-04   1.02035829E-03   1.26072508E-09  -9.46523249E-02  0.723913670       3.68109229E-03
   11.0000000       800.000000      0.777200460       98.0346756       1.05806289E-03   1.07909524E-13   1.15295341E-04   1.00844691E-03   1.26463695E-09  -9.09658223E-02  0.723913670       3.30874720E-03
   12.0000000       800.000000      0.783445537       98.8157425       1.02573493E-03   1.03787977E-13   5.97672770E-05   9.97542986E-04  -2.44009347E-20  -8.94900411E-02  0.723913670      -1.34778314E-03
   13.0000000       800.000000      0.789714217       99.6048737       1.00181869E-03   1.00566528E-13   5.95398451E-05   9.85780265E-04  -7.04651189E-20  -9.30891484E-02  0.723913670      -4.55454085E-03
