   0.00000000       190.000000       3.40428352E-02   1.01702809       1.13037194E-03   1.11120496E-11  -8.26142281E-02   1.70756757       5.53531881E-15  -2.61754217E-03   1.88441987E-16  -2.96117123E-02
   1.00000000       197.000000       3.40447091E-02   1.05104125       1.11191557E-03   1.05765561E-11  -7.55156726E-02   1.58935535      -3.46759221E-16  -3.62562365E-03   1.76635936E-16   2.49517011E-03
   2.00000000       200.000000       3.40499915E-02   1.08514261       1.09433092E-03   1.00826864E-11   7.88225532E-02   1.24265015     -0.250566483      -2.44763447E-03  -8.53183400E-03   1.29692992E-02
   3.00000000       200.000000       3.40571664E-02   1.11914527       1.64346537E-03   1.46815424E-11  0.128288925       1.10182059     -0.184716851      -2.74233287E-03  -1.48226544E-02  -1.25456769E-02
   4.00000000       200.000000       3.40652503E-02   1.15326166       2.20211339E-03   1.90912407E-11  0.133675531      0.995537102      -9.50561613E-02  -3.30227125E-03  -1.80607550E-02  -2.04359442E-02
   5.00000000       200.000000       3.40752266E-02   1.18727005       2.90888269E-03   2.44950015E-11  0.126338303      0.913355231       4.38137427E-02  -4.13486594E-03  -1.65677778E-02  -2.91205235E-02
   6.00000000       200.000000       3.40886116E-02   1.22141874       3.81231238E-03   3.12069502E-11  0.114759177      0.846165538      0.227990314      -5.28729195E-03  -8.79572146E-03  -3.92331630E-02
   7.00000000       200.000000       3.41038704E-02   1.25543642       4.97172819E-03   3.95926347E-11  0.100940794      0.790145397      0.459082961      -6.81033591E-03   6.86115399E-03  -5.18362969E-02
   8.00000000       200.000000       3.41209993E-02   1.28956389       6.46841899E-03   5.01492459E-11   8.62318650E-02  0.742832303      0.731777906      -8.82390235E-03   3.18309031E-02  -6.90018907E-02
   9.00000000       200.000000       3.41415480E-02   1.32373023       8.40658229E-03   6.34953895E-11   7.09294453E-02  0.701989532       1.03733814      -1.15206707E-02   6.72473684E-02  -9.21449289E-02
   10.0000000       200.000000       3.41642797E-02   1.35789859       1.09135602E-02   8.03579495E-11   5.52283376E-02  0.666250229       1.33680034      -1.51178818E-02  0.112917095     -0.125388712    
   11.0000000       200.000000       3.41873281E-02   1.39207828       1.42531581E-02   1.02371389E-10   3.95919383E-02  0.634443223       1.65965712      -2.00911034E-02  0.169656783     -0.173935205    
   2.00000000       200.000000       3.42125520E-02   1.42626679       1.86858810E-02   1.30991371E-10   2.14018635E-02  0.605664492       2.03088856      -2.70152520E-02  0.239140913     -0.240198269    
   3.00000000       200.000000       3.42412032E-02   1.46045995       2.44744364E-02   1.67549447E-10  -9.94884642E-04  0.578714430       2.36115456      -3.65341008E-02  0.319991797     -0.309684068    
   4.00000000       200.000000       3.42717990E-02   1.49468386       3.17121893E-02   2.12123319E-10  -1.40172439E-02  0.555430770       2.53891206      -4.82332371E-02  0.407007456     -0.376885176    
   5.00000000       200.000000       3.43041234E-02   1.52902329       4.05073054E-02   2.64879008E-10  -1.88177954E-02  0.535508275       2.52509570      -6.23800904E-02  0.493631959     -0.466541290    
   6.00000000       200.000000       3.43400165E-02   1.56331646       5.12585640E-02   3.27824407E-10  -2.11279485E-02  0.517288446       2.24983859      -8.02593306E-02  0.570891440     -0.586271703    
   7.00000000       200.000000       3.43780145E-02   1.59766877       6.43127412E-02   4.02467809E-10  -2.13669222E-02  0.500404418       1.70072067     -0.102667473      0.629358411     -0.737423003    
   8.00000000       400.000000       3.44163403E-02   1.63212323       7.98002183E-02   4.88863727E-10  -2.02999879E-02  0.484140754      0.923594415     -0.130989984      0.661146879     -0.900443792    
   9.00000000       400.000000       3.44596468E-02   1.66651404       9.76747945E-02   5.86001248E-10  -1.86625514E-02  0.468490064      -3.72133441E-02 -0.164686114      0.659863353      -1.06505001    
   10.0000000       400.000000       3.45019177E-02   1.70102203      0.118033394       6.93790358E-10  -1.67424772E-02  0.453432262      -1.09659898     -0.204436794      0.622028828      -1.23354995    
   11.0000000       400.000000       3.45477760E-02   1.73553383      0.140629247       8.10164547E-10  -1.46708665E-02  0.438924968      -2.12385297     -0.249863222      0.548652649      -1.38205159    
   12.0000000       400.000000       3.45973931E-02   1.77006423      0.165052965       9.32302680E-10  -1.24779455E-02  0.424957275      -2.94193220     -0.299998522      0.446871996      -1.49534798    
   13.0000000       400.000000       3.46456654E-02   1.80469894      0.190650374       1.05623010E-09  -1.02047650E-02  0.411546886      -3.32054210     -0.353406042      0.331825882      -1.55108905    
   2.00000000       400.000000       3.46989296E-02   1.83938944      0.216386005       1.17621413E-09  -7.95002002E-03  0.398722708      -3.03140664     -0.407560915      0.226637244      -1.52013886    
   3.00000000       400.000000       3.47537622E-02   1.87406790      0.240924656       1.28533495E-09  -5.86008187E-03  0.386520147      -1.98078275     -0.458985925      0.157796323      -1.38455522    
   4.00000000       400.000000       3.48123796E-02   1.90886545      0.262738824       1.37617551E-09  -4.11117217E-03  0.374969393     -0.332750946     -0.503879011      0.146213070      -1.14957392    
   5.00000000       400.000000       3.48717459E-02   1.94381344      0.280284703       1.44176393E-09  -2.91000237E-03  0.364087939       1.36633921     -0.539090276      0.193858221     -0.866352320    
   6.00000000       400.000000       3.49331126E-02   1.97864985      0.292968988       1.48043222E-09  -2.27136491E-03  0.353863090       2.41722417     -0.564352512      0.278297454     -0.622644842    
   7.00000000       400.000000       3.49960364E-02   2.01366401      0.301782042       1.49848434E-09  -2.13877950E-03  0.344245762       2.43462443     -0.582632124      0.363499999     -0.467683911    
   8.00000000       400.000000       3.50628383E-02   2.04869795      0.307771444       1.50209656E-09  -2.24019424E-03  0.335170180       1.58961880     -0.597117305      0.419236124     -0.402891070    
   9.00000000       400.000000       3.51311862E-02   2.08382654      0.312338203       1.49871271E-09  -2.39394326E-03  0.326552927      0.402320266     -0.610911429      0.433369309     -0.400719613    
   10.0000000       400.000000       3.52015831E-02   2.11898565      0.316364765       1.49284296E-09  -2.44587963E-03  0.318343133     -0.541810334     -0.625300288      0.414296627     -0.427531242    
   11.0000000       400.000000       3.52728553E-02   2.15418029      0.320402086       1.48716339E-09  -2.34357663E-03  0.310486525     -0.924749970     -0.641041577      0.381677210     -0.459138751    
   12.0000000       400.000000       3.53475511E-02   2.18945503      0.324503839       1.48191126E-09  -2.07895297E-03  0.302957654     -0.720683038     -0.657726884      0.356201738     -0.476486742    
   13.0000000       400.000000       3.54251340E-02   2.22494793      0.328530520       1.47643919E-09  -1.71209802E-03  0.295724422     -0.161322147     -0.674765587      0.350487351     -0.469735920    
   2.00000000       400.000000       3.55066359E-02   2.26028228      0.332023233       1.46872414E-09  -1.32362591E-03  0.288788885      0.405097663     -0.691046000      0.364870369     -0.436189204    
   3.00000000       400.000000       3.55888382E-02   2.29589605      0.334622592       1.45730727E-09  -1.01851334E-03  0.282122821      0.686203718     -0.705773711      0.389291495     -0.387260169    
   4.00000000       400.000000       3.56727764E-02   2.33153582      0.336130917       1.44150758E-09  -8.35870742E-04  0.275716215      0.568053603     -0.718641996      0.409554124     -0.343880683    
   5.00000000       400.000000       3.57585363E-02   2.36718988      0.336754143       1.42239331E-09  -7.69189675E-04  0.269548565      0.159342423     -0.730336905      0.415251434     -0.318074971    
   6.00000000       400.000000       3.58451568E-02   2.40296197      0.336798877       1.40138834E-09  -7.67069345E-04  0.263600051     -0.286244661     -0.741416812      0.404990554     -0.309908003    
   7.00000000       400.000000       3.59365791E-02   2.43895650      0.336803585       1.38078171E-09  -7.69173144E-04  0.257853568     -0.536990583     -0.752583146      0.385693192     -0.311224759    
   8.00000000       400.000000       3.60317938E-02   2.47496963      0.336842149       1.36086464E-09  -7.11935572E-04  0.252299875     -0.544296503     -0.763815284      0.366081089     -0.310015470    
   9.00000000       400.000000       3.61256152E-02   2.51087451      0.336916894       1.34161093E-09  -6.39733567E-04  0.246928036     -0.384662241     -0.774954617      0.352184951     -0.299453884    
   10.0000000       400.000000       3.62243615E-02   2.54723430      0.336768836       1.32197409E-09  -5.58633241E-04  0.241735578     -0.192937091     -0.785480142      0.345195562     -0.278809190    
   11.0000000       400.000000       3.63236889E-02   2.58347154      0.336261243       1.30144884E-09  -5.19521302E-04  0.236712262      -6.84853643E-02 -0.795181334      0.342708260     -0.256611884    
   12.0000000       400.000000       3.64281610E-02   2.61973166      0.335394859       1.28007094E-09  -5.32383623E-04  0.231853664      -4.41106074E-02 -0.804150581      0.341101348     -0.246417969    
   13.0000000       400.000000       3.65312435E-02   2.65625191      0.334416062       1.25880761E-09  -5.68885182E-04  0.227144912      -7.83109963E-02 -0.813159525      0.338240385     -0.248004287    
   2.00000000       400.000000       3.66381556E-02   2.69287086      0.333415538       1.23799238E-09  -5.94484736E-04  0.222581387     -0.101401567     -0.822297037      0.334525704     -0.248783380    
   3.00000000       400.000000       3.67491208E-02   2.72951531      0.332450271       1.21781396E-09  -6.06209098E-04  0.218152002      -6.72137737E-02 -0.831417501      0.332055002     -0.242950827    
   4.00000000       400.000000       3.68596762E-02   2.76648116      0.331437081       1.19795129E-09  -6.19288941E-04  0.213855103       2.39100773E-02 -0.840179384      0.332936645     -0.233983666    
   5.00000000       400.000000       3.69738303E-02   2.80324292      0.330401689       1.17848176E-09  -6.42350176E-04  0.209686786      0.118777357     -0.848693132      0.337328434     -0.227986291    
   6.00000000       400.000000       3.70923392E-02   2.84031177      0.329326093       1.15933030E-09  -6.63084211E-04  0.205641627      0.181591377     -0.857066095      0.344063342     -0.225724950    
   7.00000000       400.000000       3.72101963E-02   2.87746811      0.328227878       1.14054688E-09  -6.80678349E-04  0.201711163      0.220713049     -0.865465105      0.352276295     -0.224470884    
   8.00000000       400.000000       3.73310633E-02   2.91468883      0.327103108       1.12210474E-09  -6.95411931E-04  0.197896302      0.241489455     -0.873798966      0.361292183     -0.222035304    
   9.00000000       400.000000       3.74547355E-02   2.95214677      0.325963467       1.10403264E-09  -7.08225649E-04  0.194185019      0.237995669     -0.882071555      0.370206416     -0.221075788    
   10.0000000       400.000000       3.75822932E-02   2.98967767      0.324839443       1.08641862E-09  -7.15916103E-04  0.190580264      0.209349349     -0.890386045      0.378073841     -0.222578287    
   11.0000000       400.000000       3.77115831E-02   3.02733731      0.323756337       1.06933140E-09  -7.15574191E-04  0.187072083      0.170099959     -0.898830473      0.384488195     -0.225111678    
   12.0000000       400.000000       3.78417671E-02   3.06507659      0.322725862       1.05278941E-09  -7.06609746E-04  0.183659509      0.134191424     -0.907394350      0.389566869     -0.227443323    
   13.0000000       400.000000       3.79736088E-02   3.10296249      0.321743548       1.03676256E-09  -6.89358218E-04  0.180337772      0.103873506     -0.916074038      0.393511504     -0.229489177    
   2.00000000       400.000000       3.81093584E-02   3.14102793      0.320800245       1.02120412E-09  -6.66855718E-04  0.177105531       7.34358281E-02 -0.924856186      0.396309495     -0.231630027    
   3.00000000       400.000000       3.82481478E-02   3.17926812      0.319894522       1.00608943E-09  -6.40257029E-04  0.173956871       3.55775096E-02 -0.933760524      0.397670567     -0.233464390    
   4.00000000       400.000000       3.83906849E-02   3.21746230      0.319005162       9.91345450E-10  -6.12051517E-04  0.170886636      -8.38819146E-03 -0.942748606      0.397348315     -0.234477863    
   5.00000000       400.000000       3.85340862E-02   3.25593615      0.318127126       9.76939307E-10  -5.83579880E-04  0.167896673      -4.56162877E-02 -0.951797009      0.395590484     -0.235034361    
   6.00000000       400.000000       3.86794209E-02   3.29459786      0.317260712       9.62862901E-10  -5.55124774E-04  0.164985016      -6.50632828E-02 -0.960894883      0.393074214     -0.235091597    
   7.00000000       400.000000       3.88261117E-02   3.33332801      0.316398442       9.49081702E-10  -5.26078395E-04  0.162140891      -7.44173750E-02 -0.970018625      0.390184730     -0.233716637    
   8.00000000       400.000000       3.89781781E-02   3.37215042      0.315516979       9.35521660E-10  -5.00419817E-04  0.159368739      -8.71889442E-02 -0.979080021      0.386786729     -0.230630651    
   9.00000000       400.000000       3.91310640E-02   3.41121101      0.314597338       9.22114496E-10  -4.80868010E-04  0.156662002     -0.103600182     -0.988029957      0.382732451     -0.227738246    
   10.0000000       400.000000       3.92854065E-02   3.45050335      0.313656360       9.08910114E-10  -4.67281265E-04  0.154021680     -0.112588920     -0.996937990      0.378309816     -0.226443216    
   11.0000000       400.000000       3.94439995E-02   3.48992372      0.312710702       8.95949315E-10  -4.53111716E-04  0.151443228     -0.111035563      -1.00585878      0.373929799     -0.225128323    
   12.0000000       400.000000       3.96043137E-02   3.52931929      0.311752021       8.83198625E-10  -4.41865879E-04  0.148925304     -0.105101988      -1.01473415      0.369767338     -0.221924648    
   13.0000000       400.000000       3.97699885E-02   3.56905532      0.310756058       8.70589045E-10  -4.34393529E-04  0.146464959     -0.100162126      -1.02347434      0.365783662     -0.218669847    
   2.00000000       400.000000       3.99327539E-02   3.60901117      0.309753835       8.58197235E-10  -4.31243854E-04  0.144062772      -9.62397680E-02  -1.03216469      0.361939996     -0.216874957    
   3.00000000       400.000000       4.01016437E-02   3.64905024      0.308756918       8.46056170E-10  -4.24447382E-04  0.141714290      -8.80863667E-02  -1.04083180      0.358407795     -0.215103537    
   4.00000000       400.000000       4.02740240E-02   3.68916464      0.307760894       8.34139258E-10  -4.17859759E-04  0.139416978      -7.28268549E-02  -1.04945147      0.355474800     -0.212223038    
   5.00000000       400.000000       4.04453352E-02   3.72949243      0.306752861       8.22410196E-10  -4.10637207E-04  0.137173772      -5.42298369E-02  -1.05796242      0.353281766     -0.209467962    
   6.00000000       400.000000       4.06209007E-02   3.77015471      0.305747688       8.10902123E-10  -4.03704995E-04  0.134977877      -3.67423669E-02  -1.06643331      0.351788968     -0.206853956    
   7.00000000       400.000000       4.08019014E-02   3.81062984      0.304739088       7.99592170E-10  -3.94304836E-04  0.132831603      -1.86630301E-02  -1.07480633      0.351027906     -0.204669818    
   8.00000000       400.000000       4.09835242E-02   3.85157919      0.303729296       7.88481835E-10  -3.83273058E-04  0.130732983       2.05374439E-03  -1.08317173      0.351111889     -0.201136440    
   9.00000000       400.000000       4.11677249E-02   3.89264297      0.302694917       7.77506226E-10  -3.73278133E-04  0.128676012       2.26766858E-02  -1.09132791      0.352044880     -0.197461113    
   10.0000000       800.000000       4.13518026E-02   3.93391180      0.301678061       7.66766872E-10  -3.57559125E-04  0.126665726       3.87663767E-02  -1.09946692      0.353648394     -0.194800660    
   11.0000000       800.000000       4.15420607E-02   3.97551847      0.300622195       7.56117224E-10  -3.45592969E-04  0.124696352       5.03458194E-02  -1.10747743      0.355739862     -0.190860212    
   12.0000000       800.000000       4.17331755E-02   4.01692963      0.299552530       7.45617068E-10  -3.33948934E-04  0.122771874       5.91228083E-02  -1.11536169      0.358207971     -0.187204912    
   13.0000000       800.000000       4.19295840E-02   4.05884504      0.298463583       7.35250083E-10  -3.22046020E-04  0.120883934       6.44255131E-02  -1.12313759      0.360908121     -0.183896765    
   2.00000000       800.000000       4.21275869E-02   4.10084629      0.297360420       7.25024762E-10  -3.10857664E-04  0.119041748       6.42045364E-02  -1.13081598      0.363613486     -0.180712849    
   3.00000000       800.000000       4.23264094E-02   4.14324856      0.296242982       7.14939663E-10  -2.99505104E-04  0.117230497       5.92094995E-02  -1.13840091      0.366119266     -0.177963272    
   4.00000000       800.000000       4.25276794E-02   4.18554831      0.295117646       7.05004832E-10  -2.88194977E-04  0.115457721       5.27929887E-02  -1.14591908      0.368364394     -0.175545409    
   5.00000000       800.000000       4.27326299E-02   4.22826385      0.293985039       6.95217828E-10  -2.76082981E-04  0.113723889       4.72159237E-02  -1.15336990      0.370382249     -0.173232913    
   6.00000000       800.000000       4.29400988E-02   4.27117634      0.292848945       6.85585144E-10  -2.63520487E-04  0.112025023       4.19148430E-02  -1.16076088      0.372182250     -0.170967400    
   7.00000000       800.000000       4.31519486E-02   4.31416321      0.291708410       6.76100675E-10  -2.50501267E-04  0.110354431       3.61042209E-02  -1.16808653      0.373739958     -0.168691590    
   8.00000000       800.000000       4.33655083E-02   4.35740662      0.290563911       6.66763200E-10  -2.37463479E-04  0.108723722       3.11733801E-02  -1.17535615      0.375091970     -0.166462436    
   9.00000000       800.000000       4.35808785E-02   4.40067959      0.289416820       6.57569055E-10  -2.24187927E-04  0.107118517       2.80151591E-02  -1.18256187      0.376312673     -0.164246649    
   10.0000000       800.000000       4.38009016E-02   4.44439697      0.288263172       6.48509746E-10  -2.11269842E-04  0.105551951       2.42882315E-02  -1.18970966      0.377376467     -0.161974177    
   11.0000000       800.000000       4.40220647E-02   4.48833799      0.287103236       6.39581388E-10  -1.99431641E-04  0.104009368       1.78595688E-02  -1.19678676      0.378162920     -0.159628034    
   12.0000000       800.000000       4.42490242E-02   4.53246212      0.285937518       6.30781705E-10  -1.88862847E-04  0.102501474       1.02375327E-02  -1.20379937      0.378616214     -0.157335609    
   13.0000000       800.000000       4.44775447E-02   4.57707596      0.284768462       6.22113749E-10  -1.78885894E-04  0.101015680       3.38305254E-03  -1.21074605      0.378766149     -0.155283287    
   2.00000000       800.000000       4.47068773E-02   4.62136841      0.283596039       6.13574636E-10  -1.69454855E-04   9.95648801E-02  -3.58660822E-03  -1.21764684      0.378605515     -0.153510779    
   3.00000000       800.000000       4.49385233E-02   4.66624355      0.282420427       6.05162198E-10  -1.61147778E-04   9.81402099E-02  -1.11119561E-02  -1.22450745      0.378106683     -0.151571751    
   4.00000000       800.000000       4.51754220E-02   4.71121693      0.281242192       5.96873384E-10  -1.53616740E-04   9.67398807E-02  -1.68383997E-02  -1.23130488      0.377346486     -0.149458468    
   5.00000000       800.000000       4.54156250E-02   4.75678205      0.280061573       5.88710525E-10  -1.45985308E-04   9.53660384E-02  -1.96421947E-02  -1.23804784      0.376453817     -0.147584274    
   6.00000000       800.000000       4.56556603E-02   4.80203438      0.278877646       5.80661463E-10  -1.38925374E-04   9.40138325E-02  -2.12947857E-02  -1.24474645      0.375481576     -0.145669907    
   7.00000000       800.000000       4.59001064E-02   4.84787893      0.277686834       5.72722370E-10  -1.33165056E-04   9.26909968E-02  -2.27709115E-02  -1.25138545      0.374436617     -0.143411055    
   8.00000000       800.000000       4.61495221E-02   4.89382601      0.276492894       5.64898239E-10  -1.27843057E-04   9.13886651E-02  -2.34017428E-02  -1.25794816      0.373356968     -0.141296506    
   9.00000000       800.000000       4.64015417E-02   4.94037914      0.275293350       5.57178748E-10  -1.22876983E-04   9.01152417E-02  -2.34016161E-02  -1.26446068      0.372270942     -0.139343351    
   10.0000000       800.000000       4.66544069E-02   4.98703766      0.274086684       5.49560231E-10  -1.19026838E-04   8.88558626E-02  -2.37717535E-02  -1.27091312      0.371161342     -0.137208372    
   11.0000000       800.000000       4.69110720E-02   5.03345490      0.272876948       5.42050071E-10  -1.15617346E-04   8.76276344E-02  -2.41621789E-02  -1.27729940      0.370028317     -0.135275319    
   12.0000000       800.000000       4.71705161E-02   5.08080530      0.271666229       5.34649491E-10  -1.11883375E-04   8.64130035E-02  -2.34882124E-02  -1.28364110      0.368919790     -0.133697942    
   13.0000000       800.000000       4.74330559E-02   5.12793064      0.270452887       5.27350330E-10  -1.08269443E-04   8.52233544E-02  -2.17941087E-02  -1.28994846      0.367886871     -0.132051662    
   2.00000000       800.000000       4.76989783E-02   5.17558718      0.269239366       5.20160137E-10  -1.05085928E-04   8.40580016E-02  -1.94940753E-02  -1.29620254      0.366956383     -0.130315334    
   3.00000000       800.000000       4.79672700E-02   5.22343826      0.268025577       5.13073029E-10  -1.01692342E-04   8.29045549E-02  -1.65806394E-02  -1.30241430      0.366161674     -0.128831506    
   4.00000000       800.000000       4.82396744E-02   5.27148342      0.266812831       5.06090225E-10  -9.85324077E-05   8.17753673E-02  -1.32642696E-02  -1.30859554      0.365521193     -0.127341256    
   5.00000000       800.000000       4.85143214E-02   5.32006216      0.265599102       4.99209507E-10  -9.61159458E-05   8.06696787E-02  -1.02414414E-02  -1.31473315      0.365024775     -0.125732854    
   6.00000000       800.000000       4.87925000E-02   5.36836243      0.264389187       4.92428820E-10  -9.37866353E-05   7.95748904E-02  -7.67971994E-03  -1.32083225      0.364649743     -0.124358550    
   7.00000000       800.000000       4.90735136E-02   5.41723442      0.263178468       4.85747054E-10  -9.17203652E-05   7.85044879E-02  -5.13348775E-03  -1.32690537      0.364398062     -0.122950844    
   8.00000000       800.000000       4.93605398E-02   5.46674824      0.261970371       4.79163098E-10  -9.00698433E-05   7.74497241E-02  -2.71097082E-03  -1.33293748      0.364264369     -0.121499218    
   9.00000000       800.000000       4.96459454E-02   5.51635075      0.260764688       4.72679840E-10  -8.83470275E-05   7.64119178E-02  -3.97300988E-04  -1.33893442      0.364244759     -0.120250404    
   10.0000000       800.000000       4.99367975E-02   5.56616688      0.259561330       4.66288286E-10  -8.66384144E-05   7.53902718E-02   2.21224572E-03  -1.34491003      0.364354819     -0.118871346    
   11.0000000       800.000000       5.02316244E-02   5.61612844      0.258359730       4.59990185E-10  -8.48724230E-05   7.43860230E-02   4.61150659E-03  -1.35084176      0.364586294     -0.117450751    
   12.0000000       800.000000       5.05279116E-02   5.66623640      0.257160306       4.53785898E-10  -8.28412522E-05   7.33954012E-02   6.52578054E-03  -1.35674357      0.364915967     -0.116245903    
   13.0000000       800.000000       5.08273505E-02   5.71697474      0.255963564       4.47669901E-10  -8.07933902E-05   7.24225938E-02   8.16352107E-03  -1.36262369      0.365331531     -0.115031771    
   2.00000000       800.000000       5.11321910E-02   5.76780939      0.254769504       4.41642584E-10  -7.88917969E-05   7.14709312E-02   9.29096248E-03  -1.36847270      0.365806490     -0.113718934    
   3.00000000       800.000000       5.14377542E-02   5.81939650      0.253578752       4.35704001E-10  -7.71159976E-05   7.05266446E-02   1.00038145E-02  -1.37428975      0.366321295     -0.112437032    
   4.00000000       800.000000       5.17485440E-02   5.87104797      0.252390385       4.29852876E-10  -7.52926862E-05   6.95998594E-02   1.05989454E-02  -1.38007581      0.366869062     -0.111239217    
   5.00000000       800.000000       5.20629622E-02   5.92277527      0.251203567       4.24080771E-10  -7.35445356E-05   6.86914548E-02   1.10120559E-02  -1.38583767      0.367442816     -0.109987713    
   6.00000000       800.000000       5.23787588E-02   5.97483015      0.250020355       4.18393153E-10  -7.19068412E-05   6.77946284E-02   1.11206789E-02  -1.39156044      0.368025273     -0.108734071    
   7.00000000       800.000000       5.26992045E-02   6.02751064      0.248836160       4.12786916E-10  -7.02789257E-05   6.69099614E-02   1.10071739E-02  -1.39726305      0.368605316     -0.107591674    
   8.00000000       800.000000       5.30240014E-02   6.08028364      0.247657254       4.07255507E-10  -6.88116270E-05   6.60403818E-02   1.05781127E-02  -1.40293574      0.369166046     -0.106402718    
   9.00000000       800.000000       5.33496812E-02   6.13364077      0.246481031       4.01803174E-10  -6.74270850E-05   6.51855767E-02   9.83968563E-03  -1.40857816      0.369691730     -0.105254851    
   10.0000000       800.000000       5.36804311E-02   6.18732548      0.245303571       3.96431943E-10  -6.60332225E-05   6.43451810E-02   9.00968257E-03  -1.41420233      0.370174766     -0.104176983    
   11.0000000       800.000000       5.40157408E-02   6.24103832      0.244131774       3.91130461E-10  -6.47584675E-05   6.35120273E-02   8.05212278E-03  -1.41979945      0.370609850     -0.103049792    
   12.0000000       800.000000       5.43518029E-02   6.29508209      0.242963403       3.85908555E-10  -6.34287353E-05   6.26980066E-02   7.00045470E-03  -1.42536283      0.370990157     -0.101981640    
   13.0000000       800.000000       5.46922497E-02   6.34962225      0.241799235       3.80761145E-10  -6.20747378E-05   6.18906878E-02   5.91175398E-03  -1.43092656      0.371313184     -0.100938611    
   2.00000000       800.000000       5.50380871E-02   6.40445566      0.240638897       3.75686315E-10  -6.07757174E-05   6.10974990E-02   4.71686898E-03  -1.43644154      0.371573091      -9.98997986E-02
   3.00000000       800.000000       5.53847216E-02   6.45976830      0.239481062       3.70684039E-10  -5.93914338E-05   6.03182130E-02   3.50807328E-03  -1.44194543      0.371767491      -9.88753289E-02
   4.00000000       800.000000       5.57359010E-02   6.51546860      0.238325283       3.65749681E-10  -5.80746782E-05   5.95507622E-02   2.31530471E-03  -1.44743812      0.371895999      -9.78598744E-02
   5.00000000       800.000000       5.60912378E-02   6.57112312      0.237173334       3.60887792E-10  -5.67176976E-05   5.87921888E-02   1.15528761E-03  -1.45289338      0.371961236      -9.68405977E-02
   6.00000000       800.000000       5.64479530E-02   6.62756824      0.236025333       3.56089963E-10  -5.53153222E-05   5.80454767E-02   7.95310189E-05  -1.45833719      0.371965379      -9.58158076E-02
   7.00000000       800.000000       5.68098128E-02   6.68420267      0.234880507       3.51360135E-10  -5.40239162E-05   5.73119372E-02  -9.21151717E-04  -1.46375275      0.371913731      -9.47837606E-02
   8.00000000       800.000000       5.71758151E-02   6.74102211      0.233737454       3.46694062E-10  -5.27665725E-05   5.65853231E-02  -1.83238217E-03  -1.46914113      0.371808678      -9.37117115E-02
   9.00000000       800.000000       5.75454868E-02   6.79867172      0.232595861       3.42087414E-10  -5.16708496E-05   5.58731928E-02  -2.64136400E-03  -1.47450244      0.371656090      -9.26241353E-02
   10.0000000       800.000000       5.79212233E-02   6.85620070      0.231457457       3.37546074E-10  -5.06655160E-05   5.51701970E-02  -3.34102823E-03  -1.47982371      0.371462852      -9.15168375E-02
   11.0000000       800.000000       5.82982525E-02   6.91421032      0.230321109       3.33068545E-10  -4.97170731E-05   5.44750430E-02  -3.91801214E-03  -1.48513997      0.371234328      -9.04004723E-02
   12.0000000       800.000000       5.86755127E-02   6.97270107      0.229186177       3.28649968E-10  -4.88498263E-05   5.37925065E-02  -4.36575804E-03  -1.49041080      0.370978773      -8.92748907E-02
   13.0000000       800.000000       5.90622984E-02   7.03143930      0.228053629       3.24289512E-10  -4.80253802E-05   5.31173646E-02  -4.69311094E-03  -1.49564433      0.370701045      -8.81435648E-02
   2.00000000       800.000000       5.94485030E-02   7.09108067      0.226923823       3.19982818E-10  -4.72897773E-05   5.24550416E-02  -4.89787525E-03  -1.50085092      0.370410115      -8.70070308E-02
   3.00000000       800.000000       5.98436110E-02   7.15043688      0.225791976       3.15731524E-10  -4.66265737E-05   5.18023521E-02  -4.98569570E-03  -1.50602055      0.370112032      -8.58700946E-02
   4.00000000       800.000000       6.02373928E-02   7.21079636      0.224665001       3.11536796E-10  -4.60362899E-05   5.11565432E-02  -4.96174162E-03  -1.51115215      0.369812906      -8.47396702E-02
   5.00000000       800.000000       6.06374219E-02   7.27131176      0.223535419       3.07396691E-10  -4.55126501E-05   5.05211838E-02  -4.83446103E-03  -1.51627541      0.369519621      -8.36153850E-02
   6.00000000       800.000000       6.10392392E-02   7.33202028      0.222410843       3.03310072E-10  -4.50437401E-05   4.98946644E-02  -4.61634062E-03  -1.52134442      0.369237721      -8.25023651E-02
   7.00000000       800.000000       6.14471473E-02   7.39313030      0.221282020       2.99275188E-10  -4.46253725E-05   4.92755957E-02  -4.31814231E-03  -1.52635467      0.368972749      -8.13973770E-02
   8.00000000       800.000000       6.18590638E-02   7.45494413      0.220161200       2.95292346E-10  -4.42460878E-05   4.86654304E-02  -3.95306991E-03  -1.53136945      0.368727624      -8.03026259E-02
   9.00000000       800.000000       6.22721761E-02   7.51700449      0.219036743       2.91362878E-10  -4.39025207E-05   4.80648205E-02  -3.53286136E-03  -1.53635204      0.368508339      -7.92162046E-02
   10.0000000       800.000000       6.26941621E-02   7.57950735      0.217916653       2.87482455E-10  -4.35879265E-05   4.74702008E-02  -3.07092280E-03  -1.54127979      0.368316174      -7.81372786E-02
   11.0000000       800.000000       6.31151870E-02   7.64244461      0.216800123       2.83651352E-10  -4.33009627E-05   4.68850397E-02  -2.57948623E-03  -1.54618132      0.368153036      -7.70650283E-02
   12.0000000       800.000000       6.35424033E-02   7.70559978      0.215679854       2.79870627E-10  -4.30335567E-05   4.63103168E-02  -2.07111868E-03  -1.55104625      0.368021697      -7.59976953E-02
   13.0000000       800.000000       6.39760271E-02   7.76949692      0.214564964       2.76138085E-10  -4.27829509E-05   4.57401723E-02  -1.55740511E-03  -1.55585659      0.367921799      -7.49340057E-02
   2.00000000       800.000000       6.44085407E-02   7.83382225      0.213453695       2.72455503E-10  -4.25409016E-05   4.51809131E-02  -1.04884349E-03  -1.56064403      0.367853850      -7.38717988E-02
   3.00000000       800.000000       6.48498610E-02   7.89831066      0.212341085       2.68818384E-10  -4.22987250E-05   4.46260832E-02  -5.55218197E-04  -1.56540668      0.367818564      -7.28101358E-02
   4.00000000       800.000000       6.52926117E-02   7.96304750      0.211229965       2.65227146E-10  -4.20522229E-05   4.40821834E-02  -8.54337704E-05  -1.57014000      0.367812753      -7.17467889E-02
   5.00000000       800.000000       6.57397360E-02   8.02879810      0.210122257       2.61682231E-10  -4.17940355E-05   4.35415506E-02   3.52944480E-04  -1.57481456      0.367835701      -7.06805363E-02
   6.00000000       800.000000       6.61928579E-02   8.09504509      0.209013909       2.58183253E-10  -4.15167196E-05   4.30127308E-02   7.53535191E-04  -1.57945931      0.367885739      -6.96116537E-02
   7.00000000       800.000000       6.66503683E-02   8.16145802      0.207909912       2.54727267E-10  -4.12137306E-05   4.24879901E-02   1.11112476E-03  -1.58406270      0.367959499      -6.85397983E-02
   8.00000000       800.000000       6.71091229E-02   8.22835445      0.206806391       2.51315191E-10  -4.08781707E-05   4.19696718E-02   1.42169045E-03  -1.58862078      0.368055135      -6.74640760E-02
   9.00000000       800.000000       6.75772652E-02   8.29508305      0.205702633       2.47945553E-10  -4.05053797E-05   4.14596237E-02   1.68246217E-03  -1.59314597      0.368168503      -6.63857609E-02
   10.0000000       800.000000       6.80434331E-02   8.36327362      0.204600215       2.44617021E-10  -4.00930039E-05   4.09561731E-02   1.89182139E-03  -1.59762061      0.368297398      -6.53050169E-02
   11.0000000       800.000000       6.85164854E-02   8.43160915      0.203499168       2.41330123E-10  -3.96398827E-05   4.04591784E-02   2.04929966E-03  -1.60206676      0.368437737      -6.42229766E-02
   12.0000000       800.000000       6.89990669E-02   8.50011826      0.202398539       2.38083442E-10  -3.91470639E-05   3.99704017E-02   2.15546391E-03  -1.60645342      0.368586719      -6.31406531E-02
   13.0000000       800.000000       6.94770738E-02   8.56972027      0.201298907       2.34876951E-10  -3.86166466E-05   3.94880399E-02   2.21189088E-03  -1.61081135      0.368739963      -6.20597638E-02
   2.00000000       800.000000       6.99650571E-02   8.63913631      0.200200170       2.31710012E-10  -3.80520505E-05   3.90092023E-02   2.22098012E-03  -1.61510968      0.368895888      -6.09814003E-02
   3.00000000       800.000000       7.04544336E-02   8.70913506      0.199102148       2.28582528E-10  -3.74577903E-05   3.85377854E-02   2.18593818E-03  -1.61936975      0.369049221      -5.99071346E-02
   4.00000000       800.000000       7.09533468E-02   8.77987480      0.198004857       2.25490543E-10  -3.68385627E-05   3.80727835E-02   2.11057765E-03  -1.62358427      0.369199306      -5.88381365E-02
   5.00000000       800.000000       7.14557767E-02   8.85152435      0.196908668       2.22440677E-10  -3.61979837E-05   3.76146473E-02   1.99926039E-03  -1.62774980      0.369342089      -5.77757470E-02
   6.00000000       800.000000       7.19595850E-02   8.92326069      0.195812851       2.19423882E-10  -3.55382181E-05   3.71627808E-02   1.85671076E-03  -1.63186944      0.369475514      -5.67216240E-02
   7.00000000       800.000000       7.24673644E-02   8.99552822      0.194718197       2.16446291E-10  -3.48592475E-05   3.67147624E-02   1.68792275E-03  -1.63594055      0.369597971      -5.56757450E-02
   8.00000000       800.000000       7.29827210E-02   9.06822109      0.193625018       2.13504020E-10  -3.41597879E-05   3.62758487E-02   1.49802293E-03  -1.63995981      0.369707525      -5.46385199E-02
   9.00000000       800.000000       7.35015273E-02   9.14107132      0.192533225       2.10599219E-10  -3.34383585E-05   3.58407311E-02   1.29219529E-03  -1.64394581      0.369802088      -5.36083467E-02
   10.0000000       800.000000       7.40236938E-02   9.21487141      0.191443741       2.07729001E-10  -3.26947666E-05   3.54088433E-02   1.07555417E-03  -1.64787567      0.369881958      -5.25829047E-02
   11.0000000       800.000000       7.45541826E-02   9.28909588      0.190351874       2.04892867E-10  -3.19312894E-05   3.49865183E-02   8.53069301E-04  -1.65175343      0.369945139      -5.15594855E-02
   12.0000000       800.000000       7.50876293E-02   9.36382198      0.189261898       2.02093800E-10  -3.11529693E-05   3.45681980E-02   6.29462709E-04  -1.65558517      0.369992971      -5.05352020E-02
   13.0000000       800.000000       7.56227747E-02   9.43945217      0.188173056       1.99327166E-10  -3.03670586E-05   3.41545343E-02   4.09141852E-04  -1.65936995      0.370023847      -4.95074503E-02
   2.00000000       800.000000       7.61684179E-02   9.51551723      0.187088773       1.96595198E-10  -2.95820737E-05   3.37449387E-02   1.96130859E-04  -1.66310453      0.370038688      -4.84741926E-02
   3.00000000       800.000000       7.67170042E-02   9.59179592      0.186001584       1.93896538E-10  -2.88064475E-05   3.33423018E-02  -5.98881252E-06  -1.66677606      0.370038301      -4.74343225E-02
   4.00000000       800.000000       7.72694573E-02   9.66848755      0.184915513       1.91230073E-10  -2.80471595E-05   3.29441950E-02  -1.94091685E-04  -1.67041373      0.370023429      -4.63872626E-02
   5.00000000       800.000000       7.78230131E-02   9.74612713      0.183831915       1.88597221E-10  -2.73089081E-05   3.25526260E-02  -3.65542161E-04  -1.67398107      0.369994998      -4.53335308E-02
   6.00000000       800.000000       7.83851892E-02   9.82425022      0.182747260       1.85994012E-10  -2.65940926E-05   3.21650319E-02  -5.18209883E-04  -1.67749023      0.369954109      -4.42739464E-02
   7.00000000       800.000000       7.89523125E-02   9.90284920      0.181666568       1.83421320E-10  -2.59026365E-05   3.17820087E-02  -6.50473346E-04  -1.68094075      0.369903415      -4.32092845E-02
   8.00000000       800.000000       7.95280412E-02   9.98241329      0.180580825       1.80881560E-10  -2.52323152E-05   3.14027481E-02  -7.61218893E-04  -1.68433452      0.369842499      -4.21412177E-02
   9.00000000       800.000000       8.01055804E-02   10.0623922      0.179497555       1.78369375E-10  -2.45796346E-05   3.10293101E-02  -8.49831558E-04  -1.68766403      0.369774580      -4.10707667E-02
   10.0000000       800.000000       8.06882754E-02   10.1425762      0.178415462       1.75889137E-10  -2.39413039E-05   3.06621529E-02  -9.16171004E-04  -1.69094503      0.369700670      -3.99980731E-02
   11.0000000       800.000000       8.12722519E-02   10.2231703      0.177333489       1.73438000E-10  -2.33161300E-05   3.02968640E-02  -9.60531936E-04  -1.69414711      0.369622529      -3.89239378E-02
   12.0000000       800.000000       8.18665698E-02   10.3048105      0.176251650       1.71014786E-10  -2.27053988E-05   2.99377851E-02  -9.83621809E-04  -1.69729137      0.369542122      -3.78481857E-02
   13.0000000       800.000000       8.24698508E-02   10.3871059      0.175168514       1.68621492E-10  -2.21122573E-05   2.95840725E-02  -9.86501807E-04  -1.70036995      0.369460046      -3.67716663E-02
   2.00000000       800.000000       8.30690786E-02   10.4702911      0.174088016       1.66254649E-10  -2.15397977E-05   2.92331968E-02  -9.70533059E-04  -1.70336831      0.369379610      -3.56962979E-02
   3.00000000       800.000000       8.36792067E-02   10.5531397      0.173005000       1.63914465E-10  -2.09892787E-05   2.88855582E-02  -9.37340839E-04  -1.70631075      0.369301468      -3.46238278E-02
   4.00000000       800.000000       8.42924491E-02   10.6371202      0.171924189       1.61603453E-10  -2.04591433E-05   2.85442527E-02  -8.88752693E-04  -1.70919371      0.369226038      -3.35556455E-02
   5.00000000       800.000000       8.49149227E-02   10.7222576      0.170841202       1.59320904E-10  -1.99449605E-05   2.82064229E-02  -8.26769334E-04  -1.71200216      0.369155854      -3.24936211E-02
   6.00000000       800.000000       8.55400413E-02   10.8070173      0.169760689       1.57062779E-10  -1.94406202E-05   2.78730523E-02  -7.53499684E-04  -1.71472871      0.369091630      -3.14382128E-02
   7.00000000       800.000000       8.61672983E-02   10.8929453      0.168678164       1.54833923E-10  -1.89400580E-05   2.75443401E-02  -6.71116984E-04  -1.71740460      0.369034380      -3.03893201E-02
   8.00000000       800.000000       8.68062824E-02   10.9799843      0.167598933       1.52629007E-10  -1.84385954E-05   2.72192527E-02  -5.81813627E-04  -1.71998334      0.368983716      -2.93457136E-02
   9.00000000       800.000000       8.74475688E-02   11.0664978      0.166517124       1.50451596E-10  -1.79344679E-05   2.68982295E-02  -4.87750018E-04  -1.72251308      0.368941039      -2.83056162E-02
   10.0000000       800.000000       8.80924463E-02   11.1543617      0.165438235       1.48299331E-10  -1.74279085E-05   2.65806634E-02  -3.91022390E-04  -1.72496390      0.368906140      -2.72672959E-02
   11.0000000       800.000000       8.87458175E-02   11.2425718      0.164358005       1.46173434E-10  -1.69204268E-05   2.62673981E-02  -2.93625286E-04  -1.72732913      0.368880212      -2.62294989E-02
   12.0000000       800.000000       8.94047245E-02   11.3320246      0.163279310       1.44072462E-10  -1.64145131E-05   2.59575546E-02  -1.97422283E-04  -1.72962713      0.368862599      -2.51912102E-02
   13.0000000       800.000000       9.00711343E-02   11.4218473      0.162200972       1.41994888E-10  -1.59117008E-05   2.56506670E-02  -1.04122752E-04  -1.73186243      0.368853033      -2.41521280E-02
   2.00000000       800.000000       9.07422155E-02   11.5118284      0.161122784       1.39944750E-10  -1.54119807E-05   2.53494270E-02  -1.52600987E-05  -1.73399282      0.368851572      -2.31127776E-02
   3.00000000       800.000000       9.14164707E-02   11.6033077      0.160044849       1.37917455E-10  -1.49134867E-05   2.50505116E-02   6.78190263E-05  -1.73605001      0.368857712      -2.20731180E-02
   4.00000000       800.000000       9.20993984E-02   11.6952047      0.158967420       1.35913850E-10  -1.44122996E-05   2.47567259E-02   1.43964542E-04  -1.73803651      0.368870795      -2.10333560E-02
   5.00000000       800.000000       9.27866399E-02   11.7873383      0.157889903       1.33933434E-10  -1.39044478E-05   2.44648028E-02   2.12227562E-04  -1.73993862      0.368891031      -1.99935846E-02
   6.00000000       800.000000       9.34779644E-02   11.8806105      0.156812727       1.31977415E-10  -1.33861031E-05   2.41775084E-02   2.71870318E-04  -1.74177885      0.368916720      -1.89534053E-02
   7.00000000       800.000000       9.41774696E-02   11.9743528      0.155736759       1.30044114E-10  -1.28552128E-05   2.38926671E-02   3.22368782E-04  -1.74350619      0.368947089      -1.79129541E-02
   8.00000000       800.000000       9.48819369E-02   12.0688763      0.154659718       1.28132963E-10  -1.23111422E-05   2.36128010E-02   3.63404484E-04  -1.74516916      0.368981272      -1.68719403E-02
   9.00000000       800.000000       9.55979601E-02   12.1640635      0.153582945       1.26246499E-10  -1.17539357E-05   2.33349074E-02   3.94865754E-04  -1.74672246      0.369019300      -1.58310458E-02
   10.0000000       800.000000       9.63135287E-02   12.2600622      0.152507454       1.24379729E-10  -1.11833215E-05   2.30608061E-02   4.16830473E-04  -1.74819708      0.369058728      -1.47916721E-02
   11.0000000       800.000000       9.70358253E-02   12.3568468      0.151430592       1.22535523E-10  -1.05982172E-05   2.27897167E-02   4.29547625E-04  -1.74958360      0.369100958      -1.37550123E-02
   12.0000000       800.000000       9.77677032E-02   12.4544106      0.150354415       1.20713523E-10  -9.99740405E-06   2.25221999E-02   4.33423003E-04  -1.75087988      0.369143188      -1.27219139E-02
   13.0000000       800.000000       9.85076427E-02   12.5523767      0.149278969       1.18913004E-10  -9.38054200E-06   2.22585965E-02   4.28999105E-04  -1.75207460      0.369185030      -1.16927959E-02
   2.00000000       800.000000       9.92456749E-02   12.6510534      0.148202837       1.17133400E-10  -8.74915713E-06   2.19983347E-02   4.16936324E-04  -1.75319111      0.369226605      -1.06674349E-02
   3.00000000       800.000000       9.99961421E-02   12.7503929      0.147127077       1.15374550E-10  -8.10650454E-06   2.17398740E-02   3.97985539E-04  -1.75421274      0.369266391      -9.64589883E-03
   4.00000000       800.000000      0.100751281       12.8514633      0.146052346       1.13637412E-10  -7.45647822E-06   2.14845557E-02   3.72974464E-04  -1.75511706      0.369304359      -8.62877443E-03
   5.00000000       800.000000      0.101513669       12.9527330      0.144977227       1.11918863E-10  -6.80202993E-06   2.12327875E-02   3.42781888E-04  -1.75594807      0.369339079      -7.61687895E-03
   6.00000000       800.000000      0.102282949       13.0543804      0.143901229       1.10222713E-10  -6.14385499E-06   2.09846348E-02   3.08322837E-04  -1.75668049      0.369370520      -6.61094673E-03
   7.00000000       800.000000      0.103057869       13.1565609      0.142827123       1.08545908E-10  -5.48069102E-06   2.07395311E-02   2.70532735E-04  -1.75731754      0.369397819      -5.61175495E-03
   8.00000000       800.000000      0.103839546       13.2604132      0.141753808       1.06888817E-10  -4.81039433E-06   2.04961821E-02   2.30344202E-04  -1.75784719      0.369422555      -4.61884961E-03
   9.00000000       800.000000      0.104626514       13.3645535      0.140680850       1.05252133E-10  -4.13154930E-06   2.02560294E-02   1.88676888E-04  -1.75827348      0.369441688      -3.63127072E-03
   10.0000000       800.000000      0.105420068       13.4691267      0.139606342       1.03634885E-10  -3.44447790E-06   2.00193245E-02   1.46412975E-04  -1.75860584      0.369457811      -2.64760177E-03
   11.0000000       800.000000      0.106228657       13.5754204      0.138533875       1.02037170E-10  -2.75126945E-06   1.97839960E-02   1.04384781E-04  -1.75883126      0.369468272      -1.66658836E-03
   12.0000000       800.000000      0.107034281       13.6821260      0.137462094       1.00458704E-10  -2.05525976E-06   1.95533559E-02   6.33569580E-05  -1.75895393      0.369475573      -6.87426480E-04
   13.0000000       800.000000      0.107849084       13.7891541      0.136391282       9.88992221E-11  -1.35954735E-06   1.93249974E-02   2.40178324E-05  -1.75897694      0.369477987       2.90149619E-04
   2.00000000       800.000000      0.108672515       13.8981247      0.135320336       9.73581840E-11  -6.66372330E-07   1.90991368E-02  -1.30267072E-05  -1.75888574      0.369476736       1.26627146E-03
   3.00000000       800.000000      0.109497771       14.0066690      0.134249657       9.58355617E-11   2.32573676E-08   1.88751221E-02  -4.72576867E-05  -1.75871122      0.369471043       2.24075560E-03
   4.00000000       800.000000      0.110339761       14.1170921      0.133179501       9.43315148E-11   7.09460664E-07   1.86540782E-02  -7.82450661E-05  -1.75839484      0.369462311       3.21321795E-03
   5.00000000       800.000000      0.111177742       14.2269335      0.132110074       9.28458976E-11   1.39291797E-06   1.84364300E-02  -1.05649051E-04  -1.75798404      0.369451076       4.18362441E-03
   6.00000000       800.000000      0.112030037       14.3394938      0.131041244       9.13776346E-11   2.07432709E-06   1.82216931E-02  -1.29218490E-04  -1.75746107      0.369436234       5.15184086E-03
   7.00000000       800.000000      0.112885214       14.4517355      0.129972935       8.99273503E-11   2.75401362E-06   1.80082843E-02  -1.48791878E-04  -1.75683546      0.369420201       6.11762935E-03
   8.00000000       800.000000      0.113750286       14.5650282      0.128905192       8.84940732E-11   3.43172724E-06   1.77982375E-02  -1.64289770E-04  -1.75608289      0.369400620       7.08064856E-03
   9.00000000       800.000000      0.114624061       14.6793976      0.127837911       8.70790523E-11   4.10680695E-06   1.75895728E-02  -1.75710185E-04  -1.75522351      0.369380683       8.04045703E-03
   10.0000000       800.000000      0.115506783       14.7940674      0.126771152       8.56803031E-11   4.77846925E-06   1.73837990E-02  -1.83126613E-04  -1.75424123      0.369359821       8.99612065E-03
   11.0000000       800.000000      0.116393380       14.9101496      0.125704929       8.42999837E-11   5.44611657E-06   1.71813387E-02  -1.86679579E-04  -1.75313020      0.369337887       9.94709413E-03
   12.0000000       800.000000      0.117281690       15.0272551      0.124638833       8.29352281E-11   6.10959887E-06   1.69801731E-02  -1.86570353E-04  -1.75190902      0.369316608       1.08922441E-02
   13.0000000       800.000000      0.118191823       15.1445360      0.123573311       8.15865847E-11   6.76904801E-06   1.67818237E-02  -1.83055832E-04  -1.75055730      0.369294882       1.18307499E-02
   2.00000000       800.000000      0.119099334       15.2630339      0.122508667       8.02548444E-11   7.42481461E-06   1.65862981E-02  -1.76437126E-04  -1.74909079      0.369273394       1.27621945E-02
   3.00000000       800.000000      0.120015435       15.3828135      0.121444784       7.89395910E-11   8.07736433E-06   1.63920484E-02  -1.67053528E-04  -1.74751592      0.369253367       1.36858970E-02
   4.00000000       800.000000      0.120940529       15.5036430      0.120381713       7.76403664E-11   8.72740020E-06   1.62010342E-02  -1.55272122E-04  -1.74580908      0.369234592       1.46012735E-02
   5.00000000       800.000000      0.121867239       15.6249332      0.119318970       7.63574065E-11   9.37566529E-06   1.60115361E-02  -1.41477911E-04  -1.74397266      0.369216830       1.55083640E-02
   6.00000000       800.000000      0.122810721       15.7464323      0.118257128       7.50902812E-11   1.00230545E-05   1.58246309E-02  -1.26065439E-04  -1.74201345      0.369201809       1.64066255E-02
   7.00000000       800.000000      0.123757191       15.8707790      0.117196836       7.38386990E-11   1.06704028E-05   1.56402644E-02  -1.09429348E-04  -1.73992622      0.369188190       1.72964204E-02
   8.00000000       800.000000      0.124716990       15.9948425      0.116138063       7.26027571E-11   1.13186143E-05   1.54574187E-02  -9.19582817E-05  -1.73771203      0.369176894       1.81779210E-02
   9.00000000       800.000000      0.125679165       16.1200333      0.115078829       7.13824139E-11   1.19685719E-05   1.52777787E-02  -7.40299220E-05  -1.73536682      0.369167984       1.90508198E-02
   10.0000000       800.000000      0.126648560       16.2460766      0.114022024       7.01775374E-11   1.26208970E-05   1.50988260E-02  -5.60026965E-05  -1.73290265      0.369160652       1.99161507E-02
   11.0000000       800.000000      0.127627030       16.3736973      0.112966381       6.89877322E-11   1.32759824E-05   1.49230743E-02  -3.82143298E-05  -1.73030758      0.369155407       2.07737125E-02
   12.0000000       800.000000      0.128622070       16.5009899      0.111911267       6.78127762E-11   1.39336735E-05   1.47486702E-02  -2.09739064E-05  -1.72757483      0.369152755       2.16238201E-02
   13.0000000       800.000000      0.129615709       16.6299458      0.110857859       6.66530095E-11   1.45935483E-05   1.45762367E-02  -4.56041425E-06  -1.72472525      0.369152218       2.24679280E-02
   2.00000000       800.000000      0.130617574       16.7607040      0.109805763       6.55080920E-11   1.52554639E-05   1.44067658E-02   1.07814240E-05  -1.72172785      0.369153410       2.33036224E-02
   3.00000000       800.000000      0.131631613       16.8909397      0.108755104       6.43774409E-11   1.59196461E-05   1.42388353E-02   2.48433698E-05  -1.71860683      0.369157076       2.41329838E-02
   4.00000000       800.000000      0.132658064       17.0234966      0.107706815       6.32617292E-11   1.65871061E-05   1.40723949E-02   3.74554184E-05  -1.71535194      0.369162142       2.49548852E-02
   5.00000000       800.000000      0.133689612       17.1564980      0.106658302       6.21599369E-11   1.72591881E-05   1.39082959E-02   4.84873599E-05  -1.71196043      0.369168937       2.57693641E-02
   6.00000000       800.000000      0.134727374       17.2917385      0.105612196       6.10723069E-11   1.79373747E-05   1.37455435E-02   5.78487598E-05  -1.70843852      0.369176298       2.65753046E-02
   7.00000000       800.000000      0.135772675       17.4260139      0.104567915       5.99991862E-11   1.86226298E-05   1.35852788E-02   6.54883697E-05  -1.70478141      0.369184822       2.73731761E-02
   8.00000000       800.000000      0.136831790       17.5625153      0.103524171       5.89394228E-11   1.93152100E-05   1.34268468E-02   7.13914196E-05  -1.70097888      0.369194567       2.81624850E-02
   9.00000000       800.000000      0.137887821       17.6995029      0.102482632       5.78940021E-11   2.00144041E-05   1.32700922E-02   7.55751753E-05  -1.69704151      0.369205147       2.89429072E-02
   10.0000000       800.000000      0.138969555       17.8388729      0.101443261       5.68619318E-11   2.07185058E-05   1.31149776E-02   7.80870614E-05  -1.69296205      0.369215786       2.97142565E-02
   11.0000000       800.000000      0.140046909       17.9775219      0.100405231       5.58430281E-11   2.14259071E-05   1.29622789E-02   7.89994956E-05  -1.68874836      0.369226813       3.04756109E-02
   12.0000000       800.000000      0.141143247       18.1181393       9.93687436E-02   5.48378461E-11   2.21359896E-05   1.28109502E-02   7.84086224E-05  -1.68439484      0.369238317       3.12265418E-02
   13.0000000       800.000000      0.142242312       18.2606220       9.83342603E-02   5.38464620E-11   2.28492809E-05   1.26610603E-02   7.64309007E-05  -1.67989767      0.369249016       3.19651552E-02
   2.00000000       800.000000      0.143348306       18.4025784       9.73023474E-02   5.28677727E-11   2.35674797E-05   1.25135100E-02   7.32001645E-05  -1.67526793      0.369259715       3.26912142E-02
   3.00000000       800.000000      0.144470185       18.5468769       9.62730646E-02   5.19020243E-11   2.42923197E-05   1.23672727E-02   6.88648579E-05  -1.67048943      0.369269639       3.34042050E-02
   4.00000000       800.000000      0.145599216       18.6916237       9.52441916E-02   5.09492483E-11   2.50248031E-05   1.22226859E-02   6.35832184E-05  -1.66557145      0.369279057       3.41047421E-02
   5.00000000       800.000000      0.146730632       18.8387299       9.42183733E-02   5.00093855E-11   2.57644133E-05   1.20807495E-02   5.75206141E-05  -1.66052723      0.369287729       3.47920619E-02
   6.00000000       800.000000      0.147886083       18.9852219       9.31952447E-02   4.90823562E-11   2.65093040E-05   1.19396616E-02   5.08447374E-05  -1.65531898      0.369295299       3.54673751E-02
   7.00000000       800.000000      0.149040878       19.1336536       9.21741724E-02   4.81680980E-11   2.72570542E-05   1.18001737E-02   4.37219423E-05  -1.64998651      0.369301677       3.61301787E-02
   8.00000000       800.000000      0.150206983       19.2841053       9.11553726E-02   4.72658059E-11   2.80058630E-05   1.16618946E-02   3.63151667E-05  -1.64450288      0.369307041       3.67806591E-02
   9.00000000       800.000000      0.151375279       19.4338169       9.01395604E-02   4.63768884E-11   2.87547609E-05   1.15262475E-02   2.87794865E-05  -1.63890171      0.369311452       3.74180712E-02
   10.0000000       800.000000      0.152559474       19.5859928       8.91270041E-02   4.54997463E-11   2.95042537E-05   1.13911107E-02   2.12630548E-05  -1.63315344      0.369314790       3.80422398E-02
   11.0000000       800.000000      0.153755501       19.7391071       8.81165192E-02   4.46345877E-11   3.02555145E-05   1.12586170E-02   1.39011072E-05  -1.62725961      0.369317085       3.86535488E-02
   12.0000000       800.000000      0.154966682       19.8943138       8.71088579E-02   4.37818913E-11   3.10094329E-05   1.11273564E-02   6.81761549E-06  -1.62120903      0.369318068       3.92514803E-02
   13.0000000       800.000000      0.156182289       20.0499210       8.61043110E-02   4.29413935E-11   3.17660488E-05   1.09973373E-02   1.21656782E-07  -1.61504316      0.369318157       3.98375839E-02
   2.00000000       800.000000      0.157407701       20.2067699       8.51024911E-02   4.21127959E-11   3.25245201E-05   1.08684245E-02  -6.09279232E-06  -1.60872173      0.369317263       4.04109545E-02
   3.00000000       800.000000      0.158632427       20.3635406       8.41042399E-02   4.12954566E-11   3.32832751E-05   1.07418252E-02  -1.17473364E-05  -1.60227084      0.369315386       4.09726910E-02
   4.00000000       800.000000      0.159881696       20.5234394       8.31087828E-02   4.04902605E-11   3.40407423E-05   1.06162783E-02  -1.67793751E-05  -1.59565008      0.369312257       4.15222645E-02
   5.00000000       800.000000      0.161134437       20.6836548       8.21167380E-02   3.96965343E-11   3.47964815E-05   1.04922950E-02  -2.11421357E-05  -1.58893502      0.369309157       4.20585312E-02
   6.00000000       800.000000      0.162408039       20.8466339       8.11279416E-02   3.89141289E-11   3.55507545E-05   1.03698559E-02  -2.48043216E-05  -1.58205569      0.369304895       4.25818190E-02
   7.00000000       800.000000      0.163673609       21.0080662       8.01429674E-02   3.81432247E-11   3.63045838E-05   1.02482112E-02  -2.77494073E-05  -1.57503700      0.369300574       4.30911779E-02
   8.00000000       800.000000      0.164970547       21.1726456       7.91607946E-02   3.73836136E-11   3.70588423E-05   1.01284068E-02  -2.99748408E-05  -1.56789815      0.369295657       4.35863100E-02
   9.00000000       800.000000      0.166260168       21.3390827       7.81823546E-02   3.66349034E-11   3.78135264E-05   1.00101465E-02  -3.14914796E-05  -1.56061900      0.369290560       4.40676063E-02
   10.0000000       800.000000      0.167571649       21.5048828       7.72079453E-02   3.58975939E-11   3.85681997E-05   9.89338662E-03  -3.23217100E-05  -1.55318201      0.369285047       4.45342101E-02
   11.0000000       800.000000      0.168884769       21.6747990       7.62372464E-02   3.51708385E-11   3.93216869E-05   9.77746118E-03  -3.24994035E-05  -1.54562593      0.369279206       4.49860394E-02
   12.0000000       800.000000      0.170220941       21.8437004       7.52700195E-02   3.44552581E-11   4.00734352E-05   9.66305379E-03  -3.20683284E-05  -1.53791344      0.369273633       4.54224944E-02
   13.0000000       800.000000      0.171562597       22.0148487       7.43067861E-02   3.37502352E-11   4.08232117E-05   9.55017004E-03  -3.10811047E-05  -1.53008318      0.369268239       4.58428711E-02
   2.00000000       800.000000      0.172911152       22.1867790       7.33476505E-02   3.30560336E-11   4.15716822E-05   9.43895429E-03  -2.95968075E-05  -1.52213931      0.369263142       4.62468788E-02
   3.00000000       800.000000      0.174262822       22.3595982       7.23926499E-02   3.23721605E-11   4.23191887E-05   9.32842493E-03  -2.76800965E-05  -1.51403975      0.369258106       4.66338098E-02
   4.00000000       800.000000      0.175636902       22.5350342       7.14417696E-02   3.16992196E-11   4.30662985E-05   9.21957195E-03  -2.53985309E-05  -1.50584030      0.369253874       4.70044091E-02
   5.00000000       800.000000      0.177029908       22.7109966       7.04952404E-02   3.10362083E-11   4.38128081E-05   9.11140256E-03  -2.28217486E-05  -1.49748015      0.369249523       4.73578535E-02
   6.00000000       800.000000      0.178427994       22.8897495       6.95538670E-02   3.03838552E-11   4.45580736E-05   9.00462456E-03  -2.00190752E-05  -1.48897862      0.369245976       4.76943664E-02
   7.00000000       800.000000      0.179832757       23.0675335       6.86161071E-02   2.97417334E-11   4.53018802E-05   8.89962167E-03  -1.70585554E-05  -1.48039973      0.369242758       4.80142869E-02
   8.00000000       800.000000      0.181247130       23.2492962       6.76837489E-02   2.91096695E-11   4.60441297E-05   8.79522040E-03  -1.40058601E-05  -1.47165740      0.369240433       4.83173355E-02
   9.00000000       800.000000      0.182678327       23.4303741       6.67555556E-02   2.84875769E-11   4.67852005E-05   8.69225338E-03  -1.09236080E-05  -1.46281099      0.369238615       4.86033633E-02
   10.0000000       800.000000      0.184120178       23.6137962       6.58330619E-02   2.78754519E-11   4.75254819E-05   8.59069638E-03  -7.87070621E-06  -1.45381165      0.369237065       4.88725416E-02
   11.0000000       800.000000      0.185574606       23.7995758       6.49151579E-02   2.72733450E-11   4.82650757E-05   8.49005952E-03  -4.90123466E-06  -1.44473553      0.369236261       4.91251424E-02
   12.0000000       800.000000      0.187039450       23.9845982       6.40021637E-02   2.66809960E-11   4.90044549E-05   8.39054771E-03  -2.06391428E-06  -1.43551850      0.369235963       4.93611246E-02
   13.0000000       800.000000      0.188515589       24.1725788       6.30945414E-02   2.60982434E-11   4.97439250E-05   8.29266105E-03   5.98543352E-07  -1.42619216      0.369236112       4.95807528E-02
   2.00000000       800.000000      0.190003842       24.3626595       6.21923730E-02   2.55251532E-11   5.04833697E-05   8.19572154E-03   3.04984519E-06  -1.41675842      0.369236529       4.97844033E-02
   3.00000000       800.000000      0.191507503       24.5538692       6.12946711E-02   2.49613646E-11   5.12226179E-05   8.09973106E-03   5.26043232E-06  -1.40719593      0.369237453       4.99718785E-02
   4.00000000       800.000000      0.193027228       24.7454605       6.04040772E-02   2.44071222E-11   5.19615896E-05   8.00489262E-03   7.20758862E-06  -1.39753056      0.369238824       5.01431227E-02
   5.00000000       800.000000      0.194553345       24.9383144       5.95181771E-02   2.38627087E-11   5.26998629E-05   7.91106932E-03   8.87539773E-06  -1.38776207      0.369240522       5.02980612E-02
   6.00000000       800.000000      0.196085945       25.1336231       5.86370714E-02   2.33267832E-11   5.34371102E-05   7.81822111E-03   1.02544409E-05  -1.37788773      0.369242340       5.04368320E-02
   7.00000000       800.000000      0.197636858       25.3313236       5.77634424E-02   2.28003710E-11   5.41729678E-05   7.72666698E-03   1.13415645E-05  -1.36791158      0.369244516       5.05591631E-02
   8.00000000       800.000000      0.199212298       25.5304661       5.68943210E-02   2.22826636E-11   5.49074248E-05   7.63635803E-03   1.21391886E-05  -1.35781705      0.369247198       5.06646074E-02
   9.00000000       800.000000      0.200781316       25.7297115       5.60299978E-02   2.17744989E-11   5.56404775E-05   7.54674384E-03   1.26546101E-05  -1.34764564      0.369249642       5.07535487E-02
   10.0000000       800.000000      0.202371761       25.9304714       5.51731475E-02   2.12745984E-11   5.63725080E-05   7.45824259E-03   1.28997290E-05  -1.33736789      0.369252563       5.08255102E-02
   11.0000000       800.000000      0.203978211       26.1335907       5.43231964E-02   2.07835710E-11   5.71036944E-05   7.37064565E-03   1.28902666E-05  -1.32698476      0.369255215       5.08800000E-02
   12.0000000       800.000000      0.205590189       26.3390236       5.34779951E-02   2.03015018E-11   5.78341132E-05   7.28423614E-03   1.26456434E-05  -1.31651962      0.369257540       5.09173013E-02
   13.0000000       800.000000      0.207215562       26.5462608       5.26392870E-02   1.98278494E-11   5.85635316E-05   7.19889905E-03   1.21881640E-05  -1.30596781      0.369260460       5.09376898E-02
   2.00000000       800.000000      0.208862230       26.7531796       5.18085435E-02   1.93627250E-11   5.92918877E-05   7.11444672E-03   1.15426283E-05  -1.29532075      0.369262844       5.09403683E-02
   3.00000000       800.000000      0.210511744       26.9634609       5.09830229E-02   1.89058161E-11   6.00181775E-05   7.03107193E-03   1.07352726E-05  -1.28459918      0.369264901       5.09259626E-02
   4.00000000       800.000000      0.212182373       27.1744270       5.01635224E-02   1.84576816E-11   6.07422444E-05   6.94860844E-03   9.79366814E-06  -1.27378833      0.369267046       5.08940853E-02
   5.00000000       800.000000      0.213867262       27.3881035       4.93511707E-02   1.80172283E-11   6.14633245E-05   6.86715124E-03   8.74545094E-06  -1.26292133      0.369268924       5.08450679E-02
   6.00000000       800.000000      0.215570495       27.6017551       4.85456400E-02   1.75855719E-11   6.21813888E-05   6.78649591E-03   7.61817637E-06  -1.25198555      0.369270474       5.07791042E-02
   7.00000000       800.000000      0.217280358       27.8196926       4.77469526E-02   1.71610434E-11   6.28960624E-05   6.70695864E-03   6.43858084E-06  -1.24096024      0.369271934       5.06961197E-02
   8.00000000       800.000000      0.218995273       28.0367794       4.69540320E-02   1.67452996E-11   6.36072000E-05   6.62818970E-03   5.23242670E-06  -1.22982264      0.369273037       5.05967103E-02
   9.00000000       800.000000      0.220740929       28.2576332       4.61703539E-02   1.63371469E-11   6.43145395E-05   6.55056490E-03   4.02382466E-06  -1.21871924      0.369274139       5.04808538E-02
   10.0000000       800.000000      0.222490728       28.4788132       4.53930087E-02   1.59376852E-11   6.50178990E-05   6.47358317E-03   2.83535701E-06  -1.20752060      0.369274735       5.03493436E-02
   11.0000000       800.000000      0.224248633       28.7025547       4.46221605E-02   1.55444112E-11   6.57168493E-05   6.39784383E-03   1.68739450E-06  -1.19619894      0.369275033       5.02018519E-02
   12.0000000       800.000000      0.226034790       28.9273281       4.38587256E-02   1.51597398E-11   6.64110266E-05   6.32281136E-03   5.98018175E-07  -1.18484652      0.369275182       5.00393771E-02
   13.0000000       800.000000      0.227838799       29.1540203       4.31020446E-02   1.47828607E-11   6.71001326E-05   6.24847179E-03  -4.17190535E-07  -1.17352414      0.369275093       4.98616546E-02
   2.00000000       800.000000      0.229636580       29.3828106       4.23526019E-02   1.44132909E-11   6.77839271E-05   6.17517345E-03  -1.34522998E-06  -1.16209149      0.369274795       4.96690720E-02
   3.00000000       800.000000      0.231463313       29.6143074       4.16115634E-02   1.40507276E-11   6.84613187E-05   6.10268256E-03  -2.17577372E-06  -1.15061557      0.369274318       4.94625792E-02
   4.00000000       800.000000      0.233298600       29.8444633       4.08782735E-02   1.36954250E-11   6.91328532E-05   6.03102287E-03  -2.90117282E-06  -1.13908672      0.369273603       4.92414162E-02
   5.00000000       800.000000      0.235164225       30.0788250       4.01529782E-02   1.33472799E-11   6.97978103E-05   5.96029079E-03  -3.51642279E-06  -1.12750363      0.369272709       4.90066111E-02
   6.00000000       800.000000      0.237021416       30.3152733       3.94342840E-02   1.30062549E-11   7.04556442E-05   5.89003135E-03  -4.01893340E-06  -1.11593843      0.369271725       4.87582907E-02
   7.00000000       800.000000      0.238909259       30.5545444       3.87242138E-02   1.26722322E-11   7.11060566E-05   5.82105713E-03  -4.40844588E-06  -1.10430002      0.369270682       4.84960414E-02
   8.00000000       800.000000      0.240805298       30.7942753       3.80209610E-02   1.23452715E-11   7.17487419E-05   5.75256301E-03  -4.68667304E-06  -1.09267807      0.369269609       4.82205823E-02
   9.00000000       800.000000      0.242732763       31.0363560       3.73245254E-02   1.20251977E-11   7.23838602E-05   5.68495365E-03  -4.85729515E-06  -1.08098757      0.369268388       4.79317419E-02
   10.0000000       800.000000      0.244650185       31.2805672       3.66365053E-02   1.17115623E-11   7.30116153E-05   5.61815593E-03  -4.92547088E-06  -1.06928706      0.369267166       4.76294421E-02
   11.0000000       800.000000      0.246601894       31.5240726       3.59567627E-02   1.14046949E-11   7.36316215E-05   5.55227743E-03  -4.89800277E-06  -1.05757344      0.369265735       4.73146960E-02
   12.0000000       800.000000      0.248575494       31.7732716       3.52846719E-02   1.11043987E-11   7.42440898E-05   5.48720732E-03  -4.78286620E-06  -1.04585707      0.369264722       4.69869860E-02
   13.0000000       800.000000      0.250549018       32.0229034       3.46207581E-02   1.08103717E-11   7.48483653E-05   5.42254886E-03  -4.58907971E-06  -1.03412759      0.369263589       4.66471612E-02
   2.00000000       800.000000      0.252544135       32.2734489       3.39648835E-02   1.05228925E-11   7.54442299E-05   5.35870250E-03  -4.32653178E-06  -1.02238894      0.369262695       4.62946817E-02
   3.00000000       800.000000      0.254557490       32.5260506       3.33170630E-02   1.02417311E-11   7.60313123E-05   5.29575348E-03  -4.00558611E-06  -1.01064944      0.369261682       4.59300168E-02
   4.00000000       800.000000      0.256586730       32.7818604       3.26774493E-02   9.96673317E-12   7.66095836E-05   5.23365894E-03  -3.63682398E-06 -0.998914897      0.369260728       4.55543771E-02
   5.00000000       800.000000      0.258610994       33.0395813       3.20457444E-02   9.69776950E-12   7.71787381E-05   5.17186709E-03  -3.23102063E-06 -0.987186432      0.369259924       4.51665744E-02
   6.00000000       800.000000      0.260681123       33.2992859       3.14212777E-02   9.43487909E-12   7.77387831E-05   5.11144195E-03  -2.79856295E-06 -0.975462914      0.369259030       4.47683930E-02
   7.00000000       800.000000      0.262756377       33.5623474       3.08057815E-02   9.17788588E-12   7.82896532E-05   5.05127618E-03  -2.34963909E-06 -0.963756204      0.369258225       4.43602353E-02
   8.00000000       800.000000      0.264846563       33.8261070       3.01987045E-02   8.92677338E-12   7.88309044E-05   4.99158259E-03  -1.89375487E-06 -0.952065825      0.369257659       4.39412631E-02
   9.00000000       800.000000      0.266964108       34.0918350       2.95989607E-02   8.68131608E-12   7.93623767E-05   4.93314769E-03  -1.43991338E-06 -0.940401852      0.369257331       4.35131341E-02
   10.0000000       800.000000      0.269089431       34.3593788       2.90082060E-02   8.44162414E-12   7.98840774E-05   4.87512164E-03  -9.96326662E-07 -0.928746879      0.369257003       4.30762209E-02
   11.0000000       800.000000      0.271236569       34.6304741       2.84252670E-02   8.20747810E-12   8.03958246E-05   4.81776055E-03  -5.70359191E-07 -0.917118788      0.369256914       4.26305123E-02
   12.0000000       800.000000      0.273390830       34.9008446       2.78502703E-02   7.97881639E-12   8.08972036E-05   4.76094568E-03  -1.68467935E-07 -0.905533433      0.369256824       4.21768203E-02
   13.0000000       800.000000      0.275573671       35.1773834       2.72839908E-02   7.75554360E-12   8.13886654E-05   4.70517157E-03   2.03848543E-07 -0.893971682      0.369256914       4.17154506E-02
   2.00000000       800.000000      0.277770936       35.4531212       2.67260410E-02   7.53757560E-12   8.18700209E-05   4.64984588E-03   5.42104772E-07 -0.882443547      0.369256943       4.12471108E-02
   3.00000000       800.000000      0.279982239       35.7325478       2.61761267E-02   7.32485253E-12   8.23410883E-05   4.59486758E-03   8.42824875E-07 -0.870960176      0.369257331       4.07721363E-02
   4.00000000       800.000000      0.282222867       36.0137329       2.56342571E-02   7.11725774E-12   8.28014163E-05   4.54111816E-03   1.10352789E-06 -0.859528959      0.369257569       4.02909629E-02
   5.00000000       800.000000      0.284471065       36.2968369       2.51005106E-02   6.91469148E-12   8.32510123E-05   4.48770821E-03   1.32269520E-06 -0.848127842      0.369257987       3.98041047E-02
   6.00000000       800.000000      0.286742091       36.5804558       2.45748647E-02   6.71705053E-12   8.36892505E-05   4.43464285E-03   1.49970856E-06 -0.836791337      0.369258493       3.93113568E-02
   7.00000000       800.000000      0.289016098       36.8690605       2.40573231E-02   6.52433055E-12   8.41162982E-05   4.38270159E-03   1.63483935E-06 -0.825488925      0.369259149       3.88140753E-02
   8.00000000       800.000000      0.291324228       37.1585426       2.35486813E-02   6.33628957E-12   8.45315153E-05   4.33091074E-03   1.72905311E-06 -0.814254165      0.369259685       3.83119881E-02
   9.00000000       800.000000      0.293644518       37.4530144       2.30473410E-02   6.15303555E-12   8.49350909E-05   4.28008661E-03   1.78401865E-06 -0.803092957      0.369260252       3.78053375E-02
   10.0000000       800.000000      0.296003997       37.7481918       2.25539822E-02   5.97435816E-12   8.53269012E-05   4.22960566E-03   1.80193888E-06 -0.791965246      0.369260788       3.72948088E-02
   11.0000000       800.000000      0.298353791       38.0451622       2.20690817E-02   5.80019409E-12   8.57072155E-05   4.17995360E-03   1.78550511E-06 -0.780917943      0.369261354       3.67799662E-02
   12.0000000       800.000000      0.300734103       38.3437805       2.15919465E-02   5.63051038E-12   8.60763394E-05   4.13065543E-03   1.73777687E-06 -0.769932926      0.369261831       3.62623446E-02
   13.0000000       800.000000      0.303147912       38.6467476       2.11228952E-02   5.46514700E-12   8.64339308E-05   4.08205856E-03   1.66214977E-06 -0.759014189      0.369262367       3.57413031E-02
   2.00000000       800.000000      0.305555582       38.9513550       2.06617732E-02   5.30402848E-12   8.67804411E-05   4.03405819E-03   1.56225792E-06 -0.748177469      0.369262844       3.52174491E-02
   3.00000000       800.000000      0.307996303       39.2577019       2.02084593E-02   5.14714660E-12   8.71157026E-05   3.98660963E-03   1.44192279E-06 -0.737414002      0.369263172       3.46916504E-02
   4.00000000       800.000000      0.310469896       39.5681572       1.97629295E-02   4.99434608E-12   8.74391262E-05   3.93968914E-03   1.30504691E-06 -0.726721525      0.369263500       3.41635123E-02
   5.00000000       800.000000      0.312931180       39.8770142       1.93252061E-02   4.84556839E-12   8.77514249E-05   3.89352604E-03   1.15555179E-06 -0.716117740      0.369263887       3.36334184E-02
   6.00000000       800.000000      0.315432847       40.1933212       1.88954398E-02   4.70074240E-12   8.80509324E-05   3.84774408E-03   9.97260713E-07 -0.705590904      0.369264156       3.31041627E-02
   7.00000000       800.000000      0.317947745       40.5082169       1.84731893E-02   4.55975839E-12   8.83381872E-05   3.80229950E-03   8.33857484E-07 -0.695146501      0.369264454       3.25720124E-02
   8.00000000       800.000000      0.320495814       40.8281288       1.80586297E-02   4.42260768E-12   8.86121416E-05   3.75749357E-03   6.68780899E-07 -0.684791207      0.369264662       3.20412852E-02
   9.00000000       800.000000      0.323059022       41.1489258       1.76516678E-02   4.28914326E-12   8.88732393E-05   3.71334841E-03   5.05214700E-07 -0.674525678      0.369264781       3.15093882E-02
   10.0000000       800.000000      0.325634599       41.4749947       1.72522701E-02   4.15929227E-12   8.91210366E-05   3.66971805E-03   3.46044516E-07 -0.664351821      0.369264930       3.09796315E-02
   11.0000000       800.000000      0.328246117       41.8027420       1.68603770E-02   4.03301307E-12   8.93555407E-05   3.62653821E-03   1.93825286E-07 -0.654269397      0.369264930       3.04486360E-02
   12.0000000       800.000000      0.330868602       42.1312904       1.64757222E-02   3.91019639E-12   8.95768899E-05   3.58388573E-03   5.07861415E-08 -0.644282281      0.369264930       2.99202595E-02
   13.0000000       800.000000      0.333499759       42.4624519       1.60984583E-02   3.79077108E-12   8.97862337E-05   3.54165607E-03  -8.12019394E-08 -0.634391189      0.369264930       2.93938089E-02
   2.00000000       800.000000      0.336178690       42.7972488       1.57285035E-02   3.67468122E-12   8.99829101E-05   3.49997939E-03  -2.00627994E-07 -0.624596953      0.369264930       2.88694222E-02
   3.00000000       800.000000      0.338866234       43.1343956       1.53657719E-02   3.56182878E-12   9.01660533E-05   3.45888594E-03  -3.06350842E-07 -0.614903867      0.369264781       2.83479504E-02
   4.00000000       800.000000      0.341564178       43.4764404       1.50101651E-02   3.45217800E-12   9.03356777E-05   3.41798784E-03  -3.97582198E-07 -0.605307519      0.369264692       2.78289951E-02
   5.00000000       800.000000      0.344298780       43.8198090       1.46615654E-02   3.34560743E-12   9.04920962E-05   3.37789534E-03  -4.73885166E-07 -0.595816970      0.369264513       2.73141395E-02
   6.00000000       800.000000      0.347046673       44.1641579       1.43198352E-02   3.24205766E-12   9.06343630E-05   3.33806290E-03  -5.35117920E-07 -0.586428344      0.369264275       2.68020164E-02
   7.00000000       800.000000      0.349838823       44.5138283       1.39849521E-02   3.14145975E-12   9.07631620E-05   3.29876528E-03  -5.81463951E-07 -0.577141047      0.369264066       2.62926817E-02
   8.00000000       800.000000      0.352615893       44.8651733       1.36569124E-02   3.04375253E-12   9.08784932E-05   3.25997407E-03  -6.13312181E-07 -0.567954481      0.369263887       2.57880613E-02
   9.00000000       800.000000      0.355454803       45.2186356       1.33355493E-02   2.94888528E-12   9.09806258E-05   3.22158588E-03  -6.31313753E-07 -0.558879137      0.369263709       2.52877176E-02
   10.0000000       800.000000      0.358279139       45.5763397       1.30207697E-02   2.85669643E-12   9.10706731E-05   3.18373903E-03  -6.36266691E-07 -0.549909651      0.369263470       2.47912649E-02
   11.0000000       800.000000      0.361149102       45.9357567       1.27124721E-02   2.76721614E-12   9.11481548E-05   3.14619229E-03  -6.29165925E-07 -0.541043639      0.369263291       2.42989957E-02
   12.0000000       800.000000      0.364027262       46.2968864       1.24106649E-02   2.68040191E-12   9.12139149E-05   3.10928631E-03  -6.11139683E-07 -0.532285988      0.369263113       2.38113962E-02
   13.0000000       800.000000      0.366944253       46.6631355       1.21153984E-02   2.59609435E-12   9.12676478E-05   3.07271769E-03  -5.83415556E-07 -0.523638487      0.369262934       2.33290046E-02
   2.00000000       800.000000      0.369876415       47.0312233       1.18261194E-02   2.51427026E-12   9.13100812E-05   3.03649902E-03  -5.47330217E-07 -0.515098035      0.369262785       2.28515323E-02
   3.00000000       800.000000      0.372847915       47.4044495       1.15431724E-02   2.43486004E-12   9.13402473E-05   3.00079444E-03  -5.04254956E-07 -0.506667256      0.369262606       2.23790128E-02
   4.00000000       800.000000      0.375840873       47.7758026       1.12661486E-02   2.35783073E-12   9.13587137E-05   2.96549895E-03  -4.55592726E-07 -0.498343706      0.369262397       2.19115727E-02
   5.00000000       800.000000      0.378836393       48.1548996       1.09952129E-02   2.28309103E-12   9.13645927E-05   2.93062022E-03  -4.02725135E-07 -0.490128160      0.369262278       2.14498155E-02
   6.00000000       800.000000      0.381849557       48.5329056       1.07301679E-02   2.21059716E-12   9.13591284E-05   2.89620040E-03  -3.46968733E-07 -0.482024252      0.369262159       2.09936146E-02
   7.00000000       800.000000      0.384928495       48.9166336       1.04709314E-02   2.14028209E-12   9.13424883E-05   2.86198198E-03  -2.89607954E-07 -0.474032193      0.369262040       2.05432530E-02
   8.00000000       800.000000      0.388007849       49.3037720       1.02174515E-02   2.07211331E-12   9.13148688E-05   2.82825949E-03  -2.31822170E-07 -0.466146737      0.369261950       2.00988278E-02
   9.00000000       800.000000      0.391112477       49.6939621       9.96959209E-03   2.00599043E-12   9.12767573E-05   2.79512815E-03  -1.74720071E-07 -0.458369941      0.369261920       1.96604505E-02
   10.0000000       800.000000      0.394236952       50.0870171       9.72728897E-03   1.94189348E-12   9.12275718E-05   2.76221312E-03  -1.19278056E-07 -0.450706631      0.369261801       1.92284081E-02
   11.0000000       800.000000      0.397388846       50.4830971       9.49043129E-03   1.87974311E-12   9.11683310E-05   2.72976654E-03  -6.63896529E-08 -0.443152010      0.369261801       1.88028570E-02
   12.0000000       800.000000      0.400564700       50.8813133       9.25890077E-03   1.81951481E-12   9.11002571E-05   2.69749737E-03  -1.68139174E-08 -0.435703397      0.369261801       1.83837153E-02
   13.0000000       800.000000      0.403795749       51.2825050       9.03267320E-03   1.76113345E-12   9.10218732E-05   2.66588479E-03   2.88173929E-08 -0.428364664      0.369261801       1.79713331E-02
   2.00000000       800.000000      0.406995207       51.6878319       8.81162006E-03   1.70456173E-12   9.09340379E-05   2.63450108E-03   7.00055907E-08 -0.421132088      0.369261801       1.75657999E-02
   3.00000000       800.000000      0.410275906       52.0953789       8.59555975E-03   1.64972788E-12   9.08360744E-05   2.60350644E-03   1.06379893E-07 -0.414006442      0.369261891       1.71668865E-02
   4.00000000       800.000000      0.413564175       52.5095062       8.38454161E-03   1.59660121E-12   9.07301001E-05   2.57289596E-03   1.37686911E-07 -0.406992555      0.369261920       1.67750679E-02
   5.00000000       800.000000      0.416869521       52.9231834       8.17836169E-03   1.54511690E-12   9.06155183E-05   2.54250318E-03   1.63795718E-07 -0.400073498      0.369262010       1.63900945E-02
   6.00000000       800.000000      0.420203984       53.3436661       7.97700137E-03   1.49526051E-12   9.04923509E-05   2.51255766E-03   1.84674690E-07 -0.393268317      0.369262129       1.60119943E-02
   7.00000000       800.000000      0.423574746       53.7655487       7.78029766E-03   1.44694033E-12   9.03611799E-05   2.48299469E-03   2.00396329E-07 -0.386566460      0.369262218       1.56407692E-02
   8.00000000       800.000000      0.426962882       54.1887779       7.58825289E-03   1.40014432E-12   9.02222891E-05   2.45381054E-03   2.11124018E-07 -0.379965037      0.369262278       1.52764767E-02
   9.00000000       800.000000      0.430381179       54.6191368       7.40058394E-03   1.35480808E-12   9.00761806E-05   2.42506340E-03   2.17097792E-07 -0.373467475      0.369262338       1.49190780E-02
   10.0000000       800.000000      0.433835030       55.0515404       7.21742306E-03   1.31091654E-12   8.99230872E-05   2.39647785E-03   2.18616449E-07 -0.367074341      0.369262457       1.45685161E-02
   11.0000000       800.000000      0.437294513       55.4855461       7.03859515E-03   1.26838449E-12   8.97639984E-05   2.36831768E-03   2.16037208E-07 -0.360776335      0.369262487       1.42246000E-02
   12.0000000       800.000000      0.440796643       55.9234009       6.86398940E-03   1.22720692E-12   8.95985941E-05   2.34032376E-03   2.09759179E-07 -0.354582518      0.369262666       1.38873085E-02
   13.0000000       800.000000      0.444335788       56.3692284       6.69349683E-03   1.18733398E-12   8.94284021E-05   2.31277011E-03   2.00207865E-07 -0.348488092      0.369262725       1.35568762E-02
   2.00000000       800.000000      0.447884768       56.8128738       6.52714865E-03   1.14872283E-12   8.92528478E-05   2.28551542E-03   1.87833052E-07 -0.342486739      0.369262815       1.32328551E-02
   3.00000000       800.000000      0.451492101       57.2652702       6.36469014E-03   1.11134626E-12   8.90731098E-05   2.25874945E-03   1.73099323E-07 -0.336585194      0.369262904       1.29153961E-02
   4.00000000       800.000000      0.455087274       57.7184486       6.20614039E-03   1.07515624E-12   8.88891591E-05   2.23208196E-03   1.56469085E-07 -0.330778748      0.369262934       1.26044443E-02
   5.00000000       800.000000      0.458740443       58.1730003       6.05139975E-03   1.04011461E-12   8.87013448E-05   2.20584823E-03   1.38404957E-07 -0.325066298      0.369262934       1.22999437E-02
   6.00000000       800.000000      0.462410837       58.6358948       5.90042630E-03   1.00619730E-12   8.85105110E-05   2.17995443E-03   1.19356699E-07 -0.319447994      0.369262993       1.20018106E-02
   7.00000000       800.000000      0.466109008       59.0983734       5.75314090E-03   9.73369822E-13   8.83173561E-05   2.15423782E-03   9.97523486E-08 -0.313922495      0.369262993       1.17099714E-02
   8.00000000       800.000000      0.469850868       59.5668716       5.60940849E-03   9.41592290E-13   8.81216693E-05   2.12893030E-03   7.99963473E-08 -0.308488309      0.369263023       1.14244847E-02
   9.00000000       800.000000      0.473630607       60.0369263       5.46912011E-03   9.10829680E-13   8.79226354E-05   2.10380484E-03   6.04608346E-08 -0.303142548      0.369263023       1.11453971E-02
   10.0000000       800.000000      0.477417022       60.5153427       5.33226319E-03   8.81063451E-13   8.77217826E-05   2.07901071E-03   4.14815773E-08 -0.297886968      0.369263053       1.08725894E-02
   11.0000000       800.000000      0.481236160       60.9947357       5.19877160E-03   8.52250182E-13   8.75213518E-05   2.05457187E-03   2.33668693E-08 -0.292720586      0.369263053       1.06058437E-02
   12.0000000       800.000000      0.485106736       61.4788399       5.06852241E-03   8.24371767E-13   8.73204262E-05   2.03037052E-03   6.37740705E-09 -0.287638277      0.369263053       1.03452662E-02
   13.0000000       800.000000      0.489003509       61.9645309       4.94145975E-03   7.97389986E-13   8.71183001E-05   2.00649351E-03  -9.27209332E-09 -0.282642841      0.369263053       1.00908568E-02
   2.00000000       800.000000      0.492917389       62.4534645       4.81751421E-03   7.71274104E-13   8.69166252E-05   1.98272918E-03  -2.34062441E-08 -0.277730793      0.369263053       9.84247308E-03
   3.00000000       800.000000      0.496857613       62.9518318       4.69659129E-03   7.46002598E-13   8.67162234E-05   1.95944635E-03  -3.58937839E-08 -0.272900850      0.369263023       9.60003585E-03
   4.00000000       800.000000      0.500846684       63.4490204       4.57866956E-03   7.21551725E-13   8.65178517E-05   1.93640485E-03  -4.66445194E-08 -0.268152684      0.369263023       9.36349668E-03
   5.00000000       800.000000      0.504872501       63.9528084       4.46359627E-03   6.97892319E-13   8.63209862E-05   1.91354973E-03  -5.56083428E-08 -0.263484985      0.369263023       9.13274102E-03
   6.00000000       800.000000      0.508909047       64.4573593       4.35135886E-03   6.74985675E-13   8.61269073E-05   1.89104793E-03  -6.27742338E-08 -0.258895904      0.369262993       8.90770461E-03
   7.00000000       800.000000      0.512971818       64.9687729       4.24188096E-03   6.52836617E-13   8.59351567E-05   1.86872692E-03  -6.81685677E-08 -0.254383355      0.369262993       8.68826453E-03
   8.00000000       800.000000      0.517089903       65.4843674       4.13506897E-03   6.31389092E-13   8.57466293E-05   1.84675737E-03  -7.18484827E-08 -0.249944657      0.369262934       8.47428478E-03
   9.00000000       800.000000      0.521240056       66.0012741       4.03086375E-03   6.10638601E-13   8.55625549E-05   1.82489725E-03  -7.38973824E-08 -0.245583460      0.369262934       8.26568902E-03
   10.0000000       800.000000      0.525399923       66.5273361       3.92920570E-03   5.90558743E-13   8.53828096E-05   1.80340861E-03  -7.44211306E-08 -0.241293177      0.369262904       8.06229189E-03
   11.0000000       800.000000      0.529633105       67.0519409       3.83004826E-03   5.71126750E-13   8.52089797E-05   1.78215594E-03  -7.35443919E-08 -0.237076744      0.369262904       7.86403846E-03
   12.0000000       800.000000      0.533852458       67.5886993       3.73332575E-03   5.52319638E-13   8.50419528E-05   1.76113797E-03  -7.14038251E-08 -0.232930243      0.369262815       7.67078903E-03
   13.0000000       800.000000      0.538169861       68.1238251       3.63895064E-03   5.34122768E-13   8.48822383E-05   1.74044643E-03  -6.81446153E-08 -0.228853956      0.369262785       7.48242624E-03
   2.00000000       800.000000      0.542478204       68.6609192       3.54689057E-03   5.16510825E-13   8.47320043E-05   1.71991694E-03  -6.39228404E-08 -0.224843487      0.369262725       7.29884673E-03
   3.00000000       800.000000      0.546837091       69.2043610       3.45705915E-03   4.99473943E-13   8.45920877E-05   1.69959688E-03  -5.88927591E-08 -0.220902890      0.369262695       7.11997272E-03
   4.00000000       800.000000      0.551184714       69.7545853       3.36945290E-03   4.82980192E-13   8.44637034E-05   1.67956401E-03  -5.32157287E-08 -0.217025474      0.369262666       6.94566080E-03
   5.00000000       800.000000      0.555633724       70.3113556       3.28401034E-03   4.67020194E-13   8.43482485E-05   1.65972579E-03  -4.70494044E-08 -0.213215634      0.369262666       6.77589281E-03
   6.00000000       800.000000      0.560065687       70.8701859       3.20055173E-03   4.51579448E-13   8.42470326E-05   1.64016313E-03  -4.05510328E-08 -0.209464908      0.369262666       6.61059143E-03
   7.00000000       800.000000      0.564574599       71.4266510       3.11920792E-03   4.36636350E-13   8.41600631E-05   1.62077253E-03  -3.38686021E-08 -0.205784023      0.369262606       6.44961279E-03
   8.00000000       800.000000      0.569091976       71.9988251       3.03986622E-03   4.22175153E-13   8.40846915E-05   1.60168647E-03  -2.71400058E-08 -0.202153265      0.369262606       6.29306305E-03
   9.00000000       800.000000      0.573642910       72.5662689       2.96236295E-03   4.08179404E-13   8.40250650E-05   1.58271985E-03  -2.04911501E-08 -0.198589981      0.369262606       6.14080625E-03
   10.0000000       800.000000      0.578249216       73.1417236       2.88678263E-03   3.94635496E-13   8.39853601E-05   1.56403554E-03  -1.40439953E-08 -0.195079491      0.369262606       5.99256530E-03
   11.0000000       800.000000      0.582887828       73.7225037       2.81304843E-03   3.81524104E-13   8.39622444E-05   1.54559326E-03  -7.89730947E-09 -0.191631556      0.369262606       5.84866991E-03
   12.0000000       800.000000      0.587557673       74.3115692       2.74107652E-03   3.68828584E-13   8.39574641E-05   1.52731023E-03  -2.13544027E-09 -0.188234940      0.369262606       5.70874615E-03
   13.0000000       800.000000      0.592285097       74.9019089       2.67083803E-03   3.56556419E-13   8.39748973E-05   1.50923221E-03   3.16748539E-09 -0.184894711      0.369262606       5.57292113E-03
   2.00000000       800.000000      0.597044110       75.4963303       2.60229409E-03   3.44666109E-13   8.40162829E-05   1.49138668E-03   7.95455879E-09 -0.181609482      0.369262606       5.44110034E-03
   3.00000000       800.000000      0.601813197       76.0937424       2.53538159E-03   3.33157872E-13   8.40839857E-05   1.47379714E-03   1.21825927E-08 -0.178373083      0.369262606       5.31319063E-03
   4.00000000       800.000000      0.606662095       76.6995621       2.47006281E-03   3.22016339E-13   8.41793008E-05   1.45631260E-03   1.58213780E-08 -0.175186813      0.369262606       5.18920412E-03
   5.00000000       800.000000      0.611538589       77.3089294       2.40629842E-03   3.11230588E-13   8.43026064E-05   1.43910572E-03   1.88537932E-08 -0.172051072      0.369262606       5.06902393E-03
   6.00000000       800.000000      0.616429627       77.9216690       2.34400202E-03   3.00787959E-13   8.44574752E-05   1.42210978E-03   2.12768843E-08 -0.168962568      0.369262606       4.95267985E-03
   7.00000000       800.000000      0.621346176       78.5425873       2.28322856E-03   2.90678099E-13   8.46459734E-05   1.40524260E-03   2.30974919E-08 -0.165920421      0.369262666       4.83999262E-03
   8.00000000       800.000000      0.626343310       79.1605453       2.22382369E-03   2.80884528E-13   8.48711352E-05   1.38859369E-03   2.43326994E-08 -0.162922814      0.369262666       4.73107817E-03
   9.00000000       800.000000      0.631355822       79.7936478       2.16581975E-03   2.71403478E-13   8.51355289E-05   1.37214991E-03   2.50095997E-08 -0.159969687      0.369262666       4.62570181E-03
   10.0000000       800.000000      0.636449695       80.4251099       2.10916926E-03   2.62219066E-13   8.54424870E-05   1.35589391E-03   2.51632422E-08 -0.157059774      0.369262666       4.52412013E-03
   11.0000000       800.000000      0.641569495       81.0633545       2.05381354E-03   2.53324840E-13   8.57923660E-05   1.33986503E-03   2.48355772E-08 -0.154189453      0.369262695       4.42590984E-03
   12.0000000       800.000000      0.646703839       81.7070923       1.99973048E-03   2.44709391E-13   8.61907611E-05   1.32393918E-03   2.40757139E-08 -0.151357487      0.369262695       4.33163485E-03
   13.0000000       800.000000      0.651862979       82.3593216       1.94689049E-03   2.36365533E-13   8.66375340E-05   1.30821485E-03   2.29354828E-08 -0.148562983      0.369262695       4.24058456E-03
   2.00000000       800.000000      0.657104909       83.0148392       1.89523469E-03   2.28278442E-13   8.71388038E-05   1.29270635E-03   2.14702087E-08 -0.145807013      0.369262695       4.15381696E-03
   3.00000000       800.000000      0.662361264       83.6720734       1.84476760E-03   2.20449567E-13   8.76925478E-05   1.27739704E-03   1.97366923E-08 -0.143082455      0.369262695       4.06997046E-03
   4.00000000       800.000000      0.667716920       84.3404617       1.79543882E-03   2.12861467E-13   8.83102985E-05   1.26218866E-03   1.77920345E-08 -0.140392825      0.369262695       3.99122620E-03
   5.00000000       800.000000      0.673070669       85.0116577       1.74724695E-03   2.05515943E-13   8.89854346E-05   1.24717224E-03   1.56914126E-08 -0.137732625      0.369262695       3.91471526E-03
   6.00000000       800.000000      0.678464949       85.6865540       1.70012424E-03   1.98398996E-13   8.97332502E-05   1.23238482E-03   1.34891582E-08 -0.135103166      0.369262695       3.84501391E-03
   7.00000000       800.000000      0.683868349       86.3630829       1.65406207E-03   1.91495271E-13   9.05325214E-05   1.21766923E-03   1.12295719E-08 -0.132491574      0.369262695       3.77619034E-03
   8.00000000       800.000000      0.689361989       87.0500107       1.60907221E-03   1.84820881E-13   9.14318953E-05   1.20328297E-03   8.95793750E-09 -0.129918292      0.369262695       3.71754612E-03
   9.00000000       800.000000      0.694936693       87.7468338       1.56511227E-03   1.78348520E-13   9.23829793E-05   1.18895993E-03   6.72869360E-09 -0.127346307      0.369262695       3.65627394E-03
   10.0000000       800.000000      0.700467765       88.4404068       1.52215897E-03   1.72089339E-13   9.34520285E-05   1.17475598E-03   4.56614924E-09 -0.124814056      0.369262695       3.61240632E-03
   11.0000000       800.000000      0.706084132       89.1438522       1.48019660E-03   1.66022144E-13   9.45462816E-05   1.16085599E-03   2.51203924E-09 -0.122267120      0.369262695       3.55844595E-03
   12.0000000       800.000000      0.711785257       89.8559036       1.43922761E-03   1.60154875E-13   9.58212695E-05   1.14703516E-03   5.95612504E-10 -0.119768851      0.369262695       3.53559200E-03
   13.0000000       800.000000      0.717506111       90.5660553       1.39921415E-03   1.54477207E-13   9.70524125E-05   1.13343785E-03  -1.16057086E-09 -0.117211282      0.369262695       3.48740793E-03
   2.00000000       800.000000      0.723254204       91.2924652       1.36024621E-03   1.48985560E-13   9.85721344E-05   1.12000422E-03  -2.73547718E-09 -0.114742413      0.369262695       3.49690369E-03
   3.00000000       800.000000      0.729030788       92.0148239       1.32223999E-03   1.43683202E-13   9.99002950E-05   1.10672473E-03  -4.11709467E-09 -0.112136804      0.369262695       3.45089380E-03
   4.00000000       800.000000      0.734885931       92.7492523       1.28528697E-03   1.38569643E-13   1.01750455E-04   1.09363056E-03  -5.29278443E-09 -0.109695628      0.369262695       3.51167005E-03
   5.00000000       800.000000      0.740812361       93.4854507       1.24939566E-03   1.33633379E-13   1.03037579E-04   1.08073733E-03  -6.26419006E-09 -0.106951728      0.369262695       3.46054672E-03
   6.00000000       800.000000      0.746736884       94.2303009       1.21464196E-03   1.28887799E-13   1.05339983E-04   1.06811174E-03  -7.02682090E-09 -0.104547173      0.369262695       3.60647612E-03
   7.00000000       800.000000      0.752711892       94.9802017       1.18088606E-03   1.24318145E-13   1.06418520E-04   1.05549442E-03  -7.59168106E-09 -0.101544060      0.369262695       3.52952583E-03
   8.00000000       800.000000      0.758787692       95.7357407       1.14855787E-03   1.19958744E-13   1.09366280E-04   1.04339223E-03  -7.94735744E-09  -9.92126465E-02  0.369262695       3.82771948E-03
   9.00000000       800.000000      0.764886141       96.4991150       1.11746276E-03   1.15793795E-13   1.10321336E-04   1.03117956E-03  -8.17845969E-09  -9.57105681E-02  0.369262695       3.65975848E-03
   10.0000000       800.000000      0.770997465       97.2638321       1.08766742E-03   1.11818026E-13   1.13504437E-04   1.01977855E-03  -7.99798094E-09  -9.35863033E-02  0.369262695       4.36231401E-03
   11.0000000       800.000000      0.777200460       98.0346756       1.06006872E-03   1.08117738E-13   1.30728702E-04   1.00795983E-03  -8.35883629E-09  -8.89574215E-02  0.369262695       3.84714827E-03
   12.0000000       800.000000      0.783445537       98.8157425       1.02573493E-03   1.03787977E-13   5.97672770E-05   9.97542986E-04  -1.66867869E-19  -8.75850916E-02  0.369262695      -2.62468052E-03
   13.0000000       800.000000      0.789714217       99.6048737       1.00181869E-03   1.00566528E-13   5.95398451E-05   9.85780265E-04  -2.43720092E-20  -9.30891484E-02  0.369262695      -6.96651125E-03
