   0.00000000       190.000000       3.40428352E-02   1.01702809       3.20525345E-04   3.15090879E-12  -8.25340003E-02   1.70161414      -7.52410981E-15  -7.38847477E-04  -2.56146893E-16  -5.17045800E-03
   1.00000000       197.000000       3.40447091E-02   1.05104125       3.15292447E-04   2.99906736E-12  -7.54383802E-02   1.58381653       2.34409910E-15  -9.14868200E-04  -1.76340772E-16   1.72899547E-03
   2.00000000       200.000000       3.40499915E-02   1.08514261       3.10306379E-04   2.85902617E-12   1.20946206E-02   1.27765501      -5.77365048E-02  -6.21110143E-04  -1.96593162E-03   4.14126460E-03
   3.00000000       200.000000       3.40571664E-02   1.11914527       3.66461638E-04   3.27371355E-12   9.56163108E-02   1.13409126      -2.44527534E-02  -6.32820302E-04  -2.79871211E-03  -2.41281954E-03
   4.00000000       200.000000       3.40652503E-02   1.15326166       4.32851841E-04   3.75260803E-12  0.114223041       1.00314736       1.04598943E-02  -7.85476819E-04  -2.44238810E-03  -3.75882536E-03
   5.00000000       200.000000       3.40752266E-02   1.18727005       4.98742505E-04   4.19979416E-12  0.117361352      0.904298246       4.60383408E-02  -8.88953917E-04  -8.73575744E-04  -3.13071278E-03
   6.00000000       200.000000       3.40886116E-02   1.22141874       5.67380921E-04   4.64447881E-12  0.114467427      0.829429984       8.05821046E-02  -9.98884090E-04   1.87341624E-03  -3.37563921E-03
   7.00000000       200.000000       3.41038704E-02   1.25543642       6.42909261E-04   5.11984075E-12  0.109595343      0.769882798      0.113098763      -1.11915101E-03   5.73060475E-03  -3.86088085E-03
   8.00000000       200.000000       3.41209993E-02   1.28956389       7.25804945E-04   5.62712203E-12  0.103631064      0.720689058      0.141489699      -1.26229785E-03   1.05585223E-02  -4.58416250E-03
   9.00000000       200.000000       3.41415480E-02   1.32373023       8.20692279E-04   6.19873293E-12   9.70844254E-02  0.678793192      0.167390168      -1.43208297E-03   1.62734855E-02  -5.50349988E-03
   10.0000000       200.000000       3.41642797E-02   1.35789859       9.30832291E-04   6.85382784E-12   9.07778218E-02  0.642394483      0.190692276      -1.63821445E-03   2.27882154E-02  -6.65262481E-03
   11.0000000       200.000000       3.41873281E-02   1.39207828       1.05975394E-03   7.61155375E-12   8.45586509E-02  0.610186100      0.211171463      -1.88679365E-03   3.00076548E-02  -7.96465017E-03
   2.00000000       200.000000       3.42125520E-02   1.42626679       1.21090701E-03   8.48867851E-12   7.89576694E-02  0.581528783      0.228568599      -2.18300777E-03   3.78278382E-02  -9.54943523E-03
   3.00000000       200.000000       3.42412032E-02   1.46045995       1.38865388E-03   9.50659083E-12   7.38983378E-02  0.556183159      0.242745832      -2.54050945E-03   4.61400039E-02  -1.14825740E-02
   4.00000000       200.000000       3.42717990E-02   1.49468386       1.59703428E-03   1.06825928E-11   6.94609508E-02  0.533211172      0.253617376      -2.96972645E-03   5.48321381E-02  -1.37008261E-02
   5.00000000       200.000000       3.43041234E-02   1.52902329       1.83888711E-03   1.20245480E-11   6.53793216E-02  0.512134254      0.261406481      -3.48008890E-03   6.37997016E-02  -1.61836520E-02
   6.00000000       200.000000       3.43400165E-02   1.56331646       2.11800030E-03   1.35456741E-11   6.17638901E-02  0.492694497      0.266284496      -4.08067554E-03   7.29441494E-02  -1.89733766E-02
   7.00000000       200.000000       3.43780145E-02   1.59766877       2.43981648E-03   1.52683109E-11   5.87347560E-02  0.474390507      0.267400593      -4.78390232E-03   8.21366981E-02  -2.25174911E-02
   8.00000000       400.000000       3.44163403E-02   1.63212323       2.80836876E-03   1.72043751E-11   5.53854369E-02  0.455459803      0.265108645      -5.62976254E-03   9.12608951E-02  -2.59003732E-02
   9.00000000       400.000000       3.44596468E-02   1.66651404       3.22362618E-03   1.93402273E-11   5.17921895E-02  0.439241529      0.258755118      -6.56780833E-03  0.100177236      -2.93278228E-02
   10.0000000       400.000000       3.45019177E-02   1.70102203       3.69343953E-03   2.17097122E-11   4.90545593E-02  0.424773812      0.247170538      -7.65223103E-03  0.108705200      -3.36314738E-02
   11.0000000       400.000000       3.45477760E-02   1.73553383       4.22264310E-03   2.43266622E-11   4.70279343E-02  0.411648631      0.229199141      -8.89007747E-03  0.116623819      -3.83220129E-02
   12.0000000       400.000000       3.45973931E-02   1.77006423       4.81592864E-03   2.72027470E-11   4.57349606E-02  0.399644285      0.204399005      -1.03019932E-02  0.123695150      -4.33768667E-02
   13.0000000       400.000000       3.46456654E-02   1.80469894       5.47517836E-03   3.03332880E-11   4.51430902E-02  0.388580024      0.173473701      -1.18936440E-02  0.129705369      -4.86819968E-02
   2.00000000       400.000000       3.46989296E-02   1.83938944       6.20094640E-03   3.37066278E-11   4.51307744E-02  0.378331572      0.138230890      -1.36779090E-02  0.134502009      -5.42295426E-02
   3.00000000       400.000000       3.47537622E-02   1.87406790       6.99266698E-03   3.73059292E-11   4.54137996E-02  0.368770838      0.100824043      -1.56601202E-02  0.138006121      -5.99783175E-02
   4.00000000       400.000000       3.48123796E-02   1.90886545       7.84997083E-03   4.11165442E-11   4.59513329E-02  0.359649748       6.35870993E-02  -1.78503618E-02  0.140219465      -6.58849552E-02
   5.00000000       400.000000       3.48717459E-02   1.94381344       8.77209008E-03   4.51229470E-11   4.67123426E-02  0.351076365       2.81696413E-02  -2.02511176E-02  0.141201958      -7.19223842E-02
   6.00000000       400.000000       3.49331126E-02   1.97864985       9.76014603E-03   4.93199891E-11   4.75514382E-02  0.342833042      -5.04082022E-03  -2.28707511E-02  0.141025841      -7.81984851E-02
   7.00000000       400.000000       3.49960364E-02   2.01366401       1.08150207E-02   5.37016126E-11   4.85194102E-02  0.334993750      -3.63831259E-02  -2.57194359E-02  0.139752626      -8.46523046E-02
   8.00000000       400.000000       3.50628383E-02   2.04869795       1.19375149E-02   5.82618467E-11   4.95183803E-02  0.327495813      -6.57476410E-02  -2.88013872E-02  0.137447208      -9.12408009E-02
   9.00000000       400.000000       3.51311862E-02   2.08382654       1.31280832E-02   6.29932981E-11   5.05881198E-02  0.320344836      -9.29077640E-02  -3.21238339E-02  0.134183452      -9.79630426E-02
   10.0000000       400.000000       3.52015831E-02   2.11898565       1.43849319E-02   6.78785708E-11   5.16719818E-02  0.313474089     -0.117620528      -3.56911682E-02  0.130043015     -0.104658775    
   11.0000000       400.000000       3.52728553E-02   2.15418029       1.57051738E-02   7.28964181E-11   5.26832379E-02  0.306806952     -0.139648288      -3.94996293E-02  0.125117183     -0.111264609    
   12.0000000       400.000000       3.53475511E-02   2.18945503       1.70859396E-02   7.80264534E-11   5.36847040E-02  0.300329864     -0.158825204      -4.35488783E-02  0.119502902     -0.117813371    
   13.0000000       400.000000       3.54251340E-02   2.22494793       1.85246952E-02   8.32512809E-11   5.46257421E-02  0.294071287     -0.175109029      -4.78378646E-02  0.113299660     -0.124311492    
   2.00000000       400.000000       3.55066359E-02   2.26028228       2.00193096E-02   8.85565996E-11   5.55300042E-02  0.287951767     -0.188066244      -5.23665175E-02  0.106622063     -0.130812615    
   3.00000000       400.000000       3.55888382E-02   2.29589605       2.15689857E-02   9.39346378E-11   5.64098470E-02  0.282039225     -0.196863845      -5.71377501E-02   9.96161178E-02 -0.137366667    
   4.00000000       400.000000       3.56727764E-02   2.33153582       2.31726989E-02   9.93766805E-11   5.71632758E-02  0.276279956     -0.200516179      -6.21552281E-02   9.24635381E-02 -0.143945724    
   5.00000000       400.000000       3.57585363E-02   2.36718988       2.48297602E-02   1.04876670E-10   5.78316972E-02  0.270659119     -0.198140547      -6.74197301E-02   8.53785798E-02 -0.150532305    
   6.00000000       400.000000       3.58451568E-02   2.40296197       2.65385862E-02   1.10424184E-10   5.83583228E-02  0.265125394     -0.189271092      -7.29339123E-02   7.85937309E-02 -0.157125443    
   7.00000000       400.000000       3.59365791E-02   2.43895650       2.82966886E-02   1.16007093E-10   5.87378293E-02  0.259710401     -0.174588665      -7.86986947E-02   7.23194182E-02 -0.163713515    
   8.00000000       400.000000       3.60317938E-02   2.47496963       3.01025026E-02   1.21616120E-10   5.89890257E-02  0.254447877     -0.155495748      -8.47161487E-02   6.67168349E-02 -0.170348346    
   9.00000000       400.000000       3.61256152E-02   2.51087451       3.19568999E-02   1.27252653E-10   5.90922274E-02  0.249306157     -0.133096442      -9.09906849E-02   6.19085953E-02 -0.177127644    
   10.0000000       400.000000       3.62243615E-02   2.54723430       3.38603035E-02   1.32917538E-10   5.91071881E-02  0.244304061     -0.108234152      -9.75315049E-02   5.79878800E-02 -0.183947310    
   11.0000000       400.000000       3.63236889E-02   2.58347154       3.58119011E-02   1.38604392E-10   5.90066612E-02  0.239428446      -8.17259997E-02 -0.104335815       5.50192147E-02 -0.190519407    
   12.0000000       400.000000       3.64281610E-02   2.61973166       3.78067233E-02   1.44293397E-10   5.87943047E-02  0.234662905      -5.47043979E-02 -0.111391954       5.30265085E-02 -0.196879327    
   13.0000000       400.000000       3.65312435E-02   2.65625191       3.98418419E-02   1.49972604E-10   5.84609546E-02  0.230004191      -2.82857362E-02 -0.118699811       5.19932471E-02 -0.202805519    
   2.00000000       400.000000       3.66381556E-02   2.69287086       4.19100374E-02   1.55614424E-10   5.80491722E-02  0.225450069      -4.07050038E-03 -0.126231432       5.18440641E-02 -0.208099142    
   3.00000000       400.000000       3.67491208E-02   2.72951531       4.40063737E-02   1.61201871E-10   5.76218627E-02  0.220999047       1.67449880E-02 -0.133971661       5.24593443E-02 -0.212915301    
   4.00000000       400.000000       3.68596762E-02   2.76648116       4.61268462E-02   1.66721595E-10   5.71566224E-02  0.216648802       3.35634090E-02 -0.141903862       5.36965728E-02 -0.217181519    
   5.00000000       400.000000       3.69738303E-02   2.80324292       4.82662916E-02   1.72156872E-10   5.66210635E-02  0.212395757       4.70010005E-02 -0.150007397       5.54344431E-02 -0.221111506    
   6.00000000       400.000000       3.70923392E-02   2.84031177       5.04241548E-02   1.77508910E-10   5.59773706E-02  0.208234206       5.85113131E-02 -0.158281028       5.76046817E-02 -0.224627301    
   7.00000000       400.000000       3.72101963E-02   2.87746811       5.25958911E-02   1.82763374E-10   5.52443713E-02  0.204161331       6.93247765E-02 -0.166697577       6.01842999E-02 -0.227482781    
   8.00000000       400.000000       3.73310633E-02   2.91468883       5.47775403E-02   1.87910659E-10   5.44374436E-02  0.200171828       7.93942213E-02 -0.175238073       6.31482154E-02 -0.229765505    
   9.00000000       400.000000       3.74547355E-02   2.95214677       5.69643304E-02   1.92936972E-10   5.35843261E-02  0.196279436       8.74961168E-02 -0.183881328       6.64254501E-02 -0.231538296    
   10.0000000       400.000000       3.75822932E-02   2.98967767       5.91539219E-02   1.97838607E-10   5.26845306E-02  0.192478523       9.19646844E-02 -0.192612126       6.98816106E-02 -0.232874349    
   11.0000000       400.000000       3.77115831E-02   3.02733731       6.13440871E-02   2.02612288E-10   5.17186187E-02  0.188772529       9.13894027E-02 -0.201414838       7.33279660E-02 -0.233970702    
   12.0000000       400.000000       3.78417671E-02   3.06507659       6.35387376E-02   2.07274642E-10   5.06302901E-02  0.185155392       8.59427676E-02 -0.210289061       7.65801966E-02 -0.235090703    
   13.0000000       400.000000       3.79736088E-02   3.10296249       6.57420605E-02   2.11842446E-10   4.94267009E-02  0.181629941       7.74309859E-02 -0.219238326       7.95207098E-02 -0.236498758    
   2.00000000       400.000000       3.81093584E-02   3.14102793       6.79601878E-02   2.16337656E-10   4.81104478E-02  0.178196520       6.86648935E-02 -0.228283301       8.21374878E-02 -0.238374963    
   3.00000000       400.000000       3.82481478E-02   3.17926812       7.01969564E-02   2.20774440E-10   4.66740429E-02  0.174856752       6.21288903E-02 -0.237441257       8.45138356E-02 -0.240634441    
   4.00000000       400.000000       3.83906849E-02   3.21746230       7.24566281E-02   2.25167329E-10   4.50964458E-02  0.171610534       5.90742081E-02 -0.246724978       8.67816657E-02 -0.243349358    
   5.00000000       400.000000       3.85340862E-02   3.25593615       7.47442916E-02   2.29532601E-10   4.33420874E-02  0.168452904       5.91456927E-02 -0.256159812       8.90607312E-02 -0.246561408    
   6.00000000       400.000000       3.86794209E-02   3.29459786       7.70615563E-02   2.33876113E-10   4.14592549E-02  0.165387988       6.07917123E-02 -0.265762478       9.14121270E-02 -0.250357419    
   7.00000000       400.000000       3.88261117E-02   3.33332801       7.94182047E-02   2.38226050E-10   3.94437499E-02  0.162408367       6.22440204E-02 -0.275564134       9.38288197E-02 -0.254541993    
   8.00000000       400.000000       3.89781781E-02   3.37215042       8.18189234E-02   2.42596859E-10   3.71986143E-02  0.159518898       6.25594184E-02 -0.285566866       9.62671638E-02 -0.258861095    
   9.00000000       400.000000       3.91310640E-02   3.41121101       8.42666551E-02   2.46993453E-10   3.46241370E-02  0.156721413       6.21586666E-02 -0.295782477       9.86994505E-02 -0.263742745    
   10.0000000       400.000000       3.92854065E-02   3.45050335       8.67710486E-02   2.51444199E-10   3.16225402E-02  0.154013038       6.23480082E-02 -0.306248754      0.101149037     -0.269419283    
   11.0000000       400.000000       3.94439995E-02   3.48992372       8.93411636E-02   2.55971744E-10   2.83170193E-02  0.151395813       6.42477721E-02 -0.316995025      0.103683136     -0.276857615    
   12.0000000       400.000000       3.96043137E-02   3.52931929       9.19985473E-02   2.60633487E-10   2.50457935E-02  0.148859158       6.83401674E-02 -0.328134537      0.106389768     -0.287157953    
   13.0000000       400.000000       3.97699885E-02   3.56905532       9.47902948E-02   2.65556438E-10   2.18692813E-02  0.146388873       7.36244693E-02 -0.339787275      0.109317586     -0.299949676    
   2.00000000       400.000000       3.99327539E-02   3.60901117       9.77635533E-02   2.70861833E-10   1.86741631E-02  0.143978074       7.82630146E-02 -0.352040768      0.112443164     -0.316837132    
   3.00000000       400.000000       4.01016437E-02   3.64905024      0.100928202       2.76563411E-10   1.58749800E-02  0.141618028       8.15201402E-02 -0.365145832      0.115712181     -0.340261757    
   4.00000000       400.000000       4.02740240E-02   3.68916464      0.104318328       2.82739165E-10   1.36044873E-02  0.139289021       8.46271068E-02 -0.379389524      0.119120345     -0.367286921    
   5.00000000       400.000000       4.04453352E-02   3.72949243      0.107872792       2.89208602E-10   1.16782282E-02  0.136987597       8.81560370E-02 -0.394793302      0.122686014     -0.392882317    
   6.00000000       400.000000       4.06209007E-02   3.77015471      0.111509457       2.95744457E-10   9.95406602E-03  0.134716749       8.76825899E-02 -0.411240041      0.126248017     -0.406293184    
   7.00000000       400.000000       4.08019014E-02   3.81062984      0.115224749       3.02333547E-10   8.55448563E-03  0.132487759       7.88286626E-02 -0.427875727      0.129464373     -0.408137053    
   8.00000000       400.000000       4.09835242E-02   3.85157919      0.118985452       3.08886278E-10   7.27343373E-03  0.130306855       5.93871549E-02 -0.444618940      0.131898239     -0.404416829    
   9.00000000       400.000000       4.11677249E-02   3.89264297      0.122741401       3.15275001E-10   6.10294659E-03  0.128175601       3.32148559E-02 -0.461098015      0.133265436     -0.389675021    
   10.0000000       800.000000       4.13518026E-02   3.93391180      0.126454592       3.21405791E-10   5.13930200E-03  0.126096770       1.08393058E-02 -0.476774901      0.133713752     -0.365235835    
   11.0000000       800.000000       4.15420607E-02   3.97551847      0.130058303       3.27118971E-10   4.21190029E-03  0.124066465       1.50914991E-03 -0.491373956      0.133776262     -0.340135992    
   12.0000000       800.000000       4.17331755E-02   4.01692963      0.133538201       3.32389838E-10   3.41543811E-03  0.122083813       5.52708609E-03 -0.505100310      0.134006798     -0.319631457    
   13.0000000       800.000000       4.19295840E-02   4.05884504      0.136845306       3.37111755E-10   2.76928907E-03  0.120149486       1.49222650E-02 -0.518115044      0.134632707     -0.303458273    
   2.00000000       800.000000       4.21275869E-02   4.10084629      0.139973268       3.41283113E-10   2.15695752E-03  0.118263155       2.09356975E-02 -0.530607224      0.135514721     -0.289945781    
   3.00000000       800.000000       4.23264094E-02   4.14324856      0.142918393       3.44912571E-10   1.56825699E-03  0.116424672       1.81273781E-02 -0.542602181      0.136281773     -0.276508451    
   4.00000000       800.000000       4.25276794E-02   4.18554831      0.145698681       3.48058554E-10   1.00526155E-03  0.114632882       7.34871719E-03 -0.554069936      0.136594325     -0.275434881    
   5.00000000       800.000000       4.27326299E-02   4.22826385      0.148539841       3.51268292E-10   5.24123665E-04  0.112886831      -6.68820273E-03 -0.566085339      0.136308476     -0.284406930    
   6.00000000       800.000000       4.29400988E-02   4.27117634      0.151414931       3.54476393E-10   8.49489588E-05  0.111182630      -1.92971136E-02 -0.578436494      0.135479882     -0.283541918    
   7.00000000       800.000000       4.31519486E-02   4.31416321      0.154120803       3.57209873E-10  -3.48698493E-04  0.109518901      -2.77783815E-02 -0.590496838      0.134281158     -0.273364365    
   8.00000000       800.000000       4.33655083E-02   4.35740662      0.156360373       3.58802710E-10  -6.38316618E-04  0.107893057      -2.75374446E-02 -0.602087617      0.133086875     -0.244805485    
   9.00000000       800.000000       4.35808785E-02   4.40067959      0.157854810       3.58653746E-10  -6.19197206E-04  0.106304415      -2.23425850E-02 -0.611782134      0.132113308     -0.186141416    
   10.0000000       800.000000       4.38009016E-02   4.44439697      0.158742160       3.57124774E-10  -5.04032068E-04  0.104752652      -1.76087804E-02 -0.618353486      0.131342128     -0.131802008    
   11.0000000       800.000000       4.40220647E-02   4.48833799      0.159268111       3.54801688E-10  -3.98305332E-04  0.103236675      -1.73404384E-02 -0.623357117      0.130578637      -9.46868211E-02
   12.0000000       800.000000       4.42490242E-02   4.53246212      0.159405127       3.51649460E-10  -3.20493215E-04  0.101755373      -2.06473749E-02 -0.626710951      0.129665032      -5.81245273E-02
   13.0000000       800.000000       4.44775447E-02   4.57707596      0.159165397       3.47717299E-10  -2.85215094E-04  0.100308076      -2.37682592E-02 -0.628514588      0.128607631      -2.81206537E-02
   2.00000000       800.000000       4.47068773E-02   4.62136841      0.158592403       3.43122919E-10  -2.94864381E-04   9.88938585E-02  -2.37875469E-02 -0.629220366      0.127544388      -1.10818138E-02
   3.00000000       800.000000       4.49385233E-02   4.66624355      0.157721579       3.37960798E-10  -3.56272300E-04   9.75109041E-02  -2.08915118E-02 -0.629507244      0.126605645      -1.09317945E-02
   4.00000000       800.000000       4.51754220E-02   4.71121693      0.156635329       3.32423256E-10  -4.61777090E-04   9.61570814E-02  -1.76060218E-02 -0.630203545      0.125810236      -2.71147992E-02
   5.00000000       800.000000       4.54156250E-02   4.75678205      0.155453324       3.26773913E-10  -5.91701886E-04   9.48299468E-02  -1.57398880E-02 -0.631963909      0.125095233      -5.10415733E-02
   6.00000000       800.000000       4.56556603E-02   4.80203438      0.154239804       3.21148719E-10  -7.31566455E-04   9.35267732E-02  -1.53517034E-02 -0.634852707      0.124394543      -7.38392472E-02
   7.00000000       800.000000       4.59001064E-02   4.84787893      0.153067812       3.15698884E-10  -8.61904060E-04   9.22453701E-02  -1.53383892E-02 -0.638724446      0.123690449      -9.03520733E-02
   8.00000000       800.000000       4.61495221E-02   4.89382601      0.151971459       3.10490078E-10  -9.74897237E-04   9.09847841E-02  -1.46947466E-02 -0.643170357      0.123012356      -9.96259227E-02
   9.00000000       800.000000       4.64015417E-02   4.94037914      0.150994748       3.05605291E-10  -1.05265016E-03   8.97438899E-02  -1.32599324E-02 -0.647945285      0.122397035     -0.103178672    
   10.0000000       800.000000       4.66544069E-02   4.98703766      0.150109917       3.00979491E-10  -1.10112946E-03   8.85228962E-02  -1.18072769E-02 -0.652770579      0.121846326     -0.102167033    
   11.0000000       800.000000       4.69110720E-02   5.03345490      0.149276659       2.96526831E-10  -1.12892012E-03   8.73211697E-02  -1.10408515E-02 -0.657504976      0.121328153      -9.98016447E-02
   12.0000000       800.000000       4.71705161E-02   5.08080530      0.148478135       2.92210256E-10  -1.14091556E-03   8.61389786E-02  -1.07144900E-02 -0.662160933      0.120822869      -9.72709730E-02
   13.0000000       800.000000       4.74330559E-02   5.12793064      0.147686213       2.87970203E-10  -1.14630442E-03   8.49759206E-02  -1.01169283E-02 -0.666705787      0.120343037      -9.47626233E-02
   2.00000000       800.000000       4.76989783E-02   5.17558718      0.146897539       2.83800317E-10  -1.14795880E-03   8.38315412E-02  -8.99411365E-03 -0.671175301      0.119913943      -9.26326886E-02
   3.00000000       800.000000       4.79672700E-02   5.22343826      0.146109745       2.79692464E-10  -1.14717660E-03   8.27054381E-02  -7.82218575E-03 -0.675567925      0.119538747      -9.15699080E-02
   4.00000000       800.000000       4.82396744E-02   5.27148342      0.145345405       2.75691081E-10  -1.13653298E-03   8.15972239E-02  -7.12756161E-03 -0.679984927      0.119194970      -9.13892239E-02
   5.00000000       800.000000       4.85143214E-02   5.32006216      0.144606307       2.71795364E-10  -1.11681002E-03   8.05065781E-02  -6.92431536E-03 -0.684410095      0.118858807      -9.19174924E-02
   6.00000000       800.000000       4.87925000E-02   5.36836243      0.143911526       2.68037814E-10  -1.08301605E-03   7.94330910E-02  -6.66862866E-03 -0.688930929      0.118533440      -9.27726924E-02
   7.00000000       800.000000       4.90735136E-02   5.41723442      0.143250644       2.64396921E-10  -1.04142586E-03   7.83768147E-02  -5.97773911E-03 -0.693490863      0.118240170      -9.33140069E-02
   8.00000000       800.000000       4.93605398E-02   5.46674824      0.142627224       2.60876293E-10  -9.91647714E-04   7.73372725E-02  -5.09331562E-03 -0.698114336      0.117988870      -9.40620303E-02
   9.00000000       800.000000       4.96459454E-02   5.51635075      0.142040446       2.57471211E-10  -9.34127485E-04   7.63144866E-02  -4.62867785E-03 -0.702802479      0.117759034      -9.46884677E-02
   10.0000000       800.000000       4.99367975E-02   5.56616688      0.141485319       2.54171240E-10  -8.71729164E-04   7.53074363E-02  -4.53403685E-03 -0.707544446      0.117532521      -9.49135721E-02
   11.0000000       800.000000       5.02316244E-02   5.61612844      0.140952796       2.50955701E-10  -8.06311262E-04   7.43163973E-02  -4.20319056E-03 -0.712310195      0.117321461      -9.47105438E-02
   12.0000000       800.000000       5.05279116E-02   5.66623640      0.140435532       2.47811910E-10  -7.40310817E-04   7.33407065E-02  -3.62468441E-03 -0.717087865      0.117138170      -9.41015854E-02
   13.0000000       800.000000       5.08273505E-02   5.71697474      0.139925808       2.44724380E-10  -6.76204916E-04   7.23807141E-02  -3.25212162E-03 -0.721848130      0.116973184      -9.30157080E-02
   2.00000000       800.000000       5.11321910E-02   5.76780939      0.139416814       2.41679315E-10  -6.16586360E-04   7.14354888E-02  -3.26068583E-03 -0.726570725      0.116806537      -9.15329978E-02
   3.00000000       800.000000       5.14377542E-02   5.81939650      0.138902456       2.38665754E-10  -5.63243055E-04   7.05053881E-02  -3.14965146E-03 -0.731237531      0.116644263      -8.98491442E-02
   4.00000000       800.000000       5.17485440E-02   5.87104797      0.138380602       2.35678921E-10  -5.17170294E-04   6.95894808E-02  -2.75950157E-03 -0.735842109      0.116501331      -8.81342590E-02
   5.00000000       800.000000       5.20629622E-02   5.92277527      0.137849584       2.32716846E-10  -4.78158327E-04   6.86876550E-02  -2.64694495E-03 -0.740385592      0.116363823      -8.63733813E-02
   6.00000000       800.000000       5.23787588E-02   5.97483015      0.137309760       2.29779265E-10  -4.46117396E-04   6.77993596E-02  -2.73836264E-03 -0.744863927      0.116220415      -8.45928267E-02
   7.00000000       800.000000       5.26992045E-02   6.02751064      0.136760756       2.26866095E-10  -4.20625933E-04   6.69249520E-02  -2.49379245E-03 -0.749275446      0.116088718      -8.28482807E-02
   8.00000000       800.000000       5.30240014E-02   6.08028364      0.136202231       2.23975366E-10  -4.01499507E-04   6.60634041E-02  -2.24179635E-03 -0.753621936      0.115970030      -8.10897946E-02
   9.00000000       800.000000       5.33496812E-02   6.13364077      0.135631278       2.21102678E-10  -3.88913555E-04   6.52149916E-02  -2.26690224E-03 -0.757900298      0.115849264      -7.92563185E-02
   10.0000000       800.000000       5.36804311E-02   6.18732548      0.135047391       2.18246005E-10  -3.82928702E-04   6.43790811E-02  -2.11624242E-03 -0.762104988      0.115735389      -7.75679350E-02
   11.0000000       800.000000       5.40157408E-02   6.24103832      0.134455621       2.15415255E-10  -3.82105878E-04   6.35555387E-02  -1.90990570E-03 -0.766254663      0.115632385      -7.62654468E-02
   12.0000000       800.000000       5.43518029E-02   6.29508209      0.133861437       2.12617840E-10  -3.84658255E-04   6.27441779E-02  -1.84310949E-03 -0.770369232      0.115532108      -7.53012151E-02
   13.0000000       800.000000       5.46922497E-02   6.34962225      0.133267879       2.09857465E-10  -3.89409834E-04   6.19445704E-02  -1.72597170E-03 -0.774466157      0.115437724      -7.45800585E-02
   2.00000000       800.000000       5.50380871E-02   6.40445566      0.132677510       2.07137432E-10  -3.95106559E-04   6.11567944E-02  -1.61062530E-03 -0.778552711      0.115348965      -7.40740895E-02
   3.00000000       800.000000       5.53847216E-02   6.45976830      0.132092670       2.04462558E-10  -4.00833698E-04   6.03802837E-02  -1.41942548E-03 -0.782644928      0.115270458      -7.36670122E-02
   4.00000000       800.000000       5.57359010E-02   6.51546860      0.131514326       2.01831413E-10  -4.06056060E-04   5.96148372E-02  -1.34088146E-03 -0.786738992      0.115195736      -7.33169094E-02
   5.00000000       800.000000       5.60912378E-02   6.57112312      0.130944043       1.99245870E-10  -4.10367793E-04   5.88606931E-02  -1.24406756E-03 -0.790843606      0.115125842      -7.30706155E-02
   6.00000000       800.000000       5.64479530E-02   6.62756824      0.130382031       1.96706429E-10  -4.13120317E-04   5.81172369E-02  -1.08308136E-03 -0.794963539      0.115064755      -7.28739202E-02
   7.00000000       800.000000       5.68098128E-02   6.68420267      0.129829317       1.94213215E-10  -4.14167851E-04   5.73844910E-02  -9.84999468E-04 -0.799097717      0.115008704      -7.26453736E-02
   8.00000000       800.000000       5.71758151E-02   6.74102211      0.129285097       1.91763494E-10  -4.13518399E-04   5.66619374E-02  -9.46291606E-04 -0.803243399      0.114954874      -7.23915771E-02
   9.00000000       800.000000       5.75454868E-02   6.79867172      0.128749266       1.89357557E-10  -4.11225308E-04   5.59498742E-02  -8.36567953E-04 -0.807401776      0.114906594      -7.21042231E-02
   10.0000000       800.000000       5.79212233E-02   6.85620070      0.128221542       1.86993754E-10  -4.07258340E-04   5.52479811E-02  -7.67204212E-04 -0.811568916      0.114862047      -7.17846975E-02
   11.0000000       800.000000       5.82982525E-02   6.91421032      0.127701849       1.84670668E-10  -4.01727943E-04   5.45560829E-02  -7.49557104E-04 -0.815746427      0.114818625      -7.14155659E-02
   12.0000000       800.000000       5.86755127E-02   6.97270107      0.127188876       1.82386106E-10  -3.94546747E-04   5.38737439E-02  -6.88103493E-04 -0.819923162      0.114778109      -7.10146874E-02
   13.0000000       800.000000       5.90622984E-02   7.03143930      0.126683235       1.80140389E-10  -3.86123022E-04   5.32011017E-02  -6.21649320E-04 -0.824105620      0.114741415      -7.04758838E-02
   2.00000000       800.000000       5.94485030E-02   7.09108067      0.126181915       1.77927742E-10  -3.76750162E-04   5.25379330E-02  -6.24080887E-04 -0.828274548      0.114704378      -6.98629767E-02
   3.00000000       800.000000       5.98436110E-02   7.15043688      0.125687882       1.75753218E-10  -3.66374647E-04   5.18840067E-02  -5.71199169E-04 -0.832440019      0.114670247      -6.94496110E-02
   4.00000000       800.000000       6.02373928E-02   7.21079636      0.125204206       1.73619341E-10  -3.53534182E-04   5.12391552E-02  -5.37441461E-04 -0.836613357      0.114637747      -6.92739934E-02
   5.00000000       800.000000       6.06374219E-02   7.27131176      0.124733500       1.71528403E-10  -3.38111509E-04   5.06036319E-02  -5.43371541E-04 -0.840813875      0.114604816      -6.91541210E-02
   6.00000000       800.000000       6.10392392E-02   7.33202028      0.124273360       1.69477460E-10  -3.20056250E-04   4.99766842E-02  -5.23180584E-04 -0.845027685      0.114572726      -6.89920783E-02
   7.00000000       800.000000       6.14471473E-02   7.39313030      0.123823300       1.67465000E-10  -3.00192594E-04   4.93587032E-02  -5.05680975E-04 -0.849263608      0.114541553      -6.87605739E-02
   8.00000000       800.000000       6.18590638E-02   7.45494413      0.123379566       1.65484779E-10  -2.78999971E-04   4.87490781E-02  -4.96010238E-04 -0.853507102      0.114511080      -6.83477074E-02
   9.00000000       800.000000       6.22721761E-02   7.51700449      0.122938260       1.63531341E-10  -2.58051004E-04   4.81481738E-02  -4.70232568E-04 -0.857748628      0.114481859      -6.75978884E-02
   10.0000000       800.000000       6.26941621E-02   7.57950735      0.122492522       1.61595723E-10  -2.38733861E-04   4.75554466E-02  -4.37544280E-04 -0.861953378      0.114454255      -6.65012598E-02
   11.0000000       800.000000       6.31151870E-02   7.64244461      0.122039713       1.59673122E-10  -2.22577248E-04   4.69707698E-02  -4.27153427E-04 -0.866116107      0.114427395      -6.51651025E-02
   12.0000000       800.000000       6.35424033E-02   7.70559978      0.121575311       1.57757765E-10  -2.10232960E-04   4.63942625E-02  -3.83773790E-04 -0.870209157      0.114403166      -6.35913685E-02
   13.0000000       800.000000       6.39760271E-02   7.76949692      0.121096388       1.55846933E-10  -2.02976924E-04   4.58254814E-02  -3.68305569E-04 -0.874224782      0.114379413      -6.17860220E-02
   2.00000000       800.000000       6.44085407E-02   7.83382225      0.120600142       1.53936142E-10  -2.01257790E-04   4.52643074E-02  -3.32620664E-04 -0.878142476      0.114357963      -5.98130040E-02
   3.00000000       800.000000       6.48498610E-02   7.89831066      0.120086372       1.52026405E-10  -2.05311560E-04   4.47110124E-02  -3.00273532E-04 -0.881955564      0.114338681      -5.79113252E-02
   4.00000000       800.000000       6.52926117E-02   7.96304750      0.119558685       1.50121929E-10  -2.14027183E-04   4.41648699E-02  -2.72676960E-04 -0.885677576      0.114320800      -5.62896207E-02
   5.00000000       800.000000       6.57397360E-02   8.02879810      0.119022027       1.48228069E-10  -2.26016695E-04   4.36260439E-02  -2.36394204E-04 -0.889331043      0.114305168      -5.49935699E-02
   6.00000000       800.000000       6.61928579E-02   8.09504509      0.118479125       1.46349738E-10  -2.40017253E-04   4.30943668E-02  -2.08727317E-04 -0.892933011      0.114291586      -5.39494827E-02
   7.00000000       800.000000       6.66503683E-02   8.16145802      0.117933474       1.44489837E-10  -2.55096500E-04   4.25694473E-02  -1.80479445E-04 -0.896498024      0.114279360      -5.31699993E-02
   8.00000000       800.000000       6.71091229E-02   8.22835445      0.117388315       1.42652876E-10  -2.69816490E-04   4.20516804E-02  -1.54277848E-04 -0.900044441      0.114268877      -5.28220944E-02
   9.00000000       800.000000       6.75772652E-02   8.29508305      0.116850674       1.40846793E-10  -2.82157649E-04   4.15406898E-02  -1.36770803E-04 -0.903612614      0.114259705      -5.30573428E-02
   10.0000000       800.000000       6.80434331E-02   8.36327362      0.116327219       1.39079082E-10  -2.89865886E-04   4.10363823E-02  -1.13859147E-04 -0.907240987      0.114252083      -5.37373871E-02
   11.0000000       800.000000       6.85164854E-02   8.43160915      0.115821980       1.37353337E-10  -2.92041979E-04   4.05385979E-02  -9.49291498E-05 -0.910952151      0.114245497      -5.45722954E-02
   12.0000000       800.000000       6.89990669E-02   8.50011826      0.115335815       1.35670419E-10  -2.88392068E-04   4.00474332E-02  -7.11674511E-05 -0.914744794      0.114240438      -5.54637872E-02
   13.0000000       800.000000       6.94770738E-02   8.56972027      0.114870138       1.34031050E-10  -2.78778316E-04   3.95629331E-02  -5.05643729E-05 -0.918631673      0.114237145      -5.63989617E-02
   2.00000000       800.000000       6.99650571E-02   8.63913631      0.114424765       1.32434189E-10  -2.63576338E-04   3.90845723E-02  -2.71736608E-05 -0.922610044      0.114235096      -5.71384244E-02
   3.00000000       800.000000       7.04544336E-02   8.70913506      0.113995694       1.30873964E-10  -2.44196010E-04   3.86126749E-02  -1.30380340E-05 -0.926655293      0.114234231      -5.74491918E-02
   4.00000000       800.000000       7.09533468E-02   8.77987480      0.113577239       1.29343009E-10  -2.22470379E-04   3.81470174E-02  -1.08959682E-06 -0.930733800      0.114234276      -5.74092455E-02
   5.00000000       800.000000       7.14557767E-02   8.85152435      0.113164634       1.27836838E-10  -1.99665898E-04   3.76873687E-02   3.84753420E-08 -0.934830725      0.114234284      -5.71008436E-02
   6.00000000       800.000000       7.19595850E-02   8.92326069      0.112753034       1.26348154E-10  -1.76989750E-04   3.72338258E-02   7.48222135E-07 -0.938923776      0.114234433      -5.64258732E-02
   7.00000000       800.000000       7.24673644E-02   8.99552822      0.112334840       1.24869004E-10  -1.56331196E-04   3.67864110E-02  -3.31991350E-06 -0.942979276      0.114234097      -5.52377105E-02
   8.00000000       800.000000       7.29827210E-02   9.06822109      0.111902200       1.23390506E-10  -1.39966156E-04   3.63445804E-02  -6.06406275E-06 -0.946957409      0.114233635      -5.34534752E-02
   9.00000000       800.000000       7.35015273E-02   9.14107132      0.111447930       1.21905055E-10  -1.29837092E-04   3.59086059E-02  -1.01006326E-05 -0.950809479      0.114232950      -5.12843616E-02
   10.0000000       800.000000       7.40236938E-02   9.21487141      0.110971212       1.20411875E-10  -1.26399449E-04   3.54784764E-02  -1.44584646E-05 -0.954522192      0.114231944      -4.91391234E-02
   11.0000000       800.000000       7.45541826E-02   9.28909588      0.110476032       1.18915863E-10  -1.28686195E-04   3.50533538E-02  -1.73758544E-05 -0.958109558      0.114230417      -4.72997129E-02
   12.0000000       800.000000       7.50876293E-02   9.36382198      0.109967507       1.17422766E-10  -1.35186856E-04   3.46339941E-02  -2.31624472E-05 -0.961602151      0.114228629      -4.58312370E-02
   13.0000000       800.000000       7.56227747E-02   9.43945217      0.109450087       1.15937107E-10  -1.44523598E-04   3.42198908E-02  -2.83386526E-05 -0.965018809      0.114226535      -4.46441434E-02
   2.00000000       800.000000       7.61684179E-02   9.51551723      0.108926229       1.14461933E-10  -1.55707094E-04   3.38110700E-02  -3.38498430E-05 -0.968376458      0.114223905      -4.36729118E-02
   3.00000000       800.000000       7.67170042E-02   9.59179592      0.108399555       1.13000859E-10  -1.67667051E-04   3.34074162E-02  -3.99098935E-05 -0.971694887      0.114220925      -4.29934226E-02
   4.00000000       800.000000       7.72694573E-02   9.66848755      0.107874490       1.11558200E-10  -1.78900416E-04   3.30085568E-02  -4.51201486E-05 -0.974997878      0.114217438      -4.27627191E-02
   5.00000000       800.000000       7.78230131E-02   9.74612713      0.107357353       1.10139925E-10  -1.87429032E-04   3.26149464E-02  -4.98708323E-05 -0.978326499      0.114213645      -4.30979356E-02
   6.00000000       800.000000       7.83851892E-02   9.82425022      0.106855944       1.08753832E-10  -1.91119965E-04   3.22261713E-02  -5.21595939E-05 -0.981729090      0.114209555      -4.39249687E-02
   7.00000000       800.000000       7.89523125E-02   9.90284920      0.106374092       1.07403468E-10  -1.88593302E-04   3.18423286E-02  -5.12990591E-05 -0.985238016      0.114205360      -4.49897982E-02
   8.00000000       800.000000       7.95280412E-02   9.98241329      0.105913006       1.06089422E-10  -1.79612107E-04   3.14634033E-02  -4.82654468E-05 -0.988860130      0.114201568      -4.60743159E-02
   9.00000000       800.000000       8.01055804E-02   10.0623922      0.105472572       1.04809827E-10  -1.64570069E-04   3.10891997E-02  -4.45158075E-05 -0.992592633      0.114197947      -4.69108447E-02
   10.0000000       800.000000       8.06882754E-02   10.1425762      0.105045758       1.03558266E-10  -1.45356753E-04   3.07196882E-02  -4.18963937E-05 -0.996402860      0.114194669      -4.71550599E-02
   11.0000000       800.000000       8.12722519E-02   10.2231703      0.104623869       1.02325287E-10  -1.24867118E-04   3.03549450E-02  -4.16195981E-05  -1.00023019      0.114191480      -4.66343164E-02
   12.0000000       800.000000       8.18665698E-02   10.3048105      0.104196191       1.01100690E-10  -1.06133717E-04   2.99948938E-02  -4.33871828E-05  -1.00401175      0.114187710      -4.53741103E-02
   13.0000000       800.000000       8.24698508E-02   10.3871059      0.103754751       9.98755662E-11  -9.15769706E-05   2.96393149E-02  -4.44547732E-05  -1.00768614      0.114184089      -4.35414575E-02
   2.00000000       800.000000       8.30690786E-02   10.4702911      0.103293017       9.86453835E-11  -8.28585835E-05   2.92882230E-02  -4.38085153E-05  -1.01121867      0.114180207      -4.14291508E-02
   3.00000000       800.000000       8.36792067E-02   10.5531397      0.102810353       9.74088241E-11  -8.03056391E-05   2.89414600E-02  -4.15806899E-05  -1.01459491      0.114177145      -3.93211506E-02
   4.00000000       800.000000       8.42924491E-02   10.6371202      0.102308929       9.61681984E-11  -8.33908052E-05   2.85991468E-02  -3.81238860E-05  -1.01782393      0.114173643      -3.74276042E-02
   5.00000000       800.000000       8.49149227E-02   10.7222576      0.101792932       9.49280932E-11  -9.07718277E-05   2.82606687E-02  -3.42669227E-05  -1.02092779      0.114170790      -3.59277315E-02
   6.00000000       800.000000       8.55400413E-02   10.8070173      0.101268411       9.36941566E-11  -1.00715617E-04   2.79266629E-02  -3.04009118E-05  -1.02394617      0.114168234      -3.48380730E-02
   7.00000000       800.000000       8.61672983E-02   10.8929453      0.100739971       9.24708574E-11  -1.11736677E-04   2.75965594E-02  -2.65282270E-05  -1.02691019      0.114165954      -3.41329128E-02
   8.00000000       800.000000       8.68062824E-02   10.9799843      0.100213185       9.12625739E-11  -1.22183497E-04   2.72707120E-02  -2.27588607E-05  -1.02985227      0.114164032      -3.39274257E-02
   9.00000000       800.000000       8.74475688E-02   11.0664978       9.96961594E-02   9.00770639E-11  -1.29665845E-04   2.69484501E-02  -1.90250230E-05  -1.03282118      0.114162326      -3.44508886E-02
   10.0000000       800.000000       8.80924463E-02   11.1543617       9.91991162E-02   8.89227442E-11  -1.31116132E-04   2.66305562E-02  -1.57008399E-05  -1.03589904      0.114161022      -3.57910171E-02
   11.0000000       800.000000       8.87458175E-02   11.2425718       9.87297669E-02   8.78059986E-11  -1.24213184E-04   2.63163280E-02  -1.29951550E-05  -1.03915226      0.114159763      -3.74917053E-02
   12.0000000       800.000000       8.94047245E-02   11.3320246       9.82859358E-02   8.67241556E-11  -1.09304223E-04   2.60060951E-02  -1.08683480E-05  -1.04257834      0.114158623      -3.87596823E-02
   13.0000000       800.000000       9.00711343E-02   11.4218473       9.78569537E-02   8.56672858E-11  -8.95398553E-05   2.56996639E-02  -9.50301001E-06  -1.04610848      0.114157952      -3.90428863E-02
   2.00000000       800.000000       9.07422155E-02   11.5118284       9.74285081E-02   8.46222467E-11  -6.95004928E-05   2.53970139E-02  -8.88315753E-06  -1.04963613      0.114157133      -3.80407646E-02
   3.00000000       800.000000       9.14164707E-02   11.6033077       9.69837308E-02   8.35749733E-11  -5.40211149E-05   2.50981767E-02  -8.21315643E-06  -1.05303812      0.114156179      -3.59303020E-02
   4.00000000       800.000000       9.20993984E-02   11.6952047       9.65150967E-02   8.25183324E-11  -4.59060466E-05   2.48028114E-02  -7.32437411E-06  -1.05623233      0.114155762      -3.34672742E-02
   5.00000000       800.000000       9.27866399E-02   11.7873383       9.60233584E-02   8.14541351E-11  -4.49261606E-05   2.45112199E-02  -6.00047588E-06  -1.05922544      0.114155039      -3.12027689E-02
   6.00000000       800.000000       9.34779644E-02   11.8806105       9.55128595E-02   8.03859757E-11  -4.98006229E-05   2.42230408E-02  -4.19635899E-06  -1.06204414      0.114154778      -2.93345768E-02
   7.00000000       800.000000       9.41774696E-02   11.9743528       9.49893892E-02   7.93189819E-11  -5.85764828E-05   2.39384100E-02  -2.66227494E-06  -1.06472921      0.114154533      -2.79756766E-02
   8.00000000       800.000000       9.48819369E-02   12.0688763       9.44597274E-02   7.82588577E-11  -6.91968453E-05   2.36571115E-02  -1.45111187E-06  -1.06733346      0.114154227      -2.71213204E-02
   9.00000000       800.000000       9.55979601E-02   12.1640635       9.39300954E-02   7.72106823E-11  -7.97098182E-05   2.33791955E-02  -3.24474456E-07  -1.06989563      0.114154197      -2.67755128E-02
   10.0000000       800.000000       9.63135287E-02   12.2600622       9.34073478E-02   7.61800970E-11  -8.80252410E-05   2.31046882E-02   4.43203731E-07  -1.07247078      0.114154480      -2.70003565E-02
   11.0000000       800.000000       9.70358253E-02   12.3568468       9.28995982E-02   7.51733051E-11  -9.17309153E-05   2.28334554E-02   1.16850254E-06  -1.07511544      0.114154570      -2.79632397E-02
   12.0000000       800.000000       9.77677032E-02   12.4544106       9.24162418E-02   7.41972664E-11  -8.81180895E-05   2.25654468E-02   1.50468463E-06  -1.07792020      0.114154734      -2.95036603E-02
   13.0000000       800.000000       9.85076427E-02   12.5523767       9.19583514E-02   7.32523001E-11  -7.62911950E-05   2.23007426E-02   1.74113302E-06  -1.08090782      0.114154793      -3.08826901E-02
   2.00000000       800.000000       9.92456749E-02   12.6510534       9.15163681E-02   7.23308011E-11  -5.91034950E-05   2.20393166E-02   1.67569203E-06  -1.08402574      0.114154950      -3.11822072E-02
   3.00000000       800.000000       9.99961421E-02   12.7503929       9.10721123E-02   7.14171292E-11  -4.19503085E-05   2.17811782E-02   1.58408966E-06  -1.08712041      0.114155173      -2.99983639E-02
   4.00000000       800.000000      0.100751281       12.8514633       9.06095877E-02   7.04993147E-11  -3.01327127E-05   2.15258710E-02   1.53784822E-06  -1.09004641      0.114155464      -2.77264174E-02
   5.00000000       800.000000      0.101513669       12.9527330       9.01214480E-02   6.95720356E-11  -2.60916604E-05   2.12738626E-02   1.66750965E-06  -1.09272790      0.114155449      -2.52216421E-02
   6.00000000       800.000000      0.102282949       13.0543804       8.96114111E-02   6.86382479E-11  -2.90058197E-05   2.10246537E-02   1.72768830E-06  -1.09518826      0.114155516      -2.31296606E-02
   7.00000000       800.000000      0.103057869       13.1565609       8.90864283E-02   6.77037384E-11  -3.66689019E-05   2.07785312E-02   1.72490252E-06  -1.09747934      0.114155762      -2.16425546E-02
   8.00000000       800.000000      0.103839546       13.2604132       8.85546654E-02   6.67747108E-11  -4.63214310E-05   2.05351971E-02   1.60363538E-06  -1.09966624      0.114156201      -2.07922813E-02
   9.00000000       800.000000      0.104626514       13.3645535       8.80241767E-02   6.58569727E-11  -5.55341248E-05   2.02948824E-02   1.42065767E-06  -1.10181224      0.114156172      -2.06532180E-02
   10.0000000       800.000000      0.105420068       13.4691267       8.75048935E-02   6.49578794E-11  -6.15129902E-05   2.00574454E-02   1.17158174E-06  -1.10400331      0.114156328      -2.12399084E-02
   11.0000000       800.000000      0.106228657       13.5754204       8.70041773E-02   6.40826836E-11  -6.17047335E-05   1.98228061E-02   9.54021516E-07  -1.10630751      0.114156514      -2.24096086E-02
   12.0000000       800.000000      0.107034281       13.6821260       8.65266100E-02   6.32343206E-11  -5.46166193E-05   1.95907727E-02   8.59564580E-07  -1.10878396      0.114156477      -2.36675870E-02
   13.0000000       800.000000      0.107849084       13.7891541       8.60656872E-02   6.24075305E-11  -4.17067204E-05   1.93617400E-02   8.56705640E-07  -1.11139393      0.114156663      -2.41675526E-02
   2.00000000       800.000000      0.108672515       13.8981247       8.56068730E-02   6.15911905E-11  -2.78222560E-05   1.91356838E-02   8.50500783E-07  -1.11401355      0.114156708      -2.32793018E-02
   3.00000000       800.000000      0.109497771       14.0066690       8.51322189E-02   6.07725328E-11  -1.82249132E-05   1.89117435E-02   7.42622433E-07  -1.11647081      0.114156850      -2.12307870E-02
   4.00000000       800.000000      0.110339761       14.1170921       8.46347958E-02   5.99471306E-11  -1.57806735E-05   1.86907649E-02   5.39393454E-07  -1.11868274      0.114156790      -1.89078394E-02
   5.00000000       800.000000      0.111177742       14.2269335       8.41175094E-02   5.91169128E-11  -1.97157151E-05   1.84726063E-02   3.45393090E-07  -1.12066102      0.114156812      -1.70338061E-02
   6.00000000       800.000000      0.112030037       14.3394938       8.35891739E-02   5.82883949E-11  -2.74192662E-05   1.82567257E-02   1.14485140E-07  -1.12248600      0.114156842      -1.58029310E-02
   7.00000000       800.000000      0.112885214       14.4517355       8.30571428E-02   5.74667119E-11  -3.59892620E-05   1.80436652E-02  -1.85819829E-07  -1.12421548      0.114156686      -1.53464880E-02
   8.00000000       800.000000      0.113750286       14.5650282       8.25330615E-02   5.66597845E-11  -4.22908997E-05   1.78327430E-02  -4.66629075E-07  -1.12596238      0.114156783      -1.56930927E-02
   9.00000000       800.000000      0.114624061       14.6793976       8.20241123E-02   5.58723068E-11  -4.37519666E-05   1.76247042E-02  -6.52024653E-07  -1.12780106      0.114156678      -1.65198464E-02
   10.0000000       800.000000      0.115506783       14.7940674       8.15330818E-02   5.51059441E-11  -3.93293885E-05   1.74188744E-02  -7.18120418E-07  -1.12976456      0.114156492      -1.73777789E-02
   11.0000000       800.000000      0.116393380       14.9101496       8.10549185E-02   5.43567517E-11  -3.02184999E-05   1.72154885E-02  -8.42957320E-07  -1.13182998      0.114156574      -1.76724941E-02
   12.0000000       800.000000      0.117281690       15.0272551       8.05789903E-02   5.36173050E-11  -2.01249659E-05   1.70145966E-02  -8.55982591E-07  -1.13389564      0.114156283      -1.69186648E-02
   13.0000000       800.000000      0.118191823       15.1445360       8.00911635E-02   5.28784204E-11  -1.32411496E-05   1.68160331E-02  -9.61853402E-07  -1.13581288      0.114156216      -1.52609935E-02
   2.00000000       800.000000      0.119099334       15.2630339       7.95863569E-02   5.21366700E-11  -1.17013706E-05   1.66199561E-02  -1.13748592E-06  -1.13751495      0.114155926      -1.34295132E-02
   3.00000000       800.000000      0.120015435       15.3828135       7.90673420E-02   5.13942534E-11  -1.48399567E-05   1.64259393E-02  -1.15418061E-06  -1.13902307      0.114156127      -1.19664976E-02
   4.00000000       800.000000      0.120940529       15.5036430       7.85413682E-02   5.06556637E-11  -2.02359552E-05   1.62345283E-02  -1.16393346E-06  -1.14039779      0.114155844      -1.11806411E-02
   5.00000000       800.000000      0.121867239       15.6249332       7.80182406E-02   4.99273053E-11  -2.48731703E-05   1.60448719E-02  -1.15883756E-06  -1.14173889      0.114155591      -1.11604091E-02
   6.00000000       800.000000      0.122810721       15.7464323       7.75057375E-02   4.92139558E-11  -2.61547611E-05   1.58577673E-02  -1.01364105E-06  -1.14312959      0.114155591      -1.16169564E-02
   7.00000000       800.000000      0.123757191       15.8707790       7.70059079E-02   4.85167011E-11  -2.32655057E-05   1.56728812E-02  -9.89472142E-07  -1.14460123      0.114155591      -1.20541956E-02
   8.00000000       800.000000      0.124716990       15.9948425       7.65145943E-02   4.78326753E-11  -1.72398886E-05   1.54902153E-02  -9.34333798E-07  -1.14612532      0.114155456      -1.20514836E-02
   9.00000000       800.000000      0.125679165       16.1200333       7.60238990E-02   4.71568271E-11  -1.07743144E-05   1.53091345E-02  -9.47098101E-07  -1.14762044      0.114155322      -1.13240620E-02
   10.0000000       800.000000      0.126648560       16.2460766       7.55248293E-02   4.64834421E-11  -6.76363152E-06   1.51308468E-02  -9.70846713E-07  -1.14898193      0.114155143      -1.00066354E-02
   11.0000000       800.000000      0.127627030       16.3736973       7.50141218E-02   4.58105671E-11  -6.56836619E-06   1.49542606E-02  -9.85800625E-07  -1.15016639      0.114154890      -8.60342942E-03
   12.0000000       800.000000      0.128622070       16.5009899       7.44943544E-02   4.51398606E-11  -9.41448980E-06   1.47801358E-02  -9.08235620E-07  -1.15118778      0.114154816      -7.55025400E-03
   13.0000000       800.000000      0.129615709       16.6299458       7.39720315E-02   4.44754407E-11  -1.31440747E-05   1.46076279E-02  -8.01685246E-07  -1.15211511      0.114154786      -7.09341746E-03
   2.00000000       800.000000      0.130617574       16.7607040       7.34548122E-02   4.38215020E-11  -1.53858382E-05   1.44377928E-02  -6.63152946E-07  -1.15303326      0.114154600      -7.12755974E-03
   3.00000000       800.000000      0.131631613       16.8909397       7.29457065E-02   4.31799943E-11  -1.48952940E-05   1.42693566E-02  -5.57116323E-07  -1.15398276      0.114154503      -7.26827933E-03
   4.00000000       800.000000      0.132658064       17.0234966       7.24429563E-02   4.25495680E-11  -1.20924760E-05   1.41029032E-02  -4.74543981E-07  -1.15495431      0.114154726      -7.17611378E-03
   5.00000000       800.000000      0.133689612       17.1564980       7.19419643E-02   4.19273539E-11  -8.50739616E-06   1.39387427E-02  -4.28854946E-07  -1.15589571      0.114154346      -6.66064071E-03
   6.00000000       800.000000      0.134727374       17.2917385       7.14374334E-02   4.13101740E-11  -5.98653787E-06   1.37759298E-02  -3.86004132E-07  -1.15674210      0.114154488      -5.76245319E-03
   7.00000000       800.000000      0.135772675       17.4260139       7.09265023E-02   4.06963317E-11  -5.51966878E-06   1.36152357E-02  -3.55156715E-07  -1.15745389      0.114154480      -4.78861108E-03
   8.00000000       800.000000      0.136831790       17.5625153       7.04111382E-02   4.00871315E-11  -6.59052466E-06   1.34568671E-02  -3.05366399E-07  -1.15804887      0.114154212      -4.05939249E-03
   9.00000000       800.000000      0.137887821       17.6995029       6.98955208E-02   3.94847280E-11  -7.73387910E-06   1.32999877E-02  -2.37952591E-07  -1.15856969      0.114154227      -3.69857252E-03
   10.0000000       800.000000      0.138969555       17.8388729       6.93837702E-02   3.88914179E-11  -7.62708032E-06   1.31451925E-02  -1.71950902E-07  -1.15907109      0.114154212      -3.55854537E-03
   11.0000000       800.000000      0.140046909       17.9775219       6.88762441E-02   3.83074752E-11  -6.00831254E-06   1.29916267E-02  -9.73023120E-08  -1.15956092      0.114154279      -3.35331657E-03
   12.0000000       800.000000      0.141143247       18.1181393       6.83703944E-02   3.77310093E-11  -3.61819843E-06   1.28402663E-02  -3.11072235E-08  -1.16001558      0.114154339      -2.92375288E-03
   13.0000000       800.000000      0.142242312       18.2606220       6.78631663E-02   3.71605836E-11  -1.59677450E-06   1.26908058E-02   2.32554722E-08  -1.16038907      0.114154182      -2.24621058E-03
   2.00000000       800.000000      0.143348306       18.4025784       6.73525408E-02   3.65946128E-11  -8.05335901E-07   1.25427181E-02   7.14549344E-08  -1.16065574      0.114154138      -1.44808879E-03
   3.00000000       800.000000      0.144470185       18.5468769       6.68379292E-02   3.60333950E-11  -1.21953769E-06   1.23964474E-02   1.01653093E-07  -1.16080594      0.114154279      -7.52859050E-04
   4.00000000       800.000000      0.145599216       18.6916237       6.63227662E-02   3.54781517E-11  -2.01421381E-06   1.22524016E-02   1.24178456E-07  -1.16087294      0.114154316      -2.85111659E-04
   5.00000000       800.000000      0.146730632       18.8387299       6.58091605E-02   3.49302254E-11  -2.25241092E-06   1.21092033E-02   1.39038860E-07  -1.16089141      0.114154421       1.09162838E-05
   6.00000000       800.000000      0.147886083       18.9852219       6.52979463E-02   3.43900741E-11  -1.62132756E-06   1.19680697E-02   1.57066737E-07  -1.16087115      0.114154257       3.16335965E-04
   7.00000000       800.000000      0.149040878       19.1336536       6.47880286E-02   3.38566779E-11  -5.09977667E-07   1.18288882E-02   1.80896080E-07  -1.16079879      0.114154257       7.40235264E-04
   8.00000000       800.000000      0.150206983       19.2841053       6.42779469E-02   3.33296099E-11   5.13284249E-07   1.16904639E-02   2.00540796E-07  -1.16064978      0.114154421       1.27166067E-03
   9.00000000       800.000000      0.151375279       19.4338169       6.37666062E-02   3.28078953E-11   1.07909716E-06   1.15545997E-02   2.11350198E-07  -1.16041386      0.114154376       1.84623466E-03
   10.0000000       800.000000      0.152559474       19.5859928       6.32543266E-02   3.22918081E-11   1.24620033E-06   1.14195114E-02   2.15090111E-07  -1.16008806      0.114154510       2.36158515E-03
   11.0000000       800.000000      0.153755501       19.7391071       6.27423823E-02   3.17820111E-11   1.45461581E-06   1.12862512E-02   2.18451987E-07  -1.15968609      0.114154585       2.76602432E-03
   12.0000000       800.000000      0.154966682       19.8943138       6.22318126E-02   3.12785527E-11   2.06429286E-06   1.11545548E-02   2.21319056E-07  -1.15923619      0.114154644       3.12776491E-03
   13.0000000       800.000000      0.156182289       20.0499210       6.17225096E-02   3.07818424E-11   2.99876183E-06   1.10245645E-02   2.25910256E-07  -1.15872192      0.114154622       3.54292127E-03
   2.00000000       800.000000      0.157407701       20.2067699       6.12125397E-02   3.02909191E-11   3.92678021E-06   1.08965263E-02   2.31832928E-07  -1.15812647      0.114154674       4.02341736E-03
   3.00000000       800.000000      0.158632427       20.3635406       6.07026406E-02   2.98053700E-11   4.60686488E-06   1.07689807E-02   2.34670992E-07  -1.15745008      0.114154711       4.53061005E-03
   4.00000000       800.000000      0.159881696       20.5234394       6.01920374E-02   2.93252297E-11   5.01293016E-06   1.06433695E-02   2.29244648E-07  -1.15667915      0.114154726       5.02132531E-03
   5.00000000       800.000000      0.161134437       20.6836548       5.96818626E-02   2.88510518E-11   5.30451598E-06   1.05191432E-02   2.13081421E-07  -1.15583181      0.114154711       5.46478899E-03
   6.00000000       800.000000      0.162408039       20.8466339       5.91714792E-02   2.83826435E-11   5.69765871E-06   1.03969267E-02   1.87024838E-07  -1.15491557      0.114154682       5.86422486E-03
   7.00000000       800.000000      0.163673609       21.0080662       5.86628728E-02   2.79201141E-11   6.29394435E-06   1.02752652E-02   1.55110257E-07  -1.15392101      0.114154622       6.25823159E-03
   8.00000000       800.000000      0.164970547       21.1726456       5.81545494E-02   2.74632990E-11   7.00016608E-06   1.01552187E-02   1.21157470E-07  -1.15284634      0.114154622       6.67943107E-03
   9.00000000       800.000000      0.166260168       21.3390827       5.76463304E-02   2.70119448E-11   7.68053997E-06   1.00368755E-02   8.57411280E-08  -1.15171611      0.114154853       7.11987168E-03
   10.0000000       800.000000      0.167571649       21.5048828       5.71382232E-02   2.65662735E-11   8.28802240E-06   9.92011279E-03   5.24730162E-08  -1.15048110      0.114155002       7.55739212E-03
   11.0000000       800.000000      0.168884769       21.6747990       5.66312373E-02   2.61258480E-11   8.87254737E-06   9.80416127E-03   2.15247198E-08  -1.14916420      0.114154905       7.97525980E-03
   12.0000000       800.000000      0.170220941       21.8437004       5.61244301E-02   2.56911072E-11   9.51063612E-06   9.68973059E-03  -9.35380751E-09  -1.14777112      0.114154734       8.37855972E-03
   13.0000000       800.000000      0.171562597       22.0148487       5.56178093E-02   2.52618187E-11   1.01998521E-05   9.57679749E-03  -3.93111179E-08  -1.14629602      0.114154816       8.78525060E-03
   2.00000000       800.000000      0.172911152       22.1867790       5.51122092E-02   2.48375973E-11   1.08755357E-05   9.46476962E-03  -6.69826576E-08  -1.14474380      0.114154711       9.20195878E-03
   3.00000000       800.000000      0.174262822       22.3595982       5.46062887E-02   2.44186251E-11   1.14883815E-05   9.35430918E-03  -9.27620576E-08  -1.14310420      0.114154644       9.61982273E-03
   4.00000000       800.000000      0.175636902       22.5350342       5.41011915E-02   2.40050427E-11   1.20468167E-05   9.24505480E-03  -1.17527954E-07  -1.14138114      0.114154570       1.00272493E-02
   5.00000000       800.000000      0.177029908       22.7109966       5.35966866E-02   2.35963801E-11   1.25941197E-05   9.13765654E-03  -1.41467012E-07  -1.13957703      0.114154600       1.04211289E-02
   6.00000000       800.000000      0.178427994       22.8897495       5.30929603E-02   2.31930569E-11   1.31623692E-05   9.03086644E-03  -1.64160085E-07  -1.13767934      0.114154682       1.08063547E-02
   7.00000000       800.000000      0.179832757       23.0675335       5.25897220E-02   2.27947539E-11   1.37502493E-05   8.92502721E-03  -1.84223140E-07  -1.13570237      0.114154711       1.11892335E-02
   8.00000000       800.000000      0.181247130       23.2492962       5.20870276E-02   2.24016170E-11   1.43347834E-05   8.82135052E-03  -2.00175393E-07  -1.13362968      0.114154696       1.15723843E-02
   9.00000000       800.000000      0.182678327       23.4303741       5.15850186E-02   2.20135021E-11   1.48965655E-05   8.71834625E-03  -2.12197833E-07  -1.13149035      0.114154764       1.19535830E-02
   10.0000000       800.000000      0.184120178       23.6137962       5.10834754E-02   2.16302046E-11   1.54315749E-05   8.61604791E-03  -2.20512518E-07  -1.12924516      0.114154682       1.23292925E-02
   11.0000000       800.000000      0.185574606       23.7995758       5.05828895E-02   2.12520626E-11   1.59471820E-05   8.51575192E-03  -2.24828568E-07  -1.12692654      0.114154615       1.26976939E-02
   12.0000000       800.000000      0.187039450       23.9845982       5.00832759E-02   2.08786963E-11   1.64454177E-05   8.41581915E-03  -2.24645234E-07  -1.12451398      0.114154436       1.30606536E-02
   13.0000000       800.000000      0.188515589       24.1725788       4.95849103E-02   2.05102098E-11   1.69283139E-05   8.31791107E-03  -2.20597627E-07  -1.12201309      0.114154391       1.34180374E-02
   2.00000000       800.000000      0.190003842       24.3626595       4.90870774E-02   2.01466083E-11   1.74049856E-05   8.22066236E-03  -2.12958099E-07  -1.11943901      0.114154369       1.37681924E-02
   3.00000000       800.000000      0.191507503       24.5538692       4.85894606E-02   1.97875501E-11   1.78964256E-05   8.12470913E-03  -2.01909828E-07  -1.11677659      0.114154339       1.41079091E-02
   4.00000000       800.000000      0.193027228       24.7454605       4.80942242E-02   1.94336301E-11   1.84301152E-05   8.02978687E-03  -1.87343531E-07  -1.11400568      0.114154279       1.44394124E-02
   5.00000000       800.000000      0.194553345       24.9383144       4.75986972E-02   1.90839965E-11   1.90058890E-05   7.93586858E-03  -1.70526235E-07  -1.11117089      0.114154264       1.47695513E-02
   6.00000000       800.000000      0.196085945       25.1336231       4.71060537E-02   1.87393902E-11   1.96037199E-05   7.84300733E-03  -1.51608390E-07  -1.10823846      0.114154391       1.50965117E-02
   7.00000000       800.000000      0.197636858       25.3313236       4.66132723E-02   1.83993133E-11   2.02203555E-05   7.75136426E-03  -1.30563592E-07  -1.10523510      0.114154287       1.54177705E-02
   8.00000000       800.000000      0.199212298       25.5304661       4.61214259E-02   1.80637189E-11   2.08544789E-05   7.66044855E-03  -1.07569086E-07  -1.10213375      0.114154235       1.57357231E-02
   9.00000000       800.000000      0.200781316       25.7297115       4.56310622E-02   1.77329765E-11   2.14901665E-05   7.57089630E-03  -8.34325746E-08  -1.09894335      0.114154205       1.60531774E-02
   10.0000000       800.000000      0.202371761       25.9304714       4.51418012E-02   1.74064547E-11   2.21123573E-05   7.48251798E-03  -5.92313398E-08  -1.09564126      0.114154145       1.63660664E-02
   11.0000000       800.000000      0.203978211       26.1335907       4.46540490E-02   1.70844415E-11   2.27250712E-05   7.39480136E-03  -3.56620795E-08  -1.09227979      0.114154138       1.66711677E-02
   12.0000000       800.000000      0.205590189       26.3390236       4.41671610E-02   1.67670582E-11   2.33397168E-05   7.30842771E-03  -1.34266136E-08  -1.08882320      0.114154205       1.69703197E-02
   13.0000000       800.000000      0.207215562       26.5462608       4.36818749E-02   1.64536128E-11   2.39565125E-05   7.22299656E-03   6.77121070E-09  -1.08528674      0.114154138       1.72641538E-02
   2.00000000       800.000000      0.208862230       26.7531796       4.31982316E-02   1.61447904E-11   2.45719202E-05   7.13850418E-03   2.44569573E-08  -1.08164752      0.114154145       1.75526422E-02
   3.00000000       800.000000      0.210511744       26.9634609       4.27148528E-02   1.58400515E-11   2.51850270E-05   7.05510192E-03   3.97795894E-08  -1.07792735      0.114154093       1.78352054E-02
   4.00000000       800.000000      0.212182373       27.1744270       4.22337092E-02   1.55397726E-11   2.57972551E-05   6.97207777E-03   5.29458823E-08  -1.07410705      0.114154175       1.81117002E-02
   5.00000000       800.000000      0.213867262       27.3881035       4.17535231E-02   1.52436293E-11   2.64061018E-05   6.89065689E-03   6.42061053E-08  -1.07020617      0.114154249       1.83827579E-02
   6.00000000       800.000000      0.215570495       27.6017551       4.12748978E-02   1.49518297E-11   2.70081982E-05   6.80983905E-03   7.38836974E-08  -1.06621277      0.114154138       1.86481383E-02
   7.00000000       800.000000      0.217280358       27.8196926       4.07972038E-02   1.46640287E-11   2.76018800E-05   6.73028873E-03   8.21684836E-08  -1.06213951      0.114154153       1.89075172E-02
   8.00000000       800.000000      0.218995273       28.0367794       4.03224453E-02   1.43804101E-11   2.81865323E-05   6.65111281E-03   8.90553551E-08  -1.05797088      0.114154287       1.91606041E-02
   9.00000000       800.000000      0.220740929       28.2576332       3.98486182E-02   1.41005575E-11   2.87616076E-05   6.57344889E-03   9.44010665E-08  -1.05370724      0.114154279       1.94073170E-02
   10.0000000       800.000000      0.222490728       28.4788132       3.93762812E-02   1.38246029E-11   2.93267967E-05   6.49642944E-03   9.81020349E-08  -1.04935193      0.114154294       1.96474846E-02
   11.0000000       800.000000      0.224248633       28.7025547       3.89049202E-02   1.35534119E-11   2.98822233E-05   6.42017601E-03   1.00113539E-07  -1.04493046      0.114154324       1.98811591E-02
   12.0000000       800.000000      0.226034790       28.9273281       3.84354591E-02   1.32860979E-11   3.04305358E-05   6.34509977E-03   1.00440261E-07  -1.04040110      0.114154436       2.01069377E-02
   13.0000000       800.000000      0.227838799       29.1540203       3.79680879E-02   1.30218163E-11   3.09795651E-05   6.27071271E-03   9.89990951E-08  -1.03579724      0.114154428       2.03245711E-02
   2.00000000       800.000000      0.229636580       29.3828106       3.75026576E-02   1.27620969E-11   3.15378493E-05   6.19709352E-03   9.59356328E-08  -1.03110826      0.114154369       2.05345098E-02
   3.00000000       800.000000      0.231463313       29.6143074       3.70391533E-02   1.25061714E-11   3.21144253E-05   6.12449972E-03   9.14678395E-08  -1.02633810      0.114154316       2.07357332E-02
   4.00000000       800.000000      0.233298600       29.8444633       3.65778692E-02   1.22541890E-11   3.27225061E-05   6.05280511E-03   8.56931521E-08  -1.02147472      0.114154369       2.09294986E-02
   5.00000000       800.000000      0.235164225       30.0788250       3.61179896E-02   1.20059778E-11   3.33596981E-05   5.98161528E-03   7.91520662E-08  -1.01652467      0.114154369       2.11182255E-02
   6.00000000       800.000000      0.237021416       30.3152733       3.56604233E-02   1.17616984E-11   3.40170955E-05   5.91168040E-03   7.20884259E-08  -1.01150548      0.114154376       2.13000756E-02
   7.00000000       800.000000      0.238909259       30.5545444       3.52044776E-02   1.15208260E-11   3.46932611E-05   5.84221212E-03   6.47665104E-08  -1.00639498      0.114154398       2.14790627E-02
   8.00000000       800.000000      0.240805298       30.7942753       3.47509347E-02   1.12835678E-11   3.53647629E-05   5.77358902E-03   5.74221595E-08  -1.00118721      0.114154503       2.16543674E-02
   9.00000000       800.000000      0.242732763       31.0363560       3.42994258E-02   1.10505867E-11   3.60147606E-05   5.70593774E-03   5.00988335E-08 -0.995926023      0.114154555       2.18216088E-02
   10.0000000       800.000000      0.244650185       31.2805672       3.38496231E-02   1.08204886E-11   3.66359673E-05   5.63901337E-03   4.26942393E-08 -0.990570068      0.114154562       2.19828617E-02
   11.0000000       800.000000      0.246601894       31.5240726       3.34023423E-02   1.05943448E-11   3.72411778E-05   5.57304453E-03   3.57221275E-08 -0.985117078      0.114154555       2.21387967E-02
   12.0000000       800.000000      0.248575494       31.7732716       3.29567865E-02   1.03717946E-11   3.78412806E-05   5.50742727E-03   2.87019546E-08 -0.979615211      0.114154622       2.22844053E-02
   13.0000000       800.000000      0.250549018       32.0229034       3.25141028E-02   1.01525862E-11   3.84367522E-05   5.44265285E-03   2.17334133E-08 -0.974012375      0.114154629       2.24227887E-02
   2.00000000       800.000000      0.252544135       32.2734489       3.20733190E-02   9.93701042E-12   3.90357418E-05   5.37873711E-03   1.49002881E-08 -0.968327463      0.114154644       2.25555599E-02
   3.00000000       800.000000      0.254557490       32.5260506       3.16353515E-02   9.72476266E-12   3.96328760E-05   5.31573500E-03   8.20466894E-09 -0.962566137      0.114154592       2.26808451E-02
   4.00000000       800.000000      0.256586730       32.7818604       3.11997421E-02   9.51578573E-12   4.02316982E-05   5.25306491E-03   1.76041648E-09 -0.956720054      0.114154585       2.27995217E-02
   5.00000000       800.000000      0.258610994       33.0395813       3.07658892E-02   9.31065208E-12   4.08304004E-05   5.19160694E-03  -4.27630198E-09 -0.950820565      0.114154533       2.29113307E-02
   6.00000000       800.000000      0.260681123       33.2992859       3.03335339E-02   9.10850475E-12   4.14263668E-05   5.13057876E-03  -9.68587432E-09 -0.944809556      0.114154436       2.30167061E-02
   7.00000000       800.000000      0.262756377       33.5623474       2.99053192E-02   8.90972192E-12   4.20178039E-05   5.07043488E-03  -1.42660923E-08 -0.938792944      0.114154480       2.31151432E-02
   8.00000000       800.000000      0.264846563       33.8261070       2.94786915E-02   8.71429057E-12   4.26066108E-05   5.01060486E-03  -1.78612876E-08 -0.932615876      0.114154503       2.32059099E-02
   9.00000000       800.000000      0.266964108       34.0918350       2.90561654E-02   8.52202076E-12   4.31984954E-05   4.95163305E-03  -2.03970973E-08 -0.926422715      0.114154510       2.32886523E-02
   10.0000000       800.000000      0.269089431       34.3593788       2.86345817E-02   8.33287953E-12   4.38017960E-05   4.89336392E-03  -2.18825136E-08 -0.920139432      0.114154428       2.33631954E-02
   11.0000000       800.000000      0.271236569       34.6304741       2.82167997E-02   8.14709498E-12   4.44217330E-05   4.83603170E-03  -2.23926566E-08 -0.913800716      0.114154436       2.34301481E-02
   12.0000000       800.000000      0.273390830       34.9008446       2.78005321E-02   7.96435921E-12   4.50581429E-05   4.77892533E-03  -2.20474394E-08 -0.907374978      0.114154488       2.34903991E-02
   13.0000000       800.000000      0.275573671       35.1773834       2.73869857E-02   7.78480839E-12   4.57040478E-05   4.72279824E-03  -2.09825188E-08 -0.900913477      0.114154458       2.35448200E-02
   2.00000000       800.000000      0.277770936       35.4531212       2.69776508E-02   7.60852579E-12   4.63498582E-05   4.66728257E-03  -1.93390157E-08 -0.894363940      0.114154421       2.35931352E-02
   3.00000000       800.000000      0.279982239       35.7325478       2.65696719E-02   7.43491293E-12   4.69873048E-05   4.61223163E-03  -1.72574879E-08 -0.887753904      0.114154406       2.36350503E-02
   4.00000000       800.000000      0.282222867       36.0137329       2.61649173E-02   7.26443992E-12   4.76133282E-05   4.55828430E-03  -1.48813548E-08 -0.881083965      0.114154406       2.36697942E-02
   5.00000000       800.000000      0.284471065       36.2968369       2.57634893E-02   7.09724944E-12   4.82319847E-05   4.50441567E-03  -1.23311077E-08 -0.874335289      0.114154398       2.36968100E-02
   6.00000000       800.000000      0.286742091       36.5804558       2.53642984E-02   6.93268099E-12   4.88492806E-05   4.45152260E-03  -9.70721281E-09 -0.867536187      0.114154421       2.37163287E-02
   7.00000000       800.000000      0.289016098       36.8690605       2.49679945E-02   6.77145796E-12   4.94667438E-05   4.39907936E-03  -7.13850890E-09 -0.860678375      0.114154421       2.37286985E-02
   8.00000000       800.000000      0.291324228       37.1585426       2.45755613E-02   6.61254688E-12   5.00890274E-05   4.34712274E-03  -4.71056483E-09 -0.853789628      0.114154421       2.37339791E-02
   9.00000000       800.000000      0.293644518       37.4530144       2.41859481E-02   6.45708183E-12   5.07123113E-05   4.29607695E-03  -2.49646526E-09 -0.846798420      0.114154421       2.37327795E-02
   10.0000000       800.000000      0.296003997       37.7481918       2.37982608E-02   6.30397774E-12   5.13310733E-05   4.24551591E-03  -5.37233702E-10 -0.839749932      0.114154421       2.37249471E-02
   11.0000000       800.000000      0.298353791       38.0451622       2.34151222E-02   6.15383439E-12   5.19518144E-05   4.19528550E-03   1.21059263E-09 -0.832672060      0.114154421       2.37097964E-02
   12.0000000       800.000000      0.300734103       38.3437805       2.30340660E-02   6.00646356E-12   5.25767391E-05   4.14590957E-03   2.73873857E-09 -0.825564861      0.114154398       2.36875489E-02
   13.0000000       800.000000      0.303147912       38.6467476       2.26562023E-02   5.86197930E-12   5.32082704E-05   4.09704447E-03   4.08290068E-09 -0.818387151      0.114154428       2.36585625E-02
   2.00000000       800.000000      0.305555582       38.9513550       2.22817976E-02   5.71998568E-12   5.38482600E-05   4.04898822E-03   5.25509547E-09 -0.811152279      0.114154391       2.36226786E-02
   3.00000000       800.000000      0.307996303       39.2577019       2.19111424E-02   5.58055772E-12   5.44992472E-05   4.00129845E-03   6.30134611E-09 -0.803908527      0.114154406       2.35805772E-02
   4.00000000       800.000000      0.310469896       39.5681572       2.15425640E-02   5.44414817E-12   5.51474150E-05   3.95393465E-03   7.17024262E-09 -0.796601057      0.114154398       2.35342737E-02
   5.00000000       800.000000      0.312931180       39.8770142       2.11783275E-02   5.31018068E-12   5.57756066E-05   3.90726468E-03   7.88236498E-09 -0.789229095      0.114154398       2.34821811E-02
   6.00000000       800.000000      0.315432847       40.1933212       2.08169445E-02   5.17882091E-12   5.63856011E-05   3.86136025E-03   8.41818704E-09 -0.781839609      0.114154421       2.34233215E-02
   7.00000000       800.000000      0.317947745       40.5082169       2.04584077E-02   5.04971195E-12   5.69793483E-05   3.81566677E-03   8.75593109E-09 -0.774412453      0.114154428       2.33572461E-02
   8.00000000       800.000000      0.320495814       40.8281288       2.01035924E-02   4.92336510E-12   5.75628910E-05   3.77080706E-03   8.94438212E-09 -0.766909838      0.114154458       2.32852120E-02
   9.00000000       800.000000      0.323059022       41.1489258       1.97524540E-02   4.79966240E-12   5.81445493E-05   3.72609589E-03   8.99881325E-09 -0.759412169      0.114154458       2.32056268E-02
   10.0000000       800.000000      0.325634599       41.4749947       1.94049142E-02   4.67804051E-12   5.87293653E-05   3.68220150E-03   8.94303209E-09 -0.751860201      0.114154503       2.31195446E-02
   11.0000000       800.000000      0.328246117       41.8027420       1.90590955E-02   4.55902460E-12   5.93226105E-05   3.63888079E-03   8.80201689E-09 -0.744278073      0.114154473       2.30270848E-02
   12.0000000       800.000000      0.330868602       42.1312904       1.87185612E-02   4.44255266E-12   5.99244922E-05   3.59595357E-03   8.60071214E-09 -0.736680090      0.114154406       2.29289047E-02
   13.0000000       800.000000      0.333499759       42.4624519       1.83807928E-02   4.32810818E-12   6.05327004E-05   3.55339167E-03   8.35996783E-09 -0.729037821      0.114154406       2.28253808E-02
   2.00000000       800.000000      0.336178690       42.7972488       1.80467702E-02   4.21618643E-12   6.11426512E-05   3.51143326E-03   8.09420797E-09 -0.721408069      0.114154436       2.27162931E-02
   3.00000000       800.000000      0.338866234       43.1343956       1.77155081E-02   4.10668071E-12   6.17508995E-05   3.47005995E-03   7.81361198E-09 -0.713716090      0.114154436       2.26018988E-02
   4.00000000       800.000000      0.341564178       43.4764404       1.73892509E-02   3.99924755E-12   6.23538217E-05   3.42906057E-03   7.52320517E-09 -0.706025124      0.114154451       2.24819835E-02
   5.00000000       800.000000      0.344298780       43.8198090       1.70657430E-02   3.89418359E-12   6.29488350E-05   3.38847539E-03   7.22888283E-09 -0.698304415      0.114154488       2.23566461E-02
   6.00000000       800.000000      0.347046673       44.1641579       1.67453121E-02   3.79131752E-12   6.35361430E-05   3.34842619E-03   6.93495394E-09 -0.690550804      0.114154503       2.22257711E-02
   7.00000000       800.000000      0.349838823       44.5138283       1.64287873E-02   3.69036138E-12   6.41166698E-05   3.30894347E-03   6.64417943E-09 -0.682826400      0.114154488       2.20892467E-02
   8.00000000       800.000000      0.352615893       44.8651733       1.61161926E-02   3.59176621E-12   6.46932967E-05   3.26984469E-03   6.35576347E-09 -0.675039053      0.114154503       2.19472572E-02
   9.00000000       800.000000      0.355454803       45.2186356       1.58068631E-02   3.49541143E-12   6.52692033E-05   3.23112751E-03   6.05966388E-09 -0.667265296      0.114154480       2.17998512E-02
   10.0000000       800.000000      0.358279139       45.5763397       1.55013958E-02   3.40080091E-12   6.58444333E-05   3.19297635E-03   5.74389913E-09 -0.659503400      0.114154488       2.16469951E-02
   11.0000000       800.000000      0.361149102       45.9357567       1.51997786E-02   3.30847329E-12   6.64199179E-05   3.15531134E-03   5.37273559E-09 -0.651695967      0.114154488       2.14894563E-02
   12.0000000       800.000000      0.364027262       46.2968864       1.49013242E-02   3.21830214E-12   6.70044756E-05   3.11796274E-03   4.92918950E-09 -0.643894315      0.114154473       2.13276129E-02
   13.0000000       800.000000      0.366944253       46.6631355       1.46060484E-02   3.12983038E-12   6.75922856E-05   3.08122346E-03   4.46091963E-09 -0.636098742      0.114154458       2.11605038E-02
   2.00000000       800.000000      0.369876415       47.0312233       1.43155381E-02   3.04353699E-12   6.81740203E-05   3.04468698E-03   3.93091559E-09 -0.628313780      0.114154458       2.09890511E-02
   3.00000000       800.000000      0.372847915       47.4044495       1.40285501E-02   2.95912123E-12   6.87534630E-05   3.00875818E-03   3.34707750E-09 -0.620521963      0.114154458       2.08140537E-02
   4.00000000       800.000000      0.375840873       47.7758026       1.37452073E-02   2.87658612E-12   6.93278052E-05   2.97313044E-03   2.72435985E-09 -0.612735569      0.114154451       2.06344184E-02
   5.00000000       800.000000      0.378836393       48.1548996       1.34650534E-02   2.79592972E-12   6.98989461E-05   2.93792365E-03   2.07270290E-09 -0.604936957      0.114154451       2.04511117E-02
   6.00000000       800.000000      0.381849557       48.5329056       1.31891770E-02   2.71723009E-12   7.04589838E-05   2.90308893E-03   1.35720746E-09 -0.597173333      0.114154458       2.02641953E-02
   7.00000000       800.000000      0.384928495       48.9166336       1.29167112E-02   2.64021335E-12   7.10130043E-05   2.86875665E-03   6.37010611E-10 -0.589416623      0.114154473       2.00730748E-02
   8.00000000       800.000000      0.388007849       49.3037720       1.26481066E-02   2.56503022E-12   7.15664937E-05   2.83485185E-03  -1.39005613E-10 -0.581654131      0.114154458       1.98781341E-02
   9.00000000       800.000000      0.391112477       49.6939621       1.23834983E-02   2.49162843E-12   7.21105607E-05   2.80137570E-03  -9.15017895E-10 -0.573919296      0.114154473       1.96796600E-02
   10.0000000       800.000000      0.394236952       50.0870171       1.21220192E-02   2.41998218E-12   7.26553117E-05   2.76814913E-03  -1.66375747E-09 -0.566210151      0.114154503       1.94777939E-02
   11.0000000       800.000000      0.397388846       50.4830971       1.18646929E-02   2.34997200E-12   7.31988912E-05   2.73550837E-03  -2.36379805E-09 -0.558510602      0.114154503       1.92728601E-02
   12.0000000       800.000000      0.400564700       50.8813133       1.16106989E-02   2.28169740E-12   7.37380760E-05   2.70309742E-03  -2.98013370E-09 -0.550826192      0.114154488       1.90658327E-02
   13.0000000       800.000000      0.403795749       51.2825050       1.13607356E-02   2.21504629E-12   7.42685879E-05   2.67114094E-03  -3.48506224E-09 -0.543159366      0.114154488       1.88556667E-02
   2.00000000       800.000000      0.406995207       51.6878319       1.11142937E-02   2.15000825E-12   7.47881786E-05   2.63938587E-03  -3.85981114E-09 -0.535539627      0.114154473       1.86429080E-02
   3.00000000       800.000000      0.410275906       52.0953789       1.08717121E-02   2.08655489E-12   7.52947890E-05   2.60826899E-03  -4.09670342E-09 -0.527928710      0.114154473       1.84276663E-02
   4.00000000       800.000000      0.413564175       52.5095062       1.06327347E-02   2.02469898E-12   7.57907619E-05   2.57730484E-03  -4.20064117E-09 -0.520351291      0.114154488       1.82101727E-02
   5.00000000       800.000000      0.416869521       52.9231834       1.03972303E-02   1.96435142E-12   7.62820273E-05   2.54678703E-03  -4.18661772E-09 -0.512806952      0.114154510       1.79896057E-02
   6.00000000       800.000000      0.420203984       53.3436661       1.01656532E-02   1.90550267E-12   7.67756210E-05   2.51665129E-03  -4.07505185E-09 -0.505291045      0.114154488       1.77670028E-02
   7.00000000       800.000000      0.423574746       53.7655487       9.93760023E-03   1.84813796E-12   7.72758285E-05   2.48673605E-03  -3.89175181E-09 -0.497823894      0.114154480       1.75421275E-02
   8.00000000       800.000000      0.426962882       54.1887779       9.71328840E-03   1.79224159E-12   7.77843161E-05   2.45726504E-03  -3.66477226E-09 -0.490380406      0.114154488       1.73154026E-02
   9.00000000       800.000000      0.430381179       54.6191368       9.49257798E-03   1.73779957E-12   7.82967327E-05   2.42817751E-03  -3.41720119E-09 -0.482964754      0.114154488       1.70878600E-02
   10.0000000       800.000000      0.433835030       55.0515404       9.27542336E-03   1.68467464E-12   7.88058605E-05   2.39944644E-03  -3.16675819E-09 -0.475609511      0.114154488       1.68591291E-02
   11.0000000       800.000000      0.437294513       55.4855461       9.06186830E-03   1.63299842E-12   7.93038489E-05   2.37096171E-03  -2.92684299E-09 -0.468285441      0.114154480       1.66291464E-02
   12.0000000       800.000000      0.440796643       55.9234009       8.85190163E-03   1.58262813E-12   7.97881949E-05   2.34304206E-03  -2.70714096E-09 -0.461002111      0.114154480       1.63983870E-02
   13.0000000       800.000000      0.444335788       56.3692284       8.64551030E-03   1.53358055E-12   8.02603390E-05   2.31514755E-03  -2.51549448E-09 -0.453766763      0.114154480       1.61661915E-02
   2.00000000       800.000000      0.447884768       56.8128738       8.44255276E-03   1.48585560E-12   8.07292090E-05   2.28775991E-03  -2.35792341E-09 -0.446575344      0.114154473       1.59325302E-02
   3.00000000       800.000000      0.451492101       57.2652702       8.24322365E-03   1.43935645E-12   8.12014550E-05   2.26065819E-03  -2.23877450E-09 -0.439447999      0.114154473       1.56986564E-02
   4.00000000       800.000000      0.455087274       57.7184486       8.04737955E-03   1.39411638E-12   8.16818283E-05   2.23386707E-03  -2.15824314E-09 -0.432354867      0.114154488       1.54633010E-02
   5.00000000       800.000000      0.458740443       58.1730003       7.85487145E-03   1.35009885E-12   8.21695940E-05   2.20728805E-03  -2.11153806E-09 -0.425307781      0.114154451       1.52284345E-02
   6.00000000       800.000000      0.462410837       58.6358948       7.66596803E-03   1.30727991E-12   8.26595206E-05   2.18108902E-03  -2.08877560E-09 -0.418326855      0.114154428       1.49931284E-02
   7.00000000       800.000000      0.466109008       59.0983734       7.48048071E-03   1.26560242E-12   8.31468205E-05   2.15530372E-03  -2.07660267E-09 -0.411386341      0.114154436       1.47582851E-02
   8.00000000       800.000000      0.469850868       59.5668716       7.29820877E-03   1.22508763E-12   8.36289619E-05   2.12969468E-03  -2.06157957E-09 -0.404513091      0.114154451       1.45236310E-02
   9.00000000       800.000000      0.473630607       60.0369263       7.11945584E-03   1.18567591E-12   8.41059882E-05   2.10442580E-03  -2.03355066E-09 -0.397689790      0.114154428       1.42886732E-02
   10.0000000       800.000000      0.477417022       60.5153427       6.94399280E-03   1.14738113E-12   8.45797476E-05   2.07949406E-03  -1.98758765E-09 -0.390913934      0.114154436       1.40543412E-02
   11.0000000       800.000000      0.481236160       60.9947357       6.77175540E-03   1.11013173E-12   8.50493816E-05   2.05481634E-03  -1.92387906E-09 -0.384205759      0.114154451       1.38207991E-02
   12.0000000       800.000000      0.485106736       61.4788399       6.60303328E-03   1.07393727E-12   8.55136313E-05   2.03041104E-03  -1.84436688E-09 -0.377563357      0.114154451       1.35880550E-02
   13.0000000       800.000000      0.489003509       61.9645309       6.43729977E-03   1.03877139E-12   8.59765714E-05   2.00640969E-03  -1.75329462E-09 -0.370975465      0.114154428       1.33555904E-02
   2.00000000       800.000000      0.492917389       62.4534645       6.27489388E-03   1.00459474E-12   8.64372632E-05   1.98264932E-03  -1.64108693E-09 -0.364452839      0.114154421       1.31243691E-02
   3.00000000       800.000000      0.496857613       62.9518318       6.11548405E-03   9.71392454E-13   8.69002761E-05   1.95900514E-03  -1.51171720E-09 -0.357987463      0.114154421       1.28944349E-02
   4.00000000       800.000000      0.500846684       63.4490204       5.95938740E-03   9.39151534E-13   8.73762401E-05   1.93582790E-03  -1.36227296E-09 -0.351583749      0.114154421       1.26650175E-02
   5.00000000       800.000000      0.504872501       63.9528084       5.80636272E-03   9.07840914E-13   8.78659412E-05   1.91290420E-03  -1.19148014E-09 -0.345248371      0.114154421       1.24375531E-02
   6.00000000       800.000000      0.508909047       64.4573593       5.65648545E-03   8.77442216E-13   8.83745670E-05   1.89015456E-03  -1.00215058E-09 -0.338976353      0.114154421       1.22111579E-02
   7.00000000       800.000000      0.512971818       64.9687729       5.50953718E-03   8.47929745E-13   8.88986760E-05   1.86773122E-03  -8.04489808E-10 -0.332769990      0.114154421       1.19867781E-02
   8.00000000       800.000000      0.517089903       65.4843674       5.36557892E-03   8.19284473E-13   8.94373152E-05   1.84549158E-03  -6.12101037E-10 -0.326629043      0.114154428       1.17646139E-02
   9.00000000       800.000000      0.521240056       66.0012741       5.22460276E-03   7.91476585E-13   8.99873266E-05   1.82356487E-03  -4.39027564E-10 -0.320554286      0.114154428       1.15443887E-02
   10.0000000       800.000000      0.525399923       66.5273361       5.08649927E-03   7.64499954E-13   9.05460111E-05   1.80195877E-03  -2.95910213E-10 -0.314545602      0.114154428       1.13262851E-02
   11.0000000       800.000000      0.529633105       67.0519409       4.95128101E-03   7.38319020E-13   9.11114912E-05   1.78051053E-03  -1.86566887E-10 -0.308606088      0.114154436       1.11104632E-02
   12.0000000       800.000000      0.533852458       67.5886993       4.81891446E-03   7.12935733E-13   9.16800491E-05   1.75938453E-03  -1.07225458E-10 -0.302730054      0.114154436       1.08968988E-02
   13.0000000       800.000000      0.538169861       68.1238251       4.68932651E-03   6.88299623E-13   9.22546606E-05   1.73850532E-03  -4.83206426E-11 -0.296921700      0.114154436       1.06859459E-02
   2.00000000       800.000000      0.542478204       68.6609192       4.56246780E-03   6.64402073E-13   9.28322042E-05   1.71775185E-03   1.82779421E-12 -0.291181177      0.114154436       1.04772458E-02
   3.00000000       800.000000      0.546837091       69.2043610       4.43827687E-03   6.41238961E-13   9.34172785E-05   1.69738883E-03   5.29609794E-11 -0.285508722      0.114154451       1.02712512E-02
   4.00000000       800.000000      0.551184714       69.7545853       4.31679515E-03   6.18775213E-13   9.40106329E-05   1.67718739E-03   1.09947849E-10 -0.279905438      0.114154451       1.00679751E-02
   5.00000000       800.000000      0.555633724       70.3113556       4.19789134E-03   5.96998796E-13   9.46143846E-05   1.65720086E-03   1.72315703E-10 -0.274367720      0.114154428       9.86737479E-03
   6.00000000       800.000000      0.560065687       70.8701859       4.08158591E-03   5.75888458E-13   9.52301853E-05   1.63749582E-03   2.35338860E-10 -0.268895209      0.114154428       9.66964848E-03
   7.00000000       800.000000      0.564574599       71.4266510       3.96781042E-03   5.55424142E-13   9.58618912E-05   1.61805656E-03   2.92568442E-10 -0.263493091      0.114154428       9.47483443E-03
   8.00000000       800.000000      0.569091976       71.9988251       3.85651994E-03   5.35599126E-13   9.65119325E-05   1.59882312E-03   3.38281847E-10 -0.258154094      0.114154421       9.28309374E-03
   9.00000000       800.000000      0.573642910       72.5662689       3.74766625E-03   5.16382184E-13   9.71863701E-05   1.57976069E-03   3.69123399E-10 -0.252883941      0.114154421       9.09438264E-03
   10.0000000       800.000000      0.578249216       73.1417236       3.64116975E-03   4.97760145E-13   9.78900207E-05   1.56096136E-03   3.84796889E-10 -0.247678369      0.114154421       8.90884362E-03
   11.0000000       800.000000      0.582887828       73.7225037       3.53710679E-03   4.79718478E-13   9.86279774E-05   1.54236238E-03   3.87682719E-10 -0.242539853      0.114154421       8.72662105E-03
   12.0000000       800.000000      0.587557673       74.3115692       3.43525503E-03   4.62244446E-13   9.94043876E-05   1.52396900E-03   3.81796483E-10 -0.237464800      0.114154428       8.54781084E-03
   13.0000000       800.000000      0.592285097       74.9019089       3.33579886E-03   4.45315036E-13   1.00223850E-04   1.50581182E-03   3.71403380E-10 -0.232454076      0.114154428       8.37242231E-03
   2.00000000       800.000000      0.597044110       75.4963303       3.23849008E-03   4.28918023E-13   1.01087964E-04   1.48778234E-03   3.59971664E-10 -0.227506816      0.114154428       8.20061006E-03
   3.00000000       800.000000      0.601813197       76.0937424       3.14331055E-03   4.13036359E-13   1.02001140E-04   1.47008803E-03   3.49367008E-10 -0.222622156      0.114154428       8.03232100E-03
   4.00000000       800.000000      0.606662095       76.6995621       3.05027002E-03   3.97666383E-13   1.02967046E-04   1.45248987E-03   3.39861000E-10 -0.217799321      0.114154421       7.86785036E-03
   5.00000000       800.000000      0.611538589       77.3089294       2.95937760E-03   3.82770774E-13   1.03983271E-04   1.43522711E-03   3.30343142E-10 -0.213036940      0.114154421       7.70718046E-03
   6.00000000       800.000000      0.616429627       77.9216690       2.87050894E-03   3.68353270E-13   1.05044106E-04   1.41806842E-03   3.18924581E-10 -0.208334088      0.114154421       7.55040860E-03
   7.00000000       800.000000      0.621346176       78.5425873       2.78363796E-03   3.54385033E-13   1.06142819E-04   1.40111858E-03   3.03607889E-10 -0.203689814      0.114154428       7.39757530E-03
   8.00000000       800.000000      0.626343310       79.1605453       2.69871484E-03   3.40865194E-13   1.07277738E-04   1.38430053E-03   2.82720042E-10 -0.199105024      0.114154428       7.24882586E-03
   9.00000000       800.000000      0.631355822       79.7936478       2.61571491E-03   3.27776462E-13   1.08451844E-04   1.36778748E-03   2.54804483E-10 -0.194575891      0.114154428       7.10363826E-03
   10.0000000       800.000000      0.636449695       80.4251099       2.53460673E-03   3.15111002E-13   1.09684617E-04   1.35135965E-03   2.18880414E-10 -0.190101251      0.114154428       6.96278550E-03
   11.0000000       800.000000      0.641569495       81.0633545       2.45532230E-03   3.02848648E-13   1.10994348E-04   1.33515615E-03   1.75993095E-10 -0.185676649      0.114154421       6.82496512E-03
   12.0000000       800.000000      0.646703839       81.7070923       2.37785745E-03   2.90981134E-13   1.12414949E-04   1.31917093E-03   1.29117814E-10 -0.181306645      0.114154421       6.69222511E-03
   13.0000000       800.000000      0.651862979       82.3593216       2.30217609E-03   2.79500029E-13   1.13966074E-04   1.30338583E-03   8.17377208E-11 -0.176987961      0.114154421       6.56269351E-03
   2.00000000       800.000000      0.657104909       83.0148392       2.22826540E-03   2.68394058E-13   1.15678769E-04   1.28770177E-03   3.66723908E-11 -0.172718465      0.114154421       6.43937103E-03
   3.00000000       800.000000      0.662361264       83.6720734       2.15607556E-03   2.57650617E-13   1.17553158E-04   1.27221667E-03  -2.08488110E-12 -0.168489233      0.114154406       6.31910563E-03
   4.00000000       800.000000      0.667716920       84.3404617       2.08556047E-03   2.47262253E-13   1.19592936E-04   1.25694659E-03  -3.22474721E-11 -0.164311260      0.114154406       6.20788708E-03
   5.00000000       800.000000      0.673070669       85.0116577       2.01671943E-03   2.37215033E-13   1.21746460E-04   1.24187430E-03  -5.54357671E-11 -0.160167277      0.114154406       6.09900430E-03
   6.00000000       800.000000      0.678464949       85.6865540       1.94947794E-03   2.27498196E-13   1.23996200E-04   1.22690608E-03  -7.28077390E-11 -0.156068936      0.114154406       6.00376213E-03
   7.00000000       800.000000      0.683868349       86.3630829       1.88380422E-03   2.18102514E-13   1.26257655E-04   1.21213566E-03  -8.67593636E-11 -0.151987717      0.114154406       5.90738608E-03
   8.00000000       800.000000      0.689361989       87.0500107       1.81976578E-03   2.09020653E-13   1.28603715E-04   1.19757769E-03  -9.80386328E-11 -0.147957146      0.114154406       5.83136315E-03
   9.00000000       800.000000      0.694936693       87.7468338       1.75727974E-03   2.00251260E-13   1.30954446E-04   1.18320843E-03  -1.04885149E-10 -0.143915504      0.114154406       5.74707845E-03
   10.0000000       800.000000      0.700467765       88.4404068       1.69635506E-03   1.91790228E-13   1.33518712E-04   1.16896618E-03  -1.05284510E-10 -0.139936730      0.114154406       5.69774117E-03
   11.0000000       800.000000      0.706084132       89.1438522       1.63707987E-03   1.83618488E-13   1.36137402E-04   1.15490053E-03  -9.60597435E-11 -0.135901779      0.114154406       5.62658068E-03
   12.0000000       800.000000      0.711785257       89.8559036       1.57937990E-03   1.75752520E-13   1.39167882E-04   1.14107120E-03  -7.44732609E-11 -0.131960392      0.114154406       5.62093407E-03
   13.0000000       800.000000      0.717506111       90.5660553       1.52327667E-03   1.68172008E-13   1.42169520E-04   1.12739915E-03  -4.55167605E-11 -0.127865985      0.114154406       5.56286750E-03
   2.00000000       800.000000      0.723254204       91.2924652       1.46886893E-03   1.60889382E-13   1.45847764E-04   1.11390953E-03  -1.08385185E-11 -0.123947196      0.114154398       5.63348318E-03
   3.00000000       800.000000      0.729030788       92.0148239       1.41615444E-03   1.53892903E-13   1.49166372E-04   1.10061234E-03   2.20628446E-11 -0.119684674      0.114154398       5.58221759E-03
   4.00000000       800.000000      0.734885931       92.7492523       1.36533007E-03   1.47186503E-13   1.53619592E-04   1.08768034E-03   4.90603530E-11 -0.115772665      0.114154398       5.79177588E-03
   5.00000000       800.000000      0.740812361       93.4854507       1.31625100E-03   1.40779763E-13   1.56928480E-04   1.07480842E-03   6.61600358E-11 -0.111140378      0.114154406       5.72264614E-03
   6.00000000       800.000000      0.746736884       94.2303009       1.26932107E-03   1.34691737E-13   1.62342694E-04   1.06246700E-03   7.11839337E-11 -0.107260652      0.114154406       6.19948888E-03
   7.00000000       800.000000      0.752711892       94.9802017       1.22444856E-03   1.28897652E-13   1.64936268E-04   1.05007016E-03   6.77557663E-11 -0.101839557      0.114154406       6.03462011E-03
   8.00000000       800.000000      0.758787692       95.7357407       1.18208723E-03   1.23470868E-13   1.71747510E-04   1.03861280E-03   5.19267650E-11  -9.81414914E-02  0.114154406       7.05471402E-03
   9.00000000       800.000000      0.764886141       96.4991150       1.14226178E-03   1.18367759E-13   1.73093038E-04   1.02670770E-03   4.20894881E-11  -9.10959169E-02  0.114154406       6.56816782E-03
   10.0000000       800.000000      0.770997465       97.2638321       1.10547396E-03   1.13641511E-13   1.81222757E-04   1.01662055E-03   1.37404810E-11  -8.80502090E-02  0.114154406       8.94821342E-03
   11.0000000       800.000000      0.777200460       98.0346756       1.07284600E-03   1.09414776E-13   2.17391731E-04   1.00517774E-03  -6.90950498E-13  -7.72397444E-02  0.114154406       7.23187253E-03
   12.0000000       800.000000      0.783445537       98.8157425       1.02573493E-03   1.03787977E-13   5.97672624E-05   9.97542986E-04   2.91672737E-20  -7.67644942E-02  0.114154406      -1.00734448E-02
   13.0000000       800.000000      0.789714217       99.6048737       1.00181869E-03   1.00566528E-13   5.95398305E-05   9.85702965E-04  -6.08425203E-20  -9.30891484E-02  0.114154406      -2.06683408E-02
