   0.00000000       190.000000       3.40428352E-02   1.01702809       2.95383041E-04   2.90374430E-12  -8.25340003E-02   1.70161414       1.05438966E-14  -6.80890633E-04   3.58951467E-16  -5.54281799E-03
   1.00000000       197.000000       3.40447091E-02   1.05104125       2.90559430E-04   2.76380958E-12  -7.54383802E-02   1.58381653       5.30887768E-15  -8.69587820E-04   5.39696413E-16   1.33738981E-03
   2.00000000       200.000000       3.40499915E-02   1.08514261       2.85964867E-04   2.63476003E-12   8.29511415E-03   1.23786807      -1.88743584E-02  -5.89820149E-04  -6.42672996E-04   4.10487503E-03
   3.00000000       200.000000       3.40571664E-02   1.11914527       3.38277110E-04   3.02192819E-12   7.80939385E-02   1.08930159      -6.85427478E-03  -5.90018986E-04  -8.76106205E-04  -1.65978039E-03
   4.00000000       200.000000       3.40652503E-02   1.15326166       3.95390496E-04   3.42784286E-12   9.16891694E-02  0.959471822       6.22494612E-03  -7.02888065E-04  -6.64051622E-04  -2.67352583E-03
   5.00000000       200.000000       3.40752266E-02   1.18727005       4.52416978E-04   3.80969084E-12   9.26453024E-02  0.864704609       1.96924787E-02  -7.72197265E-04   6.99490920E-06  -2.35503097E-03
   6.00000000       200.000000       3.40886116E-02   1.22141874       5.13445004E-04   4.20297564E-12   8.90231431E-02  0.794873476       3.34585384E-02  -8.63418507E-04   1.14757440E-03  -2.89882510E-03
   7.00000000       200.000000       3.41038704E-02   1.25543642       5.80135442E-04   4.61993161E-12   8.36209431E-02  0.740342200       4.75463830E-02  -9.69879562E-04   2.76912632E-03  -3.43713863E-03
   8.00000000       200.000000       3.41209993E-02   1.28956389       6.54389092E-04   5.07343429E-12   7.72082880E-02  0.695397079       6.13792837E-02  -1.09792547E-03   4.86351503E-03  -4.07902384E-03
   9.00000000       200.000000       3.41415480E-02   1.32373023       7.37324823E-04   5.56905086E-12   7.03316927E-02  0.656615853       7.48059005E-02  -1.24832825E-03   7.41751026E-03  -4.79567144E-03
   10.0000000       200.000000       3.41642797E-02   1.35789859       8.31575075E-04   6.12298320E-12   6.31897673E-02  0.622668147       8.80223587E-02  -1.42549421E-03   1.04246652E-02  -5.63943526E-03
   11.0000000       200.000000       3.41873281E-02   1.39207828       9.39060759E-04   6.74468380E-12   5.60247563E-02  0.592513800      0.100776389      -1.63379032E-03   1.38699794E-02  -6.62993733E-03
   2.00000000       200.000000       3.42125520E-02   1.42626679       1.06230017E-03   7.44690160E-12   4.88257557E-02  0.565946400      0.112684153      -1.87898800E-03   1.77252851E-02  -7.72931334E-03
   3.00000000       200.000000       3.42412032E-02   1.46045995       1.20345480E-03   8.23875083E-12   4.17956784E-02  0.542328835      0.123633027      -2.16290634E-03   2.19587833E-02  -9.01952386E-03
   4.00000000       200.000000       3.42717990E-02   1.49468386       1.36526558E-03   9.13230342E-12   3.55298705E-02  0.521813869      0.133681655      -2.49696011E-03   2.65404154E-02  -1.05224559E-02
   5.00000000       200.000000       3.43041234E-02   1.52902329       1.55126839E-03   1.01438172E-11   3.00234333E-02  0.503206670      0.142616481      -2.88451742E-03   3.14329490E-02  -1.22644668E-02
   6.00000000       200.000000       3.43400165E-02   1.56331646       1.76541694E-03   1.12907088E-11   2.53254678E-02  0.485558063      0.150040776      -3.33886803E-03   3.65853347E-02  -1.43045690E-02
   7.00000000       200.000000       3.43780145E-02   1.59766877       2.01165141E-03   1.25889056E-11   2.19047870E-02  0.468733072      0.155430213      -3.86750465E-03   4.19286974E-02  -1.69954766E-02
   8.00000000       400.000000       3.44163403E-02   1.63212323       2.29546567E-03   1.40622375E-11   1.91734210E-02  0.451131970      0.158552647      -4.50806087E-03   4.73855399E-02  -1.97288021E-02
   9.00000000       400.000000       3.44596468E-02   1.66651404       2.61872984E-03   1.57110991E-11   1.67144910E-02  0.437223911      0.158923790      -5.22633875E-03   5.28618917E-02  -2.25376077E-02
   10.0000000       400.000000       3.45019177E-02   1.70102203       2.98608374E-03   1.75519477E-11   1.54685387E-02  0.424784541      0.156459630      -6.06227620E-03   5.82600869E-02  -2.60180477E-02
   11.0000000       400.000000       3.45477760E-02   1.73553383       3.39998584E-03   1.95873439E-11   1.48557946E-02  0.413430423      0.151119545      -7.02288840E-03   6.34810627E-02  -2.97427513E-02
   12.0000000       400.000000       3.45973931E-02   1.77006423       3.86251137E-03   2.18173327E-11   1.46045731E-02  0.402730316      0.142972589      -8.11883062E-03   6.84274212E-02  -3.36858593E-02
   13.0000000       400.000000       3.46456654E-02   1.80469894       4.37538093E-03   2.42402261E-11   1.48932468E-02  0.392857671      0.132116511      -9.35540162E-03   7.30048344E-02  -3.78498733E-02
   2.00000000       400.000000       3.46989296E-02   1.83938944       4.94021969E-03   2.68536166E-11   1.55314663E-02  0.383565515      0.118694298      -1.07435947E-02   7.71234408E-02  -4.22964022E-02
   3.00000000       400.000000       3.47537622E-02   1.87406790       5.55870356E-03   2.96556529E-11   1.63555238E-02  0.374449790      0.102958702      -1.22930733E-02   8.07016268E-02  -4.69277687E-02
   4.00000000       400.000000       3.48123796E-02   1.90886545       6.23158086E-03   3.26398700E-11   1.71812214E-02  0.365550935       8.53721350E-02  -1.40081588E-02   8.36735740E-02  -5.16767055E-02
   5.00000000       400.000000       3.48717459E-02   1.94381344       6.95923809E-03   3.57978022E-11   1.81523468E-02  0.356818974       6.64223880E-02  -1.58940088E-02   8.59897733E-02  -5.65688163E-02
   6.00000000       400.000000       3.49331126E-02   1.97864985       7.74213485E-03   3.91225559E-11   1.93097834E-02  0.348350704       4.64548953E-02  -1.79568212E-02   8.76126885E-02  -6.16776831E-02
   7.00000000       400.000000       3.49960364E-02   2.01366401       8.58158804E-03   4.26115740E-11   2.06767470E-02  0.340101421       2.58010253E-02  -2.02070437E-02   8.85155722E-02  -6.70251846E-02
   8.00000000       400.000000       3.50628383E-02   2.04869795       9.47846379E-03   4.62602873E-11   2.21930295E-02  0.332205862       5.03217569E-03  -2.26524938E-02   8.86920691E-02  -7.25438967E-02
   9.00000000       400.000000       3.51311862E-02   2.08382654       1.04339356E-02   5.00658230E-11   2.36582030E-02  0.324495018      -1.51114669E-02  -2.52990853E-02   8.81611407E-02  -7.82055557E-02
   10.0000000       400.000000       3.52015831E-02   2.11898565       1.14483098E-02   5.40215615E-11   2.50551682E-02  0.316974729      -3.37371528E-02  -2.81527676E-02   8.69734213E-02  -8.38976726E-02
   11.0000000       400.000000       3.52728553E-02   2.15418029       1.25201177E-02   5.81127646E-11   2.64072064E-02  0.309668481      -4.99458574E-02  -3.12117003E-02   8.52116421E-02  -8.95732865E-02
   12.0000000       400.000000       3.53475511E-02   2.18945503       1.36457225E-02   6.23158539E-11   2.76771542E-02  0.302628428      -6.30265027E-02  -3.44786793E-02   8.29838738E-02  -9.51326936E-02
   13.0000000       400.000000       3.54251340E-02   2.22494793       1.48200924E-02   6.66025499E-11   2.88731437E-02  0.295776516      -7.27371499E-02  -3.79447192E-02   8.04070160E-02 -0.100422129    
   2.00000000       400.000000       3.55066359E-02   2.26028228       1.60384327E-02   7.09469497E-11   3.00022345E-02  0.289146066      -7.93354660E-02  -4.16018069E-02   7.75901377E-02 -0.105465494    
   3.00000000       400.000000       3.55888382E-02   2.29589605       1.72965694E-02   7.53277302E-11   3.09773181E-02  0.282715887      -8.34865123E-02  -4.54425216E-02   7.46192038E-02 -0.110345162    
   4.00000000       400.000000       3.56727764E-02   2.33153582       1.85922198E-02   7.97330951E-11   3.19035314E-02  0.276477426      -8.56785998E-02  -4.94648628E-02   7.15628415E-02 -0.115131438    
   5.00000000       400.000000       3.57585363E-02   2.36718988       1.99232902E-02   8.41526154E-11   3.27810459E-02  0.270413071      -8.59865025E-02  -5.36663420E-02   6.84880391E-02 -0.119934633    
   6.00000000       400.000000       3.58451568E-02   2.40296197       2.12907195E-02   8.85885046E-11   3.35899256E-02  0.264524341      -8.40598941E-02  -5.80526218E-02   6.54748604E-02 -0.124857999    
   7.00000000       400.000000       3.59365791E-02   2.43895650       2.26949360E-02   9.30418104E-11   3.43403406E-02  0.258824408      -7.92304054E-02  -6.26291484E-02   6.26275465E-02 -0.129871607    
   8.00000000       400.000000       3.60317938E-02   2.47496963       2.41362285E-02   9.75120887E-11   3.50368172E-02  0.253286839      -7.08923414E-02  -6.73992932E-02   6.00733273E-02 -0.134919196    
   9.00000000       400.000000       3.61256152E-02   2.51087451       2.56133936E-02   1.01992755E-10   3.56332809E-02  0.247918189      -5.90053499E-02  -7.23645464E-02   5.79416752E-02 -0.139912695    
   10.0000000       400.000000       3.62243615E-02   2.54723430       2.71240715E-02   1.06474440E-10   3.60522456E-02  0.242725253      -4.43622842E-02  -7.75220618E-02   5.63345887E-02 -0.144667834    
   11.0000000       400.000000       3.63236889E-02   2.58347154       2.86637321E-02   1.10938585E-10   3.64306979E-02  0.237712994      -2.84949038E-02  -8.28598887E-02   5.52994832E-02 -0.149032801    
   12.0000000       400.000000       3.64281610E-02   2.61973166       3.02275624E-02   1.15367139E-10   3.68305854E-02  0.232864156      -1.29698431E-02  -8.83644372E-02   5.48271425E-02 -0.153123647    
   13.0000000       400.000000       3.65312435E-02   2.65625191       3.18134315E-02   1.19752139E-10   3.71884629E-02  0.228145391       1.20837416E-03  -9.40316394E-02   5.48712350E-02 -0.156995192    
   2.00000000       400.000000       3.66381556E-02   2.69287086       3.34189609E-02   1.24086547E-10   3.75170559E-02  0.223542988       1.38068432E-02  -9.98517945E-02   5.53771295E-02 -0.160532892    
   3.00000000       400.000000       3.67491208E-02   2.72951531       3.50403562E-02   1.28358060E-10   3.78207564E-02  0.219054505       2.52195429E-02 -0.105812855       5.63038886E-02 -0.163635984    
   4.00000000       400.000000       3.68596762E-02   2.76648116       3.66726667E-02   1.32549971E-10   3.80940288E-02  0.214677513       3.61591540E-02 -0.111897044       5.76368086E-02 -0.166170508    
   5.00000000       400.000000       3.69738303E-02   2.80324292       3.83111127E-02   1.36648762E-10   3.83041240E-02  0.210405216       4.69246358E-02 -0.118082091       5.93718216E-02 -0.168025985    
   6.00000000       400.000000       3.70923392E-02   2.84031177       3.99494171E-02   1.40634560E-10   3.84735651E-02  0.206244081       5.67116402E-02 -0.124342091       6.14753328E-02 -0.169165298    
   7.00000000       400.000000       3.72101963E-02   2.87746811       4.15825918E-02   1.44493986E-10   3.85577157E-02  0.202192828       6.39198273E-02 -0.130651608       6.38537779E-02 -0.169597551    
   8.00000000       400.000000       3.73310633E-02   2.91468883       4.32053059E-02   1.48212609E-10   3.85313481E-02  0.198247880       6.71754628E-02 -0.136984363       6.63616657E-02 -0.169457525    
   9.00000000       400.000000       3.74547355E-02   2.95214677       4.48149890E-02   1.51787277E-10   3.83962318E-02  0.194407940       6.60782829E-02 -0.143324628       6.88365698E-02 -0.169032067    
   10.0000000       400.000000       3.75822932E-02   2.98967767       4.64131050E-02   1.55227151E-10   3.81141417E-02  0.190669551       6.14453293E-02 -0.149667844       7.11457282E-02 -0.168676585    
   11.0000000       400.000000       3.77115831E-02   3.02733731       4.80025634E-02   1.58546884E-10   3.76993120E-02  0.187031612       5.47910109E-02 -0.156024769       7.32119679E-02 -0.168498710    
   12.0000000       400.000000       3.78417671E-02   3.06507659       4.95853163E-02   1.61756192E-10   3.71306017E-02  0.183488593       4.77122031E-02 -0.162398264       7.50175714E-02 -0.168563157    
   13.0000000       400.000000       3.79736088E-02   3.10296249       5.11659458E-02   1.64873143E-10   3.63489725E-02  0.180038661       4.11238186E-02 -0.168804631       7.65790939E-02 -0.169006959    
   2.00000000       400.000000       3.81093584E-02   3.14102793       5.27469702E-02   1.67909533E-10   3.53980325E-02  0.176681399       3.49461734E-02 -0.175257444       7.79109970E-02 -0.169566706    
   3.00000000       400.000000       3.82481478E-02   3.17926812       5.43276630E-02   1.70864517E-10   3.43658924E-02  0.173417374       2.84446571E-02 -0.181752294       7.89988488E-02 -0.170227543    
   4.00000000       400.000000       3.83906849E-02   3.21746230       5.59111424E-02   1.73750403E-10   3.32614891E-02  0.170244604       2.08836906E-02 -0.188303471       7.98008293E-02 -0.171127200    
   5.00000000       400.000000       3.85340862E-02   3.25593615       5.75003847E-02   1.76578377E-10   3.20142768E-02  0.167163759       1.21559957E-02 -0.194916204       8.02691281E-02 -0.172295064    
   6.00000000       400.000000       3.86794209E-02   3.29459786       5.91012277E-02   1.79367798E-10   3.06138042E-02  0.164174974       3.09001189E-03 -0.201606572       8.03886503E-02 -0.173999414    
   7.00000000       400.000000       3.88261117E-02   3.33332801       6.07187413E-02   1.82134668E-10   2.90748440E-02  0.161276534      -4.99949465E-03 -0.208402202       8.01945329E-02 -0.176322103    
   8.00000000       400.000000       3.89781781E-02   3.37215042       6.23605847E-02   1.84901747E-10   2.73974705E-02  0.158469066      -1.07999779E-02 -0.215325534       7.97734559E-02 -0.179187089    
   9.00000000       400.000000       3.91310640E-02   3.41121101       6.40336573E-02   1.87688198E-10   2.57037990E-02  0.155747011      -1.37641160E-02 -0.222397968       7.92349577E-02 -0.182744503    
   10.0000000       400.000000       3.92854065E-02   3.45050335       6.57369569E-02   1.90491636E-10   2.40135062E-02  0.153101131      -1.39687536E-02 -0.229655594       7.86861330E-02 -0.187068179    
   11.0000000       400.000000       3.94439995E-02   3.48992372       6.74802437E-02   1.93338165E-10   2.22142059E-02  0.150524259      -1.20204389E-02 -0.237125933       7.82120526E-02 -0.191351235    
   12.0000000       400.000000       3.96043137E-02   3.52931929       6.92646801E-02   1.96228464E-10   2.03446001E-02  0.148013964      -8.72713700E-03 -0.244781569       7.78664351E-02 -0.195687279    
   13.0000000       400.000000       3.97699885E-02   3.56905532       7.10982233E-02   1.99182559E-10   1.85057279E-02  0.145569667      -4.60019801E-03 -0.252658308       7.76834264E-02 -0.200959295    
   2.00000000       400.000000       3.99327539E-02   3.60901117       7.29991496E-02   2.02249828E-10   1.66006982E-02  0.143190667      -3.20182244E-06 -0.260798812       7.76832998E-02 -0.207338989    
   3.00000000       400.000000       4.01016437E-02   3.64905024       7.49825314E-02   2.05466769E-10   1.45336455E-02  0.140875131       4.78840386E-03 -0.269253343       7.78754205E-02 -0.215541586    
   4.00000000       400.000000       4.02740240E-02   3.68916464       7.70586208E-02   2.08855780E-10   1.24546513E-02  0.138615966       8.88017751E-03 -0.278123260       7.82330260E-02 -0.227162883    
   5.00000000       400.000000       4.04453352E-02   3.72949243       7.92547986E-02   2.12483753E-10   1.06418990E-02  0.136399969       1.21379551E-02 -0.287589669       7.87238628E-02 -0.242242426    
   6.00000000       400.000000       4.06209007E-02   3.77015471       8.15892592E-02   2.16390655E-10   9.07334220E-03  0.134215593       1.46320015E-02 -0.297761202       7.93182328E-02 -0.260100812    
   7.00000000       400.000000       4.08019014E-02   3.81062984       8.40468556E-02   2.20526999E-10   7.67579954E-03  0.132063106       1.52961193E-02 -0.308767885       7.99424872E-02 -0.281078815    
   8.00000000       400.000000       4.09835242E-02   3.85157919       8.65924209E-02   2.24794239E-10   6.46041101E-03  0.129936978       1.17124505E-02 -0.320748955       8.04223865E-02 -0.296884894    
   9.00000000       400.000000       4.11677249E-02   3.89264297       8.91946331E-02   2.29105943E-10   5.41846920E-03  0.127839178       3.09946667E-03 -0.333157152       8.05500820E-02 -0.300347567    
   10.0000000       800.000000       4.13518026E-02   3.93391180       9.18436199E-02   2.33436132E-10   4.57589934E-03  0.125781655      -8.19338113E-03 -0.345533699       8.02112818E-02 -0.297827214    
   11.0000000       800.000000       4.15420607E-02   3.97551847       9.45331901E-02   2.37767861E-10   3.76352924E-03  0.123763084      -1.86933242E-02 -0.357845485       7.94346556E-02 -0.295827627    
   12.0000000       800.000000       4.17331755E-02   4.01692963       9.72482711E-02   2.42060400E-10   3.07141710E-03  0.121788561      -2.40774974E-02 -0.370168656       7.84298182E-02 -0.288775116    
   13.0000000       800.000000       4.19295840E-02   4.05884504       9.99171361E-02   2.46140913E-10   2.42614327E-03  0.119859524      -2.13559158E-02 -0.382005095       7.75343701E-02 -0.273756385    
   2.00000000       800.000000       4.21275869E-02   4.10084629      0.102528639       2.49985505E-10   1.85271259E-03  0.117975824      -1.22363102E-02 -0.393179446       7.70189166E-02 -0.258625746    
   3.00000000       800.000000       4.23264094E-02   4.14324856      0.105077207       2.53588067E-10   1.34347356E-03  0.116138704      -1.38612301E-03 -0.403846592       7.69602954E-02 -0.246073410    
   4.00000000       800.000000       4.25276794E-02   4.18554831      0.107492037       2.56786786E-10   8.87941918E-04  0.114346266       6.61102124E-03 -0.414059848       7.72414282E-02 -0.235564619    
   5.00000000       800.000000       4.27326299E-02   4.22826385      0.109771945       2.59589350E-10   4.66636411E-04  0.112596951       8.50763172E-03 -0.423930854       7.76050165E-02 -0.227123678    
   6.00000000       800.000000       4.29400988E-02   4.27117634      0.111913979       2.62000449E-10   7.86366581E-05  0.110889219       4.94226487E-03 -0.433518767       7.78172389E-02 -0.219205827    
   7.00000000       800.000000       4.31519486E-02   4.31416321      0.113938108       2.64077787E-10  -2.74230988E-04  0.109220855      -7.57400994E-04 -0.442803472       7.77845085E-02 -0.213508144    
   8.00000000       800.000000       4.33655083E-02   4.35740662      0.115878865       2.65909073E-10  -5.84564754E-04  0.107591361      -5.58282109E-03 -0.451990396       7.75423720E-02 -0.209920555    
   9.00000000       800.000000       4.35808785E-02   4.40067959      0.117708422       2.67439071E-10  -8.07234785E-04  0.106000610      -6.73230039E-03 -0.461055011       7.72489235E-02 -0.195501998    
   10.0000000       800.000000       4.38009016E-02   4.44439697      0.119173869       2.68106704E-10  -8.05317948E-04  0.104446515      -2.81539047E-03 -0.469074816       7.71256164E-02 -0.162773728    
   11.0000000       800.000000       4.40220647E-02   4.48833799      0.120154552       2.67668832E-10  -6.80350931E-04  0.102927856       1.93629530E-03 -0.475351185       7.72109777E-02 -0.130302176    
   12.0000000       800.000000       4.42490242E-02   4.53246212      0.120834135       2.66561634E-10  -5.60302404E-04  0.101443015       3.75338388E-03 -0.480576783       7.73770064E-02 -0.103163227    
   13.0000000       800.000000       4.44775447E-02   4.57707596      0.121231250       2.64845867E-10  -4.61402728E-04   9.99910384E-02   1.80741935E-03 -0.484503984       7.74573684E-02  -7.43167624E-02
   2.00000000       800.000000       4.47068773E-02   4.62136841      0.121357553       2.62563776E-10  -3.91609559E-04   9.85712856E-02  -2.38150079E-03 -0.487203866       7.73510411E-02  -4.86404151E-02
   3.00000000       800.000000       4.49385233E-02   4.66624355      0.121230669       2.59769789E-10  -3.53129202E-04   9.71834585E-02  -6.06941478E-03 -0.488863766       7.70781711E-02  -2.86329314E-02
   4.00000000       800.000000       4.51754220E-02   4.71121693      0.120875552       2.56531213E-10  -3.48542002E-04   9.58261415E-02  -7.29645602E-03 -0.489784956       7.67485872E-02  -1.66903343E-02
   5.00000000       800.000000       4.54156250E-02   4.75678205      0.120324709       2.52930898E-10  -3.75111063E-04   9.44982693E-02  -6.02497999E-03 -0.490376294       7.64750019E-02  -1.39946751E-02
   6.00000000       800.000000       4.56556603E-02   4.80203438      0.119607054       2.49039095E-10  -4.34542570E-04   9.31976289E-02  -3.95390205E-03 -0.491059482       7.62943849E-02  -2.02095732E-02
   7.00000000       800.000000       4.59001064E-02   4.84787893      0.118765637       2.44951004E-10  -5.20154659E-04   9.19222534E-02  -2.54412927E-03 -0.492226690       7.61776641E-02  -3.23232003E-02
   8.00000000       800.000000       4.61495221E-02   4.89382601      0.117835134       2.40746728E-10  -6.32306212E-04   9.06700119E-02  -2.10625050E-03 -0.494034946       7.60804787E-02  -4.65528555E-02
   9.00000000       800.000000       4.64015417E-02   4.94037914      0.116893128       2.36585446E-10  -7.50445994E-04   8.94386396E-02  -2.14191061E-03 -0.496534884       7.59810507E-02  -5.95597140E-02
   10.0000000       800.000000       4.66544069E-02   4.98703766      0.116002500       2.32592154E-10  -8.58658459E-04   8.82267579E-02  -2.14755163E-03 -0.499576867       7.58809373E-02  -6.85812980E-02
   11.0000000       800.000000       4.69110720E-02   5.03345490      0.115199395       2.28834909E-10  -9.43699211E-04   8.70337859E-02  -1.81122520E-03 -0.502951920       7.57957697E-02  -7.34604001E-02
   12.0000000       800.000000       4.71705161E-02   5.08080530      0.114493802       2.25327618E-10  -9.99010517E-04   8.58593583E-02  -1.11396401E-03 -0.506487310       7.57433400E-02  -7.60615915E-02
   13.0000000       800.000000       4.74330559E-02   5.12793064      0.113893270       2.22078064E-10  -1.02214795E-03   8.47031549E-02  -4.90660605E-04 -0.510146558       7.57200047E-02  -7.72439539E-02
   2.00000000       800.000000       4.76989783E-02   5.17558718      0.113360755       2.19008423E-10  -1.02612015E-03   8.35658982E-02  -2.23777446E-04 -0.513836384       7.57093579E-02  -7.75303617E-02
   3.00000000       800.000000       4.79672700E-02   5.22343826      0.112871379       2.16065832E-10  -1.01428712E-03   8.24466124E-02  -2.56813335E-04 -0.517565370       7.56970793E-02  -7.76745677E-02
   4.00000000       800.000000       4.82396744E-02   5.27148342      0.112403139       2.13206272E-10  -9.95218637E-04   8.13456029E-02  -4.77452966E-04 -0.521309197       7.56740570E-02  -7.76145235E-02
   5.00000000       800.000000       4.85143214E-02   5.32006216      0.111946076       2.10408344E-10  -9.71283822E-04   8.02622885E-02  -7.54881359E-04 -0.525074601       7.56374300E-02  -7.77397528E-02
   6.00000000       800.000000       4.87925000E-02   5.36836243      0.111499116       2.07668716E-10  -9.44363419E-04   7.91962445E-02  -9.48932022E-04 -0.528873146       7.55910352E-02  -7.77830407E-02
   7.00000000       800.000000       4.90735136E-02   5.41723442      0.111056052       2.04975231E-10  -9.15876240E-04   7.81473592E-02  -9.12762538E-04 -0.532686532       7.55462721E-02  -7.75223151E-02
   8.00000000       800.000000       4.93605398E-02   5.46674824      0.110617362       2.02327599E-10  -8.86774156E-04   7.71150142E-02  -7.15577626E-04 -0.536505342       7.55109489E-02  -7.70120025E-02
   9.00000000       800.000000       4.96459454E-02   5.51635075      0.110182874       1.99724209E-10  -8.57821491E-04   7.60990158E-02  -5.67233481E-04 -0.540311813       7.54829571E-02  -7.63835311E-02
   10.0000000       800.000000       4.99367975E-02   5.56616688      0.109755769       1.97170932E-10  -8.28219170E-04   7.50986859E-02  -5.43052971E-04 -0.544111729       7.54557177E-02  -7.59980530E-02
   11.0000000       800.000000       5.02316244E-02   5.61612844      0.109341279       1.94674332E-10  -7.96617649E-04   7.41142854E-02  -5.28127421E-04 -0.547923744       7.54291564E-02  -7.57433176E-02
   12.0000000       800.000000       5.05279116E-02   5.66623640      0.108937979       1.92231439E-10  -7.62581185E-04   7.31445178E-02  -4.70590167E-04 -0.551742375       7.54054338E-02  -7.53729418E-02
   13.0000000       800.000000       5.08273505E-02   5.71697474      0.108544655       1.89839866E-10  -7.27462466E-04   7.21900612E-02  -4.01575875E-04 -0.555563211       7.53848702E-02  -7.48231336E-02
   2.00000000       800.000000       5.11321910E-02   5.76780939      0.108158998       1.87493243E-10  -6.91054680E-04   7.12507069E-02  -3.40214727E-04 -0.559371650       7.53676072E-02  -7.43186623E-02
   3.00000000       800.000000       5.14377542E-02   5.81939650      0.107783295       1.85195539E-10  -6.54885429E-04   7.03254119E-02  -3.04112706E-04 -0.563186049       7.53518641E-02  -7.36876428E-02
   4.00000000       800.000000       5.17485440E-02   5.87104797      0.107410625       1.82932919E-10  -6.18878985E-04   6.94140643E-02  -3.24703899E-04 -0.566975653       7.53351673E-02  -7.27357045E-02
   5.00000000       800.000000       5.20629622E-02   5.92277527      0.107039601       1.80703522E-10  -5.84797584E-04   6.85172901E-02  -3.56212811E-04 -0.570737541       7.53165409E-02  -7.18191862E-02
   6.00000000       800.000000       5.23787588E-02   5.97483015      0.106671467       1.78508000E-10  -5.49908087E-04   6.76340386E-02  -3.48931033E-04 -0.574476719       7.52984583E-02  -7.09710419E-02
   7.00000000       800.000000       5.26992045E-02   6.02751064      0.106305979       1.76346215E-10  -5.16987173E-04   6.67638332E-02  -3.32463009E-04 -0.578195333       7.52807334E-02  -7.00270459E-02
   8.00000000       800.000000       5.30240014E-02   6.08028364      0.105940454       1.74211964E-10  -4.85777942E-04   6.59066662E-02  -3.64498206E-04 -0.581879079       7.52614737E-02  -6.91265389E-02
   9.00000000       800.000000       5.33496812E-02   6.13364077      0.105576418       1.72107717E-10  -4.57408780E-04   6.50624111E-02  -4.18381824E-04 -0.585547626       7.52391070E-02  -6.83860257E-02
   10.0000000       800.000000       5.36804311E-02   6.18732548      0.105213203       1.70032141E-10  -4.30957822E-04   6.42311126E-02  -4.62837255E-04 -0.589199364       7.52143115E-02  -6.78433701E-02
   11.0000000       800.000000       5.40157408E-02   6.24103832      0.104852781       1.67987652E-10  -4.05942963E-04   6.34119138E-02  -4.84651682E-04 -0.592853725       7.51880780E-02  -6.74615353E-02
   12.0000000       800.000000       5.43518029E-02   6.29508209      0.104492612       1.65969696E-10  -3.82344180E-04   6.26050383E-02  -5.03501913E-04 -0.596509874       7.51607493E-02  -6.70826286E-02
   13.0000000       800.000000       5.46922497E-02   6.34962225      0.104131579       1.63976346E-10  -3.60806065E-04   6.18100688E-02  -5.32008125E-04 -0.600168526       7.51315355E-02  -6.66641593E-02
   2.00000000       800.000000       5.50380871E-02   6.40445566      0.103766650       1.62001773E-10  -3.42108280E-04   6.10268824E-02  -5.75350714E-04 -0.603825212       7.51001164E-02  -6.61652908E-02
   3.00000000       800.000000       5.53847216E-02   6.45976830      0.103396460       1.60044117E-10  -3.26583744E-04   6.02547824E-02  -5.80874737E-04 -0.607475042       7.50678405E-02  -6.56020120E-02
   4.00000000       800.000000       5.57359010E-02   6.51546860      0.103020497       1.58102309E-10  -3.14566161E-04   5.94940893E-02  -5.77003520E-04 -0.611114442       7.50357434E-02  -6.48991615E-02
   5.00000000       800.000000       5.60912378E-02   6.57112312      0.102638133       1.56175572E-10  -3.06049827E-04   5.87442257E-02  -5.98022714E-04 -0.614732444       7.50021189E-02  -6.42380640E-02
   6.00000000       800.000000       5.64479530E-02   6.62756824      0.102254048       1.54269930E-10  -3.00105894E-04   5.80051169E-02  -5.73996396E-04 -0.618343234       7.49697909E-02  -6.36772662E-02
   7.00000000       800.000000       5.68098128E-02   6.68420267      0.101868965       1.52386770E-10  -2.95636448E-04   5.72765619E-02  -5.02980256E-04 -0.621944547       7.49412552E-02  -6.31526560E-02
   8.00000000       800.000000       5.71758151E-02   6.74102211      0.101484895       1.50528964E-10  -2.92344805E-04   5.65582849E-02  -4.47231927E-04 -0.625542998       7.49155506E-02  -6.26154244E-02
   9.00000000       800.000000       5.75454868E-02   6.79867172      0.101100959       1.48694224E-10  -2.89614603E-04   5.58498390E-02  -3.83317441E-04 -0.629128039       7.48936385E-02  -6.21203147E-02
   10.0000000       800.000000       5.79212233E-02   6.85620070      0.100720309       1.46886808E-10  -2.87225586E-04   5.51517420E-02  -3.02446715E-04 -0.632716537       7.48759583E-02  -6.16630390E-02
   11.0000000       800.000000       5.82982525E-02   6.91421032      0.100341745       1.45104956E-10  -2.84485926E-04   5.44631965E-02  -2.12256055E-04 -0.636294901       7.48636052E-02  -6.12409301E-02
   12.0000000       800.000000       5.86755127E-02   6.97270107       9.99680907E-02   1.43352108E-10  -2.81595741E-04   5.37844636E-02  -1.24316750E-04 -0.639878809       7.48563111E-02  -6.08138032E-02
   13.0000000       800.000000       5.90622984E-02   7.03143930       9.95970219E-02   1.41624559E-10  -2.78285384E-04   5.31151854E-02  -4.15221111E-05 -0.643455088       7.48539343E-02  -6.03269041E-02
   2.00000000       800.000000       5.94485030E-02   7.09108067       9.92304459E-02   1.39923906E-10  -2.75316677E-04   5.24551608E-02   5.25476971E-05 -0.647027969       7.48569816E-02  -5.97484484E-02
   3.00000000       800.000000       5.98436110E-02   7.15043688       9.88646001E-02   1.38245179E-10  -2.72798468E-04   5.18043377E-02   1.30268891E-04 -0.650582373       7.48648047E-02  -5.90044670E-02
   4.00000000       800.000000       6.02373928E-02   7.21079636       9.84998643E-02   1.36588324E-10  -2.71711906E-04   5.11625931E-02   1.91605170E-04 -0.654113770       7.48763457E-02  -5.81928976E-02
   5.00000000       800.000000       6.06374219E-02   7.27131176       9.81353074E-02   1.34951564E-10  -2.71582394E-04   5.05293645E-02   2.43770279E-04 -0.657616436       7.48912692E-02  -5.74371554E-02
   6.00000000       800.000000       6.10392392E-02   7.33202028       9.77736413E-02   1.33338840E-10  -2.72016769E-04   4.99051325E-02   2.78497784E-04 -0.661101818       7.49080926E-02  -5.68356849E-02
   7.00000000       800.000000       6.14471473E-02   7.39313030       9.74163935E-02   1.31751055E-10  -2.71929253E-04   4.92893569E-02   3.02463362E-04 -0.664577901       7.49266073E-02  -5.63682243E-02
   8.00000000       800.000000       6.18590638E-02   7.45494413       9.70657766E-02   1.30191025E-10  -2.70613818E-04   4.86821122E-02   3.06458620E-04 -0.668051898       7.49456584E-02  -5.61034940E-02
   9.00000000       800.000000       6.22721761E-02   7.51700449       9.67242047E-02   1.28661651E-10  -2.67097523E-04   4.80831191E-02   3.01769091E-04 -0.671541333       7.49644339E-02  -5.60141057E-02
   10.0000000       800.000000       6.26941621E-02   7.57950735       9.63919237E-02   1.27162697E-10  -2.61015462E-04   4.74923551E-02   2.82271794E-04 -0.675052464       7.49821812E-02  -5.59259504E-02
   11.0000000       800.000000       6.31151870E-02   7.64244461       9.60657522E-02   1.25689320E-10  -2.53279752E-04   4.69096117E-02   2.51918013E-04 -0.678577900       7.49979839E-02  -5.55503741E-02
   12.0000000       800.000000       6.35424033E-02   7.70559978       9.57398340E-02   1.24233290E-10  -2.45786621E-04   4.63348627E-02   2.11368853E-04 -0.682088077       7.50114992E-02  -5.48943579E-02
   13.0000000       800.000000       6.39760271E-02   7.76949692       9.54116955E-02   1.22791832E-10  -2.39703033E-04   4.57676612E-02   1.59723437E-04 -0.685578704       7.50217363E-02  -5.41148260E-02
   2.00000000       800.000000       6.44085407E-02   7.83382225       9.50796232E-02   1.21361740E-10  -2.35137399E-04   4.52087112E-02   1.06382562E-04 -0.689036787       7.50285015E-02  -5.32967225E-02
   3.00000000       800.000000       6.48498610E-02   7.89831066       9.47436243E-02   1.19943097E-10  -2.32702121E-04   4.46567237E-02   4.60454903E-05 -0.692467213       7.50316307E-02  -5.24184629E-02
   4.00000000       800.000000       6.52926117E-02   7.96304750       9.44011658E-02   1.18532906E-10  -2.32270875E-04   4.41125184E-02  -9.26671146E-06 -0.695859194       7.50309750E-02  -5.15234172E-02
   5.00000000       800.000000       6.57397360E-02   8.02879810       9.40528587E-02   1.17131901E-10  -2.34329171E-04   4.35753390E-02  -6.54716932E-05 -0.699218333       7.50267357E-02  -5.06446883E-02
   6.00000000       800.000000       6.61928579E-02   8.09504509       9.36975107E-02   1.15738412E-10  -2.38222943E-04   4.30454314E-02  -1.22796773E-04 -0.702539802       7.50185475E-02  -4.98675741E-02
   7.00000000       800.000000       6.66503683E-02   8.16145802       9.33377594E-02   1.14355504E-10  -2.43720729E-04   4.25226577E-02  -1.73271692E-04 -0.705843091       7.50069246E-02  -4.92491461E-02
   8.00000000       800.000000       6.71091229E-02   8.22835445       9.29734260E-02   1.12983449E-10  -2.49447854E-04   4.20064628E-02  -2.21302587E-04 -0.709128261       7.49921352E-02  -4.88025174E-02
   9.00000000       800.000000       6.75772652E-02   8.29508305       9.26092118E-02   1.11627277E-10  -2.55091989E-04   4.14971486E-02  -2.59936904E-04 -0.712415874       7.49745294E-02  -4.85104769E-02
   10.0000000       800.000000       6.80434331E-02   8.36327362       9.22455266E-02   1.10287522E-10  -2.59156863E-04   4.09947038E-02  -2.94758967E-04 -0.715706408       7.49544799E-02  -4.83967625E-02
   11.0000000       800.000000       6.85164854E-02   8.43160915       9.18872952E-02   1.08969320E-10  -2.61379435E-04   4.04987372E-02  -3.21302301E-04 -0.719026029       7.49325231E-02  -4.84281965E-02
   12.0000000       800.000000       6.89990669E-02   8.50011826       9.15338770E-02   1.07672038E-10  -2.60641944E-04   4.00092863E-02  -3.39398626E-04 -0.722367764       7.49090016E-02  -4.85141091E-02
   13.0000000       800.000000       6.94770738E-02   8.56972027       9.11878273E-02   1.06398279E-10  -2.57370324E-04   3.95264402E-02  -3.48431873E-04 -0.725743473       7.48849139E-02  -4.86331470E-02
   2.00000000       800.000000       6.99650571E-02   8.63913631       9.08484161E-02   1.05146850E-10  -2.50913814E-04   3.90493460E-02  -3.47773923E-04 -0.729147434       7.48605803E-02  -4.87062111E-02
   3.00000000       800.000000       7.04544336E-02   8.70913506       9.05162320E-02   1.03917916E-10  -2.42339040E-04   3.85790616E-02  -3.39236110E-04 -0.732582927       7.48366266E-02  -4.86613624E-02
   4.00000000       800.000000       7.09533468E-02   8.77987480       9.01892781E-02   1.02708841E-10  -2.31747224E-04   3.81144769E-02  -3.21495027E-04 -0.736028910       7.48138353E-02  -4.84951586E-02
   5.00000000       800.000000       7.14557767E-02   8.85152435       8.98680538E-02   1.01519682E-10  -2.19974405E-04   3.76560576E-02  -2.96695449E-04 -0.739488780       7.47925341E-02  -4.83382605E-02
   6.00000000       800.000000       7.19595850E-02   8.92326069       8.95522758E-02   1.00349923E-10  -2.06498516E-04   3.72036472E-02  -2.66794552E-04 -0.742961645       7.47734085E-02  -4.81975600E-02
   7.00000000       800.000000       7.24673644E-02   8.99552822       8.92420560E-02   9.91995791E-11  -1.91561616E-04   3.67575325E-02  -2.34027699E-04 -0.746449649       7.47563392E-02  -4.80536111E-02
   8.00000000       800.000000       7.29827210E-02   9.06822109       8.89357328E-02   9.80661455E-11  -1.75761772E-04   3.63166407E-02  -1.99137721E-04 -0.749950707       7.47419223E-02  -4.77544852E-02
   9.00000000       800.000000       7.35015273E-02   9.14107132       8.86298642E-02   9.69459096E-11  -1.60073396E-04   3.58815864E-02  -1.63353092E-04 -0.753444850       7.47299418E-02  -4.72177342E-02
   10.0000000       800.000000       7.40236938E-02   9.21487141       8.83199796E-02   9.58334870E-11  -1.46230479E-04   3.54522392E-02  -1.28172949E-04 -0.756916761       7.47204572E-02  -4.63538617E-02
   11.0000000       800.000000       7.45541826E-02   9.28909588       8.80003795E-02   9.47233611E-11  -1.35585433E-04   3.50285098E-02  -9.43016275E-05 -0.760332942       7.47134611E-02  -4.51932326E-02
   12.0000000       800.000000       7.50876293E-02   9.36382198       8.76688808E-02   9.36124719E-11  -1.29784486E-04   3.46104391E-02  -6.24297900E-05 -0.763678551       7.47086853E-02  -4.38215323E-02
   13.0000000       800.000000       7.56227747E-02   9.43945217       8.73222575E-02   9.24979884E-11  -1.28946063E-04   3.41971219E-02  -3.41789164E-05 -0.766935706       7.47061893E-02  -4.24112231E-02
   2.00000000       800.000000       7.61684179E-02   9.51551723       8.69632065E-02   9.13827902E-11  -1.33057969E-04   3.37893032E-02  -9.19994091E-06 -0.770116031       7.47054890E-02  -4.12035435E-02
   3.00000000       800.000000       7.67170042E-02   9.59179592       8.65951627E-02   9.02708949E-11  -1.39729993E-04   3.33866738E-02   1.27914918E-05 -0.773236275       7.47063756E-02  -4.04313356E-02
   4.00000000       800.000000       7.72694573E-02   9.66848755       8.62257257E-02   8.91700741E-11  -1.47226223E-04   3.29890437E-02   3.13244018E-05 -0.776342213       7.47088045E-02  -4.01252992E-02
   5.00000000       800.000000       7.78230131E-02   9.74612713       8.58586133E-02   8.80840401E-11  -1.52935449E-04   3.25962715E-02   4.63183678E-05 -0.779459774       7.47123435E-02  -4.01211828E-02
   6.00000000       800.000000       7.83851892E-02   9.82425022       8.54977742E-02   8.70163108E-11  -1.56535709E-04   3.22085433E-02   5.81741333E-05 -0.782609284       7.47169554E-02  -4.02685553E-02
   7.00000000       800.000000       7.89523125E-02   9.90284920       8.51434171E-02   8.59673790E-11  -1.57033559E-04   3.18258852E-02   6.77861390E-05 -0.785794735       7.47223124E-02  -4.04737629E-02
   8.00000000       800.000000       7.95280412E-02   9.98241329       8.47971365E-02   8.49380774E-11  -1.54602167E-04   3.14475968E-02   7.56786103E-05 -0.789023459       7.47283623E-02  -4.07215878E-02
   9.00000000       800.000000       8.01055804E-02   10.0623922       8.44582543E-02   8.39276010E-11  -1.48969149E-04   3.10743097E-02   8.24966555E-05 -0.792296708       7.47348964E-02  -4.08654697E-02
   10.0000000       800.000000       8.06882754E-02   10.1425762       8.41257796E-02   8.29346522E-11  -1.41264798E-04   3.07056662E-02   8.80444641E-05 -0.795594394       7.47421086E-02  -4.07910943E-02
   11.0000000       800.000000       8.12722519E-02   10.2231703       8.37964639E-02   8.19555049E-11  -1.32467365E-04   3.03414874E-02   9.27817819E-05 -0.798900783       7.47495666E-02  -4.04539183E-02
   12.0000000       800.000000       8.18665698E-02   10.3048105       8.34682733E-02   8.09884174E-11  -1.23835533E-04   2.99820919E-02   9.65147628E-05 -0.802194715       7.47574791E-02  -3.99628431E-02
   13.0000000       800.000000       8.24698508E-02   10.3871059       8.31405669E-02   8.00324459E-11  -1.15446346E-04   2.96274740E-02   9.88251559E-05 -0.805468559       7.47656226E-02  -3.94688882E-02
   2.00000000       800.000000       8.30690786E-02   10.4702911       8.28130618E-02   7.90867163E-11  -1.07577689E-04   2.92770360E-02   9.82740894E-05 -0.808728218       7.47738481E-02  -3.88772525E-02
   3.00000000       800.000000       8.36792067E-02   10.5531397       8.24816674E-02   7.81479881E-11  -1.01155820E-04   2.89304536E-02   9.44240674E-05 -0.811952293       7.47818351E-02  -3.80428731E-02
   4.00000000       800.000000       8.42924491E-02   10.6371202       8.21428299E-02   7.72125419E-11  -9.73395508E-05   2.85885315E-02   8.77719140E-05 -0.815118551       7.47890845E-02  -3.70211378E-02
   5.00000000       800.000000       8.49149227E-02   10.7222576       8.17948729E-02   7.62787195E-11  -9.66621228E-05   2.82509103E-02   7.92034480E-05 -0.818216980       7.47958347E-02  -3.59046310E-02
   6.00000000       800.000000       8.55400413E-02   10.8070173       8.14367458E-02   7.53459239E-11  -9.94480870E-05   2.79174112E-02   6.95010021E-05 -0.821238875       7.48018101E-02  -3.47910635E-02
   7.00000000       800.000000       8.61672983E-02   10.8929453       8.10697153E-02   7.44151338E-11  -1.05305342E-04   2.75879689E-02   5.90368363E-05 -0.824189723       7.48068020E-02  -3.38263065E-02
   8.00000000       800.000000       8.68062824E-02   10.9799843       8.06972235E-02   7.34897976E-11  -1.12756454E-04   2.72628497E-02   4.83751355E-05 -0.827090323       7.48109967E-02  -3.32886726E-02
   9.00000000       800.000000       8.74475688E-02   11.0664978       8.03268477E-02   7.25767987E-11  -1.19025819E-04   2.69411765E-02   3.77792348E-05 -0.829990625       7.48143867E-02  -3.34042273E-02
   10.0000000       800.000000       8.80924463E-02   11.1543617       7.99666867E-02   7.16825557E-11  -1.21265468E-04   2.66235601E-02   2.73545065E-05 -0.832953274       7.48168156E-02  -3.39832194E-02
   11.0000000       800.000000       8.87458175E-02   11.2425718       7.96187818E-02   7.08094416E-11  -1.18455129E-04   2.63100378E-02   1.72583459E-05 -0.836001217       7.48184621E-02  -3.45849954E-02
   12.0000000       800.000000       8.94047245E-02   11.3320246       7.92815834E-02   6.99552360E-11  -1.11208516E-04   2.60002259E-02   8.43598536E-06 -0.839116156       7.48190880E-02  -3.50021571E-02
   13.0000000       800.000000       9.00711343E-02   11.4218473       7.89531991E-02   6.91182112E-11  -1.00575598E-04   2.56942697E-02   1.20191248E-06 -0.842283189       7.48192370E-02  -3.51811387E-02
   2.00000000       800.000000       9.07422155E-02   11.5118284       7.86298439E-02   6.82946893E-11  -8.81155647E-05   2.53918450E-02  -4.66256915E-06 -0.845477760       7.48186931E-02  -3.49664092E-02
   3.00000000       800.000000       9.14164707E-02   11.6033077       7.83060268E-02   6.74795220E-11  -7.59396498E-05   2.50933729E-02  -9.36783545E-06 -0.848651588       7.48179704E-02  -3.42918001E-02
   4.00000000       800.000000       9.20993984E-02   11.6952047       7.79770836E-02   6.66687261E-11  -6.59846337E-05   2.47986484E-02  -1.34237771E-05 -0.851768851       7.48165399E-02  -3.33001427E-02
   5.00000000       800.000000       9.27866399E-02   11.7873383       7.76399449E-02   6.58599564E-11  -5.92675242E-05   2.45072115E-02  -1.78694918E-05 -0.854808569       7.48149231E-02  -3.21491808E-02
   6.00000000       800.000000       9.34779644E-02   11.8806105       7.72926509E-02   6.50512699E-11  -5.64210750E-05   2.42194943E-02  -2.36087417E-05 -0.857756615       7.48127475E-02  -3.08736954E-02
   7.00000000       800.000000       9.41774696E-02   11.9743528       7.69334957E-02   6.42416745E-11  -5.77346837E-05   2.39351932E-02  -3.02298085E-05 -0.860602856       7.48100579E-02  -2.95778327E-02
   8.00000000       800.000000       9.48819369E-02   12.0688763       7.65632540E-02   6.34318847E-11  -6.29454225E-05   2.36544833E-02  -3.70415510E-05 -0.863350034       7.48063847E-02  -2.84227878E-02
   9.00000000       800.000000       9.55979601E-02   12.1640635       7.61851892E-02   6.26243016E-11  -7.09607048E-05   2.33767200E-02  -4.33656969E-05 -0.866016090       7.48021975E-02  -2.75762882E-02
   10.0000000       800.000000       9.63135287E-02   12.2600622       7.58044273E-02   6.18238585E-11  -7.95862070E-05   2.31025908E-02  -4.87001853E-05 -0.868641615       7.47975186E-02  -2.72805355E-02
   11.0000000       800.000000       9.70358253E-02   12.3568468       7.54297674E-02   6.10368214E-11  -8.58087806E-05   2.28317026E-02  -5.29593017E-05 -0.871291041       7.47924149E-02  -2.76211556E-02
   12.0000000       800.000000       9.77677032E-02   12.4544106       7.50674307E-02   6.02686512E-11  -8.70876029E-05   2.25641243E-02  -5.61927118E-05 -0.874023616       7.47870058E-02  -2.83838529E-02
   13.0000000       800.000000       9.85076427E-02   12.5523767       7.47203156E-02   5.95208882E-11  -8.23601513E-05   2.22998317E-02  -5.80032611E-05 -0.876862526       7.47812167E-02  -2.92052571E-02
   2.00000000       800.000000       9.92456749E-02   12.6510534       7.43866339E-02   5.87919852E-11  -7.21953402E-05   2.20384579E-02  -5.78953877E-05 -0.879797459       7.47755095E-02  -2.97839511E-02
   3.00000000       800.000000       9.99961421E-02   12.7503929       7.40617439E-02   5.80778689E-11  -5.84862246E-05   2.17805803E-02  -5.60043045E-05 -0.882795751       7.47699663E-02  -2.98783034E-02
   4.00000000       800.000000      0.100751281       12.8514633       7.37383068E-02   5.73725650E-11  -4.42553501E-05   2.15255301E-02  -5.29139652E-05 -0.885796249       7.47645497E-02  -2.92872526E-02
   5.00000000       800.000000      0.101513669       12.9527330       7.34069347E-02   5.66687738E-11  -3.29355607E-05   2.12736838E-02  -4.90159327E-05 -0.888719916       7.47595727E-02  -2.80035175E-02
   6.00000000       800.000000      0.102282949       13.0543804       7.30607137E-02   5.59612738E-11  -2.70982764E-05   2.10247934E-02  -4.46465529E-05 -0.891503334       7.47550130E-02  -2.63502598E-02
   7.00000000       800.000000      0.103057869       13.1565609       7.26983324E-02   5.52491698E-11  -2.74126869E-05   2.07790229E-02  -4.02420774E-05 -0.894130588       7.47508630E-02  -2.46977769E-02
   8.00000000       800.000000      0.103839546       13.2604132       7.23213181E-02   5.45337664E-11  -3.31878000E-05   2.05361173E-02  -3.59153273E-05 -0.896612525       7.47470483E-02  -2.32829768E-02
   9.00000000       800.000000      0.104626514       13.3645535       7.19344690E-02   5.38190603E-11  -4.25431645E-05   2.02959720E-02  -3.12461816E-05 -0.898984373       7.47438744E-02  -2.23563127E-02
   10.0000000       800.000000      0.105420068       13.4691267       7.15453997E-02   5.31107137E-11  -5.25486830E-05   2.00589430E-02  -2.61768146E-05 -0.901308775       7.47410655E-02  -2.20698565E-02
   11.0000000       800.000000      0.106228657       13.5754204       7.11627901E-02   5.24148711E-11  -6.00493731E-05   1.98241621E-02  -2.08705242E-05 -0.903655946       7.47389495E-02  -2.24328283E-02
   12.0000000       800.000000      0.107034281       13.6821260       7.07935318E-02   5.17364346E-11  -6.23194646E-05   1.95927359E-02  -1.56628957E-05 -0.906092882       7.47372359E-02  -2.32668780E-02
   13.0000000       800.000000      0.107849084       13.7891541       7.04410449E-02   5.10777913E-11  -5.81374370E-05   1.93638299E-02  -1.05444860E-05 -0.908655047       7.47360140E-02  -2.41554789E-02
   2.00000000       800.000000      0.108672515       13.8981247       7.01019093E-02   5.04358499E-11  -4.84747543E-05   1.91373285E-02  -5.26373833E-06 -0.911323905       7.47355446E-02  -2.46699098E-02
   3.00000000       800.000000      0.109497771       14.0066690       6.97689950E-02   4.98054653E-11  -3.62456449E-05   1.89142525E-02   1.34407173E-07 -0.914037943       7.47355968E-02  -2.44410392E-02
   4.00000000       800.000000      0.110339761       14.1170921       6.94311708E-02   4.91783211E-11  -2.55362447E-05   1.86934210E-02   5.38313998E-06 -0.916695058       7.47361109E-02  -2.33845729E-02
   5.00000000       800.000000      0.111177742       14.2269335       6.90802857E-02   4.85488837E-11  -1.96558995E-05   1.84752773E-02   1.03403154E-05 -0.919218123       7.47372508E-02  -2.18113046E-02
   6.00000000       800.000000      0.112030037       14.3394938       6.87127784E-02   4.79147763E-11  -1.99665974E-05   1.82594042E-02   1.46428574E-05 -0.921563745       7.47389421E-02  -2.01357529E-02
   7.00000000       800.000000      0.112885214       14.4517355       6.83311746E-02   4.72777997E-11  -2.56551430E-05   1.80463698E-02   1.79906820E-05 -0.923746347       7.47409165E-02  -1.88130401E-02
   8.00000000       800.000000      0.113750286       14.5650282       6.79426417E-02   4.66432760E-11  -3.39047947E-05   1.78359002E-02   2.04697608E-05 -0.925827861       7.47431591E-02  -1.81565844E-02
   9.00000000       800.000000      0.114624061       14.6793976       6.75560012E-02   4.60171692E-11  -4.13170455E-05   1.76278092E-02   2.21611008E-05 -0.927894235       7.47457668E-02  -1.81744900E-02
   10.0000000       800.000000      0.115506783       14.7940674       6.71787634E-02   4.54042429E-11  -4.50376901E-05   1.74221452E-02   2.31266840E-05 -0.930009127       7.47484788E-02  -1.86735503E-02
   11.0000000       800.000000      0.116393380       14.9101496       6.68145046E-02   4.48068596E-11  -4.35118964E-05   1.72191039E-02   2.34657655E-05 -0.932222903       7.47511312E-02  -1.93192922E-02
   12.0000000       800.000000      0.117281690       15.0272551       6.64617494E-02   4.42237670E-11  -3.72498071E-05   1.70180444E-02   2.34605595E-05 -0.934525251       7.47540221E-02  -1.97131522E-02
   13.0000000       800.000000      0.118191823       15.1445360       6.61145970E-02   4.36507566E-11  -2.85048118E-05   1.68195404E-02   2.33292139E-05 -0.936864555       7.47567341E-02  -1.95155852E-02
   2.00000000       800.000000      0.119099334       15.2630339       6.57641217E-02   4.30819061E-11  -2.06407130E-05   1.66238789E-02   2.29880370E-05 -0.939155459       7.47594684E-02  -1.86314732E-02
   3.00000000       800.000000      0.120015435       15.3828135       6.54032528E-02   4.25124866E-11  -1.65249166E-05   1.64298341E-02   2.22921462E-05 -0.941320002       7.47621208E-02  -1.73126739E-02
   4.00000000       800.000000      0.120940529       15.5036430       6.50296882E-02   4.19411450E-11  -1.71927750E-05   1.62385944E-02   2.10776107E-05 -0.943326354       7.47646764E-02  -1.59725230E-02
   5.00000000       800.000000      0.121867239       15.6249332       6.46464154E-02   4.13699873E-11  -2.15138007E-05   1.60488505E-02   1.92789976E-05 -0.945198178       7.47670382E-02  -1.50245652E-02
   6.00000000       800.000000      0.122810721       15.7464323       6.42605200E-02   4.08036417E-11  -2.67451214E-05   1.58618540E-02   1.70584663E-05 -0.947003365       7.47691542E-02  -1.46684833E-02
   7.00000000       800.000000      0.123757191       15.8707790       6.38793260E-02   4.02463618E-11  -3.02240460E-05   1.56775098E-02   1.45380263E-05 -0.948814392       7.47708604E-02  -1.47744482E-02
   8.00000000       800.000000      0.124716990       15.9948425       6.35057688E-02   3.97003784E-11  -3.04419500E-05   1.54947126E-02   1.18505386E-05 -0.950674176       7.47724995E-02  -1.50403427E-02
   9.00000000       800.000000      0.125679165       16.1200333       6.31401688E-02   3.91651121E-11  -2.73761398E-05   1.53138833E-02   9.12614814E-06 -0.952581704       7.47735202E-02  -1.52020492E-02
   10.0000000       800.000000      0.126648560       16.2460766       6.27791360E-02   3.86387589E-11  -2.23132974E-05   1.51358163E-02   6.58640147E-06 -0.954511046       7.47744218E-02  -1.50177125E-02
   11.0000000       800.000000      0.127627030       16.3736973       6.24168031E-02   3.81175612E-11  -1.74403631E-05   1.49590466E-02   4.24168002E-06 -0.956399500       7.47749805E-02  -1.43684680E-02
   12.0000000       800.000000      0.128622070       16.5009899       6.20485134E-02   3.75983411E-11  -1.47292021E-05   1.47851687E-02   2.09262339E-06 -0.958192885       7.47752637E-02  -1.34443576E-02
   13.0000000       800.000000      0.129615709       16.6299458       6.16728924E-02   3.70806372E-11  -1.47334376E-05   1.46128619E-02   7.93243018E-08 -0.959872067       7.47752041E-02  -1.25361942E-02
   2.00000000       800.000000      0.130617574       16.7607040       6.12921603E-02   3.65655943E-11  -1.66249429E-05   1.44424504E-02  -1.82782708E-06 -0.961455107       7.47750551E-02  -1.18820677E-02
   3.00000000       800.000000      0.131631613       16.8909397       6.09105378E-02   3.60558840E-11  -1.87533951E-05   1.42744519E-02  -3.61495836E-06 -0.962988615       7.47745857E-02  -1.15705375E-02
   4.00000000       800.000000      0.132658064       17.0234966       6.05317950E-02   3.55534872E-11  -1.96628116E-05   1.41077042E-02  -5.28495821E-06 -0.964512050       7.47737512E-02  -1.14699733E-02
   5.00000000       800.000000      0.133689612       17.1564980       6.01569973E-02   3.50591084E-11  -1.88694394E-05   1.39432652E-02  -6.82610334E-06 -0.966042340       7.47727752E-02  -1.13771092E-02
   6.00000000       800.000000      0.134727374       17.2917385       5.97848669E-02   3.45717170E-11  -1.68450479E-05   1.37812719E-02  -8.15689964E-06 -0.967566788       7.47717991E-02  -1.11261951E-02
   7.00000000       800.000000      0.135772675       17.4260139       5.94124198E-02   3.40897241E-11  -1.47018109E-05   1.36208357E-02  -9.20988714E-06 -0.969051898       7.47705922E-02  -1.06407888E-02
   8.00000000       800.000000      0.136831790       17.5625153       5.90371154E-02   3.36115163E-11  -1.35072205E-05   1.34620527E-02  -9.95111805E-06 -0.970468104       7.47691169E-02  -9.99954343E-03
   9.00000000       800.000000      0.137887821       17.6995029       5.86581677E-02   3.31366601E-11  -1.35799028E-05   1.33054629E-02  -1.04157953E-05 -0.971800685       7.47677535E-02  -9.37498175E-03
   10.0000000       800.000000      0.138969555       17.8388729       5.82771972E-02   3.26659498E-11  -1.43789403E-05   1.31499581E-02  -1.06274229E-05 -0.973062932       7.47663453E-02  -8.90634395E-03
   11.0000000       800.000000      0.140046909       17.9775219       5.78965135E-02   3.22007039E-11  -1.49310799E-05   1.29967807E-02  -1.06436892E-05 -0.974282444       7.47648031E-02  -8.62732157E-03
   12.0000000       800.000000      0.141143247       18.1181393       5.75178936E-02   3.17420604E-11  -1.44971109E-05   1.28455823E-02  -1.05240606E-05 -0.975487649       7.47634247E-02  -8.43850989E-03
   13.0000000       800.000000      0.142242312       18.2606220       5.71415797E-02   3.12895855E-11  -1.30552835E-05   1.26956496E-02  -1.03026723E-05 -0.976677656       7.47617856E-02  -8.19480699E-03
   2.00000000       800.000000      0.143348306       18.4025784       5.67658953E-02   3.08425438E-11  -1.12049447E-05   1.25480713E-02  -9.96222025E-06 -0.977831602       7.47603476E-02  -7.80937215E-03
   3.00000000       800.000000      0.144470185       18.5468769       5.63886613E-02   3.03999707E-11  -9.71292047E-06   1.24017093E-02  -9.48265097E-06 -0.978923082       7.47590512E-02  -7.29471585E-03
   4.00000000       800.000000      0.145599216       18.6916237       5.60094751E-02   2.99611447E-11  -9.00423493E-06   1.22570712E-02  -8.84816018E-06 -0.979946613       7.47577995E-02  -6.74815383E-03
   5.00000000       800.000000      0.146730632       18.8387299       5.56278974E-02   2.95263501E-11  -8.94683308E-06   1.21150855E-02  -8.06046592E-06 -0.980894268       7.47566894E-02  -6.26338273E-03
   6.00000000       800.000000      0.147886083       18.9852219       5.52462265E-02   2.90960502E-11  -9.05988782E-06   1.19739491E-02  -7.15294527E-06 -0.981790841       7.47555941E-02  -5.88006387E-03
   7.00000000       800.000000      0.149040878       19.1336536       5.48643954E-02   2.86708400E-11  -8.87127317E-06   1.18341101E-02  -6.18226659E-06 -0.982645810       7.47545511E-02  -5.56626776E-03
   8.00000000       800.000000      0.150206983       19.2841053       5.44837229E-02   2.82510022E-11  -8.23787377E-06   1.16959689E-02  -5.20311505E-06 -0.983455420       7.47537315E-02  -5.25039434E-03
   9.00000000       800.000000      0.151375279       19.4338169       5.41034751E-02   2.78360841E-11  -7.36696938E-06   1.15601858E-02  -4.24088466E-06 -0.984225094       7.47531354E-02  -4.88180993E-03
   10.0000000       800.000000      0.152559474       19.5859928       5.37223518E-02   2.74256971E-11  -6.56472639E-06   1.14251124E-02  -3.30300850E-06 -0.984937608       7.47525916E-02  -4.46407450E-03
   11.0000000       800.000000      0.153755501       19.7391071       5.33405952E-02   2.70195411E-11  -5.97596863E-06   1.12919081E-02  -2.37904510E-06 -0.985591233       7.47522712E-02  -4.04078281E-03
   12.0000000       800.000000      0.154966682       19.8943138       5.29585071E-02   2.66176248E-11  -5.51282119E-06   1.11604091E-02  -1.45809679E-06 -0.986190081       7.47520700E-02  -3.64743103E-03
   13.0000000       800.000000      0.156182289       20.0499210       5.25759906E-02   2.62205448E-11  -4.99591897E-06   1.10303685E-02  -5.43248177E-07 -0.986730397       7.47520402E-02  -3.28711374E-03
   2.00000000       800.000000      0.157407701       20.2067699       5.21938689E-02   2.58277358E-11  -4.34258845E-06   1.09023098E-02   3.37934580E-07 -0.987219393       7.47520402E-02  -2.93012941E-03
   3.00000000       800.000000      0.158632427       20.3635406       5.18117435E-02   2.54398291E-11  -3.65751293E-06   1.07747447E-02   1.15067962E-06 -0.987657726       7.47522190E-02  -2.54316768E-03
   4.00000000       800.000000      0.159881696       20.5234394       5.14288880E-02   2.50557977E-11  -3.12754946E-06   1.06491754E-02   1.87146418E-06 -0.988025546       7.47525096E-02  -2.12614145E-03
   5.00000000       800.000000      0.161134437       20.6836548       5.10454848E-02   2.46759956E-11  -2.82598717E-06   1.05251195E-02   2.49522873E-06 -0.988322079       7.47529566E-02  -1.71062455E-03
   6.00000000       800.000000      0.162408039       20.8466339       5.06617427E-02   2.43003395E-11  -2.63567335E-06   1.04026785E-02   3.03262573E-06 -0.988571644       7.47533739E-02  -1.33054645E-03
   7.00000000       800.000000      0.163673609       21.0080662       5.02775684E-02   2.39291868E-11  -2.35455195E-06   1.02810785E-02   3.49051629E-06 -0.988770485       7.47539774E-02  -9.84226237E-04
   8.00000000       800.000000      0.164970547       21.1726456       4.98944558E-02   2.35624333E-11  -1.88197271E-06   1.01618767E-02   3.86688134E-06 -0.988890529       7.47547224E-02  -6.44995191E-04
   9.00000000       800.000000      0.166260168       21.3390827       4.95113358E-02   2.32001154E-11  -1.27557848E-06   1.00426907E-02   4.15127124E-06 -0.988981545       7.47553185E-02  -2.91888398E-04
   10.0000000       800.000000      0.167571649       21.5048828       4.91271354E-02   2.28414596E-11  -6.47633783E-07   9.92586836E-03   4.33589457E-06 -0.988980412       7.47560412E-02   7.87804092E-05
   11.0000000       800.000000      0.168884769       21.6747990       4.87438925E-02   2.24877426E-11  -6.99560943E-08   9.80998203E-03   4.42227838E-06 -0.988947034       7.47567564E-02   4.54430585E-04
   12.0000000       800.000000      0.170220941       21.8437004       4.83608395E-02   2.21372070E-11   4.56762621E-07   9.69555322E-03   4.41851262E-06 -0.988871098       7.47573674E-02   8.24730319E-04
   13.0000000       800.000000      0.171562597       22.0148487       4.79775295E-02   2.17910186E-11   9.53685230E-07   9.58262105E-03   4.33581863E-06 -0.988683581       7.47582167E-02   1.18990999E-03
   2.00000000       800.000000      0.172911152       22.1867790       4.75930125E-02   2.14490491E-11   1.42937870E-06   9.47136432E-03   4.18277523E-06 -0.988452256       7.47589692E-02   1.55151926E-03
   3.00000000       800.000000      0.174262822       22.3595982       4.72090468E-02   2.11109828E-11   1.89185050E-06   9.36082564E-03   3.96444784E-06 -0.988129139       7.47596920E-02   1.90793071E-03
   4.00000000       800.000000      0.175636902       22.5350342       4.68257032E-02   2.07765333E-11   2.36654478E-06   9.25115682E-03   3.68600217E-06 -0.987779319       7.47603402E-02   2.25553080E-03
   5.00000000       800.000000      0.177029908       22.7109966       4.64417823E-02   2.04465143E-11   2.89494596E-06   9.14369803E-03   3.35607024E-06 -0.987336814       7.47608766E-02   2.59372639E-03
   6.00000000       800.000000      0.178427994       22.8897495       4.60587963E-02   2.01202405E-11   3.50013624E-06   9.03696474E-03   2.98621944E-06 -0.986847401       7.47614205E-02   2.92875152E-03
   7.00000000       800.000000      0.179832757       23.0675335       4.56749722E-02   1.97978890E-11   4.15419845E-06   8.93157348E-03   2.58843625E-06 -0.986294091       7.47619644E-02   3.26976785E-03
   8.00000000       800.000000      0.181247130       23.2492962       4.52918634E-02   1.94796037E-11   4.78834590E-06   8.82720016E-03   2.17231604E-06 -0.985668957       7.47625008E-02   3.62070720E-03
   9.00000000       800.000000      0.182678327       23.4303741       4.49089035E-02   1.91646300E-11   5.33886077E-06   8.72419216E-03   1.74475667E-06 -0.984970450       7.47627690E-02   3.97716742E-03
   10.0000000       800.000000      0.184120178       23.6137962       4.45254482E-02   1.88533113E-11   5.78710205E-06   8.62254295E-03   1.31153490E-06 -0.984218419       7.47629479E-02   4.33010515E-03
   11.0000000       800.000000      0.185574606       23.7995758       4.41421047E-02   1.85460952E-11   6.16547550E-06   8.52189120E-03   8.79151969E-07 -0.983355701       7.47631043E-02   4.67204908E-03
   12.0000000       800.000000      0.187039450       23.9845982       4.37595323E-02   1.82421560E-11   6.53401275E-06   8.42236076E-03   4.55307145E-07 -0.982465386       7.47631714E-02   5.00054285E-03
   13.0000000       800.000000      0.188515589       24.1725788       4.33766581E-02   1.79422987E-11   6.95152130E-06   8.32369830E-03   4.81858287E-08 -0.981491804       7.47631565E-02   5.31736994E-03
   2.00000000       800.000000      0.190003842       24.3626595       4.29941677E-02   1.76457633E-11   7.45517718E-06   8.22643191E-03  -3.34699877E-07 -0.980456531       7.47631118E-02   5.62680513E-03
   3.00000000       800.000000      0.191507503       24.5538692       4.26119827E-02   1.73531797E-11   8.04974661E-06   8.13085679E-03  -6.87047134E-07 -0.979343116       7.47629255E-02   5.93511760E-03
   4.00000000       800.000000      0.193027228       24.7454605       4.22307216E-02   1.70642302E-11   8.70560689E-06   8.03565048E-03  -1.00389593E-06 -0.978179634       7.47627169E-02   6.24936540E-03
   5.00000000       800.000000      0.194553345       24.9383144       4.18494157E-02   1.67787347E-11   9.36137167E-06   7.94203952E-03  -1.28249167E-06 -0.976912618       7.47625306E-02   6.57082815E-03
   6.00000000       800.000000      0.196085945       25.1336231       4.14681360E-02   1.64969028E-11   9.95677510E-06   7.84877874E-03  -1.51996426E-06 -0.975609958       7.47622102E-02   6.89507974E-03
   7.00000000       800.000000      0.197636858       25.3313236       4.10872102E-02   1.62182524E-11   1.04808860E-05   7.75718922E-03  -1.71477257E-06 -0.974216461       7.47618526E-02   7.21677393E-03
   8.00000000       800.000000      0.199212298       25.5304661       4.07065116E-02   1.59431739E-11   1.09592029E-05   7.66687840E-03  -1.86669502E-06 -0.972744405       7.47614875E-02   7.52895745E-03
   9.00000000       800.000000      0.200781316       25.7297115       4.03262265E-02   1.56713548E-11   1.14339346E-05   7.57722789E-03  -1.97497980E-06 -0.971188724       7.47610703E-02   7.83022493E-03
   10.0000000       800.000000      0.202371761       25.9304714       3.99465486E-02   1.54032342E-11   1.19468095E-05   7.48829078E-03  -2.03935679E-06 -0.969592750       7.47607276E-02   8.12414568E-03
   11.0000000       800.000000      0.203978211       26.1335907       3.95680889E-02   1.51382795E-11   1.25057613E-05   7.40067568E-03  -2.05978449E-06 -0.967905760       7.47602507E-02   8.41492135E-03
   12.0000000       800.000000      0.205590189       26.3390236       3.91889550E-02   1.48770284E-11   1.30929911E-05   7.31454324E-03  -2.03734385E-06 -0.966139793       7.47598335E-02   8.70585628E-03
   13.0000000       800.000000      0.207215562       26.5462608       3.88107672E-02   1.46187350E-11   1.36856115E-05   7.22885178E-03  -1.97483632E-06 -0.964308918       7.47594088E-02   8.99656210E-03
   2.00000000       800.000000      0.208862230       26.7531796       3.84325273E-02   1.43638313E-11   1.42693325E-05   7.14436034E-03  -1.87666819E-06 -0.962400615       7.47589543E-02   9.28489398E-03
   3.00000000       800.000000      0.210511744       26.9634609       3.80556285E-02   1.41120978E-11   1.48447443E-05   7.06095947E-03  -1.74848321E-06 -0.960419536       7.47586489E-02   9.56854876E-03
   4.00000000       800.000000      0.212182373       27.1744270       3.76787893E-02   1.38637444E-11   1.54219633E-05   6.97829481E-03  -1.59653075E-06 -0.958342910       7.47583508E-02   9.84684285E-03
   5.00000000       800.000000      0.213867262       27.3881035       3.73029225E-02   1.36186999E-11   1.60080381E-05   6.89679105E-03  -1.42685258E-06 -0.956224501       7.47580230E-02   1.01211006E-02
   6.00000000       800.000000      0.215570495       27.6017551       3.69278826E-02   1.33768066E-11   1.65981710E-05   6.81569986E-03  -1.24480812E-06 -0.953999937       7.47577697E-02   1.03923315E-02
   7.00000000       800.000000      0.217280358       27.8196926       3.65526043E-02   1.31381191E-11   1.71826923E-05   6.73615094E-03  -1.05501692E-06 -0.951716661       7.47575089E-02   1.06614232E-02
   8.00000000       800.000000      0.218995273       28.0367794       3.61783057E-02   1.29024274E-11   1.77522597E-05   6.65725628E-03  -8.61152330E-07 -0.949355602       7.47573003E-02   1.09275803E-02
   9.00000000       800.000000      0.220740929       28.2576332       3.58047113E-02   1.26698478E-11   1.83070788E-05   6.57921517E-03  -6.66739254E-07 -0.946912825       7.47571737E-02   1.11884754E-02
   10.0000000       800.000000      0.222490728       28.4788132       3.54323275E-02   1.24404176E-11   1.88588729E-05   6.50219154E-03  -4.75105793E-07 -0.944381177       7.47570395E-02   1.14437481E-02
   11.0000000       800.000000      0.224248633       28.7025547       3.50597501E-02   1.22139659E-11   1.94153617E-05   6.42601773E-03  -2.89294150E-07 -0.941809058       7.47569799E-02   1.16945384E-02
   12.0000000       800.000000      0.226034790       28.9273281       3.46890688E-02   1.19904694E-11   1.99717615E-05   6.35086698E-03  -1.12056469E-07 -0.939142823       7.47569352E-02   1.19423075E-02
   13.0000000       800.000000      0.227838799       29.1540203       3.43187675E-02   1.17701899E-11   2.05178130E-05   6.27647340E-03   5.40578071E-08 -0.936362624       7.47569799E-02   1.21875126E-02
   2.00000000       800.000000      0.229636580       29.3828106       3.39482576E-02   1.15528906E-11   2.10488306E-05   6.20286446E-03   2.07133127E-07 -0.933564126       7.47570023E-02   1.24285975E-02
   3.00000000       800.000000      0.231463313       29.6143074       3.35802399E-02   1.13380911E-11   2.15714281E-05   6.13025995E-03   3.45506521E-07 -0.930653989       7.47570619E-02   1.26638236E-02
   4.00000000       800.000000      0.233298600       29.8444633       3.32127549E-02   1.11268625E-11   2.21014088E-05   6.05853833E-03   4.67711430E-07 -0.927666664       7.47571588E-02   1.28920134E-02
   5.00000000       800.000000      0.235164225       30.0788250       3.28457803E-02   1.09182836E-11   2.26541069E-05   5.98736713E-03   5.72618887E-07 -0.924613059       7.47573227E-02   1.31143909E-02
   6.00000000       800.000000      0.237021416       30.3152733       3.24798673E-02   1.07125350E-11   2.32316906E-05   5.91741130E-03   6.59254397E-07 -0.921480238       7.47574493E-02   1.33337555E-02
   7.00000000       800.000000      0.238909259       30.5545444       3.21149491E-02   1.05095299E-11   2.38179200E-05   5.84794162E-03   7.27032955E-07 -0.918262422       7.47576356E-02   1.35513404E-02
   8.00000000       800.000000      0.240805298       30.7942753       3.17507982E-02   1.03097053E-11   2.43937811E-05   5.77931805E-03   7.76105082E-07 -0.914980054       7.47578293E-02   1.37669398E-02
   9.00000000       800.000000      0.242732763       31.0363560       3.13879587E-02   1.01124656E-11   2.49470122E-05   5.71166025E-03   8.06905462E-07 -0.911597550       7.47580677E-02   1.39784114E-02
   10.0000000       800.000000      0.244650185       31.2805672       3.10263857E-02   9.91797790E-12   2.54845017E-05   5.64473215E-03   8.20463526E-07 -0.908158720       7.47583136E-02   1.41831860E-02
   11.0000000       800.000000      0.246601894       31.5240726       3.06651760E-02   9.72626667E-12   2.60295164E-05   5.57858776E-03   8.17840998E-07 -0.904640317       7.47585744E-02   1.43800033E-02
   12.0000000       800.000000      0.248575494       31.7732716       3.03058978E-02   9.53734747E-12   2.66014067E-05   5.51311625E-03   8.00248415E-07 -0.901049256       7.47587830E-02   1.45700714E-02
   13.0000000       800.000000      0.250549018       32.0229034       2.99476907E-02   9.35108675E-12   2.72061134E-05   5.44836232E-03   7.69039787E-07 -0.897372663       7.47589916E-02   1.47557072E-02
   2.00000000       800.000000      0.252544135       32.2734489       2.95906495E-02   9.16764060E-12   2.78336229E-05   5.38444519E-03   7.25844245E-07 -0.893623948       7.47591853E-02   1.49384998E-02
   3.00000000       800.000000      0.254557490       32.5260506       2.92343032E-02   8.98672109E-12   2.84642974E-05   5.32132294E-03   6.72524664E-07 -0.889798582       7.47593567E-02   1.51190590E-02
   4.00000000       800.000000      0.256586730       32.7818604       2.88796797E-02   8.80845310E-12   2.90813350E-05   5.25865890E-03   6.11030089E-07 -0.885897398       7.47594982E-02   1.52963409E-02
   5.00000000       800.000000      0.258610994       33.0395813       2.85258107E-02   8.63281929E-12   2.96773287E-05   5.19728055E-03   5.43234933E-07 -0.881914079       7.47596100E-02   1.54690882E-02
   6.00000000       800.000000      0.260681123       33.2992859       2.81740539E-02   8.45978929E-12   3.02555254E-05   5.13624307E-03   4.70788791E-07 -0.877862930       7.47597292E-02   1.56355128E-02
   7.00000000       800.000000      0.262756377       33.5623474       2.78233010E-02   8.28933276E-12   3.08255512E-05   5.07564377E-03   3.95123607E-07 -0.873729646       7.47598708E-02   1.57960840E-02
   8.00000000       800.000000      0.264846563       33.8261070       2.74735540E-02   8.12126841E-12   3.13952260E-05   5.01626357E-03   3.17606606E-07 -0.869527519       7.47599304E-02   1.59508176E-02
   9.00000000       800.000000      0.266964108       34.0918350       2.71264166E-02   7.95595707E-12   3.19740830E-05   4.95719770E-03   2.39588502E-07 -0.865223706       7.47600049E-02   1.60990674E-02
   10.0000000       800.000000      0.269089431       34.3593788       2.67789792E-02   7.79299021E-12   3.25590736E-05   4.89900960E-03   1.62349806E-07 -0.860898197       7.47600570E-02   1.62432585E-02
   11.0000000       800.000000      0.271236569       34.6304741       2.64343508E-02   7.63266707E-12   3.31413212E-05   4.84154513E-03   8.74670434E-08 -0.856449306       7.47600943E-02   1.63833927E-02
   12.0000000       800.000000      0.273390830       34.9008446       2.60908026E-02   7.47469881E-12   3.37229430E-05   4.78456728E-03   1.63027885E-08 -0.851973057       7.47600719E-02   1.65173095E-02
   13.0000000       800.000000      0.275573671       35.1773834       2.57486235E-02   7.31913575E-12   3.43078209E-05   4.72830143E-03  -4.99108879E-08 -0.847386897       7.47600794E-02   1.66459307E-02
   2.00000000       800.000000      0.277770936       35.4531212       2.54092533E-02   7.16611536E-12   3.49017319E-05   4.67274897E-03  -1.10128823E-07 -0.842746258       7.47600570E-02   1.67688802E-02
   3.00000000       800.000000      0.279982239       35.7325478       2.50696540E-02   7.01541689E-12   3.55082047E-05   4.61769151E-03  -1.63505277E-07 -0.838040173       7.47599900E-02   1.68860778E-02
   4.00000000       800.000000      0.282222867       36.0137329       2.47327797E-02   6.86694538E-12   3.61274797E-05   4.56333999E-03  -2.09456289E-07 -0.833261371       7.47599080E-02   1.69984866E-02
   5.00000000       800.000000      0.284471065       36.2968369       2.43968386E-02   6.72096753E-12   3.67544308E-05   4.50985599E-03  -2.47671807E-07 -0.828415215       7.47598410E-02   1.71065070E-02
   6.00000000       800.000000      0.286742091       36.5804558       2.40640584E-02   6.57720232E-12   3.73813491E-05   4.45657456E-03  -2.78124503E-07 -0.823503077       7.47597888E-02   1.72101613E-02
   7.00000000       800.000000      0.289016098       36.8690605       2.37320531E-02   6.43605221E-12   3.80003257E-05   4.40412574E-03  -3.01017280E-07 -0.818508923       7.47596845E-02   1.73093621E-02
   8.00000000       800.000000      0.291324228       37.1585426       2.34014988E-02   6.29668409E-12   3.86064421E-05   4.35250998E-03  -3.16726016E-07 -0.813438773       7.47596100E-02   1.74036492E-02
   9.00000000       800.000000      0.293644518       37.4530144       2.30731945E-02   6.15983523E-12   3.91986141E-05   4.30108886E-03  -3.25710118E-07 -0.808312476       7.47594833E-02   1.74925271E-02
   10.0000000       800.000000      0.296003997       37.7481918       2.27463227E-02   6.02513352E-12   3.97802869E-05   4.25052689E-03  -3.28448749E-07 -0.803126574       7.47593641E-02   1.75753627E-02
   11.0000000       800.000000      0.298353791       38.0451622       2.24213228E-02   5.89288254E-12   4.03584527E-05   4.20063641E-03  -3.25383496E-07 -0.797890544       7.47592598E-02   1.76521055E-02
   12.0000000       800.000000      0.300734103       38.3437805       2.20984761E-02   5.76271236E-12   4.09409222E-05   4.15109983E-03  -3.16920847E-07 -0.792565405       7.47591630E-02   1.77227538E-02
   13.0000000       800.000000      0.303147912       38.6467476       2.17775237E-02   5.63441915E-12   4.15331415E-05   4.10204753E-03  -3.03464873E-07 -0.787182510       7.47590661E-02   1.77876260E-02
   2.00000000       800.000000      0.305555582       38.9513550       2.14583483E-02   5.50861700E-12   4.21360892E-05   4.05399082E-03  -2.85451819E-07 -0.781727552       7.47589841E-02   1.78472307E-02
   3.00000000       800.000000      0.307996303       39.2577019       2.11413354E-02   5.38475688E-12   4.27473933E-05   4.00613155E-03  -2.63406463E-07 -0.776227236       7.47588873E-02   1.79017317E-02
   4.00000000       800.000000      0.310469896       39.5681572       2.08264217E-02   5.26302439E-12   4.33634559E-05   3.95876635E-03  -2.37953557E-07 -0.770651937       7.47588277E-02   1.79512668E-02
   5.00000000       800.000000      0.312931180       39.8770142       2.05131080E-02   5.14339396E-12   4.39825053E-05   3.91221559E-03  -2.09824279E-07 -0.765032053       7.47587904E-02   1.79953221E-02
   6.00000000       800.000000      0.315432847       40.1933212       2.02022251E-02   5.02588596E-12   4.46055019E-05   3.86617589E-03  -1.79819082E-07 -0.759359300       7.47587085E-02   1.80339310E-02
   7.00000000       800.000000      0.317947745       40.5082169       1.98934376E-02   4.91029179E-12   4.52345157E-05   3.82043910E-03  -1.48757181E-07 -0.753603280       7.47586712E-02   1.80670805E-02
   8.00000000       800.000000      0.320495814       40.8281288       1.95861962E-02   4.79683654E-12   4.58698851E-05   3.77554703E-03  -1.17407531E-07 -0.747829735       7.47586489E-02   1.80948377E-02
   9.00000000       800.000000      0.323059022       41.1489258       1.92818549E-02   4.68533632E-12   4.65085541E-05   3.73084331E-03  -8.64404726E-08 -0.741975367       7.47585893E-02   1.81179196E-02
   10.0000000       800.000000      0.325634599       41.4749947       1.89795103E-02   4.57580718E-12   4.71441490E-05   3.68690910E-03  -5.63972584E-08 -0.736080050       7.47585669E-02   1.81362517E-02
   11.0000000       800.000000      0.328246117       41.8027420       1.86787639E-02   4.46799151E-12   4.77704962E-05   3.64337023E-03  -2.77088983E-08 -0.730117083       7.47585669E-02   1.81498788E-02
   12.0000000       800.000000      0.330868602       42.1312904       1.83809809E-02   4.36232821E-12   4.83842159E-05   3.60040693E-03  -7.33145822E-10 -0.724105000       7.47585967E-02   1.81585085E-02
   13.0000000       800.000000      0.333499759       42.4624519       1.80860814E-02   4.25872098E-12   4.89860031E-05   3.55807971E-03   2.42278020E-08 -0.718052149       7.47586042E-02   1.81616116E-02
   2.00000000       800.000000      0.336178690       42.7972488       1.77925117E-02   4.15686843E-12   4.95802196E-05   3.51610826E-03   4.68990997E-08 -0.711944997       7.47586265E-02   1.81589015E-02
   3.00000000       800.000000      0.338866234       43.1343956       1.75008550E-02   4.05667860E-12   5.01752038E-05   3.47451027E-03   6.70080738E-08 -0.705789626       7.47586340E-02   1.81502644E-02
   4.00000000       800.000000      0.341564178       43.4764404       1.72123611E-02   3.95867844E-12   5.07793884E-05   3.43350507E-03   8.43251442E-08 -0.699597061       7.47586489E-02   1.81360506E-02
   5.00000000       800.000000      0.344298780       43.8198090       1.69259086E-02   3.86214845E-12   5.13985324E-05   3.39300861E-03   9.86869964E-08 -0.693355620       7.47587010E-02   1.81163177E-02
   6.00000000       800.000000      0.347046673       44.1641579       1.66410934E-02   3.76772918E-12   5.20340072E-05   3.35283275E-03   1.10039863E-07 -0.687048197       7.47587606E-02   1.80920176E-02
   7.00000000       800.000000      0.349838823       44.5138283       1.63598564E-02   3.67492278E-12   5.26814802E-05   3.31315445E-03   1.18426350E-07 -0.680737078       7.47587979E-02   1.80629902E-02
   8.00000000       800.000000      0.352615893       44.8651733       1.60803385E-02   3.58389967E-12   5.33331004E-05   3.27403820E-03   1.23970935E-07 -0.674353242       7.47588277E-02   1.80299245E-02
   9.00000000       800.000000      0.355454803       45.2186356       1.58043895E-02   3.49476914E-12   5.39799075E-05   3.23544373E-03   1.26847084E-07 -0.667976797       7.47588873E-02   1.79926585E-02
   10.0000000       800.000000      0.358279139       45.5763397       1.55298561E-02   3.40713352E-12   5.46150259E-05   3.19727231E-03   1.27238721E-07 -0.661523640       7.47589394E-02   1.79508422E-02
   11.0000000       800.000000      0.361149102       45.9357567       1.52580859E-02   3.32125083E-12   5.52355159E-05   3.15949763E-03   1.25318010E-07 -0.655050516       7.47590214E-02   1.79043431E-02
   12.0000000       800.000000      0.364027262       46.2968864       1.49882874E-02   3.23715750E-12   5.58433530E-05   3.12201912E-03   1.21251858E-07 -0.648559928       7.47590512E-02   1.78528652E-02
   13.0000000       800.000000      0.366944253       46.6631355       1.47214876E-02   3.15462738E-12   5.64440343E-05   3.08513665E-03   1.15213815E-07 -0.641998291       7.47590810E-02   1.77958384E-02
   2.00000000       800.000000      0.369876415       47.0312233       1.44576980E-02   3.07374070E-12   5.70458178E-05   3.04879248E-03   1.07406315E-07 -0.635412991       7.47591332E-02   1.77338198E-02
   3.00000000       800.000000      0.372847915       47.4044495       1.41958175E-02   2.99440659E-12   5.76552593E-05   3.01265041E-03   9.80832056E-08 -0.628815651       7.47591779E-02   1.76664814E-02
   4.00000000       800.000000      0.375840873       47.7758026       1.39364814E-02   2.91677359E-12   5.82777066E-05   2.97696469E-03   8.75501343E-08 -0.622195601       7.47592077E-02   1.75944716E-02
   5.00000000       800.000000      0.378836393       48.1548996       1.36805233E-02   2.84068775E-12   5.89134797E-05   2.94173555E-03   7.61540662E-08 -0.615568876       7.47592449E-02   1.75181814E-02
   6.00000000       800.000000      0.381849557       48.5329056       1.34269036E-02   2.76611004E-12   5.95595302E-05   2.90688290E-03   6.42462012E-08 -0.608885109       7.47592747E-02   1.74378809E-02
   7.00000000       800.000000      0.384928495       48.9166336       1.31756747E-02   2.69298537E-12   6.02097462E-05   2.87248823E-03   5.21574748E-08 -0.602173924       7.47592896E-02   1.73538849E-02
   8.00000000       800.000000      0.388007849       49.3037720       1.29271224E-02   2.62150956E-12   6.08573100E-05   2.83856131E-03   4.01692652E-08 -0.595459402       7.47593045E-02   1.72660593E-02
   9.00000000       800.000000      0.391112477       49.6939621       1.26810260E-02   2.55164314E-12   6.14965902E-05   2.80486257E-03   2.85063066E-08 -0.588737905       7.47593045E-02   1.71742421E-02
   10.0000000       800.000000      0.394236952       50.0870171       1.24380849E-02   2.48302203E-12   6.21257204E-05   2.77178502E-03   1.73405539E-08 -0.581995130       7.47593045E-02   1.70784462E-02
   11.0000000       800.000000      0.397388846       50.4830971       1.21976919E-02   2.41585961E-12   6.27467816E-05   2.73894565E-03   6.80145718E-09 -0.575195611       7.47593120E-02   1.69787463E-02
   12.0000000       800.000000      0.400564700       50.8813133       1.19595295E-02   2.35025476E-12   6.33645031E-05   2.70652003E-03  -3.00327785E-09 -0.568442762       7.47592971E-02   1.68744363E-02
   13.0000000       800.000000      0.403795749       51.2825050       1.17245903E-02   2.28605633E-12   6.39852660E-05   2.67448206E-03  -1.19818502E-08 -0.561636746       7.47593045E-02   1.67659167E-02
   2.00000000       800.000000      0.406995207       51.6878319       1.14928642E-02   2.22309367E-12   6.46137923E-05   2.64265994E-03  -2.00471195E-08 -0.554827392       7.47592896E-02   1.66539215E-02
   3.00000000       800.000000      0.410275906       52.0953789       1.12628555E-02   2.16169270E-12   6.52520030E-05   2.61151581E-03  -2.71303939E-08 -0.548047006       7.47592673E-02   1.65377837E-02
   4.00000000       800.000000      0.413564175       52.5095062       1.10360365E-02   2.10152967E-12   6.58970166E-05   2.58054258E-03  -3.31835501E-08 -0.541220605       7.47592449E-02   1.64189879E-02
   5.00000000       800.000000      0.416869521       52.9231834       1.08122816E-02   2.04270108E-12   6.65441112E-05   2.55000009E-03  -3.81807368E-08 -0.534393787       7.47592449E-02   1.62969101E-02
   6.00000000       800.000000      0.420203984       53.3436661       1.05909891E-02   1.98523988E-12   6.71876842E-05   2.51961383E-03  -4.21138502E-08 -0.527573109       7.47592151E-02   1.61719918E-02
   7.00000000       800.000000      0.423574746       53.7655487       1.03723835E-02   1.92898909E-12   6.78251745E-05   2.48969230E-03  -4.49869226E-08 -0.520741045       7.47591928E-02   1.60440300E-02
   8.00000000       800.000000      0.426962882       54.1887779       1.01566026E-02   1.87402307E-12   6.84577535E-05   2.46035098E-03  -4.68150958E-08 -0.513919532       7.47591630E-02   1.59124546E-02
   9.00000000       800.000000      0.430381179       54.6191368       9.94387921E-03   1.82031603E-12   6.90903398E-05   2.43102014E-03  -4.76239563E-08 -0.507110894       7.47591779E-02   1.57776196E-02
   10.0000000       800.000000      0.433835030       55.0515404       9.73344129E-03   1.76786916E-12   6.97298092E-05   2.40228022E-03  -4.74572062E-08 -0.500308692       7.47591481E-02   1.56398509E-02
   11.0000000       800.000000      0.437294513       55.4855461       9.52639151E-03   1.71665882E-12   7.03808109E-05   2.37370189E-03  -4.63793057E-08 -0.493486255       7.47591183E-02   1.54988784E-02
   12.0000000       800.000000      0.440796643       55.9234009       9.32161324E-03   1.66658787E-12   7.10450768E-05   2.34556221E-03  -4.44774599E-08 -0.486676425       7.47590810E-02   1.53553225E-02
   13.0000000       800.000000      0.444335788       56.3692284       9.11995117E-03   1.61770272E-12   7.17183866E-05   2.31779390E-03  -4.18570707E-08 -0.479905546       7.47590587E-02   1.52096376E-02
   2.00000000       800.000000      0.447884768       56.8128738       8.92072450E-03   1.57001614E-12   7.23950798E-05   2.29024258E-03  -3.86327095E-08 -0.473109663       7.47590512E-02   1.50619289E-02
   3.00000000       800.000000      0.451492101       57.2652702       8.72445013E-03   1.52341735E-12   7.30686952E-05   2.26306194E-03  -3.49220315E-08 -0.466356575       7.47590363E-02   1.49121676E-02
   4.00000000       800.000000      0.455087274       57.7184486       8.53088964E-03   1.47786926E-12   7.37363880E-05   2.23622937E-03  -3.08415338E-08 -0.459589154       7.47590289E-02   1.47601431E-02
   5.00000000       800.000000      0.458740443       58.1730003       8.34017247E-03   1.43348202E-12   7.44000208E-05   2.20964104E-03  -2.65062603E-08 -0.452853769       7.47590065E-02   1.46058248E-02
   6.00000000       800.000000      0.462410837       58.6358948       8.15232377E-03   1.39019905E-12   7.50650288E-05   2.18340778E-03  -2.20305374E-08 -0.446136355       7.47589990E-02   1.44491764E-02
   7.00000000       800.000000      0.466109008       59.0983734       7.96707906E-03   1.34795809E-12   7.57364905E-05   2.15735170E-03  -1.75248900E-08 -0.439431757       7.47589990E-02   1.42905358E-02
   8.00000000       800.000000      0.469850868       59.5668716       7.78475963E-03   1.30673803E-12   7.64177894E-05   2.13181973E-03  -1.30935609E-08 -0.432773978       7.47589841E-02   1.41301500E-02
   9.00000000       800.000000      0.473630607       60.0369263       7.60518014E-03   1.26654329E-12   7.71077030E-05   2.10651755E-03  -8.82509710E-09 -0.426106244       7.47589916E-02   1.39680579E-02
   10.0000000       800.000000      0.477417022       60.5153427       7.42809288E-03   1.22735329E-12   7.78026661E-05   2.08139489E-03  -4.78958162E-09 -0.419484198       7.47589767E-02   1.38051016E-02
   11.0000000       800.000000      0.481236160       60.9947357       7.25396723E-03   1.18915208E-12   7.85002267E-05   2.05662777E-03  -1.03811348E-09 -0.412879467       7.47589916E-02   1.36408005E-02
   12.0000000       800.000000      0.485106736       61.4788399       7.08249304E-03   1.15191233E-12   7.92008941E-05   2.03224993E-03   2.39379960E-09 -0.406301528       7.47589692E-02   1.34751908E-02
   13.0000000       800.000000      0.489003509       61.9645309       6.91347755E-03   1.11562810E-12   7.99087429E-05   2.00799294E-03   5.48013102E-09 -0.399744779       7.47589692E-02   1.33081526E-02
   2.00000000       800.000000      0.492917389       62.4534645       6.74742972E-03   1.08026402E-12   8.06290263E-05   1.98412710E-03   8.20291213E-09 -0.393234581       7.47589618E-02   1.31402183E-02
   3.00000000       800.000000      0.496857613       62.9518318       6.58407202E-03   1.04581198E-12   8.13635124E-05   1.96059491E-03   1.05504601E-08 -0.386747599       7.47589767E-02   1.29712792E-02
   4.00000000       800.000000      0.500846684       63.4490204       6.42325589E-03   1.01225560E-12   8.21108697E-05   1.93725596E-03   1.25154180E-08 -0.380293280       7.47589841E-02   1.28017319E-02
   5.00000000       800.000000      0.504872501       63.9528084       6.26513921E-03   9.79572218E-13   8.28679913E-05   1.91414950E-03   1.40948355E-08 -0.373867184       7.47589990E-02   1.26318922E-02
   6.00000000       800.000000      0.508909047       64.4573593       6.10982254E-03   9.47767689E-13   8.36322506E-05   1.89130357E-03   1.52925939E-08 -0.367485285       7.47590289E-02   1.24617284E-02
   7.00000000       800.000000      0.512971818       64.9687729       5.95696503E-03   9.16784443E-13   8.44037131E-05   1.86878711E-03   1.61167968E-08 -0.361136109       7.47590438E-02   1.22910142E-02
   8.00000000       800.000000      0.517089903       65.4843674       5.80671057E-03   8.86647147E-13   8.51854566E-05   1.84662093E-03   1.65792642E-08 -0.354824126       7.47590736E-02   1.21200914E-02
   9.00000000       800.000000      0.521240056       66.0012741       5.65907685E-03   8.57290313E-13   8.59814973E-05   1.82454439E-03   1.66968910E-08 -0.348552823       7.47590885E-02   1.19494274E-02
   10.0000000       800.000000      0.525399923       66.5273361       5.51393069E-03   8.28737740E-13   8.67951021E-05   1.80288532E-03   1.64910716E-08 -0.342320353       7.47590885E-02   1.17779542E-02
   11.0000000       800.000000      0.529633105       67.0519409       5.37130376E-03   8.00964492E-13   8.76279373E-05   1.78141892E-03   1.59892366E-08 -0.336123586       7.47590959E-02   1.16065396E-02
   12.0000000       800.000000      0.533852458       67.5886993       5.23130968E-03   7.73930724E-13   8.84820911E-05   1.76004856E-03   1.52244102E-08 -0.329973876       7.47591034E-02   1.14360182E-02
   13.0000000       800.000000      0.538169861       68.1238251       5.09369606E-03   7.47661102E-13   8.93563119E-05   1.73906214E-03   1.42346499E-08 -0.323863447       7.47591183E-02   1.12656914E-02
   2.00000000       800.000000      0.542478204       68.6609192       4.95866127E-03   7.22109113E-13   9.02515458E-05   1.71837304E-03   1.30612428E-08 -0.317800939       7.47591183E-02   1.10957548E-02
   3.00000000       800.000000      0.546837091       69.2043610       4.82601719E-03   6.97254158E-13   9.11728275E-05   1.69786566E-03   1.17460219E-08 -0.311777234       7.47591257E-02   1.09265381E-02
   4.00000000       800.000000      0.551184714       69.7545853       4.69578989E-03   6.73102524E-13   9.21186002E-05   1.67754886E-03   1.03299742E-08 -0.305803418       7.47591257E-02   1.07577341E-02
   5.00000000       800.000000      0.555633724       70.3113556       4.56797751E-03   6.49620115E-13   9.30902752E-05   1.65752193E-03   8.85113494E-09 -0.299871057       7.47591257E-02   1.05899442E-02
   6.00000000       800.000000      0.560065687       70.8701859       4.44252789E-03   6.26814139E-13   9.40918326E-05   1.63775287E-03   7.34322336E-09 -0.293988049       7.47591332E-02   1.04230037E-02
   7.00000000       800.000000      0.564574599       71.4266510       4.31946479E-03   6.04644102E-13   9.51228430E-05   1.61819137E-03   5.83553561E-09 -0.288149446       7.47591332E-02   1.02571892E-02
   8.00000000       800.000000      0.569091976       71.9988251       4.19867411E-03   5.83112606E-13   9.61826081E-05   1.59883418E-03   4.35359881E-09 -0.282360345       7.47591406E-02   1.00926263E-02
   9.00000000       800.000000      0.573642910       72.5662689       4.08015726E-03   5.62200731E-13   9.72794296E-05   1.57972355E-03   2.92161229E-09 -0.276617199       7.47591406E-02   9.92910936E-03
   10.0000000       800.000000      0.578249216       73.1417236       3.96396872E-03   5.41887065E-13   9.84193466E-05   1.56073819E-03   1.56332836E-09 -0.270922154       7.47591406E-02   9.76698939E-03
   11.0000000       800.000000      0.582887828       73.7225037       3.85008613E-03   5.22165373E-13   9.96008093E-05   1.54209393E-03   2.97588176E-10 -0.265275151       7.47591332E-02   9.60634276E-03
   12.0000000       800.000000      0.587557673       74.3115692       3.73827224E-03   5.03013430E-13   1.00824793E-04   1.52365433E-03  -8.58798421E-10 -0.259677202       7.47591257E-02   9.44723282E-03
   13.0000000       800.000000      0.592285097       74.9019089       3.62875080E-03   4.84422994E-13   1.02101512E-04   1.50537502E-03  -1.89346339E-09 -0.254129171       7.47591257E-02   9.28990077E-03
   2.00000000       800.000000      0.597044110       75.4963303       3.52126127E-03   4.66379377E-13   1.03423801E-04   1.48729607E-03  -2.79879053E-09 -0.248628110       7.47591183E-02   9.13432520E-03
   3.00000000       800.000000      0.601813197       76.0937424       3.41603416E-03   4.48877318E-13   1.04806917E-04   1.46944926E-03  -3.57111496E-09 -0.243178323       7.47591183E-02   8.98066070E-03
   4.00000000       800.000000      0.606662095       76.6995621       3.31273070E-03   4.31887626E-13   1.06241860E-04   1.45180465E-03  -4.21079571E-09 -0.237775758       7.47591034E-02   8.82898923E-03
   5.00000000       800.000000      0.611538589       77.3089294       3.21158092E-03   4.15390270E-13   1.07749569E-04   1.43437053E-03  -4.71966022E-09 -0.232428163       7.47590959E-02   8.67936667E-03
   6.00000000       800.000000      0.616429627       77.9216690       3.11252149E-03   3.99402327E-13   1.09325170E-04   1.41716085E-03  -5.10010123E-09 -0.227120936       7.47590959E-02   8.53206683E-03
   7.00000000       800.000000      0.621346176       78.5425873       3.01551353E-03   3.83904497E-13   1.10973808E-04   1.40016491E-03  -5.35502664E-09 -0.221867129       7.47590959E-02   8.38694163E-03
   8.00000000       800.000000      0.626343310       79.1605453       2.92037940E-03   3.68862953E-13   1.12708432E-04   1.38329901E-03  -5.48842172E-09 -0.216651708       7.47590810E-02   8.24446417E-03
   9.00000000       800.000000      0.631355822       79.7936478       2.82720220E-03   3.54286072E-13   1.14530099E-04   1.36661530E-03  -5.50609736E-09 -0.211494789       7.47590885E-02   8.10436718E-03
   10.0000000       800.000000      0.636449695       80.4251099       2.73601967E-03   3.40151545E-13   1.16449904E-04   1.35015848E-03  -5.41630607E-09 -0.206379309       7.47590810E-02   7.96744693E-03
   11.0000000       800.000000      0.641569495       81.0633545       2.64671375E-03   3.26453599E-13   1.18467884E-04   1.33389595E-03  -5.22995425E-09 -0.201310813       7.47590736E-02   7.83292297E-03
   12.0000000       800.000000      0.646703839       81.7070923       2.55924929E-03   3.13181582E-13   1.20594152E-04   1.31774310E-03  -4.95974817E-09 -0.196291164       7.47590736E-02   7.70248147E-03
   13.0000000       800.000000      0.651862979       82.3593216       2.47368729E-03   3.00321183E-13   1.22837650E-04   1.30181434E-03  -4.61951721E-09 -0.191308692       7.47590661E-02   7.57431285E-03
   2.00000000       800.000000      0.657104909       83.0148392       2.38994113E-03   2.87868552E-13   1.25211009E-04   1.28607929E-03  -4.22268975E-09 -0.186372593       7.47590587E-02   7.45167304E-03
   3.00000000       800.000000      0.662361264       83.6720734       2.30803038E-03   2.75806884E-13   1.27714331E-04   1.27053575E-03  -3.78245923E-09 -0.181477398       7.47590587E-02   7.33091170E-03
   4.00000000       800.000000      0.667716920       84.3404617       2.22790870E-03   2.64135149E-13   1.30368295E-04   1.25521352E-03  -3.31141514E-09 -0.176623508       7.47590587E-02   7.21833156E-03
   5.00000000       800.000000      0.673070669       85.0116577       2.14954559E-03   2.52833507E-13   1.33166584E-04   1.23999990E-03  -2.81999135E-09 -0.171799049       7.47590587E-02   7.10644573E-03
   6.00000000       800.000000      0.678464949       85.6865540       2.07299762E-03   2.41904560E-13   1.36151837E-04   1.22497871E-03  -2.32211650E-09 -0.167019144       7.47590587E-02   7.00753415E-03
   7.00000000       800.000000      0.683868349       86.3630829       1.99817820E-03   2.31339497E-13   1.39283526E-04   1.21003971E-03  -1.82677318E-09 -0.162251413       7.47590587E-02   6.90659927E-03
   8.00000000       800.000000      0.689361989       87.0500107       1.92517380E-03   2.21126353E-13   1.42647332E-04   1.19542761E-03  -1.34486722E-09 -0.157534108       7.47590587E-02   6.82800729E-03
   9.00000000       800.000000      0.694936693       87.7468338       1.85384683E-03   2.11257064E-13   1.46146471E-04   1.18089130E-03  -8.85056806E-10 -0.152799323       7.47590587E-02   6.74058171E-03
   10.0000000       800.000000      0.700467765       88.4404068       1.78442942E-03   2.01742716E-13   1.49952102E-04   1.16658560E-03  -4.56007759E-10 -0.148127839       7.47590587E-02   6.69428892E-03
   11.0000000       800.000000      0.706084132       89.1438522       1.71675521E-03   1.92552585E-13   1.53840301E-04   1.15248724E-03  -6.28430433E-11 -0.143384770       7.47590587E-02   6.62331376E-03
   12.0000000       800.000000      0.711785257       89.8559036       1.65086670E-03   1.83709493E-13   1.58157622E-04   1.13850541E-03   2.89723467E-10 -0.138738051       7.47590587E-02   6.63207006E-03
   13.0000000       800.000000      0.717506111       90.5660553       1.58684631E-03   1.75189805E-13   1.62417011E-04   1.12480170E-03   5.98306349E-10 -0.133901939       7.47590587E-02   6.57887012E-03
   2.00000000       800.000000      0.723254204       91.2924652       1.52484258E-03   1.67016141E-13   1.67354345E-04   1.11127016E-03   8.63696725E-10 -0.129258901       7.47590587E-02   6.68722298E-03
   3.00000000       800.000000      0.729030788       92.0148239       1.46477181E-03   1.59170474E-13   1.71876076E-04   1.09791849E-03   1.08176113E-09 -0.124192640       7.47590587E-02   6.64653955E-03
   4.00000000       800.000000      0.734885931       92.7492523       1.40686624E-03   1.51674788E-13   1.77619717E-04   1.08497427E-03   1.26039335E-09 -0.119528159       7.47590661E-02   6.94547640E-03
   5.00000000       800.000000      0.740812361       93.4854507       1.35113066E-03   1.44515218E-13   1.82090502E-04   1.07200502E-03   1.39119194E-09 -0.113942787       7.47590736E-02   6.88831834E-03
   6.00000000       800.000000      0.746736884       94.2303009       1.29793200E-03   1.37727300E-13   1.88984850E-04   1.05977093E-03   1.49057022E-09 -0.109280661       7.47590736E-02   7.57074915E-03
   7.00000000       800.000000      0.752711892       94.9802017       1.24730775E-03   1.31308227E-13   1.92656356E-04   1.04738818E-03   1.53937385E-09 -0.102590241       7.47590810E-02   7.39479577E-03
   8.00000000       800.000000      0.758787692       95.7357407       1.19970879E-03   1.25307249E-13   2.01404197E-04   1.03616808E-03   1.56571633E-09  -9.81033966E-02   7.47590810E-02   8.89502559E-03
   9.00000000       800.000000      0.764886141       96.4991150       1.15535711E-03   1.19711627E-13   2.03761854E-04   1.02442282E-03   1.54909141E-09  -8.90375748E-02   7.47590810E-02   8.26435257E-03
   10.0000000       800.000000      0.770997465       97.2638321       1.11453852E-03   1.14574569E-13   2.14600805E-04   1.01493311E-03   1.48598078E-09  -8.54094774E-02   7.47590810E-02   1.18343392E-02
   11.0000000       800.000000      0.777200460       98.0346756       1.07930228E-03   1.10076621E-13   2.59641791E-04   1.00368285E-03   1.49496704E-09  -7.07158223E-02   7.47590810E-02   9.38427262E-03
   12.0000000       800.000000      0.783445537       98.8157425       1.02573493E-03   1.03787977E-13   5.97672624E-05   9.97542986E-04  -1.83353643E-19  -7.07656890E-02   7.47590810E-02  -1.42203849E-02
   13.0000000       800.000000      0.789714217       99.6048737       1.00181869E-03   1.00566528E-13   5.95398305E-05   9.85702965E-04   1.39891596E-19  -9.30891484E-02   7.47590810E-02  -2.82641407E-02
