   0.00000000       190.000000       3.40428352E-02   1.01702809       5.64781192E-04   5.55203756E-12  -8.25340003E-02   1.70161414       2.06382627E-14  -1.30188419E-03   7.02601018E-16  -1.13691688E-02
   1.00000000       197.000000       3.40447091E-02   1.05104125       5.55557548E-04   5.28449940E-12  -7.54383802E-02   1.58381653       5.71004497E-16  -1.68893009E-03   7.22040425E-16   4.03106166E-03
   2.00000000       200.000000       3.40499915E-02   1.08514261       5.46773605E-04   5.03772371E-12   5.16081182E-03   1.27909243      -6.73617423E-02  -1.02738512E-03  -2.29367334E-03   1.01148570E-02
   3.00000000       200.000000       3.40571664E-02   1.11914527       6.43139007E-04   5.74535385E-12  0.134676754       1.17106855      -4.45758626E-02  -1.00003881E-03  -3.81177524E-03  -3.37852794E-03
   4.00000000       200.000000       3.40652503E-02   1.15326166       7.54658482E-04   6.54249268E-12  0.175623983       1.07490289      -1.50895007E-02  -1.25753786E-03  -4.32580616E-03  -6.83523575E-03
   5.00000000       200.000000       3.40752266E-02   1.18727005       8.68945499E-04   7.31718072E-12  0.192604005      0.985679924       1.58088859E-02  -1.46580255E-03  -3.78710497E-03  -6.59831101E-03
   6.00000000       200.000000       3.40886116E-02   1.22141874       9.92333400E-04   8.12308294E-12  0.198002234      0.908001542       4.70520929E-02  -1.70731486E-03  -2.18312396E-03  -7.33121159E-03
   7.00000000       200.000000       3.41038704E-02   1.25543642       1.12694781E-03   8.97451124E-12  0.197533548      0.841796279       7.77263418E-02  -1.96574791E-03   4.67704522E-04  -7.88376015E-03
   8.00000000       200.000000       3.41209993E-02   1.28956389       1.27487234E-03   9.88396431E-12  0.193874881      0.785299301      0.107182249      -2.24520126E-03   4.12498275E-03  -8.63650721E-03
   9.00000000       200.000000       3.41415480E-02   1.32373023       1.43962563E-03   1.08735833E-11  0.188582033      0.736886978      0.135002866      -2.55530840E-03   8.73420294E-03  -9.72172339E-03
   10.0000000       200.000000       3.41642797E-02   1.35789859       1.62679725E-03   1.19782777E-11  0.182558268      0.695063472      0.160682648      -2.90924334E-03   1.42236743E-02  -1.12287747E-02
   11.0000000       200.000000       3.41873281E-02   1.39207828       1.84230250E-03   1.32321272E-11  0.175959945      0.658197939      0.183587551      -3.32280784E-03   2.05000918E-02  -1.31451311E-02
   2.00000000       200.000000       3.42125520E-02   1.42626679       2.09069531E-03   1.46561218E-11  0.169067025      0.625696719      0.204147711      -3.80838732E-03   2.74846926E-02  -1.53467432E-02
   3.00000000       200.000000       3.42412032E-02   1.46045995       2.37455615E-03   1.62560000E-11  0.161855951      0.596435726      0.222839504      -4.37337905E-03   3.51151899E-02  -1.78284161E-02
   4.00000000       200.000000       3.42717990E-02   1.49468386       2.69850041E-03   1.80503407E-11  0.154364049      0.569894731      0.240469158      -5.02989953E-03   4.33567762E-02  -2.07372047E-02
   5.00000000       200.000000       3.43041234E-02   1.52902329       3.07003781E-03   2.00750510E-11  0.146484300      0.545301259      0.255989850      -5.79550350E-03   5.21386229E-02  -2.40817405E-02
   6.00000000       200.000000       3.43400165E-02   1.56331646       3.49495769E-03   2.23519744E-11  0.138567865      0.522667170      0.268280447      -6.68300828E-03   6.13514446E-02  -2.79090777E-02
   7.00000000       200.000000       3.43780145E-02   1.59766877       3.98083450E-03   2.49120169E-11  0.130920723      0.501668811      0.276762873      -7.71335047E-03   7.08658770E-02  -3.29574756E-02
   8.00000000       400.000000       3.44163403E-02   1.63212323       4.53706505E-03   2.77944421E-11  0.122989543      0.480759591      0.280855089      -8.95029865E-03   8.05320665E-02  -3.82353663E-02
   9.00000000       400.000000       3.44596468E-02   1.66651404       5.16772317E-03   3.10038210E-11  0.114363484      0.462106884      0.279211909      -1.03468420E-02   9.01533440E-02  -4.36574183E-02
   10.0000000       400.000000       3.45019177E-02   1.70102203       5.88091137E-03   3.45675120E-11  0.106737874      0.445224822      0.271146417      -1.19609581E-02   9.95086581E-02  -5.01118824E-02
   11.0000000       400.000000       3.45477760E-02   1.73553383       6.68011839E-03   3.84841742E-11  0.100202970      0.429831505      0.256250471      -1.38070704E-02  0.108361386      -5.70434146E-02
   12.0000000       400.000000       3.45973931E-02   1.77006423       7.56976241E-03   4.27577175E-11   9.45770070E-02  0.415580004      0.234608442      -1.59052107E-02  0.116478249      -6.44410476E-02
   13.0000000       400.000000       3.46456654E-02   1.80469894       8.55679810E-03   4.74058397E-11   8.96456167E-02  0.402381152      0.206704706      -1.82691980E-02  0.123639911      -7.25109130E-02
   2.00000000       400.000000       3.46989296E-02   1.83938944       9.64778103E-03   5.24426093E-11   8.51260424E-02  0.390134811      0.173363611      -2.09335703E-02  0.129655585      -8.13434720E-02
   3.00000000       400.000000       3.47537622E-02   1.87406790       1.08479401E-02   5.78738862E-11   8.09904635E-02  0.378676593      0.135738000      -2.39188075E-02  0.134372979      -9.06995833E-02
   4.00000000       400.000000       3.48123796E-02   1.90886545       1.21603040E-02   6.36933284E-11   7.70802647E-02  0.367930979       9.52911451E-02  -2.72431821E-02  0.137690231     -0.100423321    
   5.00000000       400.000000       3.48717459E-02   1.94381344       1.35858869E-02   6.98846259E-11   7.32509345E-02  0.357786179       5.35745397E-02  -3.09165251E-02  0.139558539     -0.110383451    
   6.00000000       400.000000       3.49331126E-02   1.97864985       1.51222665E-02   7.64157904E-11   6.95092455E-02  0.348154187       1.17566353E-02  -3.49482782E-02  0.139969036     -0.120541394    
   7.00000000       400.000000       3.49960364E-02   2.01366401       1.67678781E-02   8.32603847E-11   6.60737082E-02  0.339054614      -2.93220729E-02  -3.93458009E-02  0.138942778     -0.130856797    
   8.00000000       400.000000       3.50628383E-02   2.04869795       1.85227580E-02   9.04016237E-11   6.29869401E-02  0.330425650      -6.91225305E-02  -4.41158712E-02  0.136519268     -0.141424596    
   9.00000000       400.000000       3.51311862E-02   2.08382654       2.03870088E-02   9.78243250E-11   6.01578318E-02  0.322372824     -0.106946632      -4.92727347E-02  0.132762179     -0.152255446    
   10.0000000       400.000000       3.52015831E-02   2.11898565       2.23619174E-02   1.05520023E-10   5.75286821E-02  0.314763486     -0.141804636      -5.48242740E-02  0.127770573     -0.163185716    
   11.0000000       400.000000       3.52728553E-02   2.15418029       2.44468898E-02   1.13471635E-10   5.51068112E-02  0.307492971     -0.172407568      -6.07732385E-02  0.121689096     -0.174200833    
   12.0000000       400.000000       3.53475511E-02   2.18945503       2.66369320E-02   1.21642946E-10   5.29426113E-02  0.300554305     -0.197467655      -6.71266913E-02  0.114708789     -0.185070753    
   13.0000000       400.000000       3.54251340E-02   2.22494793       2.89237220E-02   1.29985411E-10   5.11864610E-02  0.293898582     -0.215836555      -7.38716051E-02  0.107062727     -0.195509762    
   2.00000000       400.000000       3.55066359E-02   2.26028228       3.12999859E-02   1.38457273E-10   4.97918800E-02  0.287408978     -0.227171302      -8.09943825E-02   9.89968553E-02 -0.205502078    
   3.00000000       400.000000       3.55888382E-02   2.29589605       3.37580703E-02   1.47018647E-10   4.86458391E-02  0.281121075     -0.231925637      -8.84812325E-02   9.07432884E-02 -0.215141118    
   4.00000000       400.000000       3.56727764E-02   2.33153582       3.62916328E-02   1.55637656E-10   4.76255938E-02  0.275040030     -0.231077597      -9.63252559E-02   8.25003684E-02 -0.224547654    
   5.00000000       400.000000       3.57585363E-02   2.36718988       3.88927944E-02   1.64276592E-10   4.66966741E-02  0.269126773     -0.225421652     -0.104520664       7.44398311E-02 -0.233789384    
   6.00000000       400.000000       3.58451568E-02   2.40296197       4.15596589E-02   1.72925674E-10   4.58716750E-02  0.263361603     -0.215266764     -0.113065593       6.67231977E-02 -0.243025213    
   7.00000000       400.000000       3.59365791E-02   2.43895650       4.42935787E-02   1.81588883E-10   4.50601466E-02  0.257755280     -0.199947789     -0.121965960       5.95375486E-02 -0.252424419    
   8.00000000       400.000000       3.60317938E-02   2.47496963       4.70945388E-02   1.90265054E-10   4.40586433E-02  0.252306193     -0.178254083     -0.131231919       5.31149283E-02 -0.261920393    
   9.00000000       400.000000       3.61256152E-02   2.51087451       4.99615259E-02   1.98947858E-10   4.29834053E-02  0.247020707     -0.149676204     -0.140865371       4.77076322E-02 -0.271293610    
   10.0000000       400.000000       3.62243615E-02   2.54723430       5.28900288E-02   2.07617520E-10   4.21590768E-02  0.241895750     -0.115269229     -0.150860265       4.35321145E-02 -0.280364811    
   11.0000000       400.000000       3.63236889E-02   2.58347154       5.58732674E-02   2.16249366E-10   4.15539555E-02  0.236921281      -7.75501877E-02 -0.161205277       4.07151319E-02 -0.288964748    
   12.0000000       400.000000       3.64281610E-02   2.61973166       5.89053445E-02   2.24819149E-10   4.10596021E-02  0.232080489      -3.95883955E-02 -0.171882913       3.92730385E-02 -0.296978951    
   13.0000000       400.000000       3.65312435E-02   2.65625191       6.19807951E-02   2.33307762E-10   4.06370834E-02  0.227376446      -4.01156396E-03 -0.182872698       3.91265191E-02 -0.304319024    
   2.00000000       400.000000       3.66381556E-02   2.69287086       6.50911480E-02   2.41687587E-10   4.03019972E-02  0.222815797       2.75273994E-02 -0.194150060       4.01350632E-02 -0.310875148    
   3.00000000       400.000000       3.67491208E-02   2.72951531       6.82314187E-02   2.49941678E-10   4.01016586E-02  0.218385354       5.49328141E-02 -0.205687135       4.21538055E-02 -0.316714615    
   4.00000000       400.000000       3.68596762E-02   2.76648116       7.13980421E-02   2.58062183E-10   3.99419479E-02  0.214073256       7.97596574E-02 -0.217463255       4.50937897E-02 -0.321996182    
   5.00000000       400.000000       3.69738303E-02   2.80324292       7.45877773E-02   2.66040551E-10   3.97744291E-02  0.209873408      0.103571683     -0.229461506       4.89232987E-02 -0.326503158    
   6.00000000       400.000000       3.70923392E-02   2.84031177       7.77918175E-02   2.73851247E-10   3.96344177E-02  0.205778807      0.126066372     -0.241646543       5.35993762E-02 -0.329808056    
   7.00000000       400.000000       3.72101963E-02   2.87746811       8.09993371E-02   2.81461687E-10   3.94714065E-02  0.201783016      0.144849613     -0.253967106       5.89892566E-02 -0.331808209    
   8.00000000       400.000000       3.73310633E-02   2.91468883       8.42014179E-02   2.88846669E-10   3.92521061E-02  0.197887242      0.157342136     -0.266379923       6.48632124E-02 -0.332630396    
   9.00000000       400.000000       3.74547355E-02   2.95214677       8.73905122E-02   2.95989538E-10   3.90259847E-02  0.194088623      0.161922231     -0.278843582       7.09280670E-02 -0.332627207    
   10.0000000       400.000000       3.75822932E-02   2.98967767       9.05631781E-02   3.02885939E-10   3.87581140E-02  0.190386072      0.158771306     -0.291339964       7.68950507E-02 -0.332313776    
   11.0000000       400.000000       3.77115831E-02   3.02733731       9.37212929E-02   3.09550385E-10   3.83867659E-02  0.186776951      0.150244310     -0.303864449       8.25607181E-02 -0.332035393    
   12.0000000       400.000000       3.78417671E-02   3.06507659       9.68671590E-02   3.15997589E-10   3.78737636E-02  0.183262020      0.139490381     -0.316425145       8.78393576E-02 -0.331838757    
   13.0000000       400.000000       3.79736088E-02   3.10296249      0.100003622       3.22244231E-10   3.71446721E-02  0.179842487      0.129017651     -0.329023749       9.27386507E-02 -0.331999660    
   2.00000000       400.000000       3.81093584E-02   3.14102793      0.103133813       3.28306021E-10   3.62523533E-02  0.176515788      0.119344279     -0.341685921       9.72870588E-02 -0.332788140    
   3.00000000       400.000000       3.82481478E-02   3.17926812      0.106265984       3.34214184E-10   3.52548659E-02  0.173281148      0.109529316     -0.354434729      0.101476237     -0.333926886    
   4.00000000       400.000000       3.83906849E-02   3.21746230      0.109397478       3.39965417E-10   3.40952836E-02  0.170133874       9.78282392E-02 -0.367277741      0.105232045     -0.335115224    
   5.00000000       400.000000       3.85340862E-02   3.25593615      0.112528026       3.45563883E-10   3.27373780E-02  0.167067498       8.35723579E-02 -0.380213231      0.108452231     -0.336885691    
   6.00000000       400.000000       3.86794209E-02   3.29459786      0.115673430       3.51060375E-10   3.12714316E-02  0.164084151       6.81010708E-02 -0.393288642      0.111086264     -0.339959860    
   7.00000000       400.000000       3.88261117E-02   3.33332801      0.118853748       3.56519841E-10   2.97051221E-02  0.161184102       5.40591516E-02 -0.406561524      0.113185294     -0.344635427    
   8.00000000       400.000000       3.89781781E-02   3.37215042      0.122087322       3.61993796E-10   2.79611815E-02  0.158369705       4.40858752E-02 -0.420103431      0.114903614     -0.350290149    
   9.00000000       400.000000       3.91310640E-02   3.41121101      0.125383690       3.67511382E-10   2.61366572E-02  0.155641690       3.96582745E-02 -0.433922082      0.116455466     -0.356945306    
   10.0000000       400.000000       3.92854065E-02   3.45050335      0.128757283       3.73111708E-10   2.42181327E-02  0.152998686       4.07750793E-02 -0.448093683      0.118057355     -0.364828974    
   11.0000000       400.000000       3.94439995E-02   3.48992372      0.132213026       3.78804960E-10   2.22100578E-02  0.150433883       4.60525565E-02 -0.462644726      0.119873993     -0.373370528    
   12.0000000       400.000000       3.96043137E-02   3.52931929      0.135750219       3.84582782E-10   2.02696044E-02  0.147940934       5.40914237E-02 -0.477608144      0.122016013     -0.383332491    
   13.0000000       400.000000       3.97699885E-02   3.56905532      0.139399290       3.90529470E-10   1.82401892E-02  0.145514339       6.35461807E-02 -0.493071467      0.124543153     -0.395250738    
   2.00000000       400.000000       3.99327539E-02   3.60901117      0.143196836       3.96738503E-10   1.59802008E-02  0.143154934       7.29788244E-02 -0.509110689      0.127457514     -0.409871697    
   3.00000000       400.000000       4.01016437E-02   3.64905024      0.147169918       4.03275358E-10   1.37048746E-02  0.140857041       8.01705420E-02 -0.525876224      0.130672663     -0.428930342    
   4.00000000       400.000000       4.02740240E-02   3.68916464      0.151380181       4.10293105E-10   1.16299950E-02  0.138600796       8.42727944E-02 -0.543586373      0.134066686     -0.452422351    
   5.00000000       400.000000       4.04453352E-02   3.72949243      0.155819863       4.17755774E-10   9.74957179E-03  0.136382639       8.72216374E-02 -0.562395453      0.137594417     -0.481990159    
   6.00000000       400.000000       4.06209007E-02   3.77015471      0.160513759       4.25713742E-10   8.18436034E-03  0.134198621       8.75516683E-02 -0.582660615      0.141150981     -0.519636035    
   7.00000000       400.000000       4.08019014E-02   3.81062984      0.165418237       4.34033698E-10   6.97695557E-03  0.132038191       8.09163973E-02 -0.604706705      0.144452572     -0.560877144    
   8.00000000       400.000000       4.09835242E-02   3.85157919      0.170491979       4.42597181E-10   5.97005896E-03  0.129903972       6.33274913E-02 -0.628531456      0.147047654     -0.582126677    
   9.00000000       400.000000       4.11677249E-02   3.89264297      0.175664321       4.51212789E-10   4.97726724E-03  0.127805397       3.63721773E-02 -0.652527928      0.148545206     -0.587079108    
   10.0000000       800.000000       4.13518026E-02   3.93391180      0.180890456       4.59764310E-10   4.01363894E-03  0.125755683       7.02658668E-03 -0.676978230      0.148835897     -0.589040399    
   11.0000000       800.000000       4.15420607E-02   3.97551847      0.186064228       4.67982986E-10   3.10435146E-03  0.123750202      -1.45726474E-02 -0.701356173      0.148230374     -0.582894683    
   12.0000000       800.000000       4.17331755E-02   4.01692963      0.191111088       4.75695150E-10   2.38883263E-03  0.121781006      -2.10666750E-02 -0.725518644      0.147351041     -0.552809536    
   13.0000000       800.000000       4.19295840E-02   4.05884504      0.195971981       4.82767160E-10   1.78286724E-03  0.119851336      -1.27749452E-02 -0.747606337      0.146815360     -0.503381431    
   2.00000000       800.000000       4.21275869E-02   4.10084629      0.200768068       4.89514096E-10   1.25767197E-03  0.117967702       1.46182487E-03 -0.767829657      0.146877050     -0.469260484    
   3.00000000       800.000000       4.23264094E-02   4.14324856      0.205485612       4.95908981E-10   8.08372977E-04  0.116131775       1.32974423E-02 -0.787235081      0.147440046     -0.450863808    
   4.00000000       800.000000       4.25276794E-02   4.18554831      0.210050553       5.01787500E-10   3.99247685E-04  0.114341512       1.88235641E-02 -0.806086779      0.148240343     -0.446780652    
   5.00000000       800.000000       4.27326299E-02   4.22826385      0.214565203       5.07405784E-10   1.83419088E-05  0.112594835       1.54369632E-02 -0.825329423      0.148900092     -0.445939630    
   6.00000000       800.000000       4.29400988E-02   4.27117634      0.218866944       5.12386800E-10  -2.97612161E-04  0.110890210       3.04418826E-03 -0.844292343      0.149030998     -0.422319710    
   7.00000000       800.000000       4.31519486E-02   4.31416321      0.222701073       5.16160115E-10  -5.68673189E-04  0.109225847      -1.29922489E-02 -0.861688554      0.148470297     -0.395482659    
   8.00000000       800.000000       4.33655083E-02   4.35740662      0.226205930       5.19078835E-10  -7.84242409E-04  0.107602760      -2.34920960E-02 -0.878509820      0.147451237     -0.376852661    
   9.00000000       800.000000       4.35808785E-02   4.40067959      0.229075313       5.20470944E-10  -7.78215937E-04  0.106017426      -2.18455400E-02 -0.894454658      0.146499321     -0.331805021    
   10.0000000       800.000000       4.38009016E-02   4.44439697      0.231063336       5.19825960E-10  -6.54304400E-04  0.104466483      -1.50070749E-02 -0.907503009      0.145842269     -0.277499139    
   11.0000000       800.000000       4.40220647E-02   4.48833799      0.232583582       5.18127596E-10  -5.20465488E-04  0.102949500      -1.03337644E-02 -0.918825865      0.145387009     -0.222723559    
   12.0000000       800.000000       4.42490242E-02   4.53246212      0.233569115       5.15256227E-10  -3.99083452E-04  0.101466291      -1.12279421E-02 -0.927164495      0.144890174     -0.158737451    
   13.0000000       800.000000       4.44775447E-02   4.57707596      0.234006658       5.11218456E-10  -3.01541499E-04  0.100017019      -1.73351634E-02 -0.932909429      0.144119203     -0.106115945    
   2.00000000       800.000000       4.47068773E-02   4.62136841      0.233956620       5.06178377E-10  -2.36187159E-04   9.86004546E-02  -2.48823445E-02 -0.936627865      0.143007025      -6.64896965E-02
   3.00000000       800.000000       4.49385233E-02   4.66624355      0.233506903       5.00351705E-10  -1.93735585E-04   9.72158015E-02  -2.89208628E-02 -0.938870132      0.141707197      -3.90373245E-02
   4.00000000       800.000000       4.51754220E-02   4.71121693      0.232659400       4.93768526E-10  -1.86983976E-04   9.58619565E-02  -2.74388660E-02 -0.940145493      0.140467778      -2.73815375E-02
   5.00000000       800.000000       4.54156250E-02   4.75678205      0.231450051       4.86524265E-10  -2.19577967E-04   9.45366919E-02  -2.24621501E-02 -0.941350102      0.139447510      -3.36058028E-02
   6.00000000       800.000000       4.56556603E-02   4.80203438      0.229896486       4.78675877E-10  -2.98166880E-04   9.32382718E-02  -1.82417203E-02 -0.943206728      0.138614506      -5.39979339E-02
   7.00000000       800.000000       4.59001064E-02   4.84787893      0.228098050       4.70446793E-10  -4.15354618E-04   9.19635221E-02  -1.66823342E-02 -0.946295917      0.137849003      -8.05664808E-02
   8.00000000       800.000000       4.61495221E-02   4.89382601      0.226161256       4.62066024E-10  -5.59721258E-04   9.07108039E-02  -1.65284630E-02 -0.950623035      0.137086287     -0.104111239    
   9.00000000       800.000000       4.64015417E-02   4.94037914      0.224235713       4.53840326E-10  -7.11781031E-04   8.94775316E-02  -1.61692854E-02 -0.955931127      0.136335880     -0.121149719    
   10.0000000       800.000000       4.66544069E-02   4.98703766      0.222463951       4.46053805E-10  -8.44716735E-04   8.82634670E-02  -1.45313619E-02 -0.961895108      0.135658145     -0.131072775    
   11.0000000       800.000000       4.69110720E-02   5.03345490      0.220897183       4.38796638E-10  -9.44998115E-04   8.70678201E-02  -1.17134620E-02 -0.968192518      0.135108367     -0.134501219    
   12.0000000       800.000000       4.71705161E-02   5.08080530      0.219509542       4.32002600E-10  -1.01732090E-03   8.58906433E-02  -8.76531005E-03 -0.974550188      0.134694934     -0.137130082    
   13.0000000       800.000000       4.74330559E-02   5.12793064      0.218340501       4.25737695E-10  -1.05051196E-03   8.47321749E-02  -7.15326704E-03 -0.981167614      0.134355575     -0.138755679    
   2.00000000       800.000000       4.76989783E-02   5.17558718      0.217268556       4.19754398E-10  -1.06533512E-03   8.35924000E-02  -6.98718196E-03 -0.987750590      0.134022415     -0.138579533    
   3.00000000       800.000000       4.79672700E-02   5.22343826      0.216274247       4.14007412E-10  -1.06309226E-03   8.24710727E-02  -7.45383976E-03 -0.994425118      0.133665040     -0.139884815    
   4.00000000       800.000000       4.82396744E-02   5.27148342      0.215341285       4.08459766E-10  -1.04610133E-03   8.13680962E-02  -7.66885048E-03  -1.00120771      0.133294791     -0.140554681    
   5.00000000       800.000000       4.85143214E-02   5.32006216      0.214425340       4.03024225E-10  -1.02424214E-03   8.02829415E-02  -7.21038133E-03  -1.00802410      0.132945195     -0.141049087    
   6.00000000       800.000000       4.87925000E-02   5.36836243      0.213527933       3.97698957E-10  -9.93680558E-04   7.92152062E-02  -6.40215864E-03  -1.01493335      0.132632717     -0.142816305    
   7.00000000       800.000000       4.90735136E-02   5.41723442      0.212660730       3.92506583E-10  -9.57518758E-04   7.81644732E-02  -5.82939526E-03  -1.02199972      0.132346675     -0.141756549    
   8.00000000       800.000000       4.93605398E-02   5.46674824      0.211749122       3.87305160E-10  -9.26940993E-04   7.71304592E-02  -5.71790943E-03  -1.02888775      0.132064596     -0.139075294    
   9.00000000       800.000000       4.96459454E-02   5.51635075      0.210832298       3.82168380E-10  -8.97347636E-04   7.61126950E-02  -5.77804772E-03  -1.03577006      0.131777495     -0.137341261    
   10.0000000       800.000000       4.99367975E-02   5.56616688      0.209899694       3.77073817E-10  -8.69013311E-04   7.51109272E-02  -5.51026873E-03  -1.04256296      0.131502360     -0.135251030    
   11.0000000       800.000000       5.02316244E-02   5.61612844      0.208967507       3.72052195E-10  -8.42990470E-04   7.41243511E-02  -4.90592560E-03  -1.04931653      0.131255984     -0.133688107    
   12.0000000       800.000000       5.05279116E-02   5.66623640      0.208047703       3.67119973E-10  -8.15483159E-04   7.31531158E-02  -4.45032865E-03  -1.05603397      0.131031051     -0.132568628    
   13.0000000       800.000000       5.08273505E-02   5.71697474      0.207153112       3.62302133E-10  -7.85707554E-04   7.21971542E-02  -4.29150648E-03  -1.06275392      0.130812943     -0.131541714    
   2.00000000       800.000000       5.11321910E-02   5.76780939      0.206278950       3.57583768E-10  -7.53869710E-04   7.12561905E-02  -4.20705974E-03  -1.06944704      0.130598038     -0.130494162    
   3.00000000       800.000000       5.14377542E-02   5.81939650      0.205432311       3.52977952E-10  -7.21017597E-04   7.03284442E-02  -4.03807499E-03  -1.07613933      0.130390063     -0.130068839    
   4.00000000       800.000000       5.17485440E-02   5.87104797      0.204619139       3.48490597E-10  -6.82901882E-04   6.94162920E-02  -3.86601547E-03  -1.08286762      0.130190164     -0.129229948    
   5.00000000       800.000000       5.20629622E-02   5.92277527      0.203822210       3.44091450E-10  -6.45066088E-04   6.85174763E-02  -3.80883366E-03  -1.08955646      0.129991621     -0.128485247    
   6.00000000       800.000000       5.23787588E-02   5.97483015      0.203058228       3.39806350E-10  -6.01386535E-04   6.76321462E-02  -3.80465318E-03  -1.09628582      0.129792541     -0.128193468    
   7.00000000       800.000000       5.26992045E-02   6.02751064      0.202321395       3.35622002E-10  -5.56168729E-04   6.67603984E-02  -3.69754643E-03  -1.10302460      0.129597723     -0.127583414    
   8.00000000       800.000000       5.30240014E-02   6.08028364      0.201606810       3.31528888E-10  -5.09336125E-04   6.59019351E-02  -3.54334200E-03  -1.10977507      0.129409865     -0.126843050    
   9.00000000       800.000000       5.33496812E-02   6.13364077      0.200903967       3.27508465E-10  -4.63096949E-04   6.50567710E-02  -3.48955183E-03  -1.11651754      0.129223749     -0.125820115    
   10.0000000       800.000000       5.36804311E-02   6.18732548      0.200206056       3.23547550E-10  -4.18259733E-04   6.42243177E-02  -3.44359176E-03  -1.12324083      0.129038915     -0.124629438    
   11.0000000       800.000000       5.40157408E-02   6.24103832      0.199506432       3.19635013E-10  -3.76060809E-04   6.34044930E-02  -3.30980425E-03  -1.12994075      0.128859982     -0.123344287    
   12.0000000       800.000000       5.43518029E-02   6.29508209      0.198801845       3.15764442E-10  -3.36891098E-04   6.25968799E-02  -3.18836467E-03  -1.13660789      0.128686517     -0.121994555    
   13.0000000       800.000000       5.46922497E-02   6.34962225      0.198087946       3.11930259E-10  -3.01557797E-04   6.18012585E-02  -2.98628910E-03  -1.14324212      0.128523514     -0.120301604    
   2.00000000       800.000000       5.50380871E-02   6.40445566      0.197358623       3.08119086E-10  -2.71517783E-04   6.10172823E-02  -2.77434150E-03  -1.14980733      0.128370687     -0.118240923    
   3.00000000       800.000000       5.53847216E-02   6.45976830      0.196610898       3.04328313E-10  -2.47349846E-04   6.02450855E-02  -2.62717856E-03  -1.15629900      0.128225192     -0.115912676    
   4.00000000       800.000000       5.57359010E-02   6.51546860      0.195839450       3.00548614E-10  -2.29386089E-04   5.94840050E-02  -2.37574684E-03  -1.16268814      0.128093004     -0.113467172    
   5.00000000       800.000000       5.60912378E-02   6.57112312      0.195044592       2.96782515E-10  -2.17728812E-04   5.87338246E-02  -2.14618514E-03  -1.16898751      0.127972350     -0.110850267    
   6.00000000       800.000000       5.64479530E-02   6.62756824      0.194223046       2.93023106E-10  -2.12032057E-04   5.79945929E-02  -2.02554883E-03  -1.17516255      0.127857864     -0.108275980    
   7.00000000       800.000000       5.68098128E-02   6.68420267      0.193381771       2.89282043E-10  -2.11940409E-04   5.72657920E-02  -1.76186860E-03  -1.18125153      0.127758101     -0.105885714    
   8.00000000       800.000000       5.71758151E-02   6.74102211      0.192520753       2.85559271E-10  -2.15755965E-04   5.65473288E-02  -1.49702595E-03  -1.18723500      0.127672285     -0.103712484    
   9.00000000       800.000000       5.75454868E-02   6.79867172      0.191651434       2.81870943E-10  -2.22740870E-04   5.58391623E-02  -1.31952111E-03  -1.19314885      0.127596393     -0.101822466    
   10.0000000       800.000000       5.79212233E-02   6.85620070      0.190774083       2.78217976E-10  -2.31277460E-04   5.51406406E-02  -1.09195616E-03  -1.19899070      0.127533272     -0.100174613    
   11.0000000       800.000000       5.82982525E-02   6.91421032      0.189898252       2.74612916E-10  -2.41098329E-04   5.44520319E-02  -8.29788914E-04  -1.20478976      0.127484530      -9.87229645E-02
   12.0000000       800.000000       5.86755127E-02   6.97270107      0.189021915       2.71053152E-10  -2.51050777E-04   5.37728034E-02  -6.10930030E-04  -1.21053815      0.127448767      -9.74541456E-02
   13.0000000       800.000000       5.90622984E-02   7.03143930      0.188152194       2.67547512E-10  -2.61009467E-04   5.31032719E-02  -4.16867726E-04  -1.21626544      0.127424225      -9.64409560E-02
   2.00000000       800.000000       5.94485030E-02   7.09108067      0.187289655       2.64094968E-10  -2.69594428E-04   5.24429157E-02  -1.94868539E-04  -1.22196805      0.127412692      -9.56540331E-02
   3.00000000       800.000000       5.98436110E-02   7.15043688      0.186439753       2.60704014E-10  -2.76763109E-04   5.17916828E-02  -4.01891084E-05  -1.22767651      0.127410322      -9.50319394E-02
   4.00000000       800.000000       6.02373928E-02   7.21079636      0.185601741       2.57371208E-10  -2.81732617E-04   5.11494391E-02   9.53882336E-05  -1.23337841      0.127416015      -9.44384634E-02
   5.00000000       800.000000       6.06374219E-02   7.27131176      0.184777886       2.54099297E-10  -2.84890441E-04   5.05159050E-02   1.89597980E-04  -1.23909056      0.127427697      -9.37966108E-02
   6.00000000       800.000000       6.10392392E-02   7.33202028      0.183965236       2.50882592E-10  -2.86024238E-04   4.98912930E-02   2.55943247E-04  -1.24479342      0.127443284      -9.29512754E-02
   7.00000000       800.000000       6.14471473E-02   7.39313030      0.183162063       2.47718041E-10  -2.86193535E-04   4.92750593E-02   2.83721951E-04  -1.25047684      0.127460569      -9.17343348E-02
   8.00000000       800.000000       6.18590638E-02   7.45494413      0.182361513       2.44595705E-10  -2.86188908E-04   4.86675315E-02   2.72627367E-04  -1.25610316      0.127477705      -9.01846737E-02
   9.00000000       800.000000       6.22721761E-02   7.51700449      0.181563005       2.41513337E-10  -2.86688126E-04   4.80678491E-02   2.47708405E-04  -1.26167154      0.127492726      -8.86635035E-02
   10.0000000       800.000000       6.26941621E-02   7.57950735      0.180766970       2.38472547E-10  -2.86892318E-04   4.74767648E-02   1.76449932E-04  -1.26718307      0.127503932      -8.74543041E-02
   11.0000000       800.000000       6.31151870E-02   7.64244461      0.179979309       2.35479081E-10  -2.86286784E-04   4.68935296E-02   1.00538462E-04  -1.27267563      0.127510175      -8.65195692E-02
   12.0000000       800.000000       6.35424033E-02   7.70559978      0.179200009       2.32532327E-10  -2.84034933E-04   4.63182256E-02  -9.56574240E-06  -1.27814317      0.127509758      -8.58198106E-02
   13.0000000       800.000000       6.39760271E-02   7.76949692      0.178434268       2.29638711E-10  -2.79780332E-04   4.57507893E-02  -1.35984854E-04  -1.28361797      0.127501011      -8.53827223E-02
   2.00000000       800.000000       6.44085407E-02   7.83382225      0.177682921       2.26798039E-10  -2.72604782E-04   4.51909602E-02  -2.56372237E-04  -1.28910315      0.127484500      -8.51823762E-02
   3.00000000       800.000000       6.48498610E-02   7.89831066      0.176947549       2.24011240E-10  -2.62786372E-04   4.46388870E-02  -3.86624131E-04  -1.29462790      0.127459377      -8.48367214E-02
   4.00000000       800.000000       6.52926117E-02   7.96304750      0.176217452       2.21263882E-10  -2.51507765E-04   4.40938249E-02  -5.05857693E-04  -1.30014539      0.127426192      -8.38552192E-02
   5.00000000       800.000000       6.57397360E-02   8.02879810      0.175483987       2.18545099E-10  -2.41018934E-04   4.35567945E-02  -6.23904285E-04  -1.30561566      0.127385482      -8.23644549E-02
   6.00000000       800.000000       6.61928579E-02   8.09504509      0.174740687       2.15845758E-10  -2.31988583E-04   4.30262797E-02  -7.36009912E-04  -1.31101191      0.127336845      -8.06319043E-02
   7.00000000       800.000000       6.66503683E-02   8.16145802      0.173985615       2.13164222E-10  -2.25285417E-04   4.25032340E-02  -8.26927717E-04  -1.31632924      0.127281755      -7.87144303E-02
   8.00000000       800.000000       6.71091229E-02   8.22835445      0.173213840       2.10493359E-10  -2.21187234E-04   4.19873483E-02  -9.01108724E-04  -1.32154143      0.127221316      -7.66448528E-02
   9.00000000       800.000000       6.75772652E-02   8.29508305      0.172424212       2.07832987E-10  -2.20383808E-04   4.14780863E-02  -9.49972309E-04  -1.32665110      0.127156854      -7.44833350E-02
   10.0000000       800.000000       6.80434331E-02   8.36327362      0.171615928       2.05181414E-10  -2.22385759E-04   4.09753658E-02  -9.86975851E-04  -1.33164239      0.127089843      -7.25619346E-02
   11.0000000       800.000000       6.85164854E-02   8.43160915      0.170797423       2.02549019E-10  -2.26079268E-04   4.04793993E-02  -9.98684089E-04  -1.33655965      0.127021298      -7.13184923E-02
   12.0000000       800.000000       6.89990669E-02   8.50011826      0.169976965       1.99945671E-10  -2.29220605E-04   3.99898738E-02  -9.93529218E-04  -1.34144819      0.126952693      -7.06751570E-02
   13.0000000       800.000000       6.94770738E-02   8.56972027      0.169160932       1.97377822E-10  -2.30908598E-04   3.95064913E-02  -9.71778936E-04  -1.34634745      0.126885310      -7.03298822E-02
   2.00000000       800.000000       6.99650571E-02   8.63913631      0.168351427       1.94847999E-10  -2.30634017E-04   3.90299819E-02  -9.38230369E-04  -1.35125899      0.126819491      -7.00416341E-02
   3.00000000       800.000000       7.04544336E-02   8.70913506      0.167548925       1.92355992E-10  -2.28235382E-04   3.85591425E-02  -8.91302014E-04  -1.35618103      0.126756832      -6.97806329E-02
   4.00000000       800.000000       7.09533468E-02   8.77987480      0.166754544       1.89902344E-10  -2.23823925E-04   3.80947217E-02  -8.31448939E-04  -1.36112392      0.126697719      -6.94503263E-02
   5.00000000       800.000000       7.14557767E-02   8.85152435      0.165967926       1.87485791E-10  -2.17605208E-04   3.76363508E-02  -7.55585497E-04  -1.36607277      0.126643717      -6.89249039E-02
   6.00000000       800.000000       7.19595850E-02   8.92326069      0.165188223       1.85105306E-10  -2.10292535E-04   3.71835567E-02  -6.73287315E-04  -1.37100995      0.126595333      -6.82556704E-02
   7.00000000       800.000000       7.24673644E-02   8.99552822      0.164416894       1.82761958E-10  -2.01630755E-04   3.67369652E-02  -5.76642051E-04  -1.37592900      0.126553789      -6.77607954E-02
   8.00000000       800.000000       7.29827210E-02   9.06822109      0.163658634       1.80460522E-10  -1.91053565E-04   3.62958238E-02  -4.76759858E-04  -1.38086510      0.126518741      -6.75436184E-02
   9.00000000       800.000000       7.35015273E-02   9.14107132      0.162914574       1.78201107E-10  -1.78052331E-04   3.58607061E-02  -3.79296223E-04  -1.38582540      0.126490682      -6.73387274E-02
   10.0000000       800.000000       7.40236938E-02   9.21487141      0.162181601       1.75978870E-10  -1.63422228E-04   3.54311280E-02  -2.86707073E-04  -1.39079797      0.126469567      -6.68135956E-02
   11.0000000       800.000000       7.45541826E-02   9.28909588      0.161450997       1.73784903E-10  -1.48400839E-04   3.50074470E-02  -2.04800090E-04  -1.39575136      0.126454324      -6.57079071E-02
   12.0000000       800.000000       7.50876293E-02   9.36382198      0.160713434       1.71608727E-10  -1.34814021E-04   3.45887765E-02  -1.30802597E-04  -1.40063214      0.126444653      -6.40053451E-02
   13.0000000       800.000000       7.56227747E-02   9.43945217      0.159960613       1.69441738E-10  -1.24105616E-04   3.41756195E-02  -6.91582027E-05  -1.40539670      0.126439333      -6.18050061E-02
   2.00000000       800.000000       7.61684179E-02   9.51551723      0.159186453       1.67276804E-10  -1.17520911E-04   3.37674543E-02  -1.57080995E-05  -1.41001332      0.126438290      -5.91949970E-02
   3.00000000       800.000000       7.67170042E-02   9.59179592      0.158386558       1.65109912E-10  -1.15728486E-04   3.33648063E-02   2.75819148E-05  -1.41444731      0.126440272      -5.64282387E-02
   4.00000000       800.000000       7.72694573E-02   9.66848755      0.157562539       1.62943117E-10  -1.18558921E-04   3.29672135E-02   6.27916670E-05  -1.41870034      0.126444951      -5.38844690E-02
   5.00000000       800.000000       7.78230131E-02   9.74612713      0.156720936       1.60783109E-10  -1.24752944E-04   3.25744748E-02   9.29376256E-05  -1.42280304      0.126452103      -5.19042872E-02
   6.00000000       800.000000       7.83851892E-02   9.82425022      0.155870795       1.58639435E-10  -1.32358356E-04   3.21866795E-02   1.16583782E-04  -1.42681158      0.126461521      -5.07976376E-02
   7.00000000       800.000000       7.89523125E-02   9.90284920      0.155024052       1.56524141E-10  -1.38888514E-04   3.18039805E-02   1.33184367E-04  -1.43079627      0.126472026      -5.05584702E-02
   8.00000000       800.000000       7.95280412E-02   9.98241329      0.154189155       1.54445470E-10  -1.42515899E-04   3.14256884E-02   1.44014353E-04  -1.43482327      0.126483649      -5.08553199E-02
   9.00000000       800.000000       8.01055804E-02   10.0623922      0.153370306       1.52406809E-10  -1.42359335E-04   3.10524199E-02   1.51431552E-04  -1.43891525      0.126495600      -5.12746498E-02
   10.0000000       800.000000       8.06882754E-02   10.1425762      0.152566567       1.50406312E-10  -1.38534742E-04   3.06834597E-02   1.57038376E-04  -1.44306743      0.126508236      -5.15489914E-02
   11.0000000       800.000000       8.12722519E-02   10.2231703      0.151775926       1.48441523E-10  -1.31696521E-04   3.03193945E-02   1.62342083E-04  -1.44726324      0.126521274      -5.14751226E-02
   12.0000000       800.000000       8.18665698E-02   10.3048105      0.150992334       1.46506390E-10  -1.23082718E-04   2.99597345E-02   1.68309925E-04  -1.45146453      0.126535192      -5.08134216E-02
   13.0000000       800.000000       8.24698508E-02   10.3871059      0.150210053       1.44594364E-10  -1.14369075E-04   2.96052340E-02   1.74289657E-04  -1.45561421      0.126549512      -4.96039949E-02
   2.00000000       800.000000       8.30690786E-02   10.4702911      0.149425626       1.42702170E-10  -1.06462925E-04   2.92546265E-02   1.78253438E-04  -1.45967674      0.126564339      -4.82490137E-02
   3.00000000       800.000000       8.36792067E-02   10.5531397      0.148639664       1.40830320E-10  -9.91254419E-05   2.89078392E-02   1.78020215E-04  -1.46366143      0.126579374      -4.70706336E-02
   4.00000000       800.000000       8.42924491E-02   10.6371202      0.147853687       1.38979689E-10  -9.20984530E-05   2.85661221E-02   1.71759340E-04  -1.46758282      0.126593724      -4.58726510E-02
   5.00000000       800.000000       8.49149227E-02   10.7222576      0.147062778       1.37145212E-10  -8.60656364E-05   2.82281693E-02   1.58845723E-04  -1.47142208      0.126607314      -4.42775004E-02
   6.00000000       800.000000       8.55400413E-02   10.8070173      0.146258712       1.35319811E-10  -8.23078371E-05   2.78947670E-02   1.39839045E-04  -1.47512984      0.126619115      -4.21895348E-02
   7.00000000       800.000000       8.61672983E-02   10.8929453      0.145435855       1.33498074E-10  -8.19374472E-05   2.75652856E-02   1.17161937E-04  -1.47866488      0.126629472      -3.97999585E-02
   8.00000000       800.000000       8.68062824E-02   10.9799843      0.144593000       1.31678668E-10  -8.52985686E-05   2.72401012E-02   9.23584230E-05  -1.48201501      0.126637727      -3.74551713E-02
   9.00000000       800.000000       8.74475688E-02   11.0664978      0.143733948       1.29865965E-10  -9.17276120E-05   2.69184895E-02   6.69933142E-05  -1.48519194      0.126643419      -3.55440415E-02
   10.0000000       800.000000       8.80924463E-02   11.1543617      0.142867729       1.28067487E-10  -9.93263602E-05   2.66008005E-02   4.17484807E-05  -1.48825312      0.126646772      -3.44983786E-02
   11.0000000       800.000000       8.87458175E-02   11.2425718      0.142007887       1.26295641E-10  -1.05280720E-04   2.62872651E-02   1.67906219E-05  -1.49129415      0.126648426      -3.46006416E-02
   12.0000000       800.000000       8.94047245E-02   11.3320246      0.141168043       1.24561875E-10  -1.06794330E-04   2.59772483E-02  -8.16938427E-06  -1.49441564      0.126647711      -3.55886519E-02
   13.0000000       800.000000       9.00711343E-02   11.4218473      0.140353367       1.22869978E-10  -1.02470927E-04   2.56712027E-02  -3.18431994E-05  -1.49768186      0.126644701      -3.66960093E-02
   2.00000000       800.000000       9.07422155E-02   11.5118284      0.139560118       1.21216190E-10  -9.31536852E-05   2.53688507E-02  -5.20426438E-05  -1.50105357      0.126640052      -3.73112448E-02
   3.00000000       800.000000       9.14164707E-02   11.6033077      0.138780892       1.19592988E-10  -8.06489625E-05   2.50702444E-02  -6.77378775E-05  -1.50447643      0.126633868      -3.71566154E-02
   4.00000000       800.000000       9.20993984E-02   11.6952047      0.138004601       1.17991339E-10  -6.74007897E-05   2.47754510E-02  -7.94489024E-05  -1.50787127      0.126626685      -3.60272937E-02
   5.00000000       800.000000       9.27866399E-02   11.7873383      0.137220606       1.16400591E-10  -5.59357759E-05   2.44839098E-02  -8.82451641E-05  -1.51113868      0.126618475      -3.40798460E-02
   6.00000000       800.000000       9.34779644E-02   11.8806105      0.136421636       1.14816108E-10  -4.77741596E-05   2.41962634E-02  -9.64676365E-05  -1.51421905      0.126609311      -3.18154842E-02
   7.00000000       800.000000       9.41774696E-02   11.9743528      0.135606036       1.13234915E-10  -4.32864472E-05   2.39117965E-02  -1.05981620E-04  -1.51711023      0.126599476      -2.94413380E-02
   8.00000000       800.000000       9.48819369E-02   12.0688763      0.134771451       1.11656420E-10  -4.27699088E-05   2.36311592E-02  -1.16743970E-04  -1.51978707      0.126588181      -2.70026531E-02
   9.00000000       800.000000       9.55979601E-02   12.1640635      0.133917585       1.10080701E-10  -4.59840157E-05   2.33534165E-02  -1.27068182E-04  -1.52225363      0.126576051      -2.47142036E-02
   10.0000000       800.000000       9.63135287E-02   12.2600622      0.133048162       1.08509889E-10  -5.22658811E-05   2.30792090E-02  -1.35775277E-04  -1.52452850      0.126562804      -2.28269696E-02
   11.0000000       800.000000       9.70358253E-02   12.3568468      0.132170275       1.06950782E-10  -6.00855856E-05   2.28084568E-02  -1.41927347E-04  -1.52666569      0.126549289      -2.16309465E-02
   12.0000000       800.000000       9.77677032E-02   12.4544106      0.131295726       1.05411901E-10  -6.70723020E-05   2.25408990E-02  -1.45229176E-04  -1.52874362      0.126535088      -2.13941392E-02
   13.0000000       800.000000       9.85076427E-02   12.5523767      0.130436704       1.03903525E-10  -7.05347629E-05   2.22764108E-02  -1.46059421E-04  -1.53086472      0.126520663      -2.21460275E-02
   2.00000000       800.000000       9.92456749E-02   12.6510534      0.129602313       1.02432056E-10  -6.82438476E-05   2.20150426E-02  -1.44247766E-04  -1.53312242      0.126506209      -2.34482251E-02
   3.00000000       800.000000       9.99961421E-02   12.7503929      0.128794745       1.00998487E-10  -5.97950566E-05   2.17569638E-02  -1.39161930E-04  -1.53553498      0.126492411      -2.45288163E-02
   4.00000000       800.000000      0.100751281       12.8514633      0.128005743       9.95956650E-11  -4.70277519E-05   2.15020515E-02  -1.30446278E-04  -1.53804445      0.126479387      -2.47258507E-02
   5.00000000       800.000000      0.101513669       12.9527330      0.127221078       9.82124659E-11  -3.29909890E-05   2.12500431E-02  -1.18867414E-04  -1.54053676      0.126467258      -2.37041377E-02
   6.00000000       800.000000      0.102282949       13.0543804      0.126425818       9.68366567E-11  -2.12398445E-05   2.10012812E-02  -1.05743697E-04  -1.54287779      0.126456276      -2.14775130E-02
   7.00000000       800.000000      0.103057869       13.1565609      0.125606760       9.54584883E-11  -1.44544265E-05   2.07552649E-02  -9.22910986E-05  -1.54494774      0.126446873      -1.85517482E-02
   8.00000000       800.000000      0.103839546       13.2604132      0.124760918       9.40757888E-11  -1.35804821E-05   2.05124114E-02  -7.93195795E-05  -1.54671514      0.126438633      -1.55321602E-02
   9.00000000       800.000000      0.104626514       13.3645535      0.123890072       9.26907232E-11  -1.81443793E-05   2.02724785E-02  -6.66259148E-05  -1.54818738      0.126431689      -1.28791109E-02
   10.0000000       800.000000      0.105420068       13.4691267      0.123002432       9.13089604E-11  -2.62992307E-05   2.00351346E-02  -5.36264415E-05  -1.54942107      0.126426071      -1.10683572E-02
   11.0000000       800.000000      0.106228657       13.5754204      0.122111082       8.99407077E-11  -3.53617907E-05   1.98005289E-02  -4.06873260E-05  -1.55052722      0.126421884      -1.02625815E-02
   12.0000000       800.000000      0.107034281       13.6821260      0.121227816       8.85943124E-11  -4.24282553E-05   1.95689313E-02  -2.79682808E-05  -1.55161071      0.126418665      -1.04806516E-02
   13.0000000       800.000000      0.107849084       13.7891541      0.120365888       8.72789133E-11  -4.48324281E-05   1.93400066E-02  -1.59644878E-05  -1.55277979      0.126416892      -1.15164202E-02
   2.00000000       800.000000      0.108672515       13.8981247      0.119530253       8.59980073E-11  -4.11640358E-05   1.91136952E-02  -4.70226587E-06  -1.55410159      0.126416460      -1.27682015E-02
   3.00000000       800.000000      0.109497771       14.0066690      0.118718810       8.47488468E-11  -3.19745741E-05   1.88903883E-02   6.21590698E-06  -1.55556548      0.126417160      -1.34794451E-02
   4.00000000       800.000000      0.110339761       14.1170921      0.117918074       8.35218006E-11  -1.99697843E-05   1.86696798E-02   1.69146078E-05  -1.55706561      0.126418993      -1.29524078E-02
   5.00000000       800.000000      0.111177742       14.2269335      0.117110126       8.23037472E-11  -9.21948231E-06   1.84511598E-02   2.71224253E-05  -1.55843568      0.126422122      -1.10218413E-02
   6.00000000       800.000000      0.112030037       14.3394938      0.116280377       8.10845766E-11  -3.09083612E-06   1.82358064E-02   3.59863770E-05  -1.55952477      0.126426280      -8.17216560E-03
   7.00000000       800.000000      0.112885214       14.4517355      0.115423270       7.98605973E-11  -3.07389109E-06   1.80226434E-02   4.29977481E-05  -1.56027293      0.126430720      -5.18658245E-03
   8.00000000       800.000000      0.113750286       14.5650282      0.114543378       7.86352650E-11  -8.14871328E-06   1.78121999E-02   4.79354167E-05  -1.56070244      0.126436427      -2.88957311E-03
   9.00000000       800.000000      0.114624061       14.6793976      0.113654509       7.74178846E-11  -1.54625977E-05   1.76039878E-02   5.10949139E-05  -1.56093550      0.126442164      -1.70007709E-03
   10.0000000       800.000000      0.115506783       14.7940674      0.112769380       7.62175600E-11  -2.18303157E-05   1.73984710E-02   5.26041076E-05  -1.56109178      0.126448408      -1.56805327E-03
   11.0000000       800.000000      0.116393380       14.9101496      0.111899994       7.50420420E-11  -2.46117706E-05   1.71952266E-02   5.27990378E-05  -1.56129718      0.126454473      -2.16174987E-03
   12.0000000       800.000000      0.117281690       15.0272551      0.111051232       7.38937384E-11  -2.26007724E-05   1.69944242E-02   5.18783563E-05  -1.56159663      0.126460627      -2.89824256E-03
   13.0000000       800.000000      0.118191823       15.1445360      0.110219836       7.27702898E-11  -1.63792156E-05   1.67959612E-02   5.03095689E-05  -1.56198049      0.126466364      -3.18802451E-03
   2.00000000       800.000000      0.119099334       15.2630339      0.109395862       7.16649518E-11  -8.16347074E-06   1.65998451E-02   4.82961295E-05  -1.56235337      0.126472369      -2.52233539E-03
   3.00000000       800.000000      0.120015435       15.3828135      0.108565584       7.05682318E-11  -1.18505216E-06   1.64062381E-02   4.57766837E-05  -1.56258154      0.126477808      -7.99015630E-04
   4.00000000       800.000000      0.120940529       15.5036430      0.107718438       6.94734617E-11   2.02826027E-06   1.62145738E-02   4.24586178E-05  -1.56255019      0.126482934       1.52280554E-03
   5.00000000       800.000000      0.121867239       15.6249332      0.106852449       6.83794896E-11   8.44182239E-07   1.60253402E-02   3.81988175E-05  -1.56221318      0.126487553       3.71732912E-03
   6.00000000       800.000000      0.122810721       15.7464323      0.105974436       6.72908326E-11  -3.20264940E-06   1.58383418E-02   3.31835436E-05  -1.56163824      0.126491755       5.14790602E-03
   7.00000000       800.000000      0.123757191       15.8707790      0.105096661       6.62149016E-11  -7.41507938E-06   1.56534519E-02   2.77682393E-05  -1.56094253      0.126495212       5.68335131E-03
   8.00000000       800.000000      0.124716990       15.9948425      0.104227476       6.51571921E-11  -9.59504996E-06   1.54707721E-02   2.20700622E-05  -1.56022525      0.126497746       5.63830324E-03
   9.00000000       800.000000      0.125679165       16.1200333      0.103371345       6.41201328E-11  -8.70071563E-06   1.52898040E-02   1.63524255E-05  -1.55953383      0.126499802       5.45346597E-03
   10.0000000       800.000000      0.126648560       16.2460766      0.102526285       6.31021069E-11  -5.09686288E-06   1.51116792E-02   1.07254482E-05  -1.55884755      0.126501217       5.56902820E-03
   11.0000000       800.000000      0.127627030       16.3736973      0.101685800       6.20987706E-11  -3.06584440E-07   1.49350641E-02   5.44076056E-06  -1.55811608      0.126501888       6.28306577E-03
   12.0000000       800.000000      0.128622070       16.5009899      0.100841641       6.11050516E-11   3.61778257E-06   1.47611313E-02   5.48584296E-07  -1.55723774      0.126502082       7.63126230E-03
   13.0000000       800.000000      0.129615709       16.6299458       9.99874994E-02   6.01171335E-11   5.20970252E-06   1.45885991E-02  -3.98305565E-06  -1.55614531      0.126501590       9.25964490E-03
   2.00000000       800.000000      0.130617574       16.7607040       9.91240442E-02   5.91352869E-11   4.44636862E-06   1.44188730E-02  -8.12568760E-06  -1.55482817      0.126500502       1.06691830E-02
   3.00000000       800.000000      0.131631613       16.8909397       9.82569456E-02   5.81629050E-11   2.64319874E-06   1.42505392E-02  -1.17744521E-05  -1.55334592      0.126498684       1.15605965E-02
   4.00000000       800.000000      0.132658064       17.0234966       9.73925292E-02   5.72038146E-11   1.41446310E-06   1.40839415E-02  -1.49512171E-05  -1.55177426      0.126497045       1.19788693E-02
   5.00000000       800.000000      0.133689612       17.1564980       9.65353101E-02   5.62600695E-11   1.78626067E-06   1.39198136E-02  -1.76834692E-05  -1.55015635      0.126494378       1.21996105E-02
   6.00000000       800.000000      0.134727374       17.2917385       9.56846178E-02   5.53315484E-11   3.78095729E-06   1.37571814E-02  -2.00438171E-05  -1.54849970      0.126491740       1.25456415E-02
   7.00000000       800.000000      0.135772675       17.4260139       9.48373005E-02   5.44160064E-11   6.50012498E-06   1.35967983E-02  -2.19194335E-05  -1.54676044      0.126488939       1.32477088E-02
   8.00000000       800.000000      0.136831790       17.5625153       9.39884111E-02   5.35102518E-11   8.75381284E-06   1.34384437E-02  -2.32872535E-05  -1.54488850      0.126485616       1.42822573E-02
   9.00000000       800.000000      0.137887821       17.6995029       9.31351185E-02   5.26130285E-11   9.78594198E-06   1.32814841E-02  -2.41156522E-05  -1.54283881      0.126482233       1.54356090E-02
   10.0000000       800.000000      0.138969555       17.8388729       9.22773778E-02   5.17242187E-11   9.65059826E-06   1.31263863E-02  -2.43845607E-05  -1.54061520      0.126479030       1.64555479E-02
   11.0000000       800.000000      0.140046909       17.9775219       9.14194733E-02   5.08454112E-11   9.10894414E-06   1.29735693E-02  -2.40851296E-05  -1.53824866      0.126475632       1.71839409E-02
   12.0000000       800.000000      0.141143247       18.1181393       9.05637518E-02   4.99788266E-11   9.06027344E-06   1.28215533E-02  -2.33311312E-05  -1.53578258      0.126472369       1.76714472E-02
   13.0000000       800.000000      0.142242312       18.2606220       8.97123516E-02   4.91246661E-11   9.92136847E-06   1.26724141E-02  -2.22710823E-05  -1.53323829      0.126469016       1.81163009E-02
   2.00000000       800.000000      0.143348306       18.4025784       8.88646618E-02   4.82828708E-11   1.14596705E-05   1.25241736E-02  -2.09847622E-05  -1.53060889      0.126466140       1.86898764E-02
   3.00000000       800.000000      0.144470185       18.5468769       8.80175605E-02   4.74516086E-11   1.30677408E-05   1.23785958E-02  -1.94989625E-05  -1.52786183      0.126463354       1.94456261E-02
   4.00000000       800.000000      0.145599216       18.6916237       8.71697888E-02   4.66298875E-11   1.42026875E-05   1.22337434E-02  -1.78251594E-05  -1.52496958      0.126460731       2.03082692E-02
   5.00000000       800.000000      0.146730632       18.8387299       8.63207430E-02   4.58173360E-11   1.47561832E-05   1.20910611E-02  -1.59426327E-05  -1.52192855      0.126458213       2.11302005E-02
   6.00000000       800.000000      0.147886083       18.9852219       8.54715556E-02   4.50147003E-11   1.50528504E-05   1.19499732E-02  -1.38359737E-05  -1.51874197      0.126456425       2.18165182E-02
   7.00000000       800.000000      0.149040878       19.1336536       8.46243203E-02   4.42227435E-11   1.55475645E-05   1.18103446E-02  -1.15588055E-05  -1.51545095      0.126454592       2.23762002E-02
   8.00000000       800.000000      0.150206983       19.2841053       8.37798789E-02   4.34416669E-11   1.64727535E-05   1.16728861E-02  -9.22104573E-06  -1.51204455      0.126453221       2.29021776E-02
   9.00000000       800.000000      0.151375279       19.4338169       8.29375982E-02   4.26714324E-11   1.76724498E-05   1.15361568E-02  -6.92595540E-06  -1.50854170      0.126452282       2.35065520E-02
   10.0000000       800.000000      0.152559474       19.5859928       8.20964426E-02   4.19107839E-11   1.87593450E-05   1.14020351E-02  -4.73860518E-06  -1.50490320      0.126451522       2.42112130E-02
   11.0000000       800.000000      0.153755501       19.7391071       8.12547877E-02   4.11595376E-11   1.94883269E-05   1.12686232E-02  -2.67989935E-06  -1.50112009      0.126450911       2.49378458E-02
   12.0000000       800.000000      0.154966682       19.8943138       8.04142281E-02   4.04172286E-11   1.99254591E-05   1.11371120E-02  -7.28334328E-07  -1.49720454      0.126451120       2.56040469E-02
   13.0000000       800.000000      0.156182289       20.0499210       7.95740485E-02   3.96849324E-11   2.03106101E-05   1.10072261E-02   1.13396186E-06  -1.49315143      0.126451150       2.61881594E-02
   2.00000000       800.000000      0.157407701       20.2067699       7.87368193E-02   3.89626387E-11   2.08562215E-05   1.08790537E-02   2.87577905E-06  -1.48899269      0.126451552       2.67181937E-02
   3.00000000       800.000000      0.158632427       20.3635406       7.79021829E-02   3.82503404E-11   2.16195313E-05   1.07517317E-02   4.44950683E-06  -1.48470700      0.126452267       2.72422004E-02
   4.00000000       800.000000      0.159881696       20.5234394       7.70689547E-02   3.75477843E-11   2.24932155E-05   1.06258793E-02   5.81204267E-06  -1.48031187      0.126453251       2.78025456E-02
   5.00000000       800.000000      0.161134437       20.6836548       7.62382448E-02   3.68545333E-11   2.33266783E-05   1.05018690E-02   6.94461914E-06  -1.47579408      0.126454279       2.83853095E-02
   6.00000000       800.000000      0.162408039       20.8466339       7.54078031E-02   3.61706221E-11   2.41004400E-05   1.03796683E-02   7.85663997E-06  -1.47113979      0.126455635       2.89487094E-02
   7.00000000       800.000000      0.163673609       21.0080662       7.45809823E-02   3.54961026E-11   2.48796514E-05   1.02578374E-02   8.56812130E-06  -1.46634519      0.126456916       2.94839051E-02
   8.00000000       800.000000      0.164970547       21.1726456       7.37549216E-02   3.48305725E-11   2.56919793E-05   1.01380274E-02   9.09224036E-06  -1.46144390      0.126458466       3.00051961E-02
   9.00000000       800.000000      0.166260168       21.3390827       7.29308054E-02   3.41740559E-11   2.65164126E-05   1.00196842E-02   9.42301267E-06  -1.45641470      0.126460016       3.05299889E-02
   10.0000000       800.000000      0.167571649       21.5048828       7.21093714E-02   3.35270076E-11   2.72778761E-05   9.90292337E-03   9.55182350E-06  -1.45124149      0.126461536       3.10637970E-02
   11.0000000       800.000000      0.168884769       21.6747990       7.12895542E-02   3.28885044E-11   2.79299566E-05   9.78699513E-03   9.48035085E-06  -1.44594610      0.126463413       3.15887332E-02
   12.0000000       800.000000      0.170220941       21.8437004       7.04723299E-02   3.22589733E-11   2.85134065E-05   9.67256539E-03   9.22420350E-06  -1.44053364      0.126464888       3.20840515E-02
   13.0000000       800.000000      0.171562597       22.0148487       6.96565211E-02   3.16383378E-11   2.91088945E-05   9.55963321E-03   8.80949756E-06  -1.43497694      0.126466200       3.25480737E-02
   2.00000000       800.000000      0.172911152       22.1867790       6.88441619E-02   3.10261955E-11   2.97710249E-05   9.44765098E-03   8.26185533E-06  -1.42933166      0.126467720       3.29912379E-02
   3.00000000       800.000000      0.174262822       22.3595982       6.80336878E-02   3.04231640E-11   3.05057274E-05   9.33784060E-03   7.59937484E-06  -1.42354119      0.126468837       3.34249996E-02
   4.00000000       800.000000      0.175636902       22.5350342       6.72264099E-02   2.98291010E-11   3.12877892E-05   9.22819227E-03   6.83580083E-06  -1.41764081      0.126470238       3.38530764E-02
   5.00000000       800.000000      0.177029908       22.7109966       6.64227977E-02   2.92429414E-11   3.20966356E-05   9.12080146E-03   5.98713086E-06  -1.41160023      0.126471385       3.42726596E-02
   6.00000000       800.000000      0.178427994       22.8897495       6.56205863E-02   2.86656740E-11   3.29189752E-05   9.01401695E-03   5.07442110E-06  -1.40545428      0.126472354       3.46843004E-02
   7.00000000       800.000000      0.179832757       23.0675335       6.48216754E-02   2.80968894E-11   3.37272650E-05   8.90868343E-03   4.12309237E-06  -1.39917183      0.126473010       3.50915417E-02
   8.00000000       800.000000      0.181247130       23.2492962       6.40247986E-02   2.75361817E-11   3.44866494E-05   8.80431384E-03   3.15805255E-06  -1.39278650      0.126473606       3.54935192E-02
   9.00000000       800.000000      0.182678327       23.4303741       6.32312596E-02   2.69838336E-11   3.51811759E-05   8.70132260E-03   2.20063248E-06  -1.38626480      0.126473993       3.58828679E-02
   10.0000000       800.000000      0.184120178       23.6137962       6.24410696E-02   2.64394704E-11   3.58275356E-05   8.59970041E-03   1.26820396E-06  -1.37963009      0.126474246       3.62525173E-02
   11.0000000       800.000000      0.185574606       23.7995758       6.16541803E-02   2.59033229E-11   3.64640000E-05   8.49908870E-03   3.75600763E-07  -1.37286150      0.126474291       3.66001315E-02
   12.0000000       800.000000      0.187039450       23.9845982       6.08698763E-02   2.53753858E-11   3.71299575E-05   8.39980971E-03  -4.63770476E-07  -1.36598337      0.126474321       3.69278155E-02
   13.0000000       800.000000      0.188515589       24.1725788       6.00890517E-02   2.48552914E-11   3.78454388E-05   8.30092560E-03  -1.23944790E-06  -1.35898936      0.126473933       3.72409597E-02
   2.00000000       800.000000      0.190003842       24.3626595       5.93123659E-02   2.43434543E-11   3.86058746E-05   8.20397306E-03  -1.94213158E-06  -1.35188627      0.126473367       3.75430211E-02
   3.00000000       800.000000      0.191507503       24.5538692       5.85387573E-02   2.38392587E-11   3.93925220E-05   8.10811389E-03  -2.56387989E-06  -1.34466791      0.126472980       3.78376134E-02
   4.00000000       800.000000      0.193027228       24.7454605       5.77689409E-02   2.33425987E-11   4.01892976E-05   8.01289920E-03  -3.09829193E-06  -1.33734071      0.126472488       3.81230861E-02
   5.00000000       800.000000      0.194553345       24.9383144       5.70032485E-02   2.28539861E-11   4.09773929E-05   7.91931059E-03  -3.54085000E-06  -1.32988107      0.126471817       3.84006388E-02
   6.00000000       800.000000      0.196085945       25.1336231       5.62407486E-02   2.23734156E-11   4.17366464E-05   7.82646053E-03  -3.88773879E-06  -1.32232177      0.126470983       3.86700779E-02
   7.00000000       800.000000      0.197636858       25.3313236       5.54808192E-02   2.18996904E-11   4.24623977E-05   7.73482397E-03  -4.13831367E-06  -1.31467414      0.126470253       3.89258899E-02
   8.00000000       800.000000      0.199212298       25.5304661       5.47262132E-02   2.14338530E-11   4.31655062E-05   7.64451968E-03  -4.29409010E-06  -1.30689156      0.126469269       3.91645208E-02
   9.00000000       800.000000      0.200781316       25.7297115       5.39729707E-02   2.09750186E-11   4.38690622E-05   7.55496789E-03  -4.35989023E-06  -1.29896772      0.126468539       3.93848121E-02
   10.0000000       800.000000      0.202371761       25.9304714       5.32256924E-02   2.05240356E-11   4.45943988E-05   7.46658817E-03  -4.34142385E-06  -1.29102957      0.126467526       3.95886637E-02
   11.0000000       800.000000      0.203978211       26.1335907       5.24854288E-02   2.00800262E-11   4.53508255E-05   7.37897167E-03  -4.24570862E-06  -1.28287947      0.126466587       3.97780873E-02
   12.0000000       800.000000      0.205590189       26.3390236       5.17446585E-02   1.96434292E-11   4.61353447E-05   7.29233027E-03  -4.08048390E-06  -1.27473259      0.126465902       3.99560370E-02
   13.0000000       800.000000      0.207215562       26.5462608       5.10095768E-02   1.92142517E-11   4.69341212E-05   7.20716454E-03  -3.85382191E-06  -1.26643765      0.126465097       4.01241928E-02
   2.00000000       800.000000      0.208862230       26.7531796       5.02789356E-02   1.87917772E-11   4.77301182E-05   7.12230103E-03  -3.57459453E-06  -1.25800872      0.126464263       4.02821153E-02
   3.00000000       800.000000      0.210511744       26.9634609       4.95537296E-02   1.83762450E-11   4.85098317E-05   7.03882845E-03  -3.25244037E-06  -1.24951589      0.126463577       4.04289514E-02
   4.00000000       800.000000      0.212182373       27.1744270       4.88317423E-02   1.79677332E-11   4.92636827E-05   6.95626577E-03  -2.89698005E-06  -1.24092567      0.126463011       4.05631959E-02
   5.00000000       800.000000      0.213867262       27.3881035       4.81146351E-02   1.75662679E-11   4.99931921E-05   6.87478902E-03  -2.51804659E-06  -1.23221707      0.126462549       4.06823009E-02
   6.00000000       800.000000      0.215570495       27.6017551       4.74022739E-02   1.71711152E-11   5.07089499E-05   6.79412531E-03  -2.12505074E-06  -1.22343564      0.126462027       4.07850556E-02
   7.00000000       800.000000      0.217280358       27.8196926       4.66945283E-02   1.67831998E-11   5.14238636E-05   6.71457732E-03  -1.72675357E-06  -1.21458149      0.126461670       4.08720002E-02
   8.00000000       800.000000      0.218995273       28.0367794       4.59916852E-02   1.64018764E-11   5.21469847E-05   6.63570454E-03  -1.33131039E-06  -1.20562017      0.126461416       4.09442224E-02
   9.00000000       800.000000      0.220740929       28.2576332       4.52929139E-02   1.60271831E-11   5.28781020E-05   6.55804900E-03  -9.45901320E-07  -1.19657660      0.126461282       4.10041250E-02
   10.0000000       800.000000      0.222490728       28.4788132       4.45996970E-02   1.56589516E-11   5.36129883E-05   6.48115808E-03  -5.77072797E-07  -1.18745136      0.126461208       4.10513729E-02
   11.0000000       800.000000      0.224248633       28.7025547       4.39112298E-02   1.52973485E-11   5.43495007E-05   6.40491443E-03  -2.30297232E-07  -1.17824805      0.126461193       4.10869420E-02
   12.0000000       800.000000      0.226034790       28.9273281       4.32283394E-02   1.49421604E-11   5.50789882E-05   6.32984657E-03   9.05515236E-08  -1.16896677      0.126461148       4.11106683E-02
   13.0000000       800.000000      0.227838799       29.1540203       4.25507873E-02   1.45932415E-11   5.57948806E-05   6.25553215E-03   3.82161687E-07  -1.15957475      0.126461148       4.11205515E-02
   2.00000000       800.000000      0.229636580       29.3828106       4.18776534E-02   1.42509745E-11   5.65028349E-05   6.18201494E-03   6.42234795E-07  -1.15014482      0.126461416       4.11181450E-02
   3.00000000       800.000000      0.231463313       29.6143074       4.12094295E-02   1.39143237E-11   5.72037789E-05   6.10940345E-03   8.68943459E-07  -1.14064229      0.126461670       4.11028489E-02
   4.00000000       800.000000      0.233298600       29.8444633       4.05471027E-02   1.35840427E-11   5.78968284E-05   6.03784807E-03   1.06130426E-06  -1.13100231      0.126461834       4.10739332E-02
   5.00000000       800.000000      0.235164225       30.0788250       3.98901366E-02   1.32600268E-11   5.85856033E-05   5.96698560E-03   1.21811570E-06  -1.12140083      0.126461938       4.10327613E-02
   6.00000000       800.000000      0.237021416       30.3152733       3.92399542E-02   1.29423972E-11   5.92667166E-05   5.89682395E-03   1.33934600E-06  -1.11165619      0.126462266       4.09801975E-02
   7.00000000       800.000000      0.238909259       30.5545444       3.85928303E-02   1.26299839E-11   5.99377308E-05   5.82764810E-03   1.42570491E-06  -1.10188663      0.126462504       4.09148447E-02
   8.00000000       800.000000      0.240805298       30.7942753       3.79524417E-02   1.23238164E-11   6.06038266E-05   5.75915445E-03   1.47881633E-06  -1.09205306      0.126462758       4.08354886E-02
   9.00000000       800.000000      0.242732763       31.0363560       3.73177864E-02   1.20229382E-11   6.12702934E-05   5.69152134E-03   1.50071889E-06  -1.08211339      0.126463234       4.07440327E-02
   10.0000000       800.000000      0.244650185       31.2805672       3.66900600E-02   1.17283770E-11   6.19385464E-05   5.62472409E-03   1.49378718E-06  -1.07215822      0.126463607       4.06401046E-02
   11.0000000       800.000000      0.246601894       31.5240726       3.60656753E-02   1.14395975E-11   6.26044348E-05   5.55869984E-03   1.46065383E-06  -1.06215990      0.126463935       4.05247658E-02
   12.0000000       800.000000      0.248575494       31.7732716       3.54480930E-02   1.11556927E-11   6.32635565E-05   5.49316406E-03   1.40405677E-06  -1.05208075      0.126464352       4.03982364E-02
   13.0000000       800.000000      0.250549018       32.0229034       3.48362811E-02   1.08781994E-11   6.39128048E-05   5.42849349E-03   1.32679338E-06  -1.04199278      0.126464725       4.02598418E-02
   2.00000000       800.000000      0.252544135       32.2734489       3.42317261E-02   1.06053812E-11   6.45528780E-05   5.36464574E-03   1.23167899E-06  -1.03187406      0.126464963       4.01092693E-02
   3.00000000       800.000000      0.254557490       32.5260506       3.36306170E-02   1.03383517E-11   6.51883165E-05   5.30165527E-03   1.12172313E-06  -1.02166140      0.126465321       3.99462953E-02
   4.00000000       800.000000      0.256586730       32.7818604       3.30382735E-02   1.00769254E-11   6.58243152E-05   5.23947133E-03   9.99849249E-07  -1.01145089      0.126465604       3.97710726E-02
   5.00000000       800.000000      0.258610994       33.0395813       3.24506722E-02   9.82038062E-12   6.64645049E-05   5.17768273E-03   8.69024461E-07  -1.00119555      0.126465812       3.95841412E-02
   6.00000000       800.000000      0.260681123       33.2992859       3.18680666E-02   9.56916577E-12   6.71102389E-05   5.11679286E-03   7.32127830E-07 -0.990883887      0.126465976       3.93857881E-02
   7.00000000       800.000000      0.262756377       33.5623474       3.12941186E-02   9.32356709E-12   6.77626304E-05   5.05658146E-03   5.92061838E-07 -0.980574965      0.126466095       3.91761214E-02
   8.00000000       800.000000      0.264846563       33.8261070       3.07237133E-02   9.08229308E-12   6.84254337E-05   4.99724923E-03   4.51532429E-07 -0.970197916      0.126466274       3.89552116E-02
   9.00000000       800.000000      0.266964108       34.0918350       3.01621016E-02   8.84624925E-12   6.90972738E-05   4.93832259E-03   3.12990778E-07 -0.959856749      0.126466408       3.87245677E-02
   10.0000000       800.000000      0.269089431       34.3593788       2.96064094E-02   8.61530031E-12   6.97678188E-05   4.88019548E-03   1.78817331E-07 -0.949440360      0.126466483       3.84855680E-02
   11.0000000       800.000000      0.271236569       34.6304741       2.90560387E-02   8.38932309E-12   7.04256963E-05   4.82278364E-03   5.11209315E-08 -0.939075589      0.126466542       3.82382236E-02
   12.0000000       800.000000      0.273390830       34.9008446       2.85106916E-02   8.16811896E-12   7.10662498E-05   4.76624817E-03  -6.83013610E-08 -0.928624749      0.126466513       3.79814021E-02
   13.0000000       800.000000      0.275573671       35.1773834       2.79738791E-02   7.95182670E-12   7.16871145E-05   4.71014297E-03  -1.77950170E-07 -0.918179631      0.126466498       3.77147496E-02
   2.00000000       800.000000      0.277770936       35.4531212       2.74420828E-02   7.73968476E-12   7.22921250E-05   4.65467526E-03  -2.76577538E-07 -0.907764554      0.126466498       3.74385007E-02
   3.00000000       800.000000      0.279982239       35.7325478       2.69191749E-02   7.53264465E-12   7.28875675E-05   4.59977845E-03  -3.63276740E-07 -0.897324443      0.126466468       3.71526331E-02
   4.00000000       800.000000      0.282222867       36.0137329       2.64005363E-02   7.33002027E-12   7.34733912E-05   4.54587815E-03  -4.37330613E-07 -0.886866152      0.126466334       3.68579328E-02
   5.00000000       800.000000      0.284471065       36.2968369       2.58887969E-02   7.13154969E-12   7.40479809E-05   4.49203467E-03  -4.98221652E-07 -0.876410306      0.126466244       3.65553349E-02
   6.00000000       800.000000      0.286742091       36.5804558       2.53829397E-02   6.93781404E-12   7.46093574E-05   4.43933578E-03  -5.45635032E-07 -0.866007090      0.126466006       3.62448320E-02
   7.00000000       800.000000      0.289016098       36.8690605       2.48840507E-02   6.74857956E-12   7.51573898E-05   4.38691536E-03  -5.79486311E-07 -0.855562806      0.126465753       3.59264091E-02
   8.00000000       800.000000      0.291324228       37.1585426       2.43922137E-02   6.56319573E-12   7.56939626E-05   4.33538575E-03  -5.99979273E-07 -0.845121682      0.126465604       3.56000662E-02
   9.00000000       800.000000      0.293644518       37.4530144       2.39063054E-02   6.38256158E-12   7.62206400E-05   4.28414624E-03  -6.07603170E-07 -0.834744692      0.126465529       3.52658294E-02
   10.0000000       800.000000      0.296003997       37.7481918       2.34267265E-02   6.20558639E-12   7.67376623E-05   4.23377287E-03  -6.03109640E-07 -0.824335635      0.126465246       3.49246226E-02
   11.0000000       800.000000      0.298353791       38.0451622       2.29542423E-02   6.03291939E-12   7.72435887E-05   4.18382743E-03  -5.87455474E-07 -0.813980818      0.126465023       3.45770679E-02
   12.0000000       800.000000      0.300734103       38.3437805       2.24882402E-02   5.86424225E-12   7.77364548E-05   4.13482310E-03  -5.61753041E-07 -0.803627193      0.126464859       3.42224352E-02
   13.0000000       800.000000      0.303147912       38.6467476       2.20288727E-02   5.69945913E-12   7.82162388E-05   4.08583321E-03  -5.27245675E-07 -0.793306231      0.126464635       3.38614397E-02
   2.00000000       800.000000      0.305555582       38.9513550       2.15759929E-02   5.53875348E-12   7.86851670E-05   4.03784122E-03  -4.85279088E-07 -0.783015072      0.126464516       3.34941633E-02
   3.00000000       800.000000      0.307996303       39.2577019       2.11296324E-02   5.38179397E-12   7.91479106E-05   3.99017707E-03  -4.37292044E-07 -0.772756100      0.126464337       3.31197567E-02
   4.00000000       800.000000      0.310469896       39.5681572       2.06897538E-02   5.22853245E-12   7.96092863E-05   3.94336227E-03  -3.84784727E-07 -0.762531996      0.126464248       3.27404886E-02
   5.00000000       800.000000      0.312931180       39.8770142       2.02565789E-02   5.07910814E-12   8.00731359E-05   3.89671349E-03  -3.29271103E-07 -0.752349913      0.126464128       3.23548838E-02
   6.00000000       800.000000      0.315432847       40.1933212       1.98300425E-02   4.93324652E-12   8.05400196E-05   3.85089661E-03  -2.72224980E-07 -0.742203355      0.126464069       3.19650024E-02
   7.00000000       800.000000      0.317947745       40.5082169       1.94098540E-02   4.79097231E-12   8.10064957E-05   3.80541221E-03  -2.15021799E-07 -0.732109070      0.126464039       3.15701179E-02
   8.00000000       800.000000      0.320495814       40.8281288       1.89961530E-02   4.65220831E-12   8.14672530E-05   3.76059161E-03  -1.58896412E-07 -0.722044706      0.126463994       3.11724525E-02
   9.00000000       800.000000      0.323059022       41.1489258       1.85891632E-02   4.51691722E-12   8.19162160E-05   3.71638453E-03  -1.04900579E-07 -0.712043941      0.126463950       3.07706967E-02
   10.0000000       800.000000      0.325634599       41.4749947       1.81885827E-02   4.38503704E-12   8.23497758E-05   3.67253344E-03  -5.39043690E-08 -0.702086747      0.126463935       3.03656980E-02
   11.0000000       800.000000      0.328246117       41.8027420       1.77943427E-02   4.25646627E-12   8.27676340E-05   3.62918084E-03  -6.60380239E-09 -0.692182958      0.126463965       2.99580898E-02
   12.0000000       800.000000      0.330868602       42.1312904       1.74068231E-02   4.13116329E-12   8.31712387E-05   3.58643569E-03   3.64758392E-08 -0.682341576      0.126463979       2.95468327E-02
   13.0000000       800.000000      0.333499759       42.4624519       1.70255601E-02   4.00901881E-12   8.35634200E-05   3.54412431E-03   7.49720286E-08 -0.672556996      0.126463994       2.91324332E-02
   2.00000000       800.000000      0.336178690       42.7972488       1.66505352E-02   3.89008834E-12   8.39463246E-05   3.50244134E-03   1.08655399E-07 -0.662831426      0.126464024       2.87158526E-02
   3.00000000       800.000000      0.338866234       43.1343956       1.62820481E-02   3.77422963E-12   8.43223024E-05   3.46095837E-03   1.37423314E-07 -0.653172076      0.126464054       2.82974299E-02
   4.00000000       800.000000      0.341564178       43.4764404       1.59198605E-02   3.66139367E-12   8.46918119E-05   3.42022581E-03   1.61273533E-07 -0.643576086      0.126464143       2.78773196E-02
   5.00000000       800.000000      0.344298780       43.8198090       1.55639341E-02   3.55151759E-12   8.50540600E-05   3.37985461E-03   1.80301697E-07 -0.634050786      0.126464158       2.74545383E-02
   6.00000000       800.000000      0.347046673       44.1641579       1.52142560E-02   3.44455822E-12   8.54066602E-05   3.34007200E-03   1.94657716E-07 -0.624596536      0.126464218       2.70330310E-02
   7.00000000       800.000000      0.349838823       44.5138283       1.48707787E-02   3.34041150E-12   8.57464547E-05   3.30067193E-03   2.04536903E-07 -0.615213633      0.126464307       2.66094673E-02
   8.00000000       800.000000      0.352615893       44.8651733       1.45333568E-02   3.23906830E-12   8.60693544E-05   3.26185790E-03   2.10153914E-07 -0.605903983      0.126464441       2.61870474E-02
   9.00000000       800.000000      0.355454803       45.2186356       1.42021663E-02   3.14046705E-12   8.63735768E-05   3.22339940E-03   2.11728178E-07 -0.596670628      0.126464501       2.57636718E-02
   10.0000000       800.000000      0.358279139       45.5763397       1.38769634E-02   3.04454031E-12   8.66591072E-05   3.18529108E-03   2.09511128E-07 -0.587515950      0.126464605       2.53399462E-02
   11.0000000       800.000000      0.361149102       45.9357567       1.35579286E-02   2.95123930E-12   8.69262003E-05   3.14776972E-03   2.03761005E-07 -0.578440368      0.126464710       2.49170512E-02
   12.0000000       800.000000      0.364027262       46.2968864       1.32447183E-02   2.86050328E-12   8.71772936E-05   3.11078480E-03   1.94784349E-07 -0.569447577      0.126464739       2.44945548E-02
   13.0000000       800.000000      0.366944253       46.6631355       1.29376110E-02   2.77229585E-12   8.74128673E-05   3.07402201E-03   1.82920374E-07 -0.560537279      0.126464829       2.40719710E-02
   2.00000000       800.000000      0.369876415       47.0312233       1.26362015E-02   2.68646845E-12   8.76319973E-05   3.03778611E-03   1.68559936E-07 -0.551709533      0.126464859       2.36513931E-02
   3.00000000       800.000000      0.372847915       47.4044495       1.23404805E-02   2.60307271E-12   8.78340579E-05   3.00206128E-03   1.52112136E-07 -0.542969823      0.126464888       2.32315604E-02
   4.00000000       800.000000      0.375840873       47.7758026       1.20506743E-02   2.52202729E-12   8.80199586E-05   2.96653388E-03   1.34031509E-07 -0.534314573      0.126464888       2.28129756E-02
   5.00000000       800.000000      0.378836393       48.1548996       1.17665827E-02   2.44326391E-12   8.81922751E-05   2.93159299E-03   1.14777308E-07 -0.525753558      0.126464933       2.23965477E-02
   6.00000000       800.000000      0.381849557       48.5329056       1.14881098E-02   2.36675718E-12   8.83550019E-05   2.89697386E-03   9.48236760E-08 -0.517279804      0.126464978       2.19813492E-02
   7.00000000       800.000000      0.384928495       48.9166336       1.12152090E-02   2.29242601E-12   8.85135305E-05   2.86290795E-03   7.46362616E-08 -0.508898973      0.126464993       2.15684231E-02
   8.00000000       800.000000      0.388007849       49.3037720       1.09478375E-02   2.22023550E-12   8.86715061E-05   2.82910420E-03   5.46575478E-08 -0.500608504      0.126464963       2.11579688E-02
   9.00000000       800.000000      0.391112477       49.6939621       1.06859999E-02   2.15013554E-12   8.88301365E-05   2.79572513E-03   3.53029250E-08 -0.492414266      0.126464993       2.07503606E-02
   10.0000000       800.000000      0.394236952       50.0870171       1.04295099E-02   2.08207583E-12   8.89873991E-05   2.76279449E-03   1.69401702E-08 -0.484312922      0.126465008       2.03456897E-02
   11.0000000       800.000000      0.397388846       50.4830971       1.01783797E-02   2.01600650E-12   8.91387826E-05   2.73027644E-03  -1.18472926E-10 -0.476307452      0.126465037       1.99446436E-02
   12.0000000       800.000000      0.400564700       50.8813133       9.93245281E-03   1.95186337E-12   8.92798926E-05   2.69796839E-03  -1.56131676E-08 -0.468396336      0.126465037       1.95475984E-02
   13.0000000       800.000000      0.403795749       51.2825050       9.69175901E-03   1.88962626E-12   8.94076802E-05   2.66611530E-03  -2.93446956E-08 -0.460583091      0.126465082       1.91542488E-02
   2.00000000       800.000000      0.406995207       51.6878319       9.45607852E-03   1.82922904E-12   8.95211924E-05   2.63488316E-03  -4.11853698E-08 -0.452867240      0.126465112       1.87645685E-02
   3.00000000       800.000000      0.410275906       52.0953789       9.22551192E-03   1.77062867E-12   8.96215424E-05   2.60364683E-03  -5.10812725E-08 -0.445247352      0.126465052       1.83787383E-02
   4.00000000       800.000000      0.413564175       52.5095062       8.99994280E-03   1.71378200E-12   8.97107311E-05   2.57301494E-03  -5.90453908E-08 -0.437726229      0.126465023       1.79970562E-02
   5.00000000       800.000000      0.416869521       52.9231834       8.77925567E-03   1.65864360E-12   8.97877835E-05   2.54261494E-03  -6.51525696E-08 -0.430302829      0.126465023       1.76197160E-02
   6.00000000       800.000000      0.420203984       53.3436661       8.56338907E-03   1.60515839E-12   8.98523795E-05   2.51281145E-03  -6.95183715E-08 -0.422977656      0.126464978       1.72471423E-02
   7.00000000       800.000000      0.423574746       53.7655487       8.35222658E-03   1.55329872E-12   8.99015795E-05   2.48301704E-03  -7.22842728E-08 -0.415749311      0.126464933       1.68792922E-02
   8.00000000       800.000000      0.426962882       54.1887779       8.14583153E-03   1.50301332E-12   8.99332372E-05   2.45381030E-03  -7.35973771E-08 -0.408619583      0.126464888       1.65160131E-02
   9.00000000       800.000000      0.430381179       54.6191368       7.94392079E-03   1.45425794E-12   8.99489532E-05   2.42484035E-03  -7.35962900E-08 -0.401589066      0.126464859       1.61574651E-02
   10.0000000       800.000000      0.433835030       55.0515404       7.74659170E-03   1.40701535E-12   8.99483130E-05   2.39623780E-03  -7.24091151E-08 -0.394660860      0.126464844       1.58040337E-02
   11.0000000       800.000000      0.437294513       55.4855461       7.55365286E-03   1.36121615E-12   8.99337247E-05   2.36800523E-03  -7.01437344E-08 -0.387826532      0.126464829       1.54551566E-02
   12.0000000       800.000000      0.440796643       55.9234009       7.36519508E-03   1.31681818E-12   8.99081497E-05   2.34020804E-03  -6.68962699E-08 -0.381086022      0.126464784       1.51114706E-02
   13.0000000       800.000000      0.444335788       56.3692284       7.18095852E-03   1.27380170E-12   8.98715152E-05   2.31263228E-03  -6.27537418E-08 -0.374446601      0.126464769       1.47729050E-02
   2.00000000       800.000000      0.447884768       56.8128738       7.00095762E-03   1.23211955E-12   8.98273720E-05   2.28536804E-03  -5.78041401E-08 -0.367906660      0.126464695       1.44392997E-02
   3.00000000       800.000000      0.451492101       57.2652702       6.82514440E-03   1.19174028E-12   8.97774516E-05   2.25832779E-03  -5.21482839E-08 -0.361462653      0.126464665       1.41108846E-02
   4.00000000       800.000000      0.455087274       57.7184486       6.65339874E-03   1.15262498E-12   8.97266291E-05   2.23171129E-03  -4.59054128E-08 -0.355114013      0.126464650       1.37876626E-02
   5.00000000       800.000000      0.458740443       58.1730003       6.48563774E-03   1.11473959E-12   8.96778074E-05   2.20539933E-03  -3.92190280E-08 -0.348861128      0.126464635       1.34697063E-02
   6.00000000       800.000000      0.462410837       58.6358948       6.32177619E-03   1.07804933E-12   8.96331403E-05   2.17948598E-03  -3.22545652E-08 -0.342705369      0.126464590       1.31571246E-02
   7.00000000       800.000000      0.466109008       59.0983734       6.16178941E-03   1.04251417E-12   8.95946723E-05   2.15376262E-03  -2.51924792E-08 -0.336644530      0.126464576       1.28500974E-02
   8.00000000       800.000000      0.469850868       59.5668716       6.00558473E-03   1.00810311E-12   8.95614139E-05   2.12827348E-03  -1.82165216E-08 -0.330677748      0.126464605       1.25486897E-02
   9.00000000       800.000000      0.473630607       60.0369263       5.85310766E-03   9.74786658E-13   8.95300109E-05   2.10330030E-03  -1.14979120E-08 -0.324804187      0.126464635       1.22528952E-02
   10.0000000       800.000000      0.477417022       60.5153427       5.70427906E-03   9.42540533E-13   8.94954865E-05   2.07850430E-03  -5.18500887E-09 -0.319024503      0.126464620       1.19629111E-02
   11.0000000       800.000000      0.481236160       60.9947357       5.55901136E-03   9.11306187E-13   8.94553959E-05   2.05389177E-03   6.05155426E-10 -0.313335329      0.126464620       1.16788102E-02
   12.0000000       800.000000      0.485106736       61.4788399       5.41721098E-03   8.81081558E-13   8.94058539E-05   2.02977099E-03   5.79264015E-09 -0.307739288      0.126464620       1.14002926E-02
   13.0000000       800.000000      0.489003509       61.9645309       5.27879409E-03   8.51820621E-13   8.93457836E-05   2.00573565E-03   1.03348805E-08 -0.302230179      0.126464665       1.11275567E-02
   2.00000000       800.000000      0.492917389       62.4534645       5.14370296E-03   8.23499851E-13   8.92734461E-05   1.98220229E-03   1.42247796E-08 -0.296813101      0.126464665       1.08604049E-02
   3.00000000       800.000000      0.496857613       62.9518318       5.01191290E-03   7.96092088E-13   8.91905947E-05   1.95881655E-03   1.74816144E-08 -0.291481853      0.126464665       1.05988458E-02
   4.00000000       800.000000      0.500846684       63.4490204       4.88327397E-03   7.69556402E-13   8.90991869E-05   1.93563837E-03   2.01389252E-08 -0.286238164      0.126464665       1.03428131E-02
   5.00000000       800.000000      0.504872501       63.9528084       4.75775311E-03   7.43890084E-13   8.90009178E-05   1.91290700E-03   2.22341736E-08 -0.281080395      0.126464695       1.00923106E-02
   6.00000000       800.000000      0.508909047       64.4573593       4.63531259E-03   7.19047651E-13   8.88982249E-05   1.89022417E-03   2.37999274E-08 -0.276006699      0.126464695       9.84726287E-03
   7.00000000       800.000000      0.512971818       64.9687729       4.51584160E-03   6.94996957E-13   8.87952847E-05   1.86794053E-03   2.48597889E-08 -0.271017343      0.126464710       9.60769970E-03
   8.00000000       800.000000      0.517089903       65.4843674       4.39928658E-03   6.71740062E-13   8.86933412E-05   1.84587971E-03   2.54281236E-08 -0.266111284      0.126464725       9.37348604E-03
   9.00000000       800.000000      0.521240056       66.0012741       4.28557349E-03   6.49221345E-13   8.85964764E-05   1.82421354E-03   2.55152219E-08 -0.261286139      0.126464769       9.14468803E-03
   10.0000000       800.000000      0.525399923       66.5273361       4.17462178E-03   6.27444928E-13   8.85060144E-05   1.80261803E-03   2.51334011E-08 -0.256538749      0.126464799       8.92118551E-03
   11.0000000       800.000000      0.529633105       67.0519409       4.06643376E-03   6.06369122E-13   8.84246110E-05   1.78142788E-03   2.43040734E-08 -0.251873910      0.126464814       8.70288815E-03
   12.0000000       800.000000      0.533852458       67.5886993       3.96084087E-03   5.85982326E-13   8.83561952E-05   1.76034716E-03   2.30612081E-08 -0.247282833      0.126464814       8.48979130E-03
   13.0000000       800.000000      0.538169861       68.1238251       3.85786989E-03   5.66259387E-13   8.83037355E-05   1.73953851E-03   2.14552607E-08 -0.242771029      0.126464814       8.28179438E-03
   2.00000000       800.000000      0.542478204       68.6609192       3.75742791E-03   5.47173635E-13   8.82705281E-05   1.71900890E-03   1.95489065E-08 -0.238334835      0.126464829       8.07882752E-03
   3.00000000       800.000000      0.546837091       69.2043610       3.65945371E-03   5.28711406E-13   8.82569366E-05   1.69878453E-03   1.74158927E-08 -0.233970851      0.126464844       7.88094755E-03
   4.00000000       800.000000      0.551184714       69.7545853       3.56386323E-03   5.10847387E-13   8.82641179E-05   1.67865388E-03   1.51324535E-08 -0.229680881      0.126464844       7.68806087E-03
   5.00000000       800.000000      0.555633724       70.3113556       3.47064086E-03   4.93569541E-13   8.82888125E-05   1.65888784E-03   1.27725528E-08 -0.225461289      0.126464844       7.50026060E-03
   6.00000000       800.000000      0.560065687       70.8701859       3.37966438E-03   4.76854071E-13   8.83266548E-05   1.63931993E-03   1.04034408E-08 -0.221311927      0.126464844       7.31733115E-03
   7.00000000       800.000000      0.564574599       71.4266510       3.29095428E-03   4.60679346E-13   8.83740286E-05   1.61985506E-03   8.07948730E-09 -0.217232481      0.126464859       7.13939872E-03
   8.00000000       800.000000      0.569091976       71.9988251       3.20439809E-03   4.45032195E-13   8.84270048E-05   1.60074292E-03   5.84178927E-09 -0.213220134      0.126464859       6.96626538E-03
   9.00000000       800.000000      0.573642910       72.5662689       3.12002236E-03   4.29894943E-13   8.84862238E-05   1.58182974E-03   3.71907904E-09 -0.209272057      0.126464859       6.79771369E-03
   10.0000000       800.000000      0.578249216       73.1417236       3.03757819E-03   4.15248565E-13   8.85507470E-05   1.56308478E-03   1.72980696E-09 -0.205387160      0.126464829       6.63389312E-03
   11.0000000       800.000000      0.582887828       73.7225037       2.95724045E-03   4.01082054E-13   8.86233465E-05   1.54464203E-03  -1.18248536E-10 -0.201572001      0.126464829       6.47457875E-03
   12.0000000       800.000000      0.587557673       74.3115692       2.87881750E-03   3.87364294E-13   8.87127608E-05   1.52635667E-03  -1.81847859E-09 -0.197810218      0.126464829       6.31966954E-03
   13.0000000       800.000000      0.592285097       74.9019089       2.80231913E-03   3.74105369E-13   8.88240174E-05   1.50827633E-03  -3.36495853E-09 -0.194113120      0.126464829       6.16918551E-03
   2.00000000       800.000000      0.597044110       75.4963303       2.72761402E-03   3.61263645E-13   8.89622970E-05   1.49043056E-03  -4.74875517E-09 -0.190473631      0.126464829       6.02301024E-03
   3.00000000       800.000000      0.601813197       76.0937424       2.65477458E-03   3.48841507E-13   8.91324598E-05   1.47278537E-03  -5.95664806E-09 -0.186891049      0.126464829       5.88123640E-03
   4.00000000       800.000000      0.606662095       76.6995621       2.58365623E-03   3.36826866E-13   8.93416072E-05   1.45532063E-03  -6.97223301E-09 -0.183364630      0.126464829       5.74376807E-03
   5.00000000       800.000000      0.611538589       77.3089294       2.51424825E-03   3.25193648E-13   8.95916455E-05   1.43813819E-03  -7.77905385E-09 -0.179894537      0.126464829       5.61050465E-03
   6.00000000       800.000000      0.616429627       77.9216690       2.44649150E-03   3.13938681E-13   8.98872095E-05   1.42102991E-03  -8.36398506E-09 -0.176476032      0.126464829       5.48154628E-03
   7.00000000       800.000000      0.621346176       78.5425873       2.38036341E-03   3.03045132E-13   9.02297397E-05   1.40427181E-03  -8.72288819E-09 -0.173109621      0.126464784       5.35668712E-03
   8.00000000       800.000000      0.626343310       79.1605453       2.31579179E-03   2.92501863E-13   9.06250643E-05   1.38759345E-03  -8.86192630E-09 -0.169793099      0.126464784       5.23612928E-03
   9.00000000       800.000000      0.631355822       79.7936478       2.25276081E-03   2.82297216E-13   9.10674062E-05   1.37112779E-03  -8.79785667E-09 -0.166523859      0.126464784       5.11953561E-03
   10.0000000       800.000000      0.636449695       80.4251099       2.19119620E-03   2.72418210E-13   9.15611308E-05   1.35487400E-03  -8.55668247E-09 -0.163302794      0.126464769       5.00736525E-03
   11.0000000       800.000000      0.641569495       81.0633545       2.13106652E-03   2.62853948E-13   9.21026149E-05   1.33873266E-03  -8.16943935E-09 -0.160124630      0.126464769       4.89899889E-03
   12.0000000       800.000000      0.646703839       81.7070923       2.07234570E-03   2.53595891E-13   9.26937646E-05   1.32280425E-03  -7.66792407E-09 -0.156992510      0.126464739       4.79538040E-03
   13.0000000       800.000000      0.651862979       82.3593216       2.01498694E-03   2.44632358E-13   9.33240881E-05   1.30707142E-03  -7.08167391E-09 -0.153897077      0.126464739       4.69519012E-03
   2.00000000       800.000000      0.657104909       83.0148392       1.95894600E-03   2.35954783E-13   9.40055834E-05   1.29156257E-03  -6.43445475E-09 -0.150845200      0.126464739       4.60031535E-03
   3.00000000       800.000000      0.662361264       83.6720734       1.90419145E-03   2.27552704E-13   9.47339358E-05   1.27624872E-03  -5.74548276E-09 -0.147826880      0.126464739       4.50813165E-03
   4.00000000       800.000000      0.667716920       84.3404617       1.85073062E-03   2.19418979E-13   9.55310970E-05   1.26101077E-03  -5.02807795E-09 -0.144849554      0.126464739       4.42255195E-03
   5.00000000       800.000000      0.673070669       85.0116577       1.79849716E-03   2.11545584E-13   9.63892526E-05   1.24599144E-03  -4.29168834E-09 -0.141898677      0.126464739       4.33850987E-03
   6.00000000       800.000000      0.678464949       85.6865540       1.74745859E-03   2.03919564E-13   9.73458882E-05   1.23119378E-03  -3.54530560E-09 -0.138986051      0.126464739       4.26340848E-03
   7.00000000       800.000000      0.683868349       86.3630829       1.69764599E-03   1.96540118E-13   9.83652571E-05   1.21647725E-03  -2.79493428E-09 -0.136089146      0.126464739       4.18773852E-03
   8.00000000       800.000000      0.689361989       87.0500107       1.64898077E-03   1.89402977E-13   9.95122755E-05   1.20205700E-03  -2.04847606E-09 -0.133234620      0.126464739       4.12577298E-03
   9.00000000       800.000000      0.694936693       87.7468338       1.60142395E-03   1.82490470E-13   1.00712328E-04   1.18775014E-03  -1.31643307E-09 -0.130380571      0.126464739       4.05869121E-03
   10.0000000       800.000000      0.700467765       88.4404068       1.55504211E-03   1.75806039E-13   1.02077851E-04   1.17355958E-03  -6.10439033E-10 -0.127573431      0.126464739       4.01417492E-03
   11.0000000       800.000000      0.706084132       89.1438522       1.50975515E-03   1.69338285E-13   1.03445025E-04   1.15961663E-03   5.63757027E-11 -0.124734916      0.126464739       3.95559706E-03
   12.0000000       800.000000      0.711785257       89.8559036       1.46557088E-03   1.63086355E-13   1.05055216E-04   1.14583864E-03   6.68995026E-10 -0.121963419      0.126464739       3.93606583E-03
   13.0000000       800.000000      0.717506111       90.5660553       1.42254180E-03   1.57048853E-13   1.06576561E-04   1.13219733E-03   1.21403132E-09 -0.119104788      0.126464739       3.88494623E-03
   2.00000000       800.000000      0.723254204       91.2924652       1.38061238E-03   1.51218393E-13   1.08487904E-04   1.11873099E-03   1.68102121E-09 -0.116362803      0.126464739       3.90385976E-03
   3.00000000       800.000000      0.729030788       92.0148239       1.33983337E-03   1.45595789E-13   1.10095032E-04   1.10552181E-03   2.06430628E-09 -0.113433585      0.126464739       3.85651691E-03
   4.00000000       800.000000      0.734885931       92.7492523       1.30025565E-03   1.40181296E-13   1.12386086E-04   1.09245186E-03   2.36284214E-09 -0.110716797      0.126464739       3.93930264E-03
   5.00000000       800.000000      0.740812361       93.4854507       1.26187096E-03   1.34965932E-13   1.13937072E-04   1.07956049E-03   2.57994337E-09 -0.107623197      0.126464769       3.88389290E-03
   6.00000000       800.000000      0.746736884       94.2303009       1.22475822E-03   1.29969074E-13   1.16762239E-04   1.06699415E-03   2.72167067E-09 -0.104944609      0.126464769       4.08037519E-03
   7.00000000       800.000000      0.752711892       94.9802017       1.18898868E-03   1.25175166E-13   1.18004100E-04   1.05451117E-03   2.79782131E-09 -0.101503879      0.126464769       3.98437353E-03
   8.00000000       800.000000      0.758787692       95.7357407       1.15482591E-03   1.20615811E-13   1.21596058E-04   1.04254368E-03   2.81018697E-09  -9.89205018E-02  0.126464769       4.39503882E-03
   9.00000000       800.000000      0.764886141       96.4991150       1.12215546E-03   1.16268269E-13   1.22645797E-04   1.03040319E-03   2.78393819E-09  -9.48058367E-02  0.126464769       4.16915258E-03
   10.0000000       800.000000      0.770997465       97.2638321       1.09100225E-03   1.12158790E-13   1.26605417E-04   1.01923558E-03   2.65687405E-09  -9.25165489E-02  0.126464769       5.12971031E-03
   11.0000000       800.000000      0.777200460       98.0346756       1.06257026E-03   1.08367085E-13   1.47669940E-04   1.00748183E-03   2.62708699E-09  -8.68673697E-02  0.126464769       4.39583603E-03
   12.0000000       800.000000      0.783445537       98.8157425       1.02573493E-03   1.03787977E-13   5.97672624E-05   9.97542986E-04   9.70600031E-20  -8.56561661E-02  0.126464769      -3.95365851E-03
   13.0000000       800.000000      0.789714217       99.6048737       1.00181869E-03   1.00566528E-13   5.95398305E-05   9.85702965E-04   3.06703869E-20  -9.30891484E-02  0.126464769      -9.40899178E-03
