   0.00000000       190.000000       3.40428352E-02   1.01702809       4.67503065E-04   4.59575477E-12  -8.25340003E-02   1.70161414       2.65170254E-14  -1.07764697E-03   9.02734893E-16  -9.43975709E-03
   1.00000000       197.000000       3.40447091E-02   1.05104125       4.59869625E-04   4.37428652E-12  -7.54383802E-02   1.58381653      -7.25463306E-15  -1.39900926E-03   6.55745062E-16   3.13640689E-03
   2.00000000       200.000000       3.40499915E-02   1.08514261       4.52597073E-04   4.17002630E-12   8.87823571E-03   1.27455187      -5.59684336E-02  -8.64070083E-04  -1.90573011E-03   8.06574151E-03
   3.00000000       200.000000       3.40571664E-02   1.11914527       5.34269027E-04   4.77278113E-12  0.127697751       1.15857041      -3.65671478E-02  -8.49677657E-04  -3.15108616E-03  -2.88109691E-03
   4.00000000       200.000000       3.40652503E-02   1.15326166       6.28100359E-04   5.44531521E-12  0.161262944       1.05196643      -1.21859433E-02  -1.06033694E-03  -3.56620015E-03  -5.47882728E-03
   5.00000000       200.000000       3.40752266E-02   1.18727005       7.23672216E-04   6.09388148E-12  0.173152208      0.957551777       1.28035620E-02  -1.22301315E-03  -3.12989834E-03  -5.16471313E-03
   6.00000000       200.000000       3.40886116E-02   1.22141874       8.27201060E-04   6.77134217E-12  0.175026268      0.878849685       3.78168896E-02  -1.41239166E-03  -1.84075290E-03  -5.75841265E-03
   7.00000000       200.000000       3.41038704E-02   1.25543642       9.40295111E-04   7.48810562E-12  0.172753215      0.814383566       6.24028370E-02  -1.61570299E-03   2.87472183E-04  -6.28473656E-03
   8.00000000       200.000000       3.41209993E-02   1.28956389       1.06464827E-03   8.25416124E-12  0.168331087      0.760575175       8.59043077E-02  -1.84117828E-03   3.21870623E-03  -7.03030638E-03
   9.00000000       200.000000       3.41415480E-02   1.32373023       1.20294408E-03   9.08589957E-12  0.162701339      0.715281427      0.108080193      -2.09561572E-03   6.90875202E-03  -8.02548602E-03
   10.0000000       200.000000       3.41642797E-02   1.35789859       1.35942700E-03   1.00096277E-11  0.156321883      0.676100731      0.128698096      -2.38936557E-03   1.13054989E-02  -9.34052281E-03
   11.0000000       200.000000       3.41873281E-02   1.39207828       1.53892103E-03   1.10531055E-11  0.149717197      0.641753793      0.147603884      -2.73405015E-03   1.63517222E-02  -1.09327557E-02
   2.00000000       200.000000       3.42125520E-02   1.42626679       1.74472120E-03   1.22307997E-11  0.142668799      0.610968649      0.164762691      -3.13717709E-03   2.19888762E-02  -1.27697764E-02
   3.00000000       200.000000       3.42412032E-02   1.46045995       1.98002090E-03   1.35550347E-11  0.135103568      0.582983136      0.180223837      -3.60821746E-03   2.81601157E-02  -1.48206828E-02
   4.00000000       200.000000       3.42717990E-02   1.49468386       2.24803900E-03   1.50371902E-11  0.127383783      0.557487249      0.194462925      -4.15260997E-03   3.48248705E-02  -1.71057452E-02
   5.00000000       200.000000       3.43041234E-02   1.52902329       2.55347928E-03   1.66972929E-11  0.119652569      0.534223258      0.207011878      -4.78129787E-03   4.19264995E-02  -1.98141187E-02
   6.00000000       200.000000       3.43400165E-02   1.56331646       2.90266541E-03   1.85639438E-11  0.111984648      0.513125598      0.217356339      -5.51276002E-03   4.93906550E-02  -2.29950175E-02
   7.00000000       200.000000       3.43780145E-02   1.59766877       3.30088078E-03   2.06567870E-11  0.104517519      0.493244350      0.224426672      -6.36147615E-03   5.71058281E-02  -2.71655228E-02
   8.00000000       400.000000       3.44163403E-02   1.63212323       3.75613221E-03   2.30104061E-11   9.70338434E-02  0.473229080      0.227889612      -7.38160918E-03   6.49491623E-02  -3.15081179E-02
   9.00000000       400.000000       3.44596468E-02   1.66651404       4.27328376E-03   2.56376309E-11   8.92796516E-02  0.455392331      0.226171553      -8.53159931E-03   7.27426037E-02  -3.59487645E-02
   10.0000000       400.000000       3.45019177E-02   1.70102203       4.85907355E-03   2.85612974E-11   8.24910700E-02  0.439178109      0.218857035      -9.86066088E-03   8.02936479E-02  -4.12869528E-02
   11.0000000       400.000000       3.45477760E-02   1.73553383       5.51721593E-03   3.17847242E-11   7.66477585E-02  0.424537271      0.205862671      -1.13824923E-02   8.74058604E-02  -4.70988378E-02
   12.0000000       400.000000       3.45973931E-02   1.77006423       6.25181524E-03   3.53133668E-11   7.15533569E-02  0.411062568      0.187686950      -1.31172892E-02   9.38991830E-02  -5.33562265E-02
   13.0000000       400.000000       3.46456654E-02   1.80469894       7.06715789E-03   3.91531252E-11   6.70197979E-02  0.398635060      0.164764419      -1.50770592E-02   9.96078402E-02  -6.00738972E-02
   2.00000000       400.000000       3.46989296E-02   1.83938944       7.96820782E-03   4.33129053E-11   6.30640611E-02  0.387086391      0.137711614      -1.72832087E-02  0.104386508      -6.73009157E-02
   3.00000000       400.000000       3.47537622E-02   1.87406790       8.95880349E-03   4.77952643E-11   5.96066229E-02  0.376363009      0.107436642      -1.97513700E-02  0.108120263      -7.49404654E-02
   4.00000000       400.000000       3.48123796E-02   1.90886545       1.00410096E-02   5.25928294E-11   5.66109531E-02  0.366274118       7.49765038E-02  -2.24964898E-02  0.110730253      -8.29185694E-02
   5.00000000       400.000000       3.48717459E-02   1.94381344       1.12152863E-02   5.76904982E-11   5.40581867E-02  0.356738091       4.14049327E-02  -2.55293660E-02  0.112174213      -9.10760164E-02
   6.00000000       400.000000       3.49331126E-02   1.97864985       1.24807544E-02   6.30676969E-11   5.19188195E-02  0.347752243       7.53750931E-03  -2.88538709E-02  0.112437442      -9.93645936E-02
   7.00000000       400.000000       3.49960364E-02   2.01366401       1.38372779E-02   6.87085111E-11   5.00199683E-02  0.339220822      -2.60625780E-02  -3.24777104E-02  0.111525290     -0.107924625    
   8.00000000       400.000000       3.50628383E-02   2.04869795       1.52856968E-02   7.46028864E-11   4.82418463E-02  0.331150830      -5.89224696E-02  -3.64149250E-02  0.109459363     -0.116726220    
   9.00000000       400.000000       3.51311862E-02   2.08382654       1.68276206E-02   8.07450981E-11   4.66471799E-02  0.323391855      -9.04088616E-02  -4.06711362E-02  0.106283180     -0.125748143    
   10.0000000       400.000000       3.52015831E-02   2.11898565       1.84611212E-02   8.71131708E-11   4.53514978E-02  0.315845817     -0.119195424      -4.52589169E-02  0.102087431     -0.134928033    
   11.0000000       400.000000       3.52728553E-02   2.15418029       2.01838240E-02   9.36843242E-11   4.42917794E-02  0.308544099     -0.144019261      -5.01800440E-02   9.70074087E-02 -0.144028366    
   12.0000000       400.000000       3.53475511E-02   2.18945503       2.19927654E-02   1.00434154E-10   4.33550775E-02  0.301418245     -0.163948730      -5.54304980E-02   9.12120491E-02 -0.152916357    
   13.0000000       400.000000       3.54251340E-02   2.22494793       2.38818098E-02   1.07326356E-10   4.26406749E-02  0.294528723     -0.178443536      -6.10027015E-02   8.48905817E-02 -0.161526516    
   2.00000000       400.000000       3.55066359E-02   2.26028228       2.58443113E-02   1.14324022E-10   4.19949219E-02  0.287909538     -0.187566727      -6.68879524E-02   7.82308280E-02 -0.169815153    
   3.00000000       400.000000       3.55888382E-02   2.29589605       2.78739557E-02   1.21393132E-10   4.14303802E-02  0.281552762     -0.191945270      -7.30752051E-02   7.14000314E-02 -0.177858457    
   4.00000000       400.000000       3.56727764E-02   2.33153582       2.99661458E-02   1.28510466E-10   4.09722999E-02  0.275396347     -0.192169741      -7.95618594E-02   6.45450056E-02 -0.185784400    
   5.00000000       400.000000       3.57585363E-02   2.36718988       3.21180969E-02   1.35661038E-10   4.06301059E-02  0.269456476     -0.188573897      -8.63456130E-02   5.78020364E-02 -0.193584308    
   6.00000000       400.000000       3.58451568E-02   2.40296197       3.43267731E-02   1.42830220E-10   4.03377488E-02  0.263707012     -0.180788919      -9.34234858E-02   5.13213687E-02 -0.201407924    
   7.00000000       400.000000       3.59365791E-02   2.43895650       3.65928710E-02   1.50018664E-10   4.00566533E-02  0.258123875     -0.167922914     -0.100803487       4.52867076E-02 -0.209364846    
   8.00000000       400.000000       3.60317938E-02   2.47496963       3.89162078E-02   1.57223956E-10   3.96766365E-02  0.252698302     -0.149143606     -0.108490959       3.99129577E-02 -0.217398331    
   9.00000000       400.000000       3.61256152E-02   2.51087451       4.12956588E-02   1.64439865E-10   3.92639227E-02  0.247426003     -0.124330111     -0.116490528       3.54213417E-02 -0.225316808    
   10.0000000       400.000000       3.62243615E-02   2.54723430       4.37266678E-02   1.71647460E-10   3.89357172E-02  0.242294461      -9.47526321E-02 -0.124792799       3.19889747E-02 -0.232754409    
   11.0000000       400.000000       3.63236889E-02   2.58347154       4.62019108E-02   1.78817294E-10   3.88123021E-02  0.237313434      -6.28884360E-02 -0.133376479       2.97045689E-02 -0.239766747    
   12.0000000       400.000000       3.64281610E-02   2.61973166       4.87177186E-02   1.85936738E-10   3.87734585E-02  0.232475773      -3.14188898E-02 -0.142236292       2.85601355E-02 -0.246375546    
   13.0000000       400.000000       3.65312435E-02   2.65625191       5.12688085E-02   1.92985905E-10   3.87320668E-02  0.227778703      -2.57866271E-03 -0.151351541       2.84659248E-02 -0.252525777    
   2.00000000       400.000000       3.66381556E-02   2.69287086       5.38519956E-02   1.99955455E-10   3.87784094E-02  0.223206803       2.26979144E-02 -0.160713643       2.92975493E-02 -0.258165807    
   3.00000000       400.000000       3.67491208E-02   2.72951531       5.64613640E-02   2.06826500E-10   3.88711169E-02  0.218751967       4.50365767E-02 -0.170297757       3.09526138E-02 -0.263263702    
   4.00000000       400.000000       3.68596762E-02   2.76648116       5.90947419E-02   2.13593032E-10   3.89360189E-02  0.214408115       6.60148710E-02 -0.180092320       3.33859548E-02 -0.267825902    
   5.00000000       400.000000       3.69738303E-02   2.80324292       6.17456809E-02   2.20235885E-10   3.90002839E-02  0.210172564       8.67673829E-02 -0.190073371       3.65941934E-02 -0.271462023    
   6.00000000       400.000000       3.70923392E-02   2.84031177       6.44046664E-02   2.26724375E-10   3.90340239E-02  0.206040755      0.106658906     -0.200198427       4.05502841E-02 -0.273910999    
   7.00000000       400.000000       3.72101963E-02   2.87746811       6.70609251E-02   2.33027597E-10   3.90130058E-02  0.202010870      0.123304911     -0.210424930       4.51385491E-02 -0.275110126    
   8.00000000       400.000000       3.73310633E-02   2.91468883       6.97051734E-02   2.39118392E-10   3.89343314E-02  0.198083207      0.134124175     -0.220706120       5.01455702E-02 -0.275249660    
   9.00000000       400.000000       3.74547355E-02   2.95214677       7.23314434E-02   2.44985560E-10   3.87801565E-02  0.194257125      0.137764394     -0.231010228       5.53056225E-02 -0.274804085    
   10.0000000       400.000000       3.75822932E-02   2.98967767       7.49409869E-02   2.50638205E-10   3.85024846E-02  0.190530807      0.134926274     -0.241326660       6.03764392E-02 -0.274320066    
   11.0000000       400.000000       3.77115831E-02   3.02733731       7.75384679E-02   2.56100363E-10   3.80823314E-02  0.186903626      0.127983466     -0.251664519       6.52027875E-02 -0.274144471    
   12.0000000       400.000000       3.78417671E-02   3.06507659       8.01279172E-02   2.61391547E-10   3.75082567E-02  0.183373883      0.119490631     -0.262038529       6.97244480E-02 -0.274337113    
   13.0000000       400.000000       3.79736088E-02   3.10296249       8.27124193E-02   2.66526468E-10   3.67659964E-02  0.179939926      0.111282013     -0.272463590       7.39504471E-02 -0.274906576    
   2.00000000       400.000000       3.81093584E-02   3.14102793       8.52976516E-02   2.71527939E-10   3.58512811E-02  0.176599786      0.103536509     -0.282955170       7.78962374E-02 -0.275790334    
   3.00000000       400.000000       3.82481478E-02   3.17926812       8.78861099E-02   2.76407980E-10   3.47535312E-02  0.173351824       9.54111814E-02 -0.293522835       8.15456510E-02 -0.276994884    
   4.00000000       400.000000       3.83906849E-02   3.21746230       9.04803574E-02   2.81178303E-10   3.35010886E-02  0.170195848       8.57553631E-02 -0.304183662       8.48378018E-02 -0.278779060    
   5.00000000       400.000000       3.85340862E-02   3.25593615       9.30883661E-02   2.85865803E-10   3.21214981E-02  0.167128608       7.43219629E-02 -0.314967871       8.77015516E-02 -0.281104267    
   6.00000000       400.000000       3.86794209E-02   3.29459786       9.57119241E-02   2.90478808E-10   3.06398273E-02  0.164146721       6.21571541E-02 -0.325888485       9.01057124E-02 -0.283969432    
   7.00000000       400.000000       3.88261117E-02   3.33332801       9.83610600E-02   2.95048069E-10   2.90694963E-02  0.161249936       5.13460226E-02 -0.336976737       9.20992941E-02 -0.287485033    
   8.00000000       400.000000       3.89781781E-02   3.37215042      0.101048164       2.99611252E-10   2.74132937E-02  0.158439875       4.38626520E-02 -0.348255664       9.38089788E-02 -0.291727960    
   9.00000000       400.000000       3.91310640E-02   3.41121101      0.103783719       3.04199999E-10   2.56778896E-02  0.155715570       4.04966623E-02 -0.359762937       9.53936651E-02 -0.297249407    
   10.0000000       400.000000       3.92854065E-02   3.45050335      0.106576160       3.08835540E-10   2.38809008E-02  0.153073758       4.11626138E-02 -0.371564895       9.70108658E-02 -0.303550750    
   11.0000000       400.000000       3.94439995E-02   3.48992372      0.109430127       3.13528731E-10   2.20399909E-02  0.150502920       4.50031906E-02 -0.383661449       9.87858549E-02 -0.310627788    
   12.0000000       400.000000       3.96043137E-02   3.52931929      0.112352632       3.18296695E-10   2.01607831E-02  0.147998601       5.07066734E-02 -0.396120578      0.100794025     -0.318684161    
   13.0000000       400.000000       3.97699885E-02   3.56905532      0.115365885       3.23199217E-10   1.81772728E-02  0.145560682       5.70067801E-02 -0.408957154      0.103061236     -0.327093333    
   2.00000000       400.000000       3.99327539E-02   3.60901117      0.118496418       3.28304217E-10   1.59963556E-02  0.143188357       6.29479215E-02 -0.422190547      0.105574951     -0.338966489    
   3.00000000       400.000000       4.01016437E-02   3.64905024      0.121764243       3.33658184E-10   1.37664424E-02  0.140879765       6.75330609E-02 -0.436085910      0.108283110     -0.354929119    
   4.00000000       400.000000       4.02740240E-02   3.68916464      0.125213370       3.39372197E-10   1.16718151E-02  0.138618901       6.97300881E-02 -0.450718313      0.111091428     -0.375086397    
   5.00000000       400.000000       4.04453352E-02   3.72949243      0.128883958       3.45539403E-10   9.88182239E-03  0.136394352       7.12489486E-02 -0.466363937      0.113973327     -0.399455518    
   6.00000000       400.000000       4.06209007E-02   3.77015471      0.132776231       3.52147561E-10   8.33170675E-03  0.134203687       7.15126917E-02 -0.483100861      0.116878279     -0.428599596    
   7.00000000       400.000000       4.08019014E-02   3.81062984      0.136877954       3.59147823E-10   7.05911685E-03  0.132047087       6.75002411E-02 -0.501262069      0.119632363     -0.463877350    
   8.00000000       400.000000       4.09835242E-02   3.85157919      0.141103610       3.66305403E-10   6.00276701E-03  0.129920080       5.54535016E-02 -0.521039367      0.121905081     -0.488568574    
   9.00000000       400.000000       4.11677249E-02   3.89264297      0.145397589       3.73470116E-10   5.07205492E-03  0.127824366       3.51004340E-02 -0.541397512      0.123349987     -0.494763076    
   10.0000000       800.000000       4.13518026E-02   3.93391180      0.149767116       3.80658977E-10   4.17577801E-03  0.125769705       1.11020803E-02 -0.561867118      0.123809054     -0.491054475    
   11.0000000       800.000000       4.15420607E-02   3.97551847      0.154158786       3.87735427E-10   3.29582090E-03  0.123755246      -9.15895309E-03 -0.582103193      0.123428352     -0.483325779    
   12.0000000       800.000000       4.17331755E-02   4.01692963      0.158518970       3.94569682E-10   2.51225545E-03  0.121783681      -1.91733092E-02 -0.602115750      0.122628316     -0.463519216    
   13.0000000       800.000000       4.19295840E-02   4.05884504      0.162718743       4.00849215E-10   1.80073199E-03  0.119856656      -1.58453621E-02 -0.620882273      0.121964194     -0.430748254    
   2.00000000       800.000000       4.21275869E-02   4.10084629      0.166755915       4.06584683E-10   1.21510495E-03  0.117974445      -3.77511000E-03 -0.638323188      0.121804960     -0.403344184    
   3.00000000       800.000000       4.23264094E-02   4.14324856      0.170692384       4.11940398E-10   7.36480288E-04  0.116137408       9.11622122E-03 -0.654945552      0.122190878     -0.380518466    
   4.00000000       800.000000       4.25276794E-02   4.18554831      0.174441025       4.16720464E-10   3.53929325E-04  0.114345111       1.61645859E-02 -0.670610666      0.122878470     -0.359964758    
   5.00000000       800.000000       4.27326299E-02   4.22826385      0.177986667       4.20903840E-10   2.94540550E-05  0.112596892       1.29945083E-02 -0.685637474      0.123433582     -0.349426359    
   6.00000000       800.000000       4.29400988E-02   4.27117634      0.181392148       4.24655588E-10  -2.75489205E-04  0.110891588       1.04376546E-03 -0.700547755      0.123478487     -0.347224861    
   7.00000000       800.000000       4.31519486E-02   4.31416321      0.184662387       4.27997970E-10  -5.75511891E-04  0.109227277      -1.27359554E-02 -0.715530694      0.122928955     -0.343269497    
   8.00000000       800.000000       4.33655083E-02   4.35740662      0.187706485       4.30733893E-10  -8.12794897E-04  0.107602440      -2.24038959E-02 -0.730247557      0.121957287     -0.326003432    
   9.00000000       800.000000       4.35808785E-02   4.40067959      0.190241113       4.32236913E-10  -8.96487210E-04  0.106014118      -2.42650658E-02 -0.743875384      0.120899528     -0.282367736    
   10.0000000       800.000000       4.38009016E-02   4.44439697      0.192060143       4.32080816E-10  -8.08173674E-04  0.104461819      -1.80456042E-02 -0.754921377      0.120109282     -0.233080521    
   11.0000000       800.000000       4.40220647E-02   4.48833799      0.193334520       4.30692287E-10  -6.79396442E-04  0.102943718      -1.19901290E-02 -0.764346778      0.119581372     -0.194749385    
   12.0000000       800.000000       4.42490242E-02   4.53246212      0.194247186       4.28511310E-10  -5.53313701E-04  0.101458982      -1.11499391E-02 -0.772112250      0.119087920     -0.149478719    
   13.0000000       800.000000       4.44775447E-02   4.57707596      0.194761902       4.25482205E-10  -4.41279495E-04  0.100007445      -1.57174971E-02 -0.777607739      0.118389092     -0.101110660    
   2.00000000       800.000000       4.47068773E-02   4.62136841      0.194838181       4.21542939E-10  -3.59944417E-04   9.85893533E-02  -2.20696330E-02 -0.781129718      0.117402576      -6.25424609E-02
   3.00000000       800.000000       4.49385233E-02   4.66624355      0.194503993       4.16776974E-10  -3.15102428E-04   9.72027704E-02  -2.61440352E-02 -0.783215165      0.116227500      -3.63178141E-02
   4.00000000       800.000000       4.51754220E-02   4.71121693      0.193807453       4.11314177E-10  -3.06987873E-04   9.58467945E-02  -2.59486493E-02 -0.784402251      0.115055144      -2.34767329E-02
   5.00000000       800.000000       4.54156250E-02   4.75678205      0.192796960       4.05272954E-10  -3.36325436E-04   9.45198238E-02  -2.25191247E-02 -0.785341799      0.114032693      -2.54253279E-02
   6.00000000       800.000000       4.56556603E-02   4.80203438      0.191522598       3.98776623E-10  -4.02732519E-04   9.32197049E-02  -1.87787022E-02 -0.786718607      0.113175385      -4.05197889E-02
   7.00000000       800.000000       4.59001064E-02   4.84787893      0.190067202       3.92008703E-10  -5.00022084E-04   9.19440910E-02  -1.65751055E-02 -0.789050877      0.112414613      -6.20716847E-02
   8.00000000       800.000000       4.61495221E-02   4.89382601      0.188506618       3.85133786E-10  -6.21109037E-04   9.06906724E-02  -1.53713217E-02 -0.792431176      0.111705162      -8.27839598E-02
   9.00000000       800.000000       4.64015417E-02   4.94037914      0.186940998       3.78358622E-10  -7.48878170E-04   8.94576237E-02  -1.40849762E-02 -0.796715140      0.111051492      -9.90037471E-02
   10.0000000       800.000000       4.66544069E-02   4.98703766      0.185484275       3.71906894E-10  -8.66245187E-04   8.82438272E-02  -1.24538485E-02 -0.801643968      0.110470563     -0.109751619    
   11.0000000       800.000000       4.69110720E-02   5.03345490      0.184200555       3.65900532E-10  -9.53123323E-04   8.70485976E-02  -1.07967723E-02 -0.806981683      0.109963804     -0.115084015    
   12.0000000       800.000000       4.71705161E-02   5.08080530      0.183074832       3.60297431E-10  -1.01126602E-03   8.58721733E-02  -9.43379384E-03 -0.812470317      0.109518901     -0.118086264    
   13.0000000       800.000000       4.74330559E-02   5.12793064      0.182120055       3.55111829E-10  -1.03655912E-03   8.47143084E-02  -8.59594624E-03 -0.818153977      0.109111086     -0.119992256    
   2.00000000       800.000000       4.76989783E-02   5.17558718      0.181272522       3.50211471E-10  -1.03940174E-03   8.35751519E-02  -8.07062630E-03 -0.823887348      0.108726270     -0.120627210    
   3.00000000       800.000000       4.79672700E-02   5.22343826      0.180494487       3.45514867E-10  -1.02667254E-03   8.24546218E-02  -7.49541540E-03 -0.829694271      0.108366884     -0.120858856    
   4.00000000       800.000000       4.82396744E-02   5.27148342      0.179748312       3.40946438E-10  -1.00556144E-03   8.13523829E-02  -6.92513911E-03 -0.835514188      0.108032621     -0.121329129    
   5.00000000       800.000000       4.85143214E-02   5.32006216      0.179041803       3.36518341E-10  -9.75192233E-04   8.02678391E-02  -6.61106408E-03 -0.841432273      0.107712045     -0.121597923    
   6.00000000       800.000000       4.87925000E-02   5.36836243      0.178342342       3.32166267E-10  -9.42210725E-04   7.92010874E-02  -6.43449929E-03 -0.847346604      0.107397951     -0.121620074    
   7.00000000       800.000000       4.90735136E-02   5.41723442      0.177662238       3.27910171E-10  -9.04697750E-04   7.81510845E-02  -6.14719512E-03 -0.853334129      0.107096322     -0.122245707    
   8.00000000       800.000000       4.93605398E-02   5.46674824      0.176998094       3.23743810E-10  -8.62922810E-04   7.71181360E-02  -5.69738261E-03 -0.859380364      0.106815122     -0.121413440    
   9.00000000       800.000000       4.96459454E-02   5.51635075      0.176321208       3.19610033E-10  -8.24615185E-04   7.61013255E-02  -5.22234989E-03 -0.865356922      0.106555715     -0.119648546    
   10.0000000       800.000000       4.99367975E-02   5.56616688      0.175635293       3.15519749E-10  -7.86897435E-04   7.51009434E-02  -4.81928233E-03 -0.871295512      0.106315047     -0.117605343    
   11.0000000       800.000000       5.02316244E-02   5.61612844      0.174934685       3.11458193E-10  -7.54165347E-04   7.41162598E-02  -4.48082434E-03 -0.877135932      0.106090009     -0.115509726    
   12.0000000       800.000000       5.05279116E-02   5.66623640      0.174233273       3.07451509E-10  -7.23161618E-04   7.31461048E-02  -4.17421479E-03 -0.882932842      0.105879113     -0.113676332    
   13.0000000       800.000000       5.08273505E-02   5.71697474      0.173530504       3.03497005E-10  -6.94197312E-04   7.21909702E-02  -3.86817730E-03 -0.888657689      0.105682477     -0.111831136    
   2.00000000       800.000000       5.11321910E-02   5.76780939      0.172831550       2.99603287E-10  -6.67546294E-04   7.12511465E-02  -3.51201859E-03 -0.894336522      0.105502993     -0.110230744    
   3.00000000       800.000000       5.14377542E-02   5.81939650      0.172139317       2.95773517E-10  -6.41953084E-04   7.03255683E-02  -3.21627338E-03 -0.899965644      0.105337568     -0.109143861    
   4.00000000       800.000000       5.17485440E-02   5.87104797      0.171462864       2.92021518E-10  -6.15466735E-04   6.94136918E-02  -3.10692401E-03 -0.905597568      0.105176769     -0.107841127    
   5.00000000       800.000000       5.20629622E-02   5.92277527      0.170785487       2.88318952E-10  -5.90337499E-04   6.85161501E-02  -3.07725230E-03 -0.911160588      0.105016522     -0.106501892    
   6.00000000       800.000000       5.23787588E-02   5.97483015      0.170122191       2.84689716E-10  -5.63553825E-04   6.76320121E-02  -2.97028106E-03 -0.916720867      0.104861006     -0.105565786    
   7.00000000       800.000000       5.26992045E-02   6.02751064      0.169467807       2.81122431E-10  -5.35542844E-04   6.67613521E-02  -2.89103133E-03 -0.922252059      0.104708590     -0.104846209    
   8.00000000       800.000000       5.30240014E-02   6.08028364      0.168828174       2.77625867E-10  -5.06838784E-04   6.59040213E-02  -2.89656711E-03 -0.927807391      0.104554847     -0.104276732    
   9.00000000       800.000000       5.33496812E-02   6.13364077      0.168191612       2.74181761E-10  -4.78435832E-04   6.50589317E-02  -2.92892708E-03 -0.933344960      0.104398824     -0.103670441    
   10.0000000       800.000000       5.36804311E-02   6.18732548      0.167561471       2.70791833E-10  -4.50548163E-04   6.42270669E-02  -2.92648212E-03 -0.938901126      0.104241624     -0.103180960    
   11.0000000       800.000000       5.40157408E-02   6.24103832      0.166930720       2.67444622E-10  -4.23437275E-04   6.34076148E-02  -2.90789036E-03 -0.944457531      0.104084603     -0.102423280    
   12.0000000       800.000000       5.43518029E-02   6.29508209      0.166295007       2.64133049E-10  -3.99111217E-04   6.26000240E-02  -2.87568639E-03 -0.950001776      0.103928395     -0.101484179    
   13.0000000       800.000000       5.46922497E-02   6.34962225      0.165652752       2.60853811E-10  -3.77164775E-04   6.18044399E-02  -2.79726856E-03 -0.955523491      0.103775352     -0.100650951    
   2.00000000       800.000000       5.50380871E-02   6.40445566      0.165009454       2.57614874E-10  -3.57482786E-04   6.10202625E-02  -2.73126992E-03 -0.961046636      0.103625111      -9.99044478E-02
   3.00000000       800.000000       5.53847216E-02   6.45976830      0.164363593       2.54412824E-10  -3.39467952E-04   6.02478273E-02  -2.59761303E-03 -0.966555417      0.103481218      -9.91681814E-02
   4.00000000       800.000000       5.57359010E-02   6.51546860      0.163718849       2.51254600E-10  -3.23112385E-04   5.94864041E-02  -2.39118142E-03 -0.972064614      0.103347801      -9.85187590E-02
   5.00000000       800.000000       5.60912378E-02   6.57112312      0.163075283       2.48137372E-10  -3.07777402E-04   5.87360226E-02  -2.27768812E-03 -0.977571309      0.103220165      -9.78621319E-02
   6.00000000       800.000000       5.64479530E-02   6.62756824      0.162433997       2.45062998E-10  -2.93715595E-04   5.79964668E-02  -2.12741131E-03 -0.983079374      0.103099972      -9.71200243E-02
   7.00000000       800.000000       5.68098128E-02   6.68420267      0.161793709       2.42028619E-10  -2.80685053E-04   5.72675057E-02  -1.85872789E-03 -0.988572001      0.102994479      -9.62448493E-02
   8.00000000       800.000000       5.71758151E-02   6.74102211      0.161155596       2.39035985E-10  -2.68860895E-04   5.65488338E-02  -1.65439711E-03 -0.994048476      0.102899835      -9.52203497E-02
   9.00000000       800.000000       5.75454868E-02   6.79867172      0.160516500       2.36079767E-10  -2.58264423E-04   5.58404587E-02  -1.46681478E-03 -0.999495089      0.102815315      -9.39827338E-02
   10.0000000       800.000000       5.79212233E-02   6.85620070      0.159875527       2.33156938E-10  -2.49866454E-04   5.51420376E-02  -1.21497619E-03  -1.00490105      0.102745086      -9.24269781E-02
   11.0000000       800.000000       5.82982525E-02   6.91421032      0.159227476       2.30260255E-10  -2.43970469E-04   5.44533990E-02  -9.73422197E-04  -1.01023662      0.102688283      -9.07096043E-02
   12.0000000       800.000000       5.86755127E-02   6.97270107      0.158575892       2.27394367E-10  -2.40880297E-04   5.37742414E-02  -7.46319303E-04  -1.01551163      0.102644600      -8.90892446E-02
   13.0000000       800.000000       5.90622984E-02   7.03143930      0.157920986       2.24559413E-10  -2.39378132E-04   5.31048439E-02  -5.35379862E-04  -1.02072513      0.102612935      -8.77021104E-02
   2.00000000       800.000000       5.94485030E-02   7.09108067      0.157268733       2.21763344E-10  -2.39010114E-04   5.24447635E-02  -3.21088941E-04  -1.02590597      0.102593713      -8.65267366E-02
   3.00000000       800.000000       5.98436110E-02   7.15043688      0.156619817       2.19005883E-10  -2.38792083E-04   5.17937876E-02  -1.61283082E-04  -1.03104794      0.102584079      -8.54715854E-02
   4.00000000       800.000000       6.02373928E-02   7.21079636      0.155978203       2.16292442E-10  -2.38350331E-04   5.11518419E-02  -2.95997907E-05  -1.03616881      0.102582201      -8.45924765E-02
   5.00000000       800.000000       6.06374219E-02   7.27131176      0.155345038       2.13624202E-10  -2.37021959E-04   5.05184829E-02   6.48696878E-05  -1.04127240      0.102586418      -8.37583691E-02
   6.00000000       800.000000       6.10392392E-02   7.33202028      0.154721096       2.11000536E-10  -2.34789593E-04   4.98941429E-02   1.29526103E-04  -1.04635990      0.102594115      -8.29733312E-02
   7.00000000       800.000000       6.14471473E-02   7.39313030      0.154106379       2.08421738E-10  -2.31706959E-04   4.92784269E-02   1.65387915E-04  -1.05143595      0.102604382      -8.21501389E-02
   8.00000000       800.000000       6.18590638E-02   7.45494413      0.153498173       2.05882186E-10  -2.27969780E-04   4.86712605E-02   1.66550963E-04  -1.05649018      0.102614582      -8.12551901E-02
   9.00000000       800.000000       6.22721761E-02   7.51700449      0.152894631       2.03379577E-10  -2.24188363E-04   4.80722301E-02   1.43856872E-04  -1.06152105      0.102623507      -8.02007765E-02
   10.0000000       800.000000       6.26941621E-02   7.57950735      0.152290165       2.00905279E-10  -2.20855611E-04   4.74812835E-02   9.31951727E-05  -1.06651103      0.102629505      -7.89828598E-02
   11.0000000       800.000000       6.31151870E-02   7.64244461      0.151682988       1.98457500E-10  -2.18931396E-04   4.68986705E-02   3.13600467E-05  -1.07145905      0.102631427      -7.75765255E-02
   12.0000000       800.000000       6.35424033E-02   7.70559978      0.151068211       1.96028416E-10  -2.18502624E-04   4.63237762E-02  -5.19085588E-05  -1.07633841      0.102628171      -7.60769919E-02
   13.0000000       800.000000       6.39760271E-02   7.76949692      0.150446594       1.93619593E-10  -2.20502334E-04   4.57568243E-02  -1.43063779E-04  -1.08116114      0.102618925      -7.44782835E-02
   2.00000000       800.000000       6.44085407E-02   7.83382225      0.149813190       1.91224564E-10  -2.24418181E-04   4.51973230E-02  -2.39802117E-04  -1.08589995      0.102603547      -7.28736147E-02
   3.00000000       800.000000       6.48498610E-02   7.89831066      0.149170771       1.88846383E-10  -2.31095022E-04   4.46455069E-02  -3.39608145E-04  -1.09058058      0.102581471      -7.12791830E-02
   4.00000000       800.000000       6.52926117E-02   7.96304750      0.148515388       1.86480692E-10  -2.39403904E-04   4.41008657E-02  -4.31965484E-04  -1.09517682      0.102553256      -6.98262006E-02
   5.00000000       800.000000       6.57397360E-02   8.02879810      0.147853926       1.84134763E-10  -2.49625969E-04   4.35633734E-02  -5.23787457E-04  -1.09972930      0.102518894      -6.86784014E-02
   6.00000000       800.000000       6.61928579E-02   8.09504509      0.147186875       1.81810414E-10  -2.59304856E-04   4.30334285E-02  -6.11579278E-04  -1.10423863      0.102478452      -6.80097640E-02
   7.00000000       800.000000       6.66503683E-02   8.16145802      0.146525487       1.79520232E-10  -2.67953787E-04   4.25099917E-02  -6.85470586E-04  -1.10876441      0.102432698      -6.77927509E-02
   8.00000000       800.000000       6.71091229E-02   8.22835445      0.145869941       1.77264550E-10  -2.73390877E-04   4.19937000E-02  -7.50721199E-04  -1.11330545      0.102382407      -6.78035989E-02
   9.00000000       800.000000       6.75772652E-02   8.29508305      0.145226449       1.75049988E-10  -2.76068284E-04   4.14844491E-02  -7.95801694E-04  -1.11789739      0.102328442      -6.79754689E-02
   10.0000000       800.000000       6.80434331E-02   8.36327362      0.144593954       1.72874173E-10  -2.74852908E-04   4.09815870E-02  -8.32254824E-04  -1.12252533      0.102271885      -6.81605861E-02
   11.0000000       800.000000       6.85164854E-02   8.43160915      0.143974707       1.70739881E-10  -2.70528806E-04   4.04853374E-02  -8.47619143E-04  -1.12720561      0.102213979      -6.82906583E-02
   12.0000000       800.000000       6.89990669E-02   8.50011826      0.143365517       1.68641989E-10  -2.62943766E-04   3.99954282E-02  -8.44458351E-04  -1.13191581      0.102155499      -6.82144091E-02
   13.0000000       800.000000       6.94770738E-02   8.56972027      0.142766520       1.66580624E-10  -2.53409875E-04   3.95124033E-02  -8.21048743E-04  -1.13665044      0.102098711      -6.79142326E-02
   2.00000000       800.000000       6.99650571E-02   8.63913631      0.142173916       1.64550706E-10  -2.42039619E-04   3.90355065E-02  -7.79800117E-04  -1.14138472      0.102043733      -6.74966872E-02
   3.00000000       800.000000       7.04544336E-02   8.70913506      0.141590461       1.62554123E-10  -2.29371668E-04   3.85648459E-02  -7.23000208E-04  -1.14612913      0.101993091      -6.71266019E-02
   4.00000000       800.000000       7.09533468E-02   8.77987480      0.141014561       1.60589445E-10  -2.14941683E-04   3.81004028E-02  -6.57029625E-04  -1.15087795      0.101946443      -6.67659119E-02
   5.00000000       800.000000       7.14557767E-02   8.85152435      0.140446231       1.58655589E-10  -1.99326096E-04   3.76420617E-02  -5.84564754E-04  -1.15563750      0.101904660      -6.63479567E-02
   6.00000000       800.000000       7.19595850E-02   8.92326069      0.139882803       1.56749003E-10  -1.82624673E-04   3.71894278E-02  -5.12446044E-04  -1.16039157      0.101867847      -6.57478720E-02
   7.00000000       800.000000       7.24673644E-02   8.99552822      0.139319748       1.54864885E-10  -1.66229918E-04   3.67434099E-02  -4.40209318E-04  -1.16513348      0.101835869      -6.47851080E-02
   8.00000000       800.000000       7.29827210E-02   9.06822109      0.138749376       1.52994187E-10  -1.51351123E-04   3.63023579E-02  -3.70928494E-04  -1.16981590      0.101808891      -6.33316338E-02
   9.00000000       800.000000       7.35015273E-02   9.14107132      0.138165146       1.51128929E-10  -1.39750176E-04   3.58674675E-02  -3.04776418E-04  -1.17440939      0.101786405      -6.14287481E-02
   10.0000000       800.000000       7.40236938E-02   9.21487141      0.137560457       1.49263185E-10  -1.32660003E-04   3.54379825E-02  -2.43462840E-04  -1.17887843      0.101768382      -5.91790415E-02
   11.0000000       800.000000       7.45541826E-02   9.28909588      0.136933327       1.47394319E-10  -1.30725864E-04   3.50144319E-02  -1.87246464E-04  -1.18320334      0.101754479      -5.68832643E-02
   12.0000000       800.000000       7.50876293E-02   9.36382198      0.136285782       1.45525425E-10  -1.33313632E-04   3.45960632E-02  -1.34339498E-04  -1.18739045      0.101744317      -5.49203083E-02
   13.0000000       800.000000       7.56227747E-02   9.43945217      0.135626063       1.43664969E-10  -1.38626827E-04   3.41827571E-02  -8.73739700E-05  -1.19147968      0.101737924      -5.36037646E-02
   2.00000000       800.000000       7.61684179E-02   9.51551723      0.134963110       1.41822262E-10  -1.44447637E-04   3.37747037E-02  -4.57580027E-05  -1.19552529      0.101734273      -5.29551283E-02
   3.00000000       800.000000       7.67170042E-02   9.59179592      0.134303749       1.40004758E-10  -1.48982232E-04   3.33719589E-02  -1.16750725E-05  -1.19957530      0.101733513      -5.27070574E-02
   4.00000000       800.000000       7.72694573E-02   9.66848755      0.133650631       1.38214634E-10  -1.51514716E-04   3.29742283E-02   1.51655458E-05  -1.20364225      0.101734698      -5.26409708E-02
   5.00000000       800.000000       7.78230131E-02   9.74612713      0.133006528       1.36453779E-10  -1.51589629E-04   3.25814486E-02   3.85140447E-05  -1.20773804      0.101737641      -5.27117364E-02
   6.00000000       800.000000       7.83851892E-02   9.82425022      0.132372484       1.34723871E-10  -1.48863008E-04   3.21934670E-02   5.93990371E-05  -1.21187723      0.101742126      -5.27965538E-02
   7.00000000       800.000000       7.89523125E-02   9.90284920      0.131747827       1.33023245E-10  -1.43616664E-04   3.18107903E-02   7.81562558E-05  -1.21604633      0.101748392      -5.27649224E-02
   8.00000000       800.000000       7.95280412E-02   9.98241329      0.131131351       1.31349376E-10  -1.36392773E-04   3.14326584E-02   9.66321604E-05  -1.22023845      0.101756044      -5.23912422E-02
   9.00000000       800.000000       8.01055804E-02   10.0623922      0.130517513       1.29697697E-10  -1.28629486E-04   3.10593434E-02   1.13728500E-04  -1.22440922      0.101765186      -5.16180992E-02
   10.0000000       800.000000       8.06882754E-02   10.1425762      0.129905328       1.28065780E-10  -1.20963494E-04   3.06905769E-02   1.28699845E-04  -1.22853887      0.101775512      -5.07622324E-02
   11.0000000       800.000000       8.12722519E-02   10.2231703      0.129294634       1.26454028E-10  -1.13303206E-04   3.03264838E-02   1.39694646E-04  -1.23263335      0.101786837      -4.99974713E-02
   12.0000000       800.000000       8.18665698E-02   10.3048105      0.128686175       1.24862856E-10  -1.05455918E-04   2.99668852E-02   1.44960417E-04  -1.23669457      0.101798765      -4.91980277E-02
   13.0000000       800.000000       8.24698508E-02   10.3871059      0.128076166       1.23288019E-10  -9.80557088E-05   2.96124034E-02   1.43840924E-04  -1.24071515      0.101810604      -4.81085405E-02
   2.00000000       800.000000       8.30690786E-02   10.4702911      0.127458856       1.21723645E-10  -9.23674088E-05   2.92618610E-02   1.36497751E-04  -1.24465954      0.101821989      -4.65727299E-02
   3.00000000       800.000000       8.36792067E-02   10.5531397      0.126826867       1.20163365E-10  -8.96196580E-05   2.89153364E-02   1.24596860E-04  -1.24848199      0.101832278      -4.46922369E-02
   4.00000000       800.000000       8.42924491E-02   10.6371202      0.126178190       1.18604807E-10  -9.05838388E-05   2.85736267E-02   1.09968918E-04  -1.25216579      0.101841666      -4.26977128E-02
   5.00000000       800.000000       8.49149227E-02   10.7222576      0.125512719       1.17048177E-10  -9.52534392E-05   2.82355975E-02   9.35649441E-05  -1.25570858      0.101849623      -4.08302136E-02
   6.00000000       800.000000       8.55400413E-02   10.8070173      0.124834806       1.15498180E-10  -1.02471786E-04   2.79023200E-02   7.62726631E-05  -1.25912619      0.101856180      -3.95013057E-02
   7.00000000       800.000000       8.61672983E-02   10.8929453      0.124155246       1.13964206E-10  -1.09693974E-04   2.75725555E-02   5.86993629E-05  -1.26248968      0.101861104      -3.91650796E-02
   8.00000000       800.000000       8.68062824E-02   10.9799843      0.123487823       1.12458536E-10  -1.13684502E-04   2.72473916E-02   4.06626932E-05  -1.26589906      0.101864606      -3.97584848E-02
   9.00000000       800.000000       8.74475688E-02   11.0664978      0.122839063       1.10987115E-10  -1.12556627E-04   2.69257892E-02   2.24638752E-05  -1.26941824      0.101866648      -4.06187065E-02
   10.0000000       800.000000       8.80924463E-02   11.1543617      0.122207969       1.09547933E-10  -1.06578736E-04   2.66080964E-02   5.77791207E-06  -1.27303076      0.101867095      -4.12152372E-02
   11.0000000       800.000000       8.87458175E-02   11.2425718      0.121590711       1.08137270E-10  -9.68695385E-05   2.62945667E-02  -7.93324307E-06  -1.27670705      0.101866618      -4.14392278E-02
   12.0000000       800.000000       8.94047245E-02   11.3320246      0.120982036       1.06750497E-10  -8.48976488E-05   2.59846877E-02  -1.88830018E-05  -1.28041148      0.101864755      -4.11550887E-02
   13.0000000       800.000000       9.00711343E-02   11.4218473      0.120375417       1.05380704E-10  -7.25635982E-05   2.56786253E-02  -2.74887261E-05  -1.28409290      0.101862438      -4.01860252E-02
   2.00000000       800.000000       9.07422155E-02   11.5118284      0.119762927       1.04020972E-10  -6.18590784E-05   2.53765713E-02  -3.46793022E-05  -1.28768122      0.101859123      -3.86677086E-02
   3.00000000       800.000000       9.14164707E-02   11.6033077      0.119139545       1.02667541E-10  -5.39881148E-05   2.50780713E-02  -4.24291648E-05  -1.29113531      0.101855174      -3.69271375E-02
   4.00000000       800.000000       9.20993984E-02   11.6952047      0.118503876       1.01318398E-10  -4.93769949E-05   2.47832481E-02  -5.24835232E-05  -1.29445755      0.101850532      -3.50403562E-02
   5.00000000       800.000000       9.27866399E-02   11.7873383      0.117852084       9.99710037E-11  -4.85339515E-05   2.44917963E-02  -6.46807239E-05  -1.29761493      0.101844363      -3.30092311E-02
   6.00000000       800.000000       9.34779644E-02   11.8806105      0.117183492       9.86244003E-11  -5.15494430E-05   2.42040642E-02  -7.73102583E-05  -1.30060387      0.101837046      -3.10289543E-02
   7.00000000       800.000000       9.41774696E-02   11.9743528      0.116500050       9.72808153E-11  -5.79062253E-05   2.39196420E-02  -8.91823001E-05  -1.30343926      0.101828948      -2.93453112E-02
   8.00000000       800.000000       9.48819369E-02   12.0688763      0.115807466       9.59454322E-11  -6.61966551E-05   2.36389190E-02  -9.92759597E-05  -1.30615163      0.101819478      -2.82356814E-02
   9.00000000       800.000000       9.55979601E-02   12.1640635      0.115115948       9.46257239E-11  -7.40345495E-05   2.33612321E-02  -1.07144333E-04  -1.30881679      0.101809040      -2.79812496E-02
   10.0000000       800.000000       9.63135287E-02   12.2600622      0.114437126       9.33313357E-11  -7.85570301E-05   2.30869912E-02  -1.12980080E-04  -1.31152236      0.101798251      -2.86375657E-02
   11.0000000       800.000000       9.70358253E-02   12.3568468      0.113779575       9.20690885E-11  -7.73904976E-05   2.28159782E-02  -1.16747506E-04  -1.31435454      0.101786874      -2.98373085E-02
   12.0000000       800.000000       9.77677032E-02   12.4544106      0.113145657       9.08398773E-11  -6.98464792E-05   2.25484036E-02  -1.17649099E-04  -1.31733561      0.101775475      -3.09198480E-02
   13.0000000       800.000000       9.85076427E-02   12.5523767      0.112529255       8.96389768E-11  -5.75230879E-05   2.22840924E-02  -1.15100840E-04  -1.32042098      0.101764143      -3.13293822E-02
   2.00000000       800.000000       9.92456749E-02   12.6510534      0.111920401       8.84569640E-11  -4.31395056E-05   2.20227279E-02  -1.09501379E-04  -1.32353175      0.101753123      -3.07783484E-02
   3.00000000       800.000000       9.99961421E-02   12.7503929      0.111305736       8.72838815E-11  -3.00552001E-05   2.17647087E-02  -1.01952166E-04  -1.32655442      0.101743080      -2.92152334E-02
   4.00000000       800.000000      0.100751281       12.8514633      0.110674568       8.61111946E-11  -2.10903509E-05   2.15098951E-02  -9.35179269E-05  -1.32939398      0.101733416      -2.69237645E-02
   5.00000000       800.000000      0.101513669       12.9527330      0.110021122       8.49343165E-11  -1.76579288E-05   2.12579984E-02  -8.51089790E-05  -1.33199954      0.101724982      -2.44025979E-02
   6.00000000       800.000000      0.102282949       13.0543804      0.109345376       8.37535596E-11  -1.98141406E-05   2.10092068E-02  -7.70026672E-05  -1.33436871      0.101717174      -2.20023580E-02
   7.00000000       800.000000      0.103057869       13.1565609      0.108650617       8.25720187E-11  -2.65097351E-05   2.07632724E-02  -6.84795596E-05  -1.33651924      0.101709954      -2.00656150E-02
   8.00000000       800.000000      0.103839546       13.2604132      0.107945889       8.13965909E-11  -3.56223609E-05   2.05203667E-02  -5.91867501E-05  -1.33851826      0.101703838      -1.89319272E-02
   9.00000000       800.000000      0.104626514       13.3645535      0.107242621       8.02354919E-11  -4.42836827E-05   2.02803109E-02  -4.93324260E-05  -1.34046400      0.101698779      -1.87019035E-02
   10.0000000       800.000000      0.105420068       13.4691267      0.106552020       7.90972149E-11  -4.95307577E-05   2.00429484E-02  -3.92369511E-05  -1.34244657      0.101694614      -1.93722658E-02
   11.0000000       800.000000      0.106228657       13.5754204      0.105883360       7.79882964E-11  -4.90434104E-05   1.98082309E-02  -2.93196135E-05  -1.34456313      0.101691552      -2.05590110E-02
   12.0000000       800.000000      0.107034281       13.6821260      0.105238192       7.69089792E-11  -4.23098936E-05   1.95767004E-02  -1.93313190E-05  -1.34683144      0.101689301      -2.15950273E-02
   13.0000000       800.000000      0.107849084       13.7891541      0.104610257       7.58542881E-11  -3.09946881E-05   1.93478037E-02  -8.99067436E-06  -1.34920669      0.101688281      -2.18731537E-02
   2.00000000       800.000000      0.108672515       13.8981247      0.103985697       7.48140647E-11  -1.84722267E-05   1.91215370E-02   1.38540850E-06  -1.35156882      0.101688579      -2.09656153E-02
   3.00000000       800.000000      0.109497771       14.0066690      0.103349090       7.37769776E-11  -8.72721557E-06   1.88984554E-02   1.13415690E-05  -1.35377944      0.101689823      -1.89476442E-02
   4.00000000       800.000000      0.110339761       14.1170921      0.102690317       7.27357272E-11  -4.49503750E-06   1.86776798E-02   2.03666095E-05  -1.35573399      0.101691969      -1.63521394E-02
   5.00000000       800.000000      0.111177742       14.2269335      0.102006979       7.16894252E-11  -6.49664617E-06   1.84594542E-02   2.78225361E-05  -1.35739970      0.101695046      -1.38234086E-02
   6.00000000       800.000000      0.112030037       14.3394938      0.101305030       7.06420061E-11  -1.32447303E-05   1.82437319E-02   3.35369696E-05  -1.35881960      0.101698808      -1.19884796E-02
   7.00000000       800.000000      0.112885214       14.4517355      0.100596718       6.96022337E-11  -2.16901026E-05   1.80305894E-02   3.77616670E-05  -1.36009598      0.101703249      -1.11356443E-02
   8.00000000       800.000000      0.113750286       14.5650282       9.98934433E-02   6.85779211E-11  -2.86246941E-05   1.78201087E-02   4.05172796E-05  -1.36134565      0.101707682      -1.12160388E-02
   9.00000000       800.000000      0.114624061       14.6793976       9.92060229E-02   6.75760906E-11  -3.14292993E-05   1.76119879E-02   4.20260076E-05  -1.36265886      0.101712637      -1.19204968E-02
   10.0000000       800.000000      0.115506783       14.7940674       9.85372588E-02   6.65986016E-11  -2.90370408E-05   1.74063351E-02   4.25834805E-05  -1.36408699      0.101717591      -1.27056679E-02
   11.0000000       800.000000      0.116393380       14.9101496       9.78847146E-02   6.56430257E-11  -2.22201579E-05   1.72031149E-02   4.26580809E-05  -1.36560559      0.101722583      -1.30301816E-02
   12.0000000       800.000000      0.117281690       15.0272551       9.72382501E-02   6.47025419E-11  -1.34221218E-05   1.70022752E-02   4.23820966E-05  -1.36713147      0.101727359      -1.24411024E-02
   13.0000000       800.000000      0.118191823       15.1445360       9.65849087E-02   6.37681435E-11  -6.10646157E-06   1.68038644E-02   4.16137009E-05  -1.36853552      0.101732329      -1.08661754E-02
   2.00000000       800.000000      0.119099334       15.2630339       9.59149972E-02   6.28335578E-11  -2.94056463E-06   1.66078843E-02   3.99692690E-05  -1.36970913      0.101737186      -8.73133633E-03
   3.00000000       800.000000      0.120015435       15.3828135       9.52266231E-02   6.18978410E-11  -4.56476391E-06   1.64141450E-02   3.73134244E-05  -1.37062252      0.101741672      -6.71592634E-03
   4.00000000       800.000000      0.120940529       15.5036430       9.45262536E-02   6.09650455E-11  -9.36223478E-06   1.62226632E-02   3.36867670E-05  -1.37132812      0.101745687      -5.40762534E-03
   5.00000000       800.000000      0.121867239       15.6249332       9.38248113E-02   6.00425543E-11  -1.44261421E-05   1.60332005E-02   2.93953053E-05  -1.37193668      0.101749316      -4.95369220E-03
   6.00000000       800.000000      0.122810721       15.7464323       9.31316093E-02   5.91359253E-11  -1.72938544E-05   1.58461947E-02   2.46661857E-05  -1.37254107      0.101752184      -5.09040104E-03
   7.00000000       800.000000      0.123757191       15.8707790       9.24509615E-02   5.82476428E-11  -1.67159542E-05   1.56612918E-02   1.96536203E-05  -1.37319124      0.101754740      -5.39241871E-03
   8.00000000       800.000000      0.124716990       15.9948425       9.17813107E-02   5.73766243E-11  -1.29454575E-05   1.54787675E-02   1.46523598E-05  -1.37387955      0.101756655      -5.47208590E-03
   9.00000000       800.000000      0.125679165       16.1200333       9.11177471E-02   5.65193448E-11  -7.44940598E-06   1.52977165E-02   9.84848793E-06  -1.37456036      0.101757802      -4.99906205E-03
   10.0000000       800.000000      0.126648560       16.2460766       9.04511139E-02   5.56701456E-11  -2.51027359E-06   1.51195563E-02   5.34273931E-06  -1.37514079      0.101758443      -3.85131175E-03
   11.0000000       800.000000      0.127627030       16.3736973       8.97747725E-02   5.48248773E-11  -4.87545613E-08   1.49430074E-02   1.07242704E-06  -1.37554085      0.101758659      -2.33430159E-03
   12.0000000       800.000000      0.128622070       16.5009899       8.90876800E-02   5.39828078E-11  -4.58538210E-07   1.47692543E-02  -2.92877212E-06  -1.37573910      0.101758331      -9.09078750E-04
   13.0000000       800.000000      0.129615709       16.6299458       8.83938596E-02   5.31466156E-11  -2.67508108E-06   1.45967081E-02  -6.65809648E-06  -1.37577486      0.101757444       8.22845832E-05
   2.00000000       800.000000      0.130617574       16.7607040       8.77001211E-02   5.23199747E-11  -4.92292747E-06   1.44268516E-02  -1.00175221E-05  -1.37571943      0.101756014       5.62116853E-04
   3.00000000       800.000000      0.131631613       16.8909397       8.70115831E-02   5.15063131E-11  -5.73709804E-06   1.42585067E-02  -1.30438766E-05  -1.37562692      0.101754241       7.41968397E-04
   4.00000000       800.000000      0.132658064       17.0234966       8.63295421E-02   5.07058735E-11  -4.66059919E-06   1.40917134E-02  -1.57230588E-05  -1.37552094      0.101752408       9.20284248E-04
   5.00000000       800.000000      0.133689612       17.1564980       8.56522620E-02   4.99176256E-11  -2.22237850E-06   1.39274942E-02  -1.79788549E-05  -1.37538266      0.101749897       1.33947132E-03
   6.00000000       800.000000      0.134727374       17.2917385       8.49751085E-02   4.91385925E-11   4.10156758E-07   1.37652121E-02  -1.97270874E-05  -1.37516212      0.101747222       2.10294477E-03
   7.00000000       800.000000      0.135772675       17.4260139       8.42945129E-02   4.83667134E-11   2.11566930E-06   1.36045916E-02  -2.09553982E-05  -1.37481499      0.101744160       3.10238171E-03
   8.00000000       800.000000      0.136831790       17.5625153       8.36090818E-02   4.76010377E-11   2.51595975E-06   1.34464884E-02  -2.16842600E-05  -1.37431872      0.101741351       4.08753566E-03
   9.00000000       800.000000      0.137887821       17.6995029       8.29207525E-02   4.68428699E-11   2.12144710E-06   1.32892746E-02  -2.19147769E-05  -1.37369120      0.101738527       4.85307816E-03
   10.0000000       800.000000      0.138969555       17.8388729       8.22332203E-02   4.60940314E-11   1.87506282E-06   1.31340865E-02  -2.17213328E-05  -1.37297189      0.101735167       5.35620749E-03
   11.0000000       800.000000      0.140046909       17.9775219       8.15486982E-02   4.53556671E-11   2.51527149E-06   1.29813598E-02  -2.12146169E-05  -1.37219763      0.101732321       5.72253531E-03
   12.0000000       800.000000      0.141143247       18.1181393       8.08676183E-02   4.46278500E-11   4.09613722E-06   1.28297955E-02  -2.04821863E-05  -1.37136686      0.101729646       6.15417305E-03
   13.0000000       800.000000      0.142242312       18.2606220       8.01879317E-02   4.39092616E-11   6.04857632E-06   1.26800612E-02  -1.95320608E-05  -1.37045217      0.101726778       6.77554263E-03
   2.00000000       800.000000      0.143348306       18.4025784       7.95068592E-02   4.31985871E-11   7.64938341E-06   1.25325033E-02  -1.83658376E-05  -1.36942887      0.101724118       7.56421452E-03
   3.00000000       800.000000      0.144470185       18.5468769       7.88235590E-02   4.24949381E-11   8.48441232E-06   1.23863043E-02  -1.69740961E-05  -1.36827409      0.101721585       8.39660875E-03
   4.00000000       800.000000      0.145599216       18.6916237       7.81377926E-02   4.17983356E-11   8.66079972E-06   1.22414567E-02  -1.53524797E-05  -1.36699140      0.101719312       9.14332457E-03
   5.00000000       800.000000      0.146730632       18.8387299       7.74519891E-02   4.11099800E-11   8.64362300E-06   1.20988796E-02  -1.35341324E-05  -1.36560011      0.101717427       9.74619947E-03
   6.00000000       800.000000      0.147886083       18.9852219       7.67670274E-02   4.04303500E-11   8.89474722E-06   1.19577190E-02  -1.16099754E-05  -1.36412358      0.101715818       1.02486573E-02
   7.00000000       800.000000      0.149040878       19.1336536       7.60841891E-02   3.97598413E-11   9.57265638E-06   1.18180988E-02  -9.67560209E-06  -1.36255920      0.101714328       1.07441051E-02
   8.00000000       800.000000      0.150206983       19.2841053       7.54023790E-02   3.90978569E-11   1.04839537E-05   1.16805956E-02  -7.78805133E-06  -1.36090767      0.101712994       1.13096787E-02
   9.00000000       800.000000      0.151375279       19.4338169       7.47211501E-02   3.84438592E-11   1.13132983E-05   1.15445964E-02  -5.97451026E-06  -1.35914707      0.101712085       1.19433440E-02
   10.0000000       800.000000      0.152559474       19.5859928       7.40387514E-02   3.77973278E-11   1.19031893E-05   1.14097409E-02  -4.22589710E-06  -1.35727572      0.101711571       1.25831366E-02
   11.0000000       800.000000      0.153755501       19.7391071       7.33568594E-02   3.71586512E-11   1.23457376E-05   1.12763299E-02  -2.51624260E-06  -1.35529768      0.101711333       1.31734125E-02
   12.0000000       800.000000      0.154966682       19.8943138       7.26757646E-02   3.65278884E-11   1.28552028E-05   1.11448057E-02  -8.41468193E-07  -1.35320675      0.101710908       1.37014063E-02
   13.0000000       800.000000      0.156182289       20.0499210       7.19957203E-02   3.59054973E-11   1.35766177E-05   1.10149942E-02   7.56550207E-07  -1.35102999      0.101711020       1.42030269E-02
   2.00000000       800.000000      0.157407701       20.2067699       7.13174939E-02   3.52909750E-11   1.44591468E-05   1.08867288E-02   2.22255653E-06  -1.34875286      0.101711415       1.47314519E-02
   3.00000000       800.000000      0.158632427       20.3635406       7.06386492E-02   3.46841444E-11   1.53067122E-05   1.07593704E-02   3.51830113E-06  -1.34637439      0.101712294       1.53081361E-02
   4.00000000       800.000000      0.159881696       20.5234394       6.99614137E-02   3.40848495E-11   1.59691426E-05   1.06335655E-02   4.62958178E-06  -1.34387684      0.101712935       1.59007460E-02
   5.00000000       800.000000      0.161134437       20.6836548       6.92836121E-02   3.34926878E-11   1.64604153E-05   1.05095338E-02   5.56919485E-06  -1.34127104      0.101713695       1.64689384E-02
   6.00000000       800.000000      0.162408039       20.8466339       6.86065555E-02   3.29079472E-11   1.68964252E-05   1.03873070E-02   6.35392234E-06  -1.33854949      0.101714857       1.70008820E-02
   7.00000000       800.000000      0.163673609       21.0080662       6.79305941E-02   3.23311343E-11   1.73821481E-05   1.02656400E-02   6.98618260E-06  -1.33572531      0.101715766       1.75114218E-02
   8.00000000       800.000000      0.164970547       21.1726456       6.72558472E-02   3.17613297E-11   1.79098915E-05   1.01456633E-02   7.45746820E-06  -1.33279920      0.101716951       1.80226844E-02
   9.00000000       800.000000      0.166260168       21.3390827       6.65818006E-02   3.11990746E-11   1.84234814E-05   1.00273350E-02   7.75716489E-06  -1.32975566      0.101718426       1.85357332E-02
   10.0000000       800.000000      0.167571649       21.5048828       6.59088790E-02   3.06444141E-11   1.89311795E-05   9.91056487E-03   7.88662146E-06  -1.32660210      0.101719685       1.90348364E-02
   11.0000000       800.000000      0.168884769       21.6747990       6.52373657E-02   3.00963282E-11   1.94809818E-05   9.79462452E-03   7.85802786E-06  -1.32335711      0.101721011       1.95125714E-02
   12.0000000       800.000000      0.170220941       21.8437004       6.45670891E-02   2.95557467E-11   2.01120965E-05   9.68019385E-03   7.68887003E-06  -1.31999123      0.101722457       1.99783184E-02
   13.0000000       800.000000      0.171562597       22.0148487       6.38980120E-02   2.90225916E-11   2.08142483E-05   9.56726167E-03   7.39386815E-06  -1.31653738      0.101723641       2.04434209E-02
   2.00000000       800.000000      0.172911152       22.1867790       6.32305518E-02   2.84966148E-11   2.15382152E-05   9.45523940E-03   6.98215536E-06  -1.31295526      0.101724632       2.09129509E-02
   3.00000000       800.000000      0.174262822       22.3595982       6.25641346E-02   2.79775855E-11   2.22388535E-05   9.34546627E-03   6.46209946E-06  -1.30926466      0.101725921       2.13814639E-02
   4.00000000       800.000000      0.175636902       22.5350342       6.18997104E-02   2.74652107E-11   2.29081888E-05   9.23580304E-03   5.84801728E-06  -1.30546677      0.101726957       2.18401384E-02
   5.00000000       800.000000      0.177029908       22.7109966       6.12355284E-02   2.69595093E-11   2.35611915E-05   9.12819896E-03   5.15999818E-06  -1.30156183      0.101727761       2.22873222E-02
   6.00000000       800.000000      0.178427994       22.8897495       6.05737045E-02   2.64610122E-11   2.42002534E-05   9.02162679E-03   4.42049486E-06  -1.29754519      0.101728611       2.27268785E-02
   7.00000000       800.000000      0.179832757       23.0675335       5.99124283E-02   2.59690776E-11   2.48128035E-05   8.91629141E-03   3.64913626E-06  -1.29342330      0.101729318       2.31607445E-02
   8.00000000       800.000000      0.181247130       23.2492962       5.92533462E-02   2.54838026E-11   2.53917278E-05   8.81192181E-03   2.86061345E-06  -1.28917742      0.101729952       2.35850811E-02
   9.00000000       800.000000      0.182678327       23.4303741       5.85954301E-02   2.50051455E-11   2.59535263E-05   8.70892406E-03   2.06661139E-06  -1.28482938      0.101730399       2.39948072E-02
   10.0000000       800.000000      0.184120178       23.6137962       5.79395555E-02   2.45332470E-11   2.65310009E-05   8.60728044E-03   1.27871112E-06  -1.28038669      0.101730689       2.43882909E-02
   11.0000000       800.000000      0.185574606       23.7995758       5.72854988E-02   2.40679057E-11   2.71504177E-05   8.50663241E-03   5.10271548E-07  -1.27581215      0.101730756       2.47691218E-02
   12.0000000       800.000000      0.187039450       23.9845982       5.66331334E-02   2.36094443E-11   2.78209081E-05   8.40710104E-03  -2.24367852E-07  -1.27115571      0.101730682       2.51407903E-02
   13.0000000       800.000000      0.188515589       24.1725788       5.59833720E-02   2.31567682E-11   2.85421065E-05   8.30844697E-03  -9.11315510E-07  -1.26637411      0.101730399       2.55050678E-02
   2.00000000       800.000000      0.190003842       24.3626595       5.53357787E-02   2.27112096E-11   2.93001413E-05   8.21125507E-03  -1.53919530E-06  -1.26149213      0.101730004       2.58645266E-02
   3.00000000       800.000000      0.191507503       24.5538692       5.46892509E-02   2.22715926E-11   3.00711636E-05   8.11562128E-03  -2.09803989E-06  -1.25650859      0.101729557       2.62204818E-02
   4.00000000       800.000000      0.193027228       24.7454605       5.40453531E-02   2.18383193E-11   3.08242852E-05   8.02040379E-03  -2.58013802E-06  -1.25140905      0.101729013       2.65737846E-02
   5.00000000       800.000000      0.194553345       24.9383144       5.34033999E-02   2.14113172E-11   3.15302896E-05   7.92681240E-03  -2.98032546E-06  -1.24621379      0.101728484       2.69231088E-02
   6.00000000       800.000000      0.196085945       25.1336231       5.27634397E-02   2.09901315E-11   3.21855005E-05   7.83363543E-03  -3.29679665E-06  -1.24090898      0.101727933       2.72622630E-02
   7.00000000       800.000000      0.197636858       25.3313236       5.21259308E-02   2.05754164E-11   3.28113165E-05   7.74205383E-03  -3.52965662E-06  -1.23547876      0.101727284       2.75852382E-02
   8.00000000       800.000000      0.199212298       25.5304661       5.14901727E-02   2.01666687E-11   3.34500764E-05   7.65174488E-03  -3.68083897E-06  -1.22995496      0.101726532       2.78897230E-02
   9.00000000       800.000000      0.200781316       25.7297115       5.08563556E-02   1.97635172E-11   3.41366540E-05   7.56212231E-03  -3.75311515E-06  -1.22433639      0.101725884       2.81799193E-02
   10.0000000       800.000000      0.202371761       25.9304714       5.02263121E-02   1.93672491E-11   3.48734393E-05   7.47350510E-03  -3.74922524E-06  -1.21858513      0.101725146       2.84633096E-02
   11.0000000       800.000000      0.203978211       26.1335907       4.95988317E-02   1.89760690E-11   3.56329983E-05   7.38590257E-03  -3.67324606E-06  -1.21274531      0.101724327       2.87446138E-02
   12.0000000       800.000000      0.205590189       26.3390236       4.89735566E-02   1.85912848E-11   3.63733161E-05   7.29945442E-03  -3.53083260E-06  -1.20682931      0.101723611       2.90241744E-02
   13.0000000       800.000000      0.207215562       26.5462608       4.83500920E-02   1.82120291E-11   3.70612579E-05   7.21412105E-03  -3.32941136E-06  -1.20077229      0.101722807       2.92983800E-02
   2.00000000       800.000000      0.208862230       26.7531796       4.77297157E-02   1.78385778E-11   3.76880416E-05   7.12965755E-03  -3.07766663E-06  -1.19464767      0.101722017       2.95616630E-02
   3.00000000       800.000000      0.210511744       26.9634609       4.71117757E-02   1.74705268E-11   3.82730977E-05   7.04588462E-03  -2.78475068E-06  -1.18836999      0.101721600       2.98089124E-02
   4.00000000       800.000000      0.212182373       27.1744270       4.64964509E-02   1.71083564E-11   3.88576082E-05   6.96368422E-03  -2.46051604E-06  -1.18202531      0.101721093       3.00371349E-02
   5.00000000       800.000000      0.213867262       27.3881035       4.58839871E-02   1.67520130E-11   3.94835115E-05   6.88175764E-03  -2.11472229E-06  -1.17559779      0.101720497       3.02487817E-02
   6.00000000       800.000000      0.215570495       27.6017551       4.52752039E-02   1.64010385E-11   4.01646248E-05   6.80145342E-03  -1.75667401E-06  -1.16905797      0.101720162       3.04496810E-02
   7.00000000       800.000000      0.217280358       27.8196926       4.46689762E-02   1.60552127E-11   4.08891829E-05   6.72149891E-03  -1.39532733E-06  -1.16239154      0.101719990       3.06452792E-02
   8.00000000       800.000000      0.218995273       28.0367794       4.40662578E-02   1.57155313E-11   4.16266448E-05   6.64271181E-03  -1.03805439E-06  -1.15567946      0.101719767       3.08378730E-02
   9.00000000       800.000000      0.220740929       28.2576332       4.34660390E-02   1.53807401E-11   4.23381534E-05   6.56504557E-03  -6.91694027E-07  -1.14884651      0.101719625       3.10259778E-02
   10.0000000       800.000000      0.222490728       28.4788132       4.28696424E-02   1.50516630E-11   4.30034343E-05   6.48801867E-03  -3.61945553E-07  -1.14191854      0.101719454       3.12054195E-02
   11.0000000       800.000000      0.224248633       28.7025547       4.22756448E-02   1.47277138E-11   4.36266346E-05   6.41186209E-03  -5.38039799E-08  -1.13489258      0.101719379       3.13716866E-02
   12.0000000       800.000000      0.226034790       28.9273281       4.16847803E-02   1.44088179E-11   4.42318633E-05   6.33640308E-03   2.28905222E-07  -1.12778687      0.101719409       3.15229781E-02
   13.0000000       800.000000      0.227838799       29.1540203       4.10972685E-02   1.40952770E-11   4.48419560E-05   6.26243418E-03   4.82908433E-07  -1.12058914      0.101719581       3.16616558E-02
   2.00000000       800.000000      0.229636580       29.3828106       4.05142419E-02   1.37870097E-11   4.54617693E-05   6.18873397E-03   7.06547951E-07  -1.11330533      0.101719648       3.17904651E-02
   3.00000000       800.000000      0.231463313       29.6143074       3.99340503E-02   1.34838234E-11   4.60847114E-05   6.11619372E-03   8.98352539E-07  -1.10591686      0.101719819       3.19100507E-02
   4.00000000       800.000000      0.233298600       29.8444633       3.93572599E-02   1.31856201E-11   4.67071550E-05   6.04438921E-03   1.05756385E-06  -1.09848785      0.101720124       3.20204459E-02
   5.00000000       800.000000      0.235164225       30.0788250       3.87842767E-02   1.28920373E-11   4.73328182E-05   5.97364316E-03   1.18419507E-06  -1.09094858      0.101720408       3.21192965E-02
   6.00000000       800.000000      0.237021416       30.3152733       3.82142663E-02   1.26038156E-11   4.79717892E-05   5.90326637E-03   1.27878627E-06  -1.08332562      0.101720765       3.22061405E-02
   7.00000000       800.000000      0.238909259       30.5545444       3.76489013E-02   1.23203756E-11   4.86393656E-05   5.83402999E-03   1.34282641E-06  -1.07560062      0.101721048       3.22801918E-02
   8.00000000       800.000000      0.240805298       30.7942753       3.70861366E-02   1.20421850E-11   4.93499501E-05   5.76570770E-03   1.37816164E-06  -1.06781638      0.101721413       3.23438533E-02
   9.00000000       800.000000      0.242732763       31.0363560       3.65286320E-02   1.17684586E-11   5.00958231E-05   5.69793629E-03   1.38670816E-06  -1.05994809      0.101721749       3.23993079E-02
   10.0000000       800.000000      0.244650185       31.2805672       3.59733030E-02   1.14996840E-11   5.08535995E-05   5.63080469E-03   1.37095265E-06  -1.05201256      0.101722129       3.24486494E-02
   11.0000000       800.000000      0.246601894       31.5240726       3.54237072E-02   1.12356322E-11   5.16017972E-05   5.56474039E-03   1.33316610E-06  -1.04403961      0.101722434       3.24915163E-02
   12.0000000       800.000000      0.248575494       31.7732716       3.48765552E-02   1.09761705E-11   5.23265953E-05   5.49958227E-03   1.27567398E-06  -1.03593493      0.101722822       3.25250663E-02
   13.0000000       800.000000      0.250549018       32.0229034       3.43343578E-02   1.07209389E-11   5.30266079E-05   5.43491449E-03   1.20084212E-06  -1.02779102      0.101723142       3.25478390E-02
   2.00000000       800.000000      0.252544135       32.2734489       3.37958336E-02   1.04706183E-11   5.37061751E-05   5.37103787E-03   1.11102656E-06  -1.01958168      0.101723500       3.25595848E-02
   3.00000000       800.000000      0.254557490       32.5260506       3.32606211E-02   1.02247464E-11   5.43681672E-05   5.30793890E-03   1.00846967E-06  -1.01129138      0.101723775       3.25610414E-02
   4.00000000       800.000000      0.256586730       32.7818604       3.27316858E-02   9.98328416E-12   5.50121513E-05   5.24526555E-03   8.95322387E-07  -1.00294626      0.101723939       3.25523242E-02
   5.00000000       800.000000      0.258610994       33.0395813       3.22054513E-02   9.74600348E-12   5.56375926E-05   5.18392911E-03   7.73937586E-07 -0.994492412      0.101724088       3.25337537E-02
   6.00000000       800.000000      0.260681123       33.2992859       3.16825621E-02   9.51337446E-12   5.62449604E-05   5.12291584E-03   6.46847752E-07 -0.986020446      0.101724230       3.25044878E-02
   7.00000000       800.000000      0.262756377       33.5623474       3.11658625E-02   9.28505623E-12   5.68431533E-05   5.06246276E-03   5.16735668E-07 -0.977492452      0.101724356       3.24634686E-02
   8.00000000       800.000000      0.264846563       33.8261070       3.06518860E-02   9.06079638E-12   5.74502337E-05   5.00297593E-03   3.86100226E-07 -0.968883932      0.101724468       3.24106440E-02
   9.00000000       800.000000      0.266964108       34.0918350       3.01440284E-02   8.84112315E-12   5.80725537E-05   4.94404463E-03   2.57269761E-07 -0.960264564      0.101724550       3.23474444E-02
   10.0000000       800.000000      0.269089431       34.3593788       2.96396222E-02   8.62529839E-12   5.87130344E-05   4.88587515E-03   1.32827367E-07 -0.951545715      0.101724565       3.22748758E-02
   11.0000000       800.000000      0.271236569       34.6304741       2.91396938E-02   8.41382086E-12   5.93705190E-05   4.82845400E-03   1.47406993E-08 -0.942825258      0.101724587       3.21943164E-02
   12.0000000       800.000000      0.273390830       34.9008446       2.86445413E-02   8.20626900E-12   6.00287276E-05   4.77157766E-03  -9.50693959E-08 -0.934042215      0.101724580       3.21063250E-02
   13.0000000       800.000000      0.275573671       35.1773834       2.81534344E-02   8.00261853E-12   6.06724971E-05   4.71565593E-03  -1.94932198E-07 -0.925198138      0.101724520       3.20117101E-02
   2.00000000       800.000000      0.277770936       35.4531212       2.76687834E-02   7.80329707E-12   6.12888543E-05   4.65987343E-03  -2.83453375E-07 -0.916285217      0.101724446       3.19089927E-02
   3.00000000       800.000000      0.279982239       35.7325478       2.71875262E-02   7.60770266E-12   6.18739141E-05   4.60523786E-03  -3.59591525E-07 -0.907398760      0.101724379       3.17970440E-02
   4.00000000       800.000000      0.282222867       36.0137329       2.67103631E-02   7.41600531E-12   6.24356398E-05   4.55093291E-03  -4.22699117E-07 -0.898437202      0.101724274       3.16749327E-02
   5.00000000       800.000000      0.284471065       36.2968369       2.62375362E-02   7.22799598E-12   6.29886636E-05   4.49746056E-03  -4.72496453E-07 -0.889421880      0.101724111       3.15419063E-02
   6.00000000       800.000000      0.286742091       36.5804558       2.57714521E-02   7.04389325E-12   6.35515025E-05   4.44433698E-03  -5.09034351E-07 -0.880389094      0.101724006       3.13982256E-02
   7.00000000       800.000000      0.289016098       36.8690605       2.53082030E-02   6.86368930E-12   6.41387378E-05   4.39191423E-03  -5.32708043E-07 -0.871339917      0.101723865       3.12451627E-02
   8.00000000       800.000000      0.291324228       37.1585426       2.48513836E-02   6.68676269E-12   6.47556153E-05   4.34019836E-03  -5.44233330E-07 -0.862294257      0.101723775       3.10839787E-02
   9.00000000       800.000000      0.293644518       37.4530144       2.43986212E-02   6.51385803E-12   6.53972893E-05   4.28933045E-03  -5.44570469E-07 -0.853173971      0.101723582       3.09156943E-02
   10.0000000       800.000000      0.296003997       37.7481918       2.39511840E-02   6.34444667E-12   6.60519581E-05   4.23878245E-03  -5.34860249E-07 -0.844058573      0.101723470       3.07408683E-02
   11.0000000       800.000000      0.298353791       38.0451622       2.35086847E-02   6.17845315E-12   6.67082204E-05   4.18859441E-03  -5.16346233E-07 -0.834929287      0.101723224       3.05593293E-02
   12.0000000       800.000000      0.300734103       38.3437805       2.30707601E-02   6.01628773E-12   6.73590112E-05   4.13923431E-03  -4.90298135E-07 -0.825762033      0.101723045       3.03703304E-02
   13.0000000       800.000000      0.303147912       38.6467476       2.26384662E-02   5.85730683E-12   6.80023513E-05   4.09038318E-03  -4.57974153E-07 -0.816576481      0.101722866       3.01743131E-02
   2.00000000       800.000000      0.305555582       38.9513550       2.22103987E-02   5.70168045E-12   6.86388448E-05   4.04237071E-03  -4.20568426E-07 -0.807362795      0.101722710       2.99705323E-02
   3.00000000       800.000000      0.307996303       39.2577019       2.17882786E-02   5.54928412E-12   6.92680405E-05   3.99469445E-03  -3.79195626E-07 -0.798200846      0.101722568       2.97595188E-02
   4.00000000       800.000000      0.310469896       39.5681572       2.13699546E-02   5.40049082E-12   6.98870499E-05   3.94750433E-03  -3.34862307E-07 -0.788978517      0.101722486       2.95415539E-02
   5.00000000       800.000000      0.312931180       39.8770142       2.09571235E-02   5.25491066E-12   7.04919657E-05   3.90115543E-03  -2.88469863E-07 -0.779751062      0.101722419       2.93169115E-02
   6.00000000       800.000000      0.315432847       40.1933212       2.05499772E-02   5.11232723E-12   7.10791428E-05   3.85499932E-03  -2.40822004E-07 -0.770569682      0.101722360       2.90861223E-02
   7.00000000       800.000000      0.317947745       40.5082169       2.01476496E-02   4.97307577E-12   7.16467985E-05   3.80961155E-03  -1.92660607E-07 -0.761345208      0.101722300       2.88481936E-02
   8.00000000       800.000000      0.320495814       40.8281288       1.97504722E-02   4.83685054E-12   7.21946126E-05   3.76468268E-03  -1.44677102E-07 -0.752135575      0.101722263       2.86042131E-02
   9.00000000       800.000000      0.323059022       41.1489258       1.93578918E-02   4.70374998E-12   7.27239167E-05   3.72026325E-03  -9.75454242E-08 -0.742945790      0.101722218       2.83538457E-02
   10.0000000       800.000000      0.325634599       41.4749947       1.89710557E-02   4.57364962E-12   7.32364497E-05   3.67639284E-03  -5.19261505E-08 -0.733746529      0.101722248       2.80970838E-02
   11.0000000       800.000000      0.328246117       41.8027420       1.85890757E-02   4.44656334E-12   7.37355585E-05   3.63287469E-03  -8.45935233E-09 -0.724561274      0.101722278       2.78346185E-02
   12.0000000       800.000000      0.330868602       42.1312904       1.82124935E-02   4.32229599E-12   7.42255870E-05   3.58997914E-03   3.22270459E-08 -0.715403974      0.101722293       2.75659636E-02
   13.0000000       800.000000      0.333499759       42.4624519       1.78407542E-02   4.20102972E-12   7.47104787E-05   3.54767009E-03   6.95490598E-08 -0.706250727      0.101722300       2.72918325E-02
   2.00000000       800.000000      0.336178690       42.7972488       1.74743552E-02   4.08252555E-12   7.51931802E-05   3.50577477E-03   1.02979065E-07 -0.697121978      0.101722322       2.70124748E-02
   3.00000000       800.000000      0.338866234       43.1343956       1.71132591E-02   3.96688368E-12   7.56751324E-05   3.46460659E-03   1.32048726E-07 -0.688013494      0.101722360       2.67284475E-02
   4.00000000       800.000000      0.341564178       43.4764404       1.67571083E-02   3.85399872E-12   7.61572883E-05   3.42363841E-03   1.56373062E-07 -0.678934276      0.101722404       2.64397971E-02
   5.00000000       800.000000      0.344298780       43.8198090       1.64062455E-02   3.74376268E-12   7.66394223E-05   3.38326045E-03   1.75683525E-07 -0.669883788      0.101722442       2.61470713E-02
   6.00000000       800.000000      0.347046673       44.1641579       1.60607155E-02   3.63617101E-12   7.71218984E-05   3.34322988E-03   1.89844783E-07 -0.660857916      0.101722494       2.58503538E-02
   7.00000000       800.000000      0.349838823       44.5138283       1.57200061E-02   3.53119660E-12   7.76056258E-05   3.30370083E-03   1.98884862E-07 -0.651864588      0.101722531       2.55491007E-02
   8.00000000       800.000000      0.352615893       44.8651733       1.53847085E-02   3.42877723E-12   7.80919145E-05   3.26473778E-03   2.02992197E-07 -0.642910779      0.101722606       2.52448656E-02
   9.00000000       800.000000      0.355454803       45.2186356       1.50541607E-02   3.32898683E-12   7.85810626E-05   3.22626019E-03   2.02519416E-07 -0.633992732      0.101722687       2.49363426E-02
   10.0000000       800.000000      0.358279139       45.5763397       1.47292828E-02   3.23150599E-12   7.90723643E-05   3.18812812E-03   1.97945937E-07 -0.625111282      0.101722777       2.46253330E-02
   11.0000000       800.000000      0.361149102       45.9357567       1.44091276E-02   3.13653986E-12   7.95623491E-05   3.15053598E-03   1.89847540E-07 -0.616277695      0.101722889       2.43112557E-02
   12.0000000       800.000000      0.364027262       46.2968864       1.40942698E-02   3.04398217E-12   8.00463022E-05   3.11333663E-03   1.78841375E-07 -0.607484877      0.101722963       2.39954963E-02
   13.0000000       800.000000      0.366944253       46.6631355       1.37843359E-02   2.95372320E-12   8.05187301E-05   3.07653332E-03   1.65540342E-07 -0.598734438      0.101723015       2.36767493E-02
   2.00000000       800.000000      0.369876415       47.0312233       1.34795420E-02   2.86578964E-12   8.09746125E-05   3.04022920E-03   1.50509806E-07 -0.590037405      0.101723023       2.33556498E-02
   3.00000000       800.000000      0.372847915       47.4044495       1.31799206E-02   2.78012314E-12   8.14100422E-05   3.00415955E-03   1.34252588E-07 -0.581387758      0.101723105       2.30332389E-02
   4.00000000       800.000000      0.375840873       47.7758026       1.28853060E-02   2.69664759E-12   8.18231565E-05   2.96878302E-03   1.17188350E-07 -0.572795689      0.101723135       2.27085426E-02
   5.00000000       800.000000      0.378836393       48.1548996       1.25954440E-02   2.61536474E-12   8.22140719E-05   2.93360394E-03   9.96675524E-08 -0.564253330      0.101723187       2.23821159E-02
   6.00000000       800.000000      0.381849557       48.5329056       1.23104006E-02   2.53616008E-12   8.25835159E-05   2.89908634E-03   8.19819874E-08 -0.555764019      0.101723224       2.20540743E-02
   7.00000000       800.000000      0.384928495       48.9166336       1.20306294E-02   2.45907743E-12   8.29333876E-05   2.86483089E-03   6.43778222E-08 -0.547338068      0.101723246       2.17244513E-02
   8.00000000       800.000000      0.388007849       49.3037720       1.17556434E-02   2.38403438E-12   8.32657097E-05   2.83094915E-03   4.70635086E-08 -0.538976371      0.101723284       2.13937405E-02
   9.00000000       800.000000      0.391112477       49.6939621       1.14854956E-02   2.31099515E-12   8.35839601E-05   2.79755425E-03   3.02342116E-08 -0.530673563      0.101723336       2.10621301E-02
   10.0000000       800.000000      0.394236952       50.0870171       1.12201357E-02   2.23992179E-12   8.38922278E-05   2.76458636E-03   1.40757317E-08 -0.522433281      0.101723306       2.07296163E-02
   11.0000000       800.000000      0.397388846       50.4830971       1.09597184E-02   2.17078352E-12   8.41963702E-05   2.73181126E-03  -1.21627519E-09 -0.514264107      0.101723298       2.03962773E-02
   12.0000000       800.000000      0.400564700       50.8813133       1.07040787E-02   2.10350769E-12   8.45035247E-05   2.69947108E-03  -1.54326667E-08 -0.506158948      0.101723276       2.00622231E-02
   13.0000000       800.000000      0.403795749       51.2825050       1.04532512E-02   2.03809951E-12   8.48192503E-05   2.66754022E-03  -2.83582953E-08 -0.498123646      0.101723239       1.97287854E-02
   2.00000000       800.000000      0.406995207       51.6878319       1.02070626E-02   1.97450454E-12   8.51461300E-05   2.63605197E-03  -3.97804065E-08 -0.490163416      0.101723216       1.93955507E-02
   3.00000000       800.000000      0.410275906       52.0953789       9.96554736E-03   1.91266599E-12   8.54813334E-05   2.60496163E-03  -4.95184267E-08 -0.482275277      0.101723194       1.90632492E-02
   4.00000000       800.000000      0.413564175       52.5095062       9.72866453E-03   1.85254546E-12   8.58190542E-05   2.57408898E-03  -5.74415608E-08 -0.474460810      0.101723194       1.87324211E-02
   5.00000000       800.000000      0.416869521       52.9231834       9.49637778E-03   1.79412843E-12   8.61497247E-05   2.54382659E-03  -6.34897859E-08 -0.466718674      0.101723135       1.84026249E-02
   6.00000000       800.000000      0.420203984       53.3436661       9.26856883E-03   1.73735895E-12   8.64648246E-05   2.51378305E-03  -6.76823078E-08 -0.459056228      0.101723127       1.80748515E-02
   7.00000000       800.000000      0.423574746       53.7655487       9.04528890E-03   1.68218477E-12   8.67574636E-05   2.48394837E-03  -7.01092873E-08 -0.451467782      0.101723082       1.77489668E-02
   8.00000000       800.000000      0.426962882       54.1887779       8.82640481E-03   1.62860936E-12   8.70234799E-05   2.45472719E-03  -7.09245001E-08 -0.443954796      0.101723075       1.74243636E-02
   9.00000000       800.000000      0.430381179       54.6191368       8.61196127E-03   1.57655757E-12   8.72621749E-05   2.42566993E-03  -7.03172844E-08 -0.436527520      0.101723030       1.71021037E-02
   10.0000000       800.000000      0.433835030       55.0515404       8.40183813E-03   1.52601477E-12   8.74754478E-05   2.39703548E-03  -6.84948276E-08 -0.429174930      0.101722978       1.67811122E-02
   11.0000000       800.000000      0.437294513       55.4855461       8.19593389E-03   1.47692861E-12   8.76664417E-05   2.36858381E-03  -6.56569128E-08 -0.421912104      0.101722948       1.64612830E-02
   12.0000000       800.000000      0.440796643       55.9234009       7.99423084E-03   1.42930318E-12   8.78413121E-05   2.34076008E-03  -6.19823979E-08 -0.414728910      0.101722904       1.61441676E-02
   13.0000000       800.000000      0.444335788       56.3692284       7.79682864E-03   1.38305632E-12   8.80062871E-05   2.31310306E-03  -5.76172638E-08 -0.407622427      0.101722889       1.58288572E-02
   2.00000000       800.000000      0.447884768       56.8128738       7.60345347E-03   1.33817079E-12   8.81700253E-05   2.28561740E-03  -5.26752260E-08 -0.400599092      0.101722859       1.55161554E-02
   3.00000000       800.000000      0.451492101       57.2652702       7.41425063E-03   1.29461361E-12   8.83387693E-05   2.25874456E-03  -4.72451340E-08 -0.393662512      0.101722851       1.52054876E-02
   4.00000000       800.000000      0.455087274       57.7184486       7.22905621E-03   1.25235673E-12   8.85170011E-05   2.23204633E-03  -4.14050731E-08 -0.386813939      0.101722807       1.48977805E-02
   5.00000000       800.000000      0.458740443       58.1730003       7.04784691E-03   1.21137930E-12   8.87048955E-05   2.20570504E-03  -3.52378322E-08 -0.380056024      0.101722777       1.45932464E-02
   6.00000000       800.000000      0.462410837       58.6358948       6.87056920E-03   1.17162920E-12   8.88985887E-05   2.17959518E-03  -2.88462836E-08 -0.373373508      0.101722769       1.42920241E-02
   7.00000000       800.000000      0.466109008       59.0983734       6.69712760E-03   1.13307963E-12   8.90929296E-05   2.15384504E-03  -2.23596484E-08 -0.366781324      0.101722769       1.39942402E-02
   8.00000000       800.000000      0.469850868       59.5668716       6.52752770E-03   1.09570686E-12   8.92827811E-05   2.12827302E-03  -1.59324571E-08 -0.360277504      0.101722769       1.37003418E-02
   9.00000000       800.000000      0.473630607       60.0369263       6.36167219E-03   1.05946892E-12   8.94615441E-05   2.10321485E-03  -9.72647918E-09 -0.353855908      0.101722747       1.34101762E-02
   10.0000000       800.000000      0.477417022       60.5153427       6.19946932E-03   1.02434109E-12   8.96238707E-05   2.07838928E-03  -3.89139965E-09 -0.347519904      0.101722747       1.31237255E-02
   11.0000000       800.000000      0.481236160       60.9947357       6.04082877E-03   9.90303868E-13   8.97678401E-05   2.05374556E-03   1.45028600E-09 -0.341275036      0.101722740       1.28412182E-02
   12.0000000       800.000000      0.485106736       61.4788399       5.88579383E-03   9.57297284E-13   8.98928774E-05   2.02945084E-03   6.21725604E-09 -0.335113615      0.101722740       1.25624584E-02
   13.0000000       800.000000      0.489003509       61.9645309       5.73432725E-03   9.25323186E-13   9.00006780E-05   2.00556731E-03   1.03716529E-08 -0.329036713      0.101722740       1.22874193E-02
   2.00000000       800.000000      0.492917389       62.4534645       5.58622601E-03   8.94350674E-13   9.00995801E-05   1.98176736E-03   1.39175960E-08 -0.323046356      0.101722740       1.20162265E-02
   3.00000000       800.000000      0.496857613       62.9518318       5.44151198E-03   8.64332694E-13   9.01957465E-05   1.95837230E-03   1.68849290E-08 -0.317143679      0.101722740       1.17493579E-02
   4.00000000       800.000000      0.500846684       63.4490204       5.30018192E-03   8.35260463E-13   9.02965476E-05   1.93516933E-03   1.93135836E-08 -0.311324924      0.101722740       1.14862807E-02
   5.00000000       800.000000      0.504872501       63.9528084       5.16207097E-03   8.07098637E-13   9.04068729E-05   1.91242818E-03   2.12364544E-08 -0.305591851      0.101722769       1.12274606E-02
   6.00000000       800.000000      0.508909047       64.4573593       5.02723083E-03   7.79831766E-13   9.05269408E-05   1.88971614E-03   2.26697949E-08 -0.299944371      0.101722792       1.09730558E-02
   7.00000000       800.000000      0.512971818       64.9687729       4.89548687E-03   7.53423311E-13   9.06542555E-05   1.86742190E-03   2.36165096E-08 -0.294378966      0.101722799       1.07233478E-02
   8.00000000       800.000000      0.517089903       65.4843674       4.76681953E-03   7.27847849E-13   9.07852154E-05   1.84535759E-03   2.40691822E-08 -0.288897246      0.101722807       1.04782470E-02
   9.00000000       800.000000      0.521240056       66.0012741       4.64117015E-03   7.03102453E-13   9.09147275E-05   1.82346615E-03   2.40266935E-08 -0.283499539      0.101722822       1.02377823E-02
   10.0000000       800.000000      0.525399923       66.5273361       4.51849541E-03   6.79126406E-13   9.10386516E-05   1.80196681E-03   2.35024658E-08 -0.278182447      0.101722822       1.00019164E-02
   11.0000000       800.000000      0.529633105       67.0519409       4.39867051E-03   6.55912932E-13   9.11586976E-05   1.78064452E-03   2.25359376E-08 -0.272948384      0.101722829       9.77053866E-03
   12.0000000       800.000000      0.533852458       67.5886993       4.28173784E-03   6.33456449E-13   9.12756441E-05   1.75953994E-03   2.11906546E-08 -0.267790794      0.101722851       9.54368059E-03
   13.0000000       800.000000      0.538169861       68.1238251       4.16758843E-03   6.11711203E-13   9.13970798E-05   1.73872884E-03   1.95476275E-08 -0.262714446      0.101722866       9.32127144E-03
   2.00000000       800.000000      0.542478204       68.6609192       4.05610632E-03   5.90669874E-13   9.15299024E-05   1.71818875E-03   1.76916615E-08 -0.257717282      0.101722904       9.10331029E-03
   3.00000000       800.000000      0.546837091       69.2043610       3.94732179E-03   5.70302974E-13   9.16800273E-05   1.69786788E-03   1.56998787E-08 -0.252801299      0.101722904       8.88984464E-03
   4.00000000       800.000000      0.551184714       69.7545853       3.84113821E-03   5.50593967E-13   9.18522855E-05   1.67780276E-03   1.36321328E-08 -0.247955844      0.101722933       8.68100766E-03
   5.00000000       800.000000      0.555633724       70.3113556       3.73749691E-03   5.31520520E-13   9.20486054E-05   1.65795104E-03   1.15292353E-08 -0.243190557      0.101722941       8.47683661E-03
   6.00000000       800.000000      0.560065687       70.8701859       3.63634247E-03   5.13065773E-13   9.22660111E-05   1.63826626E-03   9.41691969E-09 -0.238499552      0.101722963       8.27743765E-03
   7.00000000       800.000000      0.564574599       71.4266510       3.53764812E-03   4.95207824E-13   9.24970518E-05   1.61886471E-03   7.31443217E-09 -0.233881384      0.101722963       8.08283407E-03
   8.00000000       800.000000      0.569091976       71.9988251       3.44131049E-03   4.77930900E-13   9.27431320E-05   1.59974897E-03   5.24458832E-09 -0.229336888      0.101722978       7.89292436E-03
   9.00000000       800.000000      0.573642910       72.5662689       3.34724830E-03   4.61211581E-13   9.30000751E-05   1.58072554E-03   3.23818128E-09 -0.224862769      0.101722978       7.70757347E-03
   10.0000000       800.000000      0.578249216       73.1417236       3.25553236E-03   4.45034499E-13   9.32691182E-05   1.56207080E-03   1.33244793E-09 -0.220456481      0.101722978       7.52686430E-03
   11.0000000       800.000000      0.582887828       73.7225037       3.16595449E-03   4.29384393E-13   9.35571588E-05   1.54352142E-03  -4.33665992E-10 -0.216120213      0.101722978       7.35055842E-03
   12.0000000       800.000000      0.587557673       74.3115692       3.07851494E-03   4.14241666E-13   9.38726589E-05   1.52520614E-03  -2.02667261E-09 -0.211852849      0.101722963       7.17884721E-03
   13.0000000       800.000000      0.592285097       74.9019089       2.99326587E-03   3.99590327E-13   9.42197657E-05   1.50711392E-03  -3.42655970E-09 -0.207651109      0.101722963       7.01169204E-03
   2.00000000       800.000000      0.597044110       75.4963303       2.91000144E-03   3.85422353E-13   9.46018772E-05   1.48920564E-03  -4.62701077E-09 -0.203516170      0.101722948       6.84913388E-03
   3.00000000       800.000000      0.601813197       76.0937424       2.82872445E-03   3.71703699E-13   9.50182148E-05   1.47153297E-03  -5.63218006E-09 -0.199443400      0.101722941       6.69112522E-03
   4.00000000       800.000000      0.606662095       76.6995621       2.74943584E-03   3.58441006E-13   9.54686693E-05   1.45409442E-03  -6.45118492E-09 -0.195429653      0.101722918       6.53776946E-03
   5.00000000       800.000000      0.611538589       77.3089294       2.67202570E-03   3.45601965E-13   9.59546669E-05   1.43679569E-03  -7.09169390E-09 -0.191475436      0.101722933       6.38894411E-03
   6.00000000       800.000000      0.616429627       77.9216690       2.59645213E-03   3.33180152E-13   9.64763894E-05   1.41976553E-03  -7.55698704E-09 -0.187583685      0.101722918       6.24467991E-03
   7.00000000       800.000000      0.621346176       78.5425873       2.52268231E-03   3.21163831E-13   9.70440669E-05   1.40286621E-03  -7.84706788E-09 -0.183749676      0.101722911       6.10479992E-03
   8.00000000       800.000000      0.626343310       79.1605453       2.45066569E-03   3.09535058E-13   9.76579395E-05   1.38617912E-03  -7.96328781E-09 -0.179968283      0.101722904       5.96939726E-03
   9.00000000       800.000000      0.631355822       79.7936478       2.38033361E-03   2.98285214E-13   9.83291102E-05   1.36970915E-03  -7.91345478E-09 -0.176240459      0.101722889       5.83826145E-03
   10.0000000       800.000000      0.636449695       80.4251099       2.31167558E-03   2.87399038E-13   9.90612316E-05   1.35345187E-03  -7.71279751E-09 -0.172564939      0.101722881       5.71204163E-03
   11.0000000       800.000000      0.641569495       81.0633545       2.24465877E-03   2.76863845E-13   9.98559990E-05   1.33729342E-03  -7.38386419E-09 -0.168939620      0.101722881       5.59000205E-03
   12.0000000       800.000000      0.646703839       81.7070923       2.17918120E-03   2.66669255E-13   1.00708494E-04   1.32133160E-03  -6.95064450E-09 -0.165363580      0.101722859       5.47333295E-03
   13.0000000       800.000000      0.651862979       82.3593216       2.11525825E-03   2.56807921E-13   1.01609228E-04   1.30559469E-03  -6.43555298E-09 -0.161831856      0.101722859       5.36042405E-03
   2.00000000       800.000000      0.657104909       83.0148392       2.05283798E-03   2.47262795E-13   1.02575192E-04   1.29008002E-03  -5.85484594E-09 -0.158346713      0.101722851       5.25359018E-03
   3.00000000       800.000000      0.662361264       83.6720734       1.99185219E-03   2.38027697E-13   1.03603386E-04   1.27463648E-03  -5.22042765E-09 -0.154899940      0.101722851       5.14975470E-03
   4.00000000       800.000000      0.667716920       84.3404617       1.93230761E-03   2.29093383E-13   1.04715466E-04   1.25950540E-03  -4.54152982E-09 -0.151498407      0.101722836       5.05327154E-03
   5.00000000       800.000000      0.673070669       85.0116577       1.87417970E-03   2.20448104E-13   1.05921936E-04   1.24437059E-03  -3.82762178E-09 -0.148125321      0.101722836       4.95863939E-03
   6.00000000       800.000000      0.678464949       85.6865540       1.81743258E-03   2.12084717E-13   1.07264030E-04   1.22953858E-03  -3.09891157E-09 -0.144796118      0.101722836       4.87456052E-03
   7.00000000       800.000000      0.683868349       86.3630829       1.76204985E-03   2.04002790E-13   1.08696186E-04   1.21491903E-03  -2.37156850E-09 -0.141485021      0.101722836       4.78973379E-03
   8.00000000       800.000000      0.689361989       87.0500107       1.70797983E-03   1.96184919E-13   1.10287379E-04   1.20038772E-03  -1.66683412E-09 -0.138219580      0.101722836       4.72186925E-03
   9.00000000       800.000000      0.694936693       87.7468338       1.65523135E-03   1.88620102E-13   1.11939291E-04   1.18602708E-03  -1.00095576E-09 -0.134947851      0.101722836       4.64761723E-03
   10.0000000       800.000000      0.700467765       88.4404068       1.60376658E-03   1.81316225E-13   1.13766451E-04   1.17184315E-03  -3.86025073E-10 -0.131731078      0.101722836       4.60154703E-03
   11.0000000       800.000000      0.706084132       89.1438522       1.55361020E-03   1.74258977E-13   1.15587078E-04   1.15782919E-03   1.71601067E-10 -0.128474429      0.101722836       4.53779567E-03
   12.0000000       800.000000      0.711785257       89.8559036       1.50470436E-03   1.67443547E-13   1.17680422E-04   1.14410743E-03   6.69721834E-10 -0.125296533      0.101722836       4.52370849E-03
   13.0000000       800.000000      0.717506111       90.5660553       1.45711773E-03   1.60867657E-13   1.19661214E-04   1.13040931E-03   1.10771448E-09 -0.122008964      0.101722836       4.46877256E-03
   2.00000000       800.000000      0.723254204       91.2924652       1.41087535E-03   1.54533247E-13   1.22109283E-04   1.11700548E-03   1.48567136E-09 -0.118858941      0.101722851       4.50568693E-03
   3.00000000       800.000000      0.729030788       92.0148239       1.36596954E-03   1.48432454E-13   1.24191865E-04   1.10371155E-03   1.80311188E-09 -0.115466103      0.101722851       4.45452286E-03
   4.00000000       800.000000      0.734885931       92.7492523       1.32246083E-03   1.42573372E-13   1.27126739E-04   1.09076872E-03   2.05997197E-09 -0.112335786      0.101722851       4.57956875E-03
   5.00000000       800.000000      0.740812361       93.4854507       1.28045364E-03   1.36948233E-13   1.29136650E-04   1.07789063E-03   2.25600982E-09 -0.108704537      0.101722851       4.51511936E-03
   6.00000000       800.000000      0.746736884       94.2303009       1.23995403E-03   1.31578776E-13   1.32744375E-04   1.06545549E-03   2.39357800E-09 -0.105620898      0.101722859       4.80145263E-03
   7.00000000       800.000000      0.752711892       94.9802017       1.20108202E-03   1.26445200E-13   1.34310802E-04   1.05293083E-03   2.47416243E-09 -0.101504505      0.101722859       4.67605097E-03
   8.00000000       800.000000      0.758787692       95.7357407       1.16411876E-03   1.21586077E-13   1.38944393E-04   1.04117510E-03   2.49896215E-09  -9.85544845E-02  0.101722859       5.27386321E-03
   9.00000000       800.000000      0.764886141       96.4991150       1.12896622E-03   1.16987298E-13   1.39996395E-04   1.02909282E-03   2.48205101E-09  -9.34747085E-02  0.101722859       4.95755533E-03
   10.0000000       800.000000      0.770997465       97.2638321       1.09595899E-03   1.12661636E-13   1.45364815E-04   1.01830531E-03   2.38602449E-09  -9.09416825E-02  0.101722859       6.34665508E-03
   11.0000000       800.000000      0.777200460       98.0346756       1.06613338E-03   1.08736242E-13   1.71724896E-04   1.00667751E-03   2.33986142E-09  -8.36476460E-02  0.101722859       5.30075328E-03
   12.0000000       800.000000      0.783445537       98.8157425       1.02573493E-03   1.03787977E-13   5.97672624E-05   9.97542986E-04   1.12402420E-19  -8.26688334E-02  0.101722859      -6.00054348E-03
   13.0000000       800.000000      0.789714217       99.6048737       1.00181869E-03   1.00566528E-13   5.95398305E-05   9.85702965E-04   1.85241783E-20  -9.30891484E-02  0.101722859      -1.31925773E-02
