   0.00000000       190.000000       3.40428352E-02   1.01702809       3.44125758E-04   3.38290290E-12  -8.25340003E-02   1.70161414       1.11999101E-14  -7.93247949E-04   3.81284655E-16  -6.76522590E-03
   1.00000000       197.000000       3.40447091E-02   1.05104125       3.38506332E-04   3.21987944E-12  -7.54383802E-02   1.58381653      -1.12647682E-14  -1.02355971E-03  -2.23216260E-18   1.95768569E-03
   2.00000000       200.000000       3.40499915E-02   1.08514261       3.33153352E-04   3.06952814E-12   1.26350606E-02   1.25580263      -2.65837740E-02  -6.59938029E-04  -9.05180641E-04   5.45819895E-03
   3.00000000       200.000000       3.40571664E-02   1.11914527       3.91860987E-04   3.50061083E-12  0.100601718       1.12145472      -1.29923858E-02  -6.51819224E-04  -1.34765706E-03  -1.98686845E-03
   4.00000000       200.000000       3.40652503E-02   1.15326166       4.57714370E-04   3.96814916E-12  0.119858131      0.997262061       2.85742595E-03  -7.95287080E-04  -1.25031814E-03  -3.48779303E-03
   5.00000000       200.000000       3.40752266E-02   1.18727005       5.23464056E-04   4.40796314E-12  0.123418204      0.899231791       1.91003717E-02  -8.89483839E-04  -5.99448977E-04  -3.06745456E-03
   6.00000000       200.000000       3.40886116E-02   1.22141874       5.93901495E-04   4.86157815E-12  0.121264912      0.824907482       3.56886573E-02  -1.00438145E-03   6.17152662E-04  -3.53098335E-03
   7.00000000       200.000000       3.41038704E-02   1.25543642       6.70495909E-04   5.33953133E-12  0.116702311      0.766293228       5.24317436E-02  -1.13027426E-03   2.40532146E-03  -4.01400588E-03
   8.00000000       200.000000       3.41209993E-02   1.28956389       7.55308545E-04   5.85586137E-12  0.110962331      0.718027353       6.88735843E-02  -1.27824431E-03   4.75542946E-03  -4.65427479E-03
   9.00000000       200.000000       3.41415480E-02   1.32373023       8.49776319E-04   6.41840487E-12  0.104144640      0.676876843       8.43197480E-02  -1.44799391E-03   7.63424532E-03  -5.40919742E-03
   10.0000000       200.000000       3.41642797E-02   1.35789859       9.57150303E-04   7.04761770E-12   9.68882889E-02  0.640999258       9.89553556E-02  -1.64772256E-03   1.10148937E-02  -6.40270254E-03
   11.0000000       200.000000       3.41873281E-02   1.39207828       1.07993989E-03   7.75652632E-12   8.93971175E-02  0.609405577      0.112473287      -1.88562460E-03   1.48601001E-02  -7.54866470E-03
   2.00000000       200.000000       3.42125520E-02   1.42626679       1.22069765E-03   8.55730504E-12   8.16115066E-02  0.581255794      0.124977916      -2.16405769E-03   1.91360321E-02  -8.78741499E-03
   3.00000000       200.000000       3.42412032E-02   1.46045995       1.38141506E-03   9.45704626E-12   7.41175860E-02  0.556323171      0.136485174      -2.48717493E-03   2.38095913E-02  -1.02084642E-02
   4.00000000       200.000000       3.42717990E-02   1.49468386       1.56575383E-03   1.04733748E-11   6.69341534E-02  0.534013093      0.147175655      -2.86348956E-03   2.88536604E-02  -1.19276391E-02
   5.00000000       200.000000       3.43041234E-02   1.52902329       1.77794485E-03   1.16260552E-11   6.02153018E-02  0.513786077      0.156623110      -3.30514903E-03   3.42266783E-02  -1.39614930E-02
   6.00000000       200.000000       3.43400165E-02   1.56331646       2.02205079E-03   1.29320599E-11   5.41207790E-02  0.494661868      0.164315864      -3.82188894E-03   3.98693755E-02  -1.62449069E-02
   7.00000000       200.000000       3.43780145E-02   1.59766877       2.30176141E-03   1.44043683E-11   4.91140857E-02  0.476733118      0.169772983      -4.42146277E-03   4.57058474E-02  -1.92662813E-02
   8.00000000       400.000000       3.44163403E-02   1.63212323       2.62293662E-03   1.60683637E-11   4.45849001E-02  0.458495528      0.172886714      -5.14729926E-03   5.16559482E-02  -2.23419182E-02
   9.00000000       400.000000       3.44596468E-02   1.66651404       2.98787281E-03   1.79257789E-11   3.98143455E-02  0.443125129      0.172918737      -5.96027495E-03   5.76144755E-02  -2.54518837E-02
   10.0000000       400.000000       3.45019177E-02   1.70102203       3.40203848E-03   1.99968965E-11   3.60278152E-02  0.429349840      0.169640884      -6.90248795E-03   6.34674951E-02  -2.92856898E-02
   11.0000000       400.000000       3.45477760E-02   1.73553383       3.86857358E-03   2.22868338E-11   3.31155695E-02  0.416748792      0.162738189      -7.98247568E-03   6.90898374E-02  -3.34509686E-02
   12.0000000       400.000000       3.45973931E-02   1.77006423       4.39051585E-03   2.47997560E-11   3.10245734E-02  0.404975593      0.152308956      -9.21545457E-03   7.43591487E-02  -3.79805714E-02
   13.0000000       400.000000       3.46456654E-02   1.80469894       4.97075822E-03   2.75386797E-11   2.95736138E-02  0.394087702      0.138595939      -1.06123807E-02   7.91610554E-02  -4.28223461E-02
   2.00000000       400.000000       3.46989296E-02   1.83938944       5.61206229E-03   3.05055703E-11   2.85734385E-02  0.383946568      0.121918112      -1.21850241E-02   8.33915174E-02  -4.79749441E-02
   3.00000000       400.000000       3.47537622E-02   1.87406790       6.31686579E-03   3.37004417E-11   2.78824102E-02  0.374360561      0.102766223      -1.39444303E-02   8.69631991E-02  -5.33963963E-02
   4.00000000       400.000000       3.48123796E-02   1.90886545       7.08675943E-03   3.71189503E-11   2.75401324E-02  0.365178168       8.17558989E-02  -1.58995818E-02   8.98091942E-02  -5.90175390E-02
   5.00000000       400.000000       3.48717459E-02   1.94381344       7.92220980E-03   4.07511941E-11   2.73532774E-02  0.356340647       5.95019870E-02  -1.80569123E-02   9.18841586E-02  -6.47998229E-02
   6.00000000       400.000000       3.49331126E-02   1.97864985       8.82246625E-03   4.45816162E-11   2.73466948E-02  0.347863942       3.64374779E-02  -2.04228330E-02   9.31569636E-02  -7.07177371E-02
   7.00000000       400.000000       3.49960364E-02   2.01366401       9.78768431E-03   4.86003494E-11   2.75737531E-02  0.339634210       1.28851030E-02  -2.30020806E-02   9.36079472E-02  -7.68147260E-02
   8.00000000       400.000000       3.50628383E-02   2.04869795       1.08185196E-02   5.28005521E-11   2.79634725E-02  0.331696510      -1.07549187E-02  -2.58043408E-02   9.32308882E-02  -8.31469372E-02
   9.00000000       400.000000       3.51311862E-02   2.08382654       1.19158924E-02   5.71767494E-11   2.85822172E-02  0.324017346      -3.37516665E-02  -2.88383607E-02   9.20450613E-02  -8.96312892E-02
   10.0000000       400.000000       3.52015831E-02   2.11898565       1.30795818E-02   6.17190396E-11   2.92795971E-02  0.316559970      -5.50051481E-02  -3.21081541E-02   9.01089087E-02  -9.61801931E-02
   11.0000000       400.000000       3.52728553E-02   2.15418029       1.43084554E-02   6.64135413E-11   2.99855508E-02  0.309325844      -7.34916851E-02  -3.56166549E-02   8.75166208E-02 -0.102683552    
   12.0000000       400.000000       3.53475511E-02   2.18945503       1.55991316E-02   7.12366346E-11   3.07474602E-02  0.302294582      -8.84374827E-02  -3.93599048E-02   8.43903571E-02 -0.109035634    
   13.0000000       400.000000       3.54251340E-02   2.22494793       1.69467535E-02   7.61598493E-11   3.15326266E-02  0.295496583      -9.95830670E-02  -4.33336012E-02   8.08625966E-02 -0.115152985    
   2.00000000       400.000000       3.55066359E-02   2.26028228       1.83453001E-02   8.11514467E-11   3.23230587E-02  0.288926512     -0.107098289      -4.75278609E-02   7.70600364E-02 -0.121008389    
   3.00000000       400.000000       3.55888382E-02   2.29589605       1.97905432E-02   8.61892294E-11   3.30667384E-02  0.282570988     -0.111537285      -5.19364364E-02   7.30906278E-02 -0.126710579    
   4.00000000       400.000000       3.56727764E-02   2.33153582       2.12799069E-02   9.12591738E-11   3.37243006E-02  0.276391000     -0.113398336      -5.65572158E-02   6.90456033E-02 -0.132297844    
   5.00000000       400.000000       3.57585363E-02   2.36718988       2.28110384E-02   9.63497962E-11   3.43166851E-02  0.270388514     -0.112799399      -6.13863878E-02   6.50121123E-02 -0.137886509    
   6.00000000       400.000000       3.58451568E-02   2.40296197       2.43838914E-02   1.01459001E-10   3.48553210E-02  0.264525563     -0.109404385      -6.64304569E-02   6.10903688E-02 -0.143578753    
   7.00000000       400.000000       3.59365791E-02   2.43895650       2.59991158E-02   1.06588072E-10   3.53412852E-02  0.258827060     -0.102538787      -7.16930628E-02   5.74053600E-02 -0.149366572    
   8.00000000       400.000000       3.60317938E-02   2.47496963       2.76576225E-02   1.11738584E-10   3.57534587E-02  0.253280967      -9.16246772E-02  -7.71799833E-02   5.41041568E-02 -0.155274928    
   9.00000000       400.000000       3.61256152E-02   2.51087451       2.93595791E-02   1.16910454E-10   3.60016339E-02  0.247909099      -7.65646026E-02  -8.28971863E-02   5.13380840E-02 -0.161207974    
   10.0000000       400.000000       3.62243615E-02   2.54723430       3.11029926E-02   1.22093793E-10   3.61449271E-02  0.242713109      -5.82139269E-02  -8.88435468E-02   4.92293611E-02 -0.166887611    
   11.0000000       400.000000       3.63236889E-02   2.58347154       3.28825228E-02   1.27266961E-10   3.63949277E-02  0.237692282      -3.82630415E-02  -9.50046703E-02   4.78394516E-02 -0.172225609    
   12.0000000       400.000000       3.64281610E-02   2.61973166       3.46940607E-02   1.32413677E-10   3.66927832E-02  0.232826754      -1.85093861E-02 -0.101373188       4.71651293E-02 -0.177234158    
   13.0000000       400.000000       3.65312435E-02   2.65625191       3.65332626E-02   1.37518219E-10   3.70063111E-02  0.228105217      -3.16276506E-04 -0.107935555       4.71536368E-02 -0.181833968    
   2.00000000       400.000000       3.66381556E-02   2.69287086       3.83961983E-02   1.42567250E-10   3.73612344E-02  0.223509893       1.57600679E-02 -0.114678182       4.77310084E-02 -0.185983151    
   3.00000000       400.000000       3.67491208E-02   2.72951531       4.02784869E-02   1.47545740E-10   3.76871154E-02  0.219028935       3.00182067E-02 -0.121584505       4.88341823E-02 -0.189638242    
   4.00000000       400.000000       3.68596762E-02   2.76648116       4.21756804E-02   1.52440394E-10   3.79401818E-02  0.214654580       4.33438309E-02 -0.128637269       5.04318289E-02 -0.192738399    
   5.00000000       400.000000       3.69738303E-02   2.80324292       4.40833494E-02   1.57237126E-10   3.81309241E-02  0.210389569       5.63481413E-02 -0.135815352       5.25153466E-02 -0.195160404    
   6.00000000       400.000000       3.70923392E-02   2.84031177       4.59963493E-02   1.61921240E-10   3.82579565E-02  0.206231609       6.84255585E-02 -0.143092111       5.50533608E-02 -0.196845740    
   7.00000000       400.000000       3.72101963E-02   2.87746811       4.79083098E-02   1.66474612E-10   3.83073315E-02  0.202184126       7.79533610E-02 -0.150441498       5.79540096E-02 -0.197731689    
   8.00000000       400.000000       3.73310633E-02   2.91468883       4.98121083E-02   1.70876771E-10   3.82576287E-02  0.198243856       8.32082853E-02 -0.157831594       6.10603392E-02 -0.197986960    
   9.00000000       400.000000       3.74547355E-02   2.95214677       5.17063662E-02   1.75128342E-10   3.80885489E-02  0.194405869       8.35110620E-02 -0.165248364       6.41883537E-02 -0.197938621    
   10.0000000       400.000000       3.75822932E-02   2.98967767       5.35906367E-02   1.79232212E-10   3.77786905E-02  0.190667555       7.94222355E-02 -0.172684312       6.71731308E-02 -0.197828308    
   11.0000000       400.000000       3.77115831E-02   3.02733731       5.54663390E-02   1.83199095E-10   3.73288430E-02  0.187025934       7.25495294E-02 -0.180143133       6.99089617E-02 -0.197844744    
   12.0000000       400.000000       3.78417671E-02   3.06507659       5.73369898E-02   1.87043422E-10   3.67217138E-02  0.183483332       6.48647025E-02 -0.187631741       7.23636597E-02 -0.198074907    
   13.0000000       400.000000       3.79736088E-02   3.10296249       5.92059717E-02   1.90780988E-10   3.59143764E-02  0.180040687       5.76132722E-02 -0.195160538       7.45514184E-02 -0.198650718    
   2.00000000       400.000000       3.81093584E-02   3.14102793       6.10751286E-02   1.94420896E-10   3.48999500E-02  0.176691756       5.09844422E-02 -0.202746600       7.64945075E-02 -0.199461222    
   3.00000000       400.000000       3.82481478E-02   3.17926812       6.29455596E-02   1.97968517E-10   3.37394476E-02  0.173433393       4.42634448E-02 -0.210391417       7.81875327E-02 -0.200321123    
   4.00000000       400.000000       3.83906849E-02   3.21746230       6.48199692E-02   2.01435507E-10   3.24559733E-02  0.170267403       3.64693291E-02 -0.218098328       7.95875788E-02 -0.201540813    
   5.00000000       400.000000       3.85340862E-02   3.25593615       6.67039007E-02   2.04841366E-10   3.10233235E-02  0.167192176       2.73982752E-02 -0.225894392       8.06433484E-02 -0.203231573    
   6.00000000       400.000000       3.86794209E-02   3.29459786       6.86056167E-02   2.08212766E-10   2.94189453E-02  0.164206654       1.78861190E-02 -0.233790427       8.13350305E-02 -0.205602095    
   7.00000000       400.000000       3.88261117E-02   3.33332801       7.05343857E-02   2.11578172E-10   2.77174115E-02  0.161314160       9.40608513E-03 -0.241829515       8.17002952E-02 -0.208643183    
   8.00000000       400.000000       3.89781781E-02   3.37215042       7.24941045E-02   2.14947948E-10   2.59347428E-02  0.158516094       3.37392138E-03 -0.250024080       8.18318725E-02 -0.212314963    
   9.00000000       400.000000       3.91310640E-02   3.41121101       7.44898841E-02   2.18337196E-10   2.41816025E-02  0.155802473       5.89775387E-04 -0.258412957       8.18549469E-02 -0.216711402    
   10.0000000       400.000000       3.92854065E-02   3.45050335       7.65227377E-02   2.21746690E-10   2.24489458E-02  0.153161868       9.73628368E-04 -0.267017782       8.18931237E-02 -0.221498370    
   11.0000000       400.000000       3.94439995E-02   3.48992372       7.85954669E-02   2.25184177E-10   2.06614155E-02  0.150591150       3.80532257E-03 -0.275851727       8.20432752E-02 -0.226355329    
   12.0000000       400.000000       3.96043137E-02   3.52931929       8.07190239E-02   2.28678229E-10   1.88539196E-02  0.148088932       8.26143473E-03 -0.284911007       8.23704600E-02 -0.231942385    
   13.0000000       400.000000       3.97699885E-02   3.56905532       8.29067379E-02   2.32264957E-10   1.69775318E-02  0.145650804       1.37388231E-02 -0.294261754       8.29168260E-02 -0.238988161    
   2.00000000       400.000000       3.99327539E-02   3.60901117       8.51783752E-02   2.35993475E-10   1.49760572E-02  0.143275976       1.94866378E-02 -0.303959101       8.36949274E-02 -0.247478917    
   3.00000000       400.000000       4.01016437E-02   3.64905024       8.75578299E-02   2.39926023E-10   1.28532890E-02  0.140962541       2.45601553E-02 -0.314068943       8.46798420E-02 -0.258715689    
   4.00000000       400.000000       4.02740240E-02   3.68916464       9.00695473E-02   2.44119919E-10   1.08685661E-02  0.138698339       2.82632671E-02 -0.324753046       8.58182684E-02 -0.273892283    
   5.00000000       400.000000       4.04453352E-02   3.72949243       9.27356184E-02   2.48625870E-10   9.14876256E-03  0.136471376       3.11996061E-02 -0.336177319       8.70800465E-02 -0.293485790    
   6.00000000       400.000000       4.06209007E-02   3.77015471       9.55708027E-02   2.53472437E-10   7.61438953E-03  0.134279132       3.33882384E-02 -0.348546356       8.84364620E-02 -0.317482591    
   7.00000000       400.000000       4.08019014E-02   3.81062984       9.85347405E-02   2.58540939E-10   6.37035631E-03  0.132115409       3.24148312E-02 -0.362028897       8.97590369E-02 -0.343674153    
   8.00000000       400.000000       4.09835242E-02   3.85157919      0.101591170       2.63730704E-10   5.30357938E-03  0.129973605       2.53646392E-02 -0.376653433       9.07985568E-02 -0.355699211    
   9.00000000       400.000000       4.11677249E-02   3.89264297      0.104714945       2.68971734E-10   4.39228117E-03  0.127867162       1.20171970E-02 -0.391248196       9.12931934E-02 -0.357235998    
   10.0000000       800.000000       4.13518026E-02   3.93391180      0.107909240       2.74269718E-10   3.64436652E-03  0.125804394      -4.76610800E-03 -0.406132191       9.10962000E-02 -0.357923150    
   11.0000000       800.000000       4.15420607E-02   3.97551847      0.111112610       2.79466505E-10   2.92474264E-03  0.123780712      -1.90493595E-02 -0.420918673       9.03047770E-02 -0.351639986    
   12.0000000       800.000000       4.17331755E-02   4.01692963      0.114281416       2.84458235E-10   2.29373085E-03  0.121801466      -2.52006631E-02 -0.435415566       8.92531872E-02 -0.334438592    
   13.0000000       800.000000       4.19295840E-02   4.05884504      0.117338866       2.89058499E-10   1.73086766E-03  0.119867675      -2.04226654E-02 -0.448898971       8.83967876E-02 -0.310079098    
   2.00000000       800.000000       4.21275869E-02   4.10084629      0.120307289       2.93333885E-10   1.21158245E-03  0.117981397      -8.56165588E-03 -0.461479038       8.80361497E-02 -0.292950124    
   3.00000000       800.000000       4.23264094E-02   4.14324856      0.123198524       2.97321917E-10   7.66550831E-04  0.116142139       3.66809662E-03 -0.473638952       8.81913975E-02 -0.280323416    
   4.00000000       800.000000       4.25276794E-02   4.18554831      0.125929877       3.00832304E-10   3.62282939E-04  0.114347629       1.05548957E-02 -0.485265255       8.86400938E-02 -0.267750233    
   5.00000000       800.000000       4.27326299E-02   4.22826385      0.128506795       3.03893855E-10  -8.77274488E-06  0.112596005       9.73381847E-03 -0.496467501       8.90560895E-02 -0.258515149    
   6.00000000       800.000000       4.29400988E-02   4.27117634      0.130952805       3.06572046E-10  -3.39932070E-04  0.110886879       3.01705394E-03 -0.507413864       8.91856700E-02 -0.250873417    
   7.00000000       800.000000       4.31519486E-02   4.31416321      0.133274734       3.08894743E-10  -6.18569495E-04  0.109216377      -5.40548749E-03 -0.518067122       8.89524445E-02 -0.243208319    
   8.00000000       800.000000       4.33655083E-02   4.35740662      0.135477141       3.10882153E-10  -8.49289761E-04  0.107586056      -1.18102580E-02 -0.528455377       8.84403288E-02 -0.232660711    
   9.00000000       800.000000       4.35808785E-02   4.40067959      0.137479231       3.12359943E-10  -9.57612589E-04  0.105996266      -1.28596686E-02 -0.538295388       8.78799036E-02 -0.211027727    
   10.0000000       800.000000       4.38009016E-02   4.44439697      0.138924271       3.12540188E-10  -8.59550957E-04  0.104443125      -7.76896346E-03 -0.546895683       8.75396430E-02 -0.178610846    
   11.0000000       800.000000       4.40220647E-02   4.48833799      0.139907613       3.11672438E-10  -7.17426126E-04  0.102923743      -2.60444195E-03 -0.553982198       8.74249339E-02 -0.141991302    
   12.0000000       800.000000       4.42490242E-02   4.53246212      0.140546218       3.10046627E-10  -5.90130861E-04  0.101438113      -6.19497092E-04 -0.559429288       8.73974338E-02 -0.105458945    
   13.0000000       800.000000       4.44775447E-02   4.57707596      0.140860841       3.07728815E-10  -4.83056821E-04   9.99858305E-02  -2.94362451E-03 -0.563338697       8.72665942E-02  -7.23178014E-02
   2.00000000       800.000000       4.47068773E-02   4.62136841      0.140890121       3.04823611E-10  -4.00745077E-04   9.85665917E-02  -7.70763028E-03 -0.565878689       8.69220793E-02  -4.43612263E-02
   3.00000000       800.000000       4.49385233E-02   4.66624355      0.140652940       3.01386999E-10  -3.45697510E-04   9.71791968E-02  -1.15495948E-02 -0.567315876       8.64029527E-02  -2.34012511E-02
   4.00000000       800.000000       4.51754220E-02   4.71121693      0.140162513       2.97463776E-10  -3.27669899E-04   9.58229452E-02  -1.23850005E-02 -0.567987084       8.58435482E-02  -1.21917231E-02
   5.00000000       800.000000       4.54156250E-02   4.75678205      0.139451325       2.93136654E-10  -3.44622764E-04   9.44957808E-02  -1.04948273E-02 -0.568420112       8.53668600E-02  -1.26827797E-02
   6.00000000       800.000000       4.56556603E-02   4.80203438      0.138559163       2.88499058E-10  -3.99006007E-04   9.31961536E-02  -7.90126715E-03 -0.569143236       8.50061104E-02  -2.38982085E-02
   7.00000000       800.000000       4.59001064E-02   4.84787893      0.137545139       2.83683715E-10  -4.81239636E-04   9.19215307E-02  -6.07201364E-03 -0.570608795       8.47274661E-02  -4.08673100E-02
   8.00000000       800.000000       4.61495221E-02   4.89382601      0.136456445       2.78791573E-10  -5.89856005E-04   9.06696692E-02  -5.26488200E-03 -0.572904229       8.44843313E-02  -5.84092811E-02
   9.00000000       800.000000       4.64015417E-02   4.94037914      0.135388970       2.74019557E-10  -7.00759236E-04   8.94383341E-02  -5.02496632E-03 -0.576013982       8.42513144E-02  -7.30693862E-02
   10.0000000       800.000000       4.66544069E-02   4.98703766      0.134407684       2.69495093E-10  -7.96687149E-04   8.82264897E-02  -4.80513554E-03 -0.579704523       8.40270147E-02  -8.17801729E-02
   11.0000000       800.000000       4.69110720E-02   5.03345490      0.133526608       2.65240108E-10  -8.71265191E-04   8.70336592E-02  -4.22161072E-03 -0.583665788       8.38290900E-02  -8.56848657E-02
   12.0000000       800.000000       4.71705161E-02   5.08080530      0.132756397       2.61269506E-10  -9.16499528E-04   8.58593881E-02  -3.21013317E-03 -0.587766290       8.36776868E-02  -8.77473280E-02
   13.0000000       800.000000       4.74330559E-02   5.12793064      0.132102281       2.57583593E-10  -9.33984411E-04   8.47037137E-02  -2.33507296E-03 -0.591967404       8.35668221E-02  -8.82673338E-02
   2.00000000       800.000000       4.76989783E-02   5.17558718      0.131513730       2.54079535E-10  -9.34622949E-04   8.35668817E-02  -1.83590001E-03 -0.596162856       8.34792703E-02  -8.77184570E-02
   3.00000000       800.000000       4.79672700E-02   5.22343826      0.130963326       2.50698323E-10  -9.24522174E-04   8.24481472E-02  -1.74543529E-03 -0.600357294       8.33955929E-02  -8.75334293E-02
   4.00000000       800.000000       4.82396744E-02   5.27148342      0.130438715       2.47415977E-10  -9.07046720E-04   8.13480988E-02  -1.88499200E-03 -0.604583681       8.33046734E-02  -8.75833631E-02
   5.00000000       800.000000       4.85143214E-02   5.32006216      0.129925817       2.44202297E-10  -8.85462388E-04   8.02653581E-02  -2.02091550E-03 -0.608832955       8.32065865E-02  -8.77923593E-02
   6.00000000       800.000000       4.87925000E-02   5.36836243      0.129422024       2.41050874E-10  -8.60855042E-04   7.92004168E-02  -1.97803206E-03 -0.613126576       8.31100643E-02  -8.77832770E-02
   7.00000000       800.000000       4.90735136E-02   5.41723442      0.128912970       2.37933673E-10  -8.37585598E-04   7.81525299E-02  -1.69603655E-03 -0.617424369       8.30268934E-02  -8.73545334E-02
   8.00000000       800.000000       4.93605398E-02   5.46674824      0.128395796       2.34845782E-10  -8.16609303E-04   7.71209449E-02  -1.37711514E-03 -0.621725321       8.29588324E-02  -8.66607651E-02
   9.00000000       800.000000       4.96459454E-02   5.51635075      0.127866194       2.31778055E-10  -7.98577967E-04   7.61055127E-02  -1.26119563E-03 -0.626003742       8.28962773E-02  -8.55635777E-02
   10.0000000       800.000000       4.99367975E-02   5.56616688      0.127324313       2.28731423E-10  -7.84600445E-04   7.51058608E-02  -1.32460939E-03 -0.630246460       8.28301385E-02  -8.42612907E-02
   11.0000000       800.000000       5.02316244E-02   5.61612844      0.126773655       2.25711172E-10  -7.73189648E-04   7.41219968E-02  -1.35399797E-03 -0.634444118       8.27621296E-02  -8.30540136E-02
   12.0000000       800.000000       5.05279116E-02   5.66623640      0.126223058       2.22732791E-10  -7.63349875E-04   7.31524080E-02  -1.25256972E-03 -0.638614357       8.26987624E-02  -8.20866153E-02
   13.0000000       800.000000       5.08273505E-02   5.71697474      0.125678763       2.19806853E-10  -7.51539948E-04   7.21982047E-02  -1.09203137E-03 -0.642763853       8.26432928E-02  -8.14934000E-02
   2.00000000       800.000000       5.11321910E-02   5.76780939      0.125149667       2.16946641E-10  -7.38444505E-04   7.12586939E-02  -1.00197573E-03 -0.646923721       8.25919881E-02  -8.11440349E-02
   3.00000000       800.000000       5.14377542E-02   5.81939650      0.124635108       2.14150475E-10  -7.21347518E-04   7.03324601E-02  -1.04021095E-03 -0.651086867       8.25385004E-02  -8.09434131E-02
   4.00000000       800.000000       5.17485440E-02   5.87104797      0.124137692       2.11421741E-10  -7.02051504E-04   6.94214106E-02  -1.11547008E-03 -0.655276060       8.24808255E-02  -8.05188566E-02
   5.00000000       800.000000       5.20629622E-02   5.92277527      0.123648539       2.08743037E-10  -6.79505814E-04   6.85236678E-02  -1.12346362E-03 -0.659446299       8.24222863E-02  -8.00825879E-02
   6.00000000       800.000000       5.23787588E-02   5.97483015      0.123175651       2.06126907E-10  -6.54164818E-04   6.76392838E-02  -1.10917422E-03 -0.663640499       8.23643133E-02  -7.99320489E-02
   7.00000000       800.000000       5.26992045E-02   6.02751064      0.122716136       2.03567857E-10  -6.24548236E-04   6.67683482E-02  -1.17502280E-03 -0.667844892       8.23023543E-02  -7.97542483E-02
   8.00000000       800.000000       5.30240014E-02   6.08028364      0.122270264       2.01065303E-10  -5.93664765E-04   6.59104437E-02  -1.26452465E-03 -0.672072351       8.22352692E-02  -7.94680044E-02
   9.00000000       800.000000       5.33496812E-02   6.13364077      0.121831767       1.98606437E-10  -5.61061199E-04   6.50656968E-02  -1.31928187E-03 -0.676299214       8.21649358E-02  -7.92302936E-02
   10.0000000       800.000000       5.36804311E-02   6.18732548      0.121403530       1.96197197E-10  -5.28211647E-04   6.42332137E-02  -1.36669027E-03 -0.680552125       8.20915550E-02  -7.90347010E-02
   11.0000000       800.000000       5.40157408E-02   6.24103832      0.120980710       1.93826927E-10  -4.94583161E-04   6.34134859E-02  -1.38356525E-03 -0.684810936       8.20168331E-02  -7.87575915E-02
   12.0000000       800.000000       5.43518029E-02   6.29508209      0.120563813       1.91495889E-10  -4.61924647E-04   6.26057163E-02  -1.36808492E-03 -0.689086437       8.19424465E-02  -7.83979222E-02
   13.0000000       800.000000       5.46922497E-02   6.34962225      0.120146386       1.89194660E-10  -4.30400367E-04   6.18099123E-02  -1.36587559E-03 -0.693358421       8.18676651E-02  -7.79410303E-02
   2.00000000       800.000000       5.50380871E-02   6.40445566      0.119730435       1.86924379E-10  -4.01131401E-04   6.10258803E-02  -1.34079158E-03 -0.697638810       8.17939639E-02  -7.74970278E-02
   3.00000000       800.000000       5.53847216E-02   6.45976830      0.119312987       1.84681159E-10  -3.73417744E-04   6.02531806E-02  -1.25712773E-03 -0.701916516       8.17243308E-02  -7.70190954E-02
   4.00000000       800.000000       5.57359010E-02   6.51546860      0.118896075       1.82466334E-10  -3.47998168E-04   5.94918020E-02  -1.18637900E-03 -0.706197023       8.16582218E-02  -7.64169618E-02
   5.00000000       800.000000       5.60912378E-02   6.57112312      0.118476540       1.80275239E-10  -3.24817636E-04   5.87415248E-02  -1.12883118E-03 -0.710461318       8.15948099E-02  -7.56943971E-02
   6.00000000       800.000000       5.64479530E-02   6.62756824      0.118055969       1.78110360E-10  -3.04317393E-04   5.80021888E-02  -1.01543160E-03 -0.714716136       8.15376267E-02  -7.49578923E-02
   7.00000000       800.000000       5.68098128E-02   6.68420267      0.117634885       1.75971085E-10  -2.85697810E-04   5.72732203E-02  -8.75984260E-04 -0.718950987       8.14877301E-02  -7.41690919E-02
   8.00000000       800.000000       5.71758151E-02   6.74102211      0.117215149       1.73861106E-10  -2.68868025E-04   5.65547198E-02  -7.55485380E-04 -0.723169625       8.14446434E-02  -7.33807757E-02
   9.00000000       800.000000       5.75454868E-02   6.79867172      0.116798647       1.71781173E-10  -2.53196486E-04   5.58462776E-02  -6.13651762E-04 -0.727370441       8.14092308E-02  -7.26471245E-02
   10.0000000       800.000000       5.79212233E-02   6.85620070      0.116387531       1.69735420E-10  -2.38066263E-04   5.51480725E-02  -4.69017454E-04 -0.731558084       8.13820884E-02  -7.20178708E-02
   11.0000000       800.000000       5.82982525E-02   6.91421032      0.115983494       1.67724917E-10  -2.22689821E-04   5.44596724E-02  -3.16191261E-04 -0.735739648       8.13636854E-02  -7.14701787E-02
   12.0000000       800.000000       5.86755127E-02   6.97270107      0.115586169       1.65747832E-10  -2.07628647E-04   5.37811182E-02  -1.77720314E-04 -0.739919424       8.13532174E-02  -7.07505569E-02
   13.0000000       800.000000       5.90622984E-02   7.03143930      0.115188457       1.63794839E-10  -1.93978572E-04   5.31120561E-02  -5.43554779E-05 -0.744068742       8.13499764E-02  -6.97428659E-02
   2.00000000       800.000000       5.94485030E-02   7.09108067      0.114787795       1.61861052E-10  -1.83499855E-04   5.24523333E-02   6.22140215E-05 -0.748183906       8.13536569E-02  -6.85106963E-02
   3.00000000       800.000000       5.98436110E-02   7.15043688      0.114379920       1.59940519E-10  -1.76353104E-04   5.18018082E-02   1.58219569E-04 -0.752241373       8.13633353E-02  -6.71671778E-02
   4.00000000       800.000000       6.02373928E-02   7.21079636      0.113965482       1.58034127E-10  -1.73411725E-04   5.11604659E-02   2.27170225E-04 -0.756248713       8.13769102E-02  -6.57594875E-02
   5.00000000       800.000000       6.06374219E-02   7.27131176      0.113541283       1.56137367E-10  -1.74396293E-04   5.05279303E-02   2.83713569E-04 -0.760191023       8.13940465E-02  -6.42521158E-02
   6.00000000       800.000000       6.10392392E-02   7.33202028      0.113107018       1.54249377E-10  -1.80017494E-04   4.99041378E-02   3.17023805E-04 -0.764066577       8.14135000E-02  -6.26760796E-02
   7.00000000       800.000000       6.14471473E-02   7.39313030      0.112660058       1.52367258E-10  -1.90165534E-04   4.92888130E-02   3.38164566E-04 -0.767867982       8.14343244E-02  -6.10397048E-02
   8.00000000       800.000000       6.18590638E-02   7.45494413      0.112200320       1.50490731E-10  -2.05052260E-04   4.86819111E-02   3.37437756E-04 -0.771593094       8.14551041E-02  -5.94431572E-02
   9.00000000       800.000000       6.22721761E-02   7.51700449      0.111728258       1.48620199E-10  -2.24090560E-04   4.80830930E-02   3.20248597E-04 -0.775246799       8.14750344E-02  -5.79298921E-02
   10.0000000       800.000000       6.26941621E-02   7.57950735      0.111246049       1.46758661E-10  -2.46345910E-04   4.74923812E-02   2.76940467E-04 -0.778832436       8.14923942E-02  -5.67522347E-02
   11.0000000       800.000000       6.31151870E-02   7.64244461      0.110760830       1.44915926E-10  -2.69454089E-04   4.69096154E-02   2.25359981E-04 -0.782386780       8.15065801E-02  -5.62001094E-02
   12.0000000       800.000000       6.35424033E-02   7.70559978      0.110281929       1.43103307E-10  -2.90086464E-04   4.63345833E-02   1.60804804E-04 -0.785951674       8.15168172E-02  -5.62812313E-02
   13.0000000       800.000000       6.39760271E-02   7.76949692      0.109815635       1.41328990E-10  -3.06431961E-04   4.57673743E-02   8.03879666E-05 -0.789564610       8.15219954E-02  -5.66386878E-02
   2.00000000       800.000000       6.44085407E-02   7.83382225      0.109362163       1.39592074E-10  -3.17829516E-04   4.52075079E-02   2.72577950E-07 -0.793223619       8.15220475E-02  -5.70810251E-02
   3.00000000       800.000000       6.48498610E-02   7.89831066      0.108923398       1.37894321E-10  -3.24250810E-04   4.46554162E-02  -8.76264385E-05 -0.796941876       8.15162957E-02  -5.75509220E-02
   4.00000000       800.000000       6.52926117E-02   7.96304750      0.108498558       1.36233816E-10  -3.25469620E-04   4.41104062E-02  -1.64041965E-04 -0.800713122       8.15056190E-02  -5.80304302E-02
   5.00000000       800.000000       6.57397360E-02   8.02879810      0.108087853       1.34610739E-10  -3.22027307E-04   4.35730442E-02  -2.35881133E-04 -0.804545462       8.14901218E-02  -5.84120043E-02
   6.00000000       800.000000       6.61928579E-02   8.09504509      0.107687980       1.33020081E-10  -3.14347941E-04   4.30422202E-02  -3.03831592E-04 -0.808419943       8.14699903E-02  -5.85896745E-02
   7.00000000       800.000000       6.66503683E-02   8.16145802      0.107297525       1.31459107E-10  -3.03999317E-04   4.25189175E-02  -3.58257996E-04 -0.812328279       8.14461187E-02  -5.84914647E-02
   8.00000000       800.000000       6.71091229E-02   8.22835445      0.106911384       1.29921088E-10  -2.91737262E-04   4.20028158E-02  -4.07512591E-04 -0.816243351       8.14187974E-02  -5.81756793E-02
   9.00000000       800.000000       6.75772652E-02   8.29508305      0.106530324       1.28407132E-10  -2.78664840E-04   4.14932184E-02  -4.38853574E-04 -0.820165455       8.13890621E-02  -5.78185618E-02
   10.0000000       800.000000       6.80434331E-02   8.36327362      0.106152751       1.26914645E-10  -2.64156755E-04   4.09903936E-02  -4.62256459E-04 -0.824083984       8.13575387E-02  -5.75096235E-02
   11.0000000       800.000000       6.85164854E-02   8.43160915      0.105781302       1.25446445E-10  -2.48714001E-04   4.04944420E-02  -4.74746077E-04 -0.828017890       8.13250765E-02  -5.72363324E-02
   12.0000000       800.000000       6.89990669E-02   8.50011826      0.105414324       1.23999658E-10  -2.31671889E-04   4.00050730E-02  -4.76950750E-04 -0.831955492       8.12922940E-02  -5.69986217E-02
   13.0000000       800.000000       6.94770738E-02   8.56972027      0.105052844       1.22576393E-10  -2.13782070E-04   3.95219103E-02  -4.71154810E-04 -0.835911393       8.12595561E-02  -5.67237586E-02
   2.00000000       800.000000       6.99650571E-02   8.63913631      0.104692250       1.21169699E-10  -1.95225672E-04   3.90455537E-02  -4.57905262E-04 -0.839865386       8.12274143E-02  -5.61871305E-02
   3.00000000       800.000000       7.04544336E-02   8.70913506      0.104327656       1.19774385E-10  -1.78370959E-04   3.85750905E-02  -4.41408716E-04 -0.843800306       8.11963007E-02  -5.52585870E-02
   4.00000000       800.000000       7.09533468E-02   8.77987480      0.103952177       1.18382013E-10  -1.64394834E-04   3.81110311E-02  -4.17113653E-04 -0.847680509       8.11667368E-02  -5.39456718E-02
   5.00000000       800.000000       7.14557767E-02   8.85152435      0.103562400       1.16989210E-10  -1.55125410E-04   3.76530215E-02  -3.88154614E-04 -0.851482451       8.11390206E-02  -5.24411350E-02
   6.00000000       800.000000       7.19595850E-02   8.92326069      0.103156812       1.15594777E-10  -1.50459382E-04   3.72010805E-02  -3.50545772E-04 -0.855199456       8.11137408E-02  -5.09117320E-02
   7.00000000       800.000000       7.24673644E-02   8.99552822      0.102736920       1.14200212E-10  -1.50492066E-04   3.67542841E-02  -3.08681570E-04 -0.858837187       8.10914412E-02  -4.95310761E-02
   8.00000000       800.000000       7.29827210E-02   9.06822109      0.102306090       1.12809505E-10  -1.53656132E-04   3.63140553E-02  -2.62456801E-04 -0.862403512       8.10722709E-02  -4.84830104E-02
   9.00000000       800.000000       7.35015273E-02   9.14107132      0.101870343       1.11428616E-10  -1.58463634E-04   3.58791873E-02  -2.15603475E-04 -0.865938127       8.10564458E-02  -4.78459001E-02
   10.0000000       800.000000       7.40236938E-02   9.21487141      0.101433352       1.10062494E-10  -1.63146004E-04   3.54497284E-02  -1.70690037E-04 -0.869462252       8.10437277E-02  -4.74609286E-02
   11.0000000       800.000000       7.45541826E-02   9.28909588      0.100997590       1.08713427E-10  -1.67151971E-04   3.50255966E-02  -1.29365944E-04 -0.872990549       8.10341612E-02  -4.72192466E-02
   12.0000000       800.000000       7.50876293E-02   9.36382198      0.100565583       1.07383318E-10  -1.69726452E-04   3.46068107E-02  -9.06230416E-05 -0.876527071       8.10272843E-02  -4.71133068E-02
   13.0000000       800.000000       7.56227747E-02   9.43945217      0.100139305       1.06074594E-10  -1.70246902E-04   3.41937654E-02  -5.51947414E-05 -0.880092621       8.10231492E-02  -4.71390598E-02
   2.00000000       800.000000       7.61684179E-02   9.51551723       9.97206196E-02   1.04788615E-10  -1.68399274E-04   3.37859578E-02  -2.28932204E-05 -0.883684754       8.10213834E-02  -4.71903272E-02
   3.00000000       800.000000       7.67170042E-02   9.59179592       9.93092060E-02   1.03524495E-10  -1.64100114E-04   3.33829820E-02   6.76740501E-06 -0.887308419       8.10219496E-02  -4.71556149E-02
   4.00000000       800.000000       7.72694573E-02   9.66848755       9.89043042E-02   1.02281669E-10  -1.58125782E-04   3.29851396E-02   3.42731764E-05 -0.890946269       8.10245797E-02  -4.69682626E-02
   5.00000000       800.000000       7.78230131E-02   9.74612713       9.85046923E-02   1.01057690E-10  -1.50838809E-04   3.25924903E-02   5.93072182E-05 -0.894591093       8.10292214E-02  -4.67003062E-02
   6.00000000       800.000000       7.83851892E-02   9.82425022       9.81104970E-02   9.98532645E-11  -1.42528370E-04   3.22048552E-02   8.19822235E-05 -0.898240805       8.10356364E-02  -4.64144908E-02
   7.00000000       800.000000       7.89523125E-02   9.90284920       9.77200493E-02   9.86656729E-11  -1.33382258E-04   3.18217948E-02   9.97791576E-05 -0.901890874       8.10436085E-02  -4.60382625E-02
   8.00000000       800.000000       7.95280412E-02   9.98241329       9.73307565E-02   9.74925071E-11  -1.24282524E-04   3.14440317E-02   1.11755799E-04 -0.905536056       8.10523927E-02  -4.54459079E-02
   9.00000000       800.000000       8.01055804E-02   10.0623922       9.69381407E-02   9.63290281E-11  -1.16245232E-04   3.10707670E-02   1.18196855E-04 -0.909146786       8.10618103E-02  -4.45860140E-02
   10.0000000       800.000000       8.06882754E-02   10.1425762       9.65385139E-02   9.51713361E-11  -1.10517773E-04   3.07022966E-02   1.19518649E-04 -0.912705898       8.10715705E-02  -4.34696712E-02
   11.0000000       800.000000       8.12722519E-02   10.2231703       9.61278155E-02   9.40161074E-11  -1.07925458E-04   3.03383917E-02   1.17033444E-04 -0.916185558       8.10810402E-02  -4.21561338E-02
   12.0000000       800.000000       8.18665698E-02   10.3048105       9.57050472E-02   9.28613714E-11  -1.09075845E-04   2.99788844E-02   1.11988622E-04 -0.919582665       8.10901523E-02  -4.07869220E-02
   13.0000000       800.000000       8.24698508E-02   10.3871059       9.52697992E-02   9.17082382E-11  -1.13830589E-04   2.96235047E-02   1.04758539E-04 -0.922888994       8.10988918E-02  -3.95065174E-02
   2.00000000       800.000000       8.30690786E-02   10.4702911       9.48258936E-02   9.05590880E-11  -1.21071855E-04   2.92727966E-02   9.63427519E-05 -0.926121235       8.11068714E-02  -3.86353768E-02
   3.00000000       800.000000       8.36792067E-02   10.5531397       9.43813100E-02   8.94224556E-11  -1.28152155E-04   2.89271642E-02   8.75066398E-05 -0.929331958       8.11141580E-02  -3.84942666E-02
   4.00000000       800.000000       8.42924491E-02   10.6371202       9.39455554E-02   8.83068133E-11  -1.32041416E-04   2.85848267E-02   7.80537011E-05 -0.932587624       8.11207518E-02  -3.89638431E-02
   5.00000000       800.000000       8.49149227E-02   10.7222576       9.35227051E-02   8.72157693E-11  -1.31223962E-04   2.82472633E-02   6.80142984E-05 -0.935925305       8.11265558E-02  -3.95571440E-02
   6.00000000       800.000000       8.55400413E-02   10.8070173       9.31115299E-02   8.61475405E-11  -1.26100873E-04   2.79133208E-02   5.84524932E-05 -0.939328671       8.11315328E-02  -3.99728641E-02
   7.00000000       800.000000       8.61672983E-02   10.8929453       9.27099511E-02   8.50998091E-11  -1.17525728E-04   2.75840405E-02   5.03573065E-05 -0.942788064       8.11357275E-02  -4.01608497E-02
   8.00000000       800.000000       8.68062824E-02   10.9799843       9.23149139E-02   8.40696956E-11  -1.06787134E-04   2.72584334E-02   4.35442744E-05 -0.946278870       8.11395198E-02  -4.00054157E-02
   9.00000000       800.000000       8.74475688E-02   11.0664978       9.19212028E-02   8.30521971E-11  -9.56795338E-05   2.69369092E-02   3.79231642E-05 -0.949760020       8.11430439E-02  -3.93804796E-02
   10.0000000       800.000000       8.80924463E-02   11.1543617       9.15240794E-02   8.20429141E-11  -8.59465217E-05   2.66197566E-02   3.29501418E-05 -0.953191638       8.11458975E-02  -3.84185463E-02
   11.0000000       800.000000       8.87458175E-02   11.2425718       9.11220610E-02   8.10398623E-11  -7.83738142E-05   2.63061151E-02   2.74514787E-05 -0.956554592       8.11482519E-02  -3.73836271E-02
   12.0000000       800.000000       8.94047245E-02   11.3320246       9.07135829E-02   8.00424518E-11  -7.30347529E-05   2.59964503E-02   1.99784045E-05 -0.959851325       8.11500698E-02  -3.62948775E-02
   13.0000000       800.000000       9.00711343E-02   11.4218473       9.02964249E-02   7.90484136E-11  -7.04643608E-05   2.56906226E-02   1.01110536E-05 -0.963067114       8.11508000E-02  -3.50416414E-02
   2.00000000       800.000000       9.07422155E-02   11.5118284       8.98680612E-02   7.80556939E-11  -7.12207329E-05   2.53880359E-02  -1.29604655E-06 -0.966187239       8.11508372E-02  -3.36879157E-02
   3.00000000       800.000000       9.14164707E-02   11.6033077       8.94284993E-02   7.70640288E-11  -7.53876084E-05   2.50896141E-02  -1.33154999E-05 -0.969204903       8.11496601E-02  -3.24131548E-02
   4.00000000       800.000000       9.20993984E-02   11.6952047       8.89796317E-02   7.60758886E-11  -8.22261500E-05   2.47947462E-02  -2.52303780E-05 -0.972135425       8.11473727E-02  -3.14091146E-02
   5.00000000       800.000000       9.27866399E-02   11.7873383       8.85274783E-02   7.50955825E-11  -8.99848019E-05   2.45031659E-02  -3.64353691E-05 -0.975010276       8.11438635E-02  -3.09223961E-02
   6.00000000       800.000000       9.34779644E-02   11.8806105       8.80796388E-02   7.41298689E-11  -9.59639583E-05   2.42154747E-02  -4.66560632E-05 -0.977895856       8.11396167E-02  -3.11377179E-02
   7.00000000       800.000000       9.41774696E-02   11.9743528       8.76446441E-02   7.31855895E-11  -9.74858776E-05   2.39308886E-02  -5.59646105E-05 -0.980854392       8.11341926E-02  -3.18979211E-02
   8.00000000       800.000000       9.48819369E-02   12.0688763       8.72259215E-02   7.22657073E-11  -9.32209005E-05   2.36501712E-02  -6.38083147E-05 -0.983925641       8.11282098E-02  -3.27481143E-02
   9.00000000       800.000000       9.55979601E-02   12.1640635       8.68216231E-02   7.13675230E-11  -8.37597036E-05   2.33725104E-02  -6.91790119E-05 -0.987093270       8.11217055E-02  -3.33375037E-02
   10.0000000       800.000000       9.63135287E-02   12.2600622       8.64271522E-02   7.04873868E-11  -7.08045627E-05   2.30982658E-02  -7.17676594E-05 -0.990323007       8.11147541E-02  -3.34279947E-02
   11.0000000       800.000000       9.70358253E-02   12.3568468       8.60353634E-02   6.96188107E-11  -5.69828808E-05   2.28276160E-02  -7.20867465E-05 -0.993554711       8.11078325E-02  -3.28407995E-02
   12.0000000       800.000000       9.77677032E-02   12.4544106       8.56376439E-02   6.87550017E-11  -4.51276246E-05   2.25601699E-02  -7.08865409E-05 -0.996720970       8.11007097E-02  -3.16400528E-02
   13.0000000       800.000000       9.85076427E-02   12.5523767       8.52277204E-02   6.78908596E-11  -3.73382427E-05   2.22957972E-02  -6.91721070E-05 -0.999767184       8.10939148E-02  -3.00486330E-02
   2.00000000       800.000000       9.92456749E-02   12.6510534       8.48022476E-02   6.70240738E-11  -3.46064407E-05   2.20345911E-02  -6.76321069E-05  -1.00266230       8.10872614E-02  -2.83086300E-02
   3.00000000       800.000000       9.99961421E-02   12.7503929       8.43609348E-02   6.61542973E-11  -3.70521338E-05   2.17765272E-02  -6.61098893E-05  -1.00540590       8.10806751E-02  -2.66320854E-02
   4.00000000       800.000000      0.100751281       12.8514633       8.39057639E-02   6.52834245E-11  -4.37549934E-05   2.15217024E-02  -6.39292193E-05  -1.00800908       8.10742155E-02  -2.52729617E-02
   5.00000000       800.000000      0.101513669       12.9527330       8.34432393E-02   6.44166664E-11  -5.28350356E-05   2.12697480E-02  -6.06445865E-05  -1.01051891       8.10681134E-02  -2.44717505E-02
   6.00000000       800.000000      0.102282949       13.0543804       8.29815641E-02   6.35600531E-11  -6.14842793E-05   2.10208315E-02  -5.63296162E-05  -1.01299798       8.10623243E-02  -2.43576635E-02
   7.00000000       800.000000      0.103057869       13.1565609       8.25291798E-02   6.27204400E-11  -6.67289278E-05   2.07748320E-02  -5.12014049E-05  -1.01552045       8.10569972E-02  -2.49346904E-02
   8.00000000       800.000000      0.103839546       13.2604132       8.20938051E-02   6.19028578E-11  -6.62011807E-05   2.05319840E-02  -4.56073831E-05  -1.01815450       8.10523182E-02  -2.59338301E-02
   9.00000000       800.000000      0.104626514       13.3645535       8.16770792E-02   6.11080977E-11  -5.92541983E-05   2.02917792E-02  -3.94360432E-05  -1.02092564       8.10481235E-02  -2.68428680E-02
   10.0000000       800.000000      0.105420068       13.4691267       8.12736079E-02   6.03322878E-11  -4.74582666E-05   2.00545099E-02  -3.24180728E-05  -1.02379382       8.10447261E-02  -2.72313859E-02
   11.0000000       800.000000      0.106228657       13.5754204       8.08751211E-02   5.95684266E-11  -3.38764257E-05   1.98197905E-02  -2.47944245E-05  -1.02668917       8.10421258E-02  -2.67698187E-02
   12.0000000       800.000000      0.107034281       13.6821260       8.04690719E-02   5.88074936E-11  -2.25486565E-05   1.95884164E-02  -1.69481245E-05  -1.02950299       8.10402781E-02  -2.53884196E-02
   13.0000000       800.000000      0.107849084       13.7891541       8.00463334E-02   5.80427754E-11  -1.65693255E-05   1.93595998E-02  -9.24458436E-06  -1.03214443       8.10392275E-02  -2.34787744E-02
   2.00000000       800.000000      0.108672515       13.8981247       7.96044543E-02   5.72726831E-11  -1.70463591E-05   1.91333313E-02  -2.20808374E-06  -1.03458631       8.10391009E-02  -2.15138812E-02
   3.00000000       800.000000      0.109497771       14.0066690       7.91457817E-02   5.64992220E-11  -2.30565511E-05   1.89102273E-02   3.97654549E-06  -1.03683841       8.10394958E-02  -1.99416652E-02
   4.00000000       800.000000      0.110339761       14.1170921       7.86783546E-02   5.57283733E-11  -3.19425744E-05   1.86894350E-02   9.45039847E-06  -1.03897095       8.10404792E-02  -1.90742370E-02
   5.00000000       800.000000      0.111177742       14.2269335       7.82120079E-02   5.49665521E-11  -4.04745151E-05   1.84711982E-02   1.41329638E-05  -1.04106390       8.10420066E-02  -1.89593863E-02
   6.00000000       800.000000      0.112030037       14.3394938       7.77550489E-02   5.42200763E-11  -4.57174028E-05   1.82553381E-02   1.79758736E-05  -1.04320383       8.10441822E-02  -1.94539800E-02
   7.00000000       800.000000      0.112885214       14.4517355       7.73129761E-02   5.34922905E-11  -4.57237693E-05   1.80421695E-02   2.10159451E-05  -1.04544067       8.10465887E-02  -2.02273540E-02
   8.00000000       800.000000      0.113750286       14.5650282       7.68860132E-02   5.27830904E-11  -4.03588820E-05   1.78316645E-02   2.34973140E-05  -1.04778743       8.10491964E-02  -2.08524428E-02
   9.00000000       800.000000      0.114624061       14.6793976       7.64689222E-02   5.20882781E-11  -3.13709861E-05   1.76236778E-02   2.57351076E-05  -1.05020189       8.10521618E-02  -2.08663922E-02
   10.0000000       800.000000      0.115506783       14.7940674       7.60509297E-02   5.14007170E-11  -2.21728988E-05   1.74179375E-02   2.76638493E-05  -1.05258954       8.10552686E-02  -2.00328305E-02
   11.0000000       800.000000      0.116393380       14.9101496       7.56227002E-02   5.07137735E-11  -1.61376302E-05   1.72148012E-02   2.90577391E-05  -1.05484712       8.10587481E-02  -1.85624789E-02
   12.0000000       800.000000      0.117281690       15.0272551       7.51794875E-02   5.00245817E-11  -1.50299620E-05   1.70139205E-02   2.96870203E-05  -1.05692613       8.10621157E-02  -1.68944430E-02
   13.0000000       800.000000      0.118191823       15.1445360       7.47222826E-02   4.93338634E-11  -1.85327590E-05   1.68155134E-02   2.93771845E-05  -1.05882490       8.10656399E-02  -1.55219268E-02
   2.00000000       800.000000      0.119099334       15.2630339       7.42584914E-02   4.86464237E-11  -2.42335282E-05   1.66196879E-02   2.81991306E-05  -1.06060958       8.10690522E-02  -1.48043018E-02
   3.00000000       800.000000      0.120015435       15.3828135       7.37967044E-02   4.79682058E-11  -2.91744363E-05   1.64257754E-02   2.63524926E-05  -1.06236601       8.10722113E-02  -1.47291375E-02
   4.00000000       800.000000      0.120940529       15.5036430       7.33431876E-02   4.73030191E-11  -3.11694967E-05   1.62343737E-02   2.40105037E-05  -1.06415880       8.10749754E-02  -1.50219258E-02
   5.00000000       800.000000      0.121867239       15.6249332       7.28999376E-02   4.66517970E-11  -2.93940411E-05   1.60447862E-02   2.12830946E-05  -1.06601322       8.10775757E-02  -1.53375715E-02
   6.00000000       800.000000      0.122810721       15.7464323       7.24647939E-02   4.60130579E-11  -2.45804786E-05   1.58576947E-02   1.84511700E-05  -1.06791198       8.10798258E-02  -1.53801274E-02
   7.00000000       800.000000      0.123757191       15.8707790       7.20325112E-02   4.53832701E-11  -1.85692115E-05   1.56729072E-02   1.56689784E-05  -1.06980515       8.10819119E-02  -1.49068274E-02
   8.00000000       800.000000      0.124716990       15.9948425       7.15953410E-02   4.47574894E-11  -1.38800997E-05   1.54906288E-02   1.29162008E-05  -1.07161534       8.10834765E-02  -1.38980728E-02
   9.00000000       800.000000      0.125679165       16.1200333       7.11488575E-02   4.41329542E-11  -1.22425236E-05   1.53093999E-02   1.01199475E-05  -1.07328510       8.10847804E-02  -1.26627106E-02
   10.0000000       800.000000      0.126648560       16.2460766       7.06932917E-02   4.35097722E-11  -1.36757544E-05   1.51314205E-02   7.24562005E-06  -1.07481050       8.10856596E-02  -1.15890084E-02
   11.0000000       800.000000      0.127627030       16.3736973       7.02328309E-02   4.28906806E-11  -1.66750851E-05   1.49546545E-02   4.34690719E-06  -1.07623279       8.10860544E-02  -1.09477118E-02
   12.0000000       800.000000      0.128622070       16.5009899       6.97736293E-02   4.22793675E-11  -1.91802465E-05   1.47808995E-02   1.50849439E-06  -1.07761574       8.10863450E-02  -1.07392194E-02
   13.0000000       800.000000      0.129615709       16.6299458       6.93195835E-02   4.16781297E-11  -1.97596946E-05   1.46084642E-02  -1.24436554E-06  -1.07900524       8.10864195E-02  -1.07393479E-02
   2.00000000       800.000000      0.130617574       16.7607040       6.88712224E-02   4.10871441E-11  -1.80957013E-05   1.44384643E-02  -3.85786598E-06  -1.08041072       8.10856894E-02  -1.07109472E-02
   3.00000000       800.000000      0.131631613       16.8909397       6.84270412E-02   4.05051721E-11  -1.49173948E-05   1.42701948E-02  -6.19903631E-06  -1.08181512       8.10850114E-02  -1.04361996E-02
   4.00000000       800.000000      0.132658064       17.0234966       6.79821149E-02   3.99295423E-11  -1.16959845E-05   1.41033474E-02  -8.20253263E-06  -1.08316958       8.10838193E-02  -9.81240999E-03
   5.00000000       800.000000      0.133689612       17.1564980       6.75330237E-02   3.93578364E-11  -9.78785647E-06   1.39390249E-02  -9.83520385E-06  -1.08442986       8.10823888E-02  -8.96788947E-03
   6.00000000       800.000000      0.134727374       17.2917385       6.70786053E-02   3.87895792E-11  -9.61463866E-06   1.37772206E-02  -1.11317995E-05  -1.08557761       8.10810328E-02  -8.13416857E-03
   7.00000000       800.000000      0.135772675       17.4260139       6.66204244E-02   3.82256726E-11  -1.05989411E-05   1.36162499E-02  -1.21044532E-05  -1.08662641       8.10794458E-02  -7.49641471E-03
   8.00000000       800.000000      0.136831790       17.5625153       6.61620349E-02   3.76679209E-11  -1.16206083E-05   1.34580052E-02  -1.27991498E-05  -1.08761919       8.10775533E-02  -7.11604115E-03
   9.00000000       800.000000      0.137887821       17.6995029       6.57056570E-02   3.71179198E-11  -1.17304735E-05   1.33012673E-02  -1.32816349E-05  -1.08858168       8.10757503E-02  -6.87870337E-03
   10.0000000       800.000000      0.138969555       17.8388729       6.52520880E-02   3.65755690E-11  -1.07481328E-05   1.31456740E-02  -1.35957798E-05  -1.08952367       8.10739398E-02  -6.60781842E-03
   11.0000000       800.000000      0.140046909       17.9775219       6.47998378E-02   3.60402160E-11  -9.17353827E-06   1.29928542E-02  -1.37014895E-05  -1.09042859       8.10719430E-02  -6.19059987E-03
   12.0000000       800.000000      0.141143247       18.1181393       6.43466637E-02   3.55105251E-11  -7.77883724E-06   1.28415031E-02  -1.35673399E-05  -1.09126544       8.10700953E-02  -5.61717851E-03
   13.0000000       800.000000      0.142242312       18.2606220       6.38911426E-02   3.49855249E-11  -7.08794414E-06   1.26915788E-02  -1.31787911E-05  -1.09201694       8.10681731E-02  -4.98442212E-03
   2.00000000       800.000000      0.143348306       18.4025784       6.34335428E-02   3.44654270E-11  -7.04184367E-06   1.25440042E-02  -1.25391780E-05  -1.09268677       8.10665712E-02  -4.41801967E-03
   3.00000000       800.000000      0.144470185       18.5468769       6.29753023E-02   3.39509428E-11  -7.11997018E-06   1.23977652E-02  -1.16785677E-05  -1.09329081       8.10647681E-02  -3.98256164E-03
   4.00000000       800.000000      0.145599216       18.6916237       6.25179484E-02   3.34428318E-11  -6.74971625E-06   1.22530758E-02  -1.06636753E-05  -1.09384251       8.10632408E-02  -3.64802335E-03
   5.00000000       800.000000      0.146730632       18.8387299       6.20623678E-02   3.29414829E-11  -5.72464569E-06   1.21103767E-02  -9.56753865E-06  -1.09435642       8.10616687E-02  -3.31559940E-03
   6.00000000       800.000000      0.147886083       18.9852219       6.16072118E-02   3.24462852E-11  -4.32391607E-06   1.19692190E-02  -8.42762438E-06  -1.09482002       8.10604990E-02  -2.89119501E-03
   7.00000000       800.000000      0.149040878       19.1336536       6.11516759E-02   3.19564548E-11  -3.05595813E-06   1.18297022E-02  -7.25916652E-06  -1.09521723       8.10594484E-02  -2.36688275E-03
   8.00000000       800.000000      0.150206983       19.2841053       6.06943928E-02   3.14713984E-11  -2.25795202E-06   1.16920481E-02  -6.05774994E-06  -1.09552860       8.10585916E-02  -1.80632528E-03
   9.00000000       800.000000      0.151375279       19.4338169       6.02358095E-02   3.09911367E-11  -1.91167396E-06   1.15560498E-02  -4.81449615E-06  -1.09576106       8.10578391E-02  -1.27838156E-03
   10.0000000       800.000000      0.152559474       19.5859928       5.97765557E-02   3.05162284E-11  -1.76323294E-06   1.14212008E-02  -3.53786618E-06  -1.09591579       8.10571983E-02  -8.15451436E-04
   11.0000000       800.000000      0.153755501       19.7391071       5.93170486E-02   3.00468019E-11  -1.51456152E-06   1.12877833E-02  -2.27021928E-06  -1.09600973       8.10568556E-02  -4.08121676E-04
   12.0000000       800.000000      0.154966682       19.8943138       5.88581190E-02   2.95830617E-11  -1.02642480E-06   1.11562731E-02  -1.06315861E-06  -1.09604454       8.10567662E-02  -1.37753250E-05
   13.0000000       800.000000      0.156182289       20.0499210       5.83999380E-02   2.91250218E-11  -3.74243911E-07   1.10264448E-02   4.82841571E-08  -1.09601152       8.10567960E-02   4.04843217E-04
   2.00000000       800.000000      0.157407701       20.2067699       5.79414368E-02   2.86721029E-11   2.96415493E-07   1.08981756E-02   1.04984485E-06  -1.09591353       8.10569376E-02   8.46964424E-04
   3.00000000       800.000000      0.158632427       20.3635406       5.74829765E-02   2.82244610E-11   9.32280898E-07   1.07708164E-02   1.95106486E-06  -1.09574509       8.10572580E-02   1.28568511E-03
   4.00000000       800.000000      0.159881696       20.5234394       5.70245683E-02   2.77818515E-11   1.59390027E-06   1.06450161E-02   2.76947617E-06  -1.09550631       8.10575634E-02   1.70508085E-03
   5.00000000       800.000000      0.161134437       20.6836548       5.65662235E-02   2.73450099E-11   2.34875165E-06   1.05209723E-02   3.50690198E-06  -1.09519720       8.10582563E-02   2.11572484E-03
   6.00000000       800.000000      0.162408039       20.8466339       5.61077669E-02   2.69129424E-11   3.17246190E-06   1.03987483E-02   4.14489477E-06  -1.09482312       8.10588822E-02   2.54075602E-03
   7.00000000       800.000000      0.163673609       21.0080662       5.56493029E-02   2.64860755E-11   3.93544315E-06   1.02769127E-02   4.66223219E-06  -1.09437525       8.10596719E-02   2.99174921E-03
   8.00000000       800.000000      0.164970547       21.1726456       5.51908836E-02   2.60636096E-11   4.52233644E-06   1.01571027E-02   5.04748004E-06  -1.09383583       8.10605958E-02   3.45362909E-03
   9.00000000       800.000000      0.166260168       21.3390827       5.47317080E-02   2.56460426E-11   4.93498101E-06   1.00387614E-02   5.30525131E-06  -1.09323859       8.10614005E-02   3.90349957E-03
   10.0000000       800.000000      0.167571649       21.5048828       5.42728938E-02   2.52336867E-11   5.25366386E-06   9.92199685E-03   5.44892646E-06  -1.09254014       8.10622275E-02   4.33191098E-03
   11.0000000       800.000000      0.168884769       21.6747990       5.38136028E-02   2.48261047E-11   5.56577697E-06   9.80580691E-03   5.49194510E-06  -1.09177256       8.10632557E-02   4.74312995E-03
   12.0000000       800.000000      0.170220941       21.8437004       5.33540957E-02   2.44233054E-11   5.91097205E-06   9.69144981E-03   5.44041541E-06  -1.09092915       8.10642391E-02   5.14642149E-03
   13.0000000       800.000000      0.171562597       22.0148487       5.28952740E-02   2.40253564E-11   6.28954876E-06   9.57869738E-03   5.29657882E-06  -1.09000707       8.10650960E-02   5.54679800E-03
   2.00000000       800.000000      0.172911152       22.1867790       5.24369292E-02   2.36327364E-11   6.70681948E-06   9.46660619E-03   5.06396373E-06  -1.08902204       8.10659826E-02   5.94032789E-03
   3.00000000       800.000000      0.174262822       22.3595982       5.19793034E-02   2.32438964E-11   7.18760612E-06   9.35608055E-03   4.75064007E-06  -1.08794260       8.10668319E-02   6.32533338E-03
   4.00000000       800.000000      0.175636902       22.5350342       5.15219271E-02   2.28604861E-11   7.74487398E-06   9.24695563E-03   4.36868322E-06  -1.08682334       8.10675174E-02   6.70706667E-03
   5.00000000       800.000000      0.177029908       22.7109966       5.10647893E-02   2.24822192E-11   8.35534047E-06   9.13955644E-03   3.93090568E-06  -1.08559799       8.10682178E-02   7.09189288E-03
   6.00000000       800.000000      0.178427994       22.8897495       5.06077893E-02   2.21076664E-11   8.97420432E-06   9.03277192E-03   3.44856539E-06  -1.08427358       8.10687691E-02   7.48115219E-03
   7.00000000       800.000000      0.179832757       23.0675335       5.01513667E-02   2.17380940E-11   9.56851454E-06   8.92693270E-03   2.93170433E-06  -1.08289301       8.10694247E-02   7.87014142E-03
   8.00000000       800.000000      0.181247130       23.2492962       4.96950671E-02   2.13727994E-11   1.01362311E-05   8.82325321E-03   2.39122733E-06  -1.08142948       8.10698941E-02   8.25345330E-03
   9.00000000       800.000000      0.182678327       23.4303741       4.92392778E-02   2.10126222E-11   1.06941789E-05   8.72025266E-03   1.83954990E-06  -1.07989645       8.10702890E-02   8.62925034E-03
   10.0000000       800.000000      0.184120178       23.6137962       4.87837270E-02   2.06563187E-11   1.12546159E-05   8.61795433E-03   1.28935403E-06  -1.07826531       8.10704827E-02   8.99975933E-03
   11.0000000       800.000000      0.185574606       23.7995758       4.83281203E-02   2.03045705E-11   1.18164298E-05   8.51765927E-03   7.51740913E-07  -1.07656944       8.10705125E-02   9.36653465E-03
   12.0000000       800.000000      0.187039450       23.9845982       4.78731282E-02   1.99573604E-11   1.23759755E-05   8.41772556E-03   2.35319803E-07  -1.07479739       8.10705796E-02   9.72994603E-03
   13.0000000       800.000000      0.188515589       24.1725788       4.74202186E-02   1.96145149E-11   1.29343771E-05   8.31982214E-03  -2.53204860E-07  -1.07292056       8.10704678E-02   1.00883702E-02
   2.00000000       800.000000      0.190003842       24.3626595       4.69664820E-02   1.92761935E-11   1.35003402E-05   8.22257064E-03  -7.07642073E-07  -1.07097387       8.10703859E-02   1.04418332E-02
   3.00000000       800.000000      0.191507503       24.5538692       4.65127192E-02   1.89417128E-11   1.40755255E-05   8.12661834E-03  -1.12245255E-06  -1.06893015       8.10701922E-02   1.07906647E-02
   4.00000000       800.000000      0.193027228       24.7454605       4.60601486E-02   1.86117961E-11   1.46580969E-05   8.03169608E-03  -1.49081768E-06  -1.06682229       8.10699165E-02   1.11351749E-02
   5.00000000       800.000000      0.194553345       24.9383144       4.56087962E-02   1.82859838E-11   1.52454859E-05   7.93778151E-03  -1.80808627E-06  -1.06461453       8.10695216E-02   1.14749707E-02
   6.00000000       800.000000      0.196085945       25.1336231       4.51575071E-02   1.79646454E-11   1.58388593E-05   7.84491654E-03  -2.06951063E-06  -1.06234193       8.10690671E-02   1.18103931E-02
   7.00000000       800.000000      0.197636858       25.3313236       4.47078161E-02   1.76471181E-11   1.64368521E-05   7.75333075E-03  -2.27351734E-06  -1.05995560       8.10686573E-02   1.21430969E-02
   8.00000000       800.000000      0.199212298       25.5304661       4.42577787E-02   1.73336848E-11   1.70319527E-05   7.66235776E-03  -2.42033889E-06  -1.05751109       8.10681954E-02   1.24724768E-02
   9.00000000       800.000000      0.200781316       25.7297115       4.38089073E-02   1.70245987E-11   1.76209924E-05   7.57280411E-03  -2.51206689E-06  -1.05499816       8.10676217E-02   1.27976993E-02
   10.0000000       800.000000      0.202371761       25.9304714       4.33607064E-02   1.67194227E-11   1.82010299E-05   7.48442765E-03  -2.55109990E-06  -1.05237186       8.10671151E-02   1.31172063E-02
   11.0000000       800.000000      0.203978211       26.1335907       4.29129191E-02   1.64182487E-11   1.87836595E-05   7.39673106E-03  -2.54092879E-06  -1.04966068       8.10666978E-02   1.34295728E-02
   12.0000000       800.000000      0.205590189       26.3390236       4.24668901E-02   1.61214531E-11   1.93822671E-05   7.31033692E-03  -2.48527203E-06  -1.04684627       8.10661390E-02   1.37350308E-02
   13.0000000       800.000000      0.207215562       26.5462608       4.20211330E-02   1.58278789E-11   1.99988990E-05   7.22499285E-03  -2.38797361E-06  -1.04396486       8.10655951E-02   1.40363602E-02
   2.00000000       800.000000      0.208862230       26.7531796       4.15764488E-02   1.55388653E-11   2.06196528E-05   7.14043435E-03  -2.25302369E-06  -1.04101670       8.10650662E-02   1.43357432E-02
   3.00000000       800.000000      0.210511744       26.9634609       4.11326177E-02   1.52531789E-11   2.12228151E-05   7.05701020E-03  -2.08495590E-06  -1.03795469       8.10646638E-02   1.46333873E-02
   4.00000000       800.000000      0.212182373       27.1744270       4.06902730E-02   1.49718484E-11   2.17931047E-05   6.97398698E-03  -1.88884678E-06  -1.03481770       8.10643435E-02   1.49271274E-02
   5.00000000       800.000000      0.213867262       27.3881035       4.02484499E-02   1.46942181E-11   2.23329571E-05   6.89256750E-03  -1.67045073E-06  -1.03159285       8.10640007E-02   1.52134756E-02
   6.00000000       800.000000      0.215570495       27.6017551       3.98071781E-02   1.44201838E-11   2.28657482E-05   6.81177899E-03  -1.43594093E-06  -1.02830851       8.10636729E-02   1.54891042E-02
   7.00000000       800.000000      0.217280358       27.8196926       3.93675230E-02   1.41498193E-11   2.34281542E-05   6.73219701E-03  -1.19166896E-06  -1.02491677       8.10634643E-02   1.57533642E-02
   8.00000000       800.000000      0.218995273       28.0367794       3.89297828E-02   1.38832019E-11   2.40478785E-05   6.65302109E-03  -9.43806185E-07  -1.02141225       8.10632855E-02   1.60092320E-02
   9.00000000       800.000000      0.220740929       28.2576332       3.84919979E-02   1.36205639E-11   2.47252337E-05   6.57535624E-03  -6.98225790E-07  -1.01784492       8.10631067E-02   1.62611771E-02
   10.0000000       800.000000      0.222490728       28.4788132       3.80564928E-02   1.33616260E-11   2.54350907E-05   6.49833726E-03  -4.59853169E-07  -1.01420081       8.10630620E-02   1.65141802E-02
   11.0000000       800.000000      0.224248633       28.7025547       3.76221947E-02   1.31061715E-11   2.61278474E-05   6.42208941E-03  -2.32494614E-07  -1.01048326       8.10629353E-02   1.67693701E-02
   12.0000000       800.000000      0.226034790       28.9273281       3.71885896E-02   1.28543114E-11   2.67604300E-05   6.34700758E-03  -1.94432719E-08  -1.00665784       8.10629651E-02   1.70235857E-02
   13.0000000       800.000000      0.227838799       29.1540203       3.67560424E-02   1.26060794E-11   2.73253936E-05   6.27262052E-03   1.77105150E-07  -1.00275016       8.10629874E-02   1.72708575E-02
   2.00000000       800.000000      0.229636580       29.3828106       3.63258421E-02   1.23614669E-11   2.78513980E-05   6.19893381E-03   3.55040783E-07 -0.998770833       8.10631216E-02   1.75055899E-02
   3.00000000       800.000000      0.231463313       29.6143074       3.58959138E-02   1.21203022E-11   2.83851077E-05   6.12640707E-03   5.12763336E-07 -0.994686782       8.10632855E-02   1.77279357E-02
   4.00000000       800.000000      0.233298600       29.8444633       3.54676656E-02   1.18826450E-11   2.89630625E-05   6.05468685E-03   6.48990294E-07 -0.990528405       8.10633898E-02   1.79397371E-02
   5.00000000       800.000000      0.235164225       30.0788250       3.50415148E-02   1.16485224E-11   2.96010967E-05   5.98351564E-03   7.62792865E-07 -0.986284912       8.10635462E-02   1.81459747E-02
   6.00000000       800.000000      0.237021416       30.3152733       3.46173868E-02   1.14176255E-11   3.02819262E-05   5.91347879E-03   8.53300890E-07 -0.981947482       8.10637251E-02   1.83509123E-02
   7.00000000       800.000000      0.238909259       30.5545444       3.41939069E-02   1.11902215E-11   3.09701027E-05   5.84411668E-03   9.20907667E-07 -0.977540612       8.10639113E-02   1.85544286E-02
   8.00000000       800.000000      0.240805298       30.7942753       3.37723605E-02   1.09661455E-11   3.16357327E-05   5.77549357E-03   9.66449761E-07 -0.973060727       8.10641870E-02   1.87558867E-02
   9.00000000       800.000000      0.242732763       31.0363560       3.33524570E-02   1.07453907E-11   3.22638843E-05   5.70781436E-03   9.91213938E-07 -0.968473971       8.10644329E-02   1.89526808E-02
   10.0000000       800.000000      0.244650185       31.2805672       3.29340734E-02   1.05277271E-11   3.28562819E-05   5.64089324E-03   9.96672156E-07 -0.963824928       8.10646042E-02   1.91419777E-02
   11.0000000       800.000000      0.246601894       31.5240726       3.25166099E-02   1.03135079E-11   3.34238648E-05   5.57449274E-03   9.84363282E-07 -0.959075093       8.10649395E-02   1.93231441E-02
   12.0000000       800.000000      0.248575494       31.7732716       3.21017206E-02   1.01024952E-11   3.39795806E-05   5.50930202E-03   9.55779683E-07 -0.954253316       8.10651183E-02   1.94964726E-02
   13.0000000       800.000000      0.250549018       32.0229034       3.16885635E-02   9.89473434E-12   3.45331100E-05   5.44454902E-03   9.12434984E-07 -0.949352026       8.10653493E-02   1.96620561E-02
   2.00000000       800.000000      0.252544135       32.2734489       3.12770121E-02   9.69028503E-12   3.50907685E-05   5.38063096E-03   8.55898463E-07 -0.944363534       8.10655057E-02   1.98203251E-02
   3.00000000       800.000000      0.254557490       32.5260506       3.08674779E-02   9.48857833E-12   3.56571036E-05   5.31762838E-03   7.87822671E-07 -0.939290226       8.10657367E-02   1.99718699E-02
   4.00000000       800.000000      0.256586730       32.7818604       3.04598194E-02   9.29062730E-12   3.62325991E-05   5.25492989E-03   7.09979702E-07 -0.934159398       8.10659081E-02   2.01169811E-02
   5.00000000       800.000000      0.258610994       33.0395813       3.00547238E-02   9.09542146E-12   3.68140718E-05   5.19347703E-03   6.24217364E-07 -0.928905547       8.10660794E-02   2.02563051E-02
   6.00000000       800.000000      0.260681123       33.2992859       2.96508782E-02   8.90282466E-12   3.73968142E-05   5.13244001E-03   5.32513297E-07 -0.923654139       8.10661912E-02   2.03894991E-02
   7.00000000       800.000000      0.262756377       33.5623474       2.92480402E-02   8.71397052E-12   3.79793964E-05   5.07184351E-03   4.37006150E-07 -0.918281317       8.10662434E-02   2.05162689E-02
   8.00000000       800.000000      0.264846563       33.8261070       2.88496874E-02   8.52778438E-12   3.85681524E-05   5.01247356E-03   3.39838010E-07 -0.912797928       8.10663626E-02   2.06363797E-02
   9.00000000       800.000000      0.266964108       34.0918350       2.84513775E-02   8.34474590E-12   3.91706017E-05   4.95339977E-03   2.43017951E-07 -0.907300889       8.10664520E-02   2.07480397E-02
   10.0000000       800.000000      0.269089431       34.3593788       2.80563943E-02   8.16452548E-12   3.97915574E-05   4.89521399E-03   1.48811623E-07 -0.901699543       8.10664743E-02   2.08516531E-02
   11.0000000       800.000000      0.271236569       34.6304741       2.76625417E-02   7.98733822E-12   4.04375860E-05   4.83778911E-03   5.89366245E-08 -0.896017015       8.10665488E-02   2.09496375E-02
   12.0000000       800.000000      0.273390830       34.9008446       2.72724479E-02   7.81308785E-12   4.11007022E-05   4.78077354E-03  -2.51285872E-08 -0.890280664       8.10665339E-02   2.10427176E-02
   13.0000000       800.000000      0.275573671       35.1773834       2.68837288E-02   7.64150115E-12   4.17658048E-05   4.72451840E-03  -1.02078147E-07 -0.884456813       8.10665265E-02   2.11310778E-02
   2.00000000       800.000000      0.277770936       35.4531212       2.64969375E-02   7.47285046E-12   4.24227910E-05   4.66913451E-03  -1.70909118E-07 -0.878578186       8.10664818E-02   2.12140959E-02
   3.00000000       800.000000      0.279982239       35.7325478       2.61127111E-02   7.30723208E-12   4.30669752E-05   4.61400021E-03  -2.30893150E-07 -0.872648180       8.10663998E-02   2.12902687E-02
   4.00000000       800.000000      0.282222867       36.0137329       2.57312283E-02   7.14408133E-12   4.37049966E-05   4.55973390E-03  -2.81627763E-07 -0.866612077       8.10662657E-02   2.13588309E-02
   5.00000000       800.000000      0.284471065       36.2968369       2.53514964E-02   6.98398327E-12   4.43484387E-05   4.50611487E-03  -3.23026001E-07 -0.860526502       8.10661912E-02   2.14194953E-02
   6.00000000       800.000000      0.286742091       36.5804558       2.49750037E-02   6.82632379E-12   4.50054322E-05   4.45298618E-03  -3.55253263E-07 -0.854374409       8.10660571E-02   2.14732308E-02
   7.00000000       800.000000      0.289016098       36.8690605       2.46007945E-02   6.67155437E-12   4.56732996E-05   4.40070871E-03  -3.78636997E-07 -0.848165751       8.10659155E-02   2.15214565E-02
   8.00000000       800.000000      0.291324228       37.1585426       2.42282227E-02   6.51938876E-12   4.63390461E-05   4.34881076E-03  -3.93575675E-07 -0.841899395       8.10657367E-02   2.15650909E-02
   9.00000000       800.000000      0.293644518       37.4530144       2.38591712E-02   6.36998006E-12   4.69865263E-05   4.29754797E-03  -4.00472601E-07 -0.835558891       8.10656324E-02   2.16037370E-02
   10.0000000       800.000000      0.296003997       37.7481918       2.34923456E-02   6.22291801E-12   4.76046953E-05   4.24699252E-03  -3.99760040E-07 -0.829146147       8.10655430E-02   2.16367878E-02
   11.0000000       800.000000      0.298353791       38.0451622       2.31285915E-02   6.07881844E-12   4.81930110E-05   4.19710623E-03  -3.91928012E-07 -0.822673976       8.10654312E-02   2.16630101E-02
   12.0000000       800.000000      0.300734103       38.3437805       2.27669496E-02   5.93681267E-12   4.87602701E-05   4.14754497E-03  -3.77564845E-07 -0.816188455       8.10653493E-02   2.16811821E-02
   13.0000000       800.000000      0.303147912       38.6467476       2.24079974E-02   5.79749226E-12   4.93206571E-05   4.09883028E-03  -3.57353912E-07 -0.809600115       8.10652301E-02   2.16913410E-02
   2.00000000       800.000000      0.305555582       38.9513550       2.20511593E-02   5.66080819E-12   4.98876288E-05   4.05032840E-03  -3.32067202E-07 -0.802982748       8.10651481E-02   2.16935445E-02
   3.00000000       800.000000      0.307996303       39.2577019       2.16982905E-02   5.52648162E-12   5.04699638E-05   4.00263118E-03  -3.02514735E-07 -0.796276212       8.10650364E-02   2.16891002E-02
   4.00000000       800.000000      0.310469896       39.5681572       2.13473868E-02   5.39476623E-12   5.10711761E-05   3.95558402E-03  -2.69540692E-07 -0.789564133       8.10649544E-02   2.16778461E-02
   5.00000000       800.000000      0.312931180       39.8770142       2.09994875E-02   5.26527866E-12   5.16894106E-05   3.90903046E-03  -2.33997227E-07 -0.782751620       8.10649097E-02   2.16607824E-02
   6.00000000       800.000000      0.315432847       40.1933212       2.06539594E-02   5.13824790E-12   5.23196795E-05   3.86270485E-03  -1.96735527E-07 -0.775918603       8.10648799E-02   2.16381531E-02
   7.00000000       800.000000      0.317947745       40.5082169       2.03120261E-02   5.01379147E-12   5.29554673E-05   3.81729263E-03  -1.58588065E-07 -0.769067645       8.10648575E-02   2.16099471E-02
   8.00000000       800.000000      0.320495814       40.8281288       1.99731663E-02   4.89136726E-12   5.35906620E-05   3.77214584E-03  -1.20362913E-07 -0.762133956       8.10648277E-02   2.15759911E-02
   9.00000000       800.000000      0.323059022       41.1489258       1.96356121E-02   4.77139855E-12   5.42218440E-05   3.72783258E-03  -8.28216074E-08 -0.755161941       8.10648277E-02   2.15362627E-02
   10.0000000       800.000000      0.325634599       41.4749947       1.93029549E-02   4.65350978E-12   5.48484677E-05   3.68377962E-03  -4.66873935E-08 -0.748167455       8.10647756E-02   2.14902479E-02
   11.0000000       800.000000      0.328246117       41.8027420       1.89718418E-02   4.53812769E-12   5.54737635E-05   3.64019582E-03  -1.26121318E-08 -0.741128266       8.10647383E-02   2.14378797E-02
   12.0000000       800.000000      0.330868602       42.1312904       1.86459459E-02   4.42503803E-12   5.61013403E-05   3.59727605E-03   1.88591116E-08 -0.734045744       8.10647234E-02   2.13794764E-02
   13.0000000       800.000000      0.333499759       42.4624519       1.83209796E-02   4.31404521E-12   5.67331372E-05   3.55494441E-03   4.73136552E-08 -0.726923108       8.10647681E-02   2.13150829E-02
   2.00000000       800.000000      0.336178690       42.7972488       1.79988891E-02   4.20538257E-12   5.73670004E-05   3.51297855E-03   7.24882057E-08 -0.719755232       8.10647905E-02   2.12455783E-02
   3.00000000       800.000000      0.338866234       43.1343956       1.76811889E-02   4.09861381E-12   5.79974658E-05   3.47137917E-03   9.42527336E-08 -0.712573469       8.10648128E-02   2.11707391E-02
   4.00000000       800.000000      0.341564178       43.4764404       1.73656531E-02   3.99412101E-12   5.86182687E-05   3.43038398E-03   1.12580331E-07 -0.705345929       8.10648501E-02   2.10908428E-02
   5.00000000       800.000000      0.344298780       43.8198090       1.70545373E-02   3.89171334E-12   5.92263495E-05   3.38995573E-03   1.27514539E-07 -0.698115885       8.10648575E-02   2.10055988E-02
   6.00000000       800.000000      0.347046673       44.1641579       1.67455301E-02   3.79133660E-12   5.98235492E-05   3.34990048E-03   1.39118100E-07 -0.690819979       8.10649097E-02   2.09146012E-02
   7.00000000       800.000000      0.349838823       44.5138283       1.64400898E-02   3.69296520E-12   6.04148008E-05   3.31022614E-03   1.47467134E-07 -0.683562577       8.10649544E-02   2.08176188E-02
   8.00000000       800.000000      0.352615893       44.8651733       1.61369052E-02   3.59646319E-12   6.10058305E-05   3.27112270E-03   1.52615272E-07 -0.676237166       8.10650140E-02   2.07150020E-02
   9.00000000       800.000000      0.355454803       45.2186356       1.58382691E-02   3.50208773E-12   6.16006000E-05   3.23256850E-03   1.54636211E-07 -0.668892682       8.10650736E-02   2.06070375E-02
   10.0000000       800.000000      0.358279139       45.5763397       1.55413542E-02   3.40971695E-12   6.21988293E-05   3.19441059E-03   1.53624413E-07 -0.661497176       8.10651332E-02   2.04941221E-02
   11.0000000       800.000000      0.361149102       45.9357567       1.52495587E-02   3.31933851E-12   6.27985719E-05   3.15663824E-03   1.49734802E-07 -0.654141784       8.10652003E-02   2.03763656E-02
   12.0000000       800.000000      0.364027262       46.2968864       1.49597982E-02   3.23085027E-12   6.33971795E-05   3.11936834E-03   1.43193034E-07 -0.646723688       8.10652524E-02   2.02539563E-02
   13.0000000       800.000000      0.366944253       46.6631355       1.46736475E-02   3.14413794E-12   6.39923092E-05   3.08229984E-03   1.34307498E-07 -0.639335036       8.10653195E-02   2.01267675E-02
   2.00000000       800.000000      0.369876415       47.0312233       1.43908411E-02   3.05942121E-12   6.45840482E-05   3.04600992E-03   1.23452324E-07 -0.631918013       8.10653567E-02   1.99948251E-02
   3.00000000       800.000000      0.372847915       47.4044495       1.41104469E-02   2.97641881E-12   6.51734736E-05   3.00982222E-03   1.11055222E-07 -0.624475837       8.10653791E-02   1.98582802E-02
   4.00000000       800.000000      0.375840873       47.7758026       1.38343517E-02   2.89534390E-12   6.57619385E-05   2.97440821E-03   9.75550591E-08 -0.617035449       8.10654312E-02   1.97164938E-02
   5.00000000       800.000000      0.378836393       48.1548996       1.35610644E-02   2.81595580E-12   6.63506289E-05   2.93919747E-03   8.33764133E-08 -0.609591603       8.10654685E-02   1.95709504E-02
   6.00000000       800.000000      0.381849557       48.5329056       1.32921850E-02   2.73827705E-12   6.69403162E-05   2.90435506E-03   6.89080792E-08 -0.602145016       8.10654983E-02   1.94205884E-02
   7.00000000       800.000000      0.384928495       48.9166336       1.30254533E-02   2.66243863E-12   6.75308547E-05   2.87002278E-03   5.44667067E-08 -0.594697893       8.10655281E-02   1.92666389E-02
   8.00000000       800.000000      0.388007849       49.3037720       1.27625540E-02   2.58822651E-12   6.81221354E-05   2.83611869E-03   4.03044744E-08 -0.587251425       8.10655430E-02   1.91083103E-02
   9.00000000       800.000000      0.391112477       49.6939621       1.25030102E-02   2.51569989E-12   6.87135762E-05   2.80241785E-03   2.66166058E-08 -0.579807043       8.10655504E-02   1.89463757E-02
   10.0000000       800.000000      0.394236952       50.0870171       1.22468062E-02   2.44488913E-12   6.93044858E-05   2.76936218E-03   1.35464191E-08 -0.572371066       8.10655132E-02   1.87805779E-02
   11.0000000       800.000000      0.397388846       50.4830971       1.19940238E-02   2.37566130E-12   6.98931544E-05   2.73653422E-03   1.22144728E-09 -0.564947605       8.10654983E-02   1.86113343E-02
   12.0000000       800.000000      0.400564700       50.8813133       1.17446212E-02   2.30798280E-12   7.04769336E-05   2.70412979E-03  -1.02385131E-08 -0.557537377       8.10654834E-02   1.84390359E-02
   13.0000000       800.000000      0.403795749       51.2825050       1.14986924E-02   2.24193537E-12   7.10524691E-05   2.67216563E-03  -2.07014459E-08 -0.550117493       8.10654908E-02   1.82633735E-02
   2.00000000       800.000000      0.406995207       51.6878319       1.12558557E-02   2.17738024E-12   7.16173236E-05   2.64036027E-03  -3.00291845E-08 -0.542718649       8.10654685E-02   1.80846527E-02
   3.00000000       800.000000      0.410275906       52.0953789       1.10164834E-02   2.11438896E-12   7.21724136E-05   2.60922406E-03  -3.80870446E-08 -0.535339653       8.10654536E-02   1.79026294E-02
   4.00000000       800.000000      0.413564175       52.5095062       1.07806679E-02   2.05284205E-12   7.27213701E-05   2.57825828E-03  -4.47669883E-08 -0.527978539       8.10654312E-02   1.77175961E-02
   5.00000000       800.000000      0.416869521       52.9231834       1.05481055E-02   1.99283190E-12   7.32699118E-05   2.54773488E-03  -5.00054362E-08 -0.520624697       8.10654014E-02   1.75293088E-02
   6.00000000       800.000000      0.420203984       53.3436661       1.03189666E-02   1.93422882E-12   7.38237650E-05   2.51759775E-03  -5.37954143E-08 -0.513298512       8.10653716E-02   1.73381101E-02
   7.00000000       800.000000      0.423574746       53.7655487       1.00932075E-02   1.87706014E-12   7.43876735E-05   2.48766551E-03  -5.61886608E-08 -0.506002665       8.10653567E-02   1.71443615E-02
   8.00000000       800.000000      0.426962882       54.1887779       9.87079646E-03   1.82134060E-12   7.49599203E-05   2.45817821E-03  -5.72872665E-08 -0.498714894       8.10653269E-02   1.69486515E-02
   9.00000000       800.000000      0.430381179       54.6191368       9.65175685E-03   1.76689360E-12   7.55369983E-05   2.42903316E-03  -5.72213530E-08 -0.491470873       8.10653120E-02   1.67509168E-02
   10.0000000       800.000000      0.433835030       55.0515404       9.43607930E-03   1.71389378E-12   7.61136107E-05   2.40036519E-03  -5.61314337E-08 -0.484240383       8.10652897E-02   1.65510476E-02
   11.0000000       800.000000      0.437294513       55.4855461       9.22370888E-03   1.66213918E-12   7.66852536E-05   2.37179454E-03  -5.41491545E-08 -0.477049679       8.10652599E-02   1.63498595E-02
   12.0000000       800.000000      0.440796643       55.9234009       9.01481137E-03   1.61174730E-12   7.72486310E-05   2.34366278E-03  -5.13919360E-08 -0.469887167       8.10652226E-02   1.61469039E-02
   13.0000000       800.000000      0.444335788       56.3692284       8.80892202E-03   1.56256919E-12   7.78023677E-05   2.31597037E-03  -4.79580144E-08 -0.462755293       8.10652003E-02   1.59422997E-02
   2.00000000       800.000000      0.447884768       56.8128738       8.60657077E-03   1.51467001E-12   7.83449941E-05   2.28837575E-03  -4.39402612E-08 -0.455655277       8.10651630E-02   1.57363079E-02
   3.00000000       800.000000      0.451492101       57.2652702       8.40746239E-03   1.46799554E-12   7.88766629E-05   2.26126937E-03  -3.94317361E-08 -0.448610991       8.10651779E-02   1.55289024E-02
   4.00000000       800.000000      0.455087274       57.7184486       8.21159780E-03   1.42257224E-12   7.93988729E-05   2.23446125E-03  -3.45373898E-08 -0.441578329       8.10651630E-02   1.53201129E-02
   5.00000000       800.000000      0.458740443       58.1730003       8.01895931E-03   1.37826903E-12   7.99171830E-05   2.20789830E-03  -2.93773113E-08 -0.434600294       8.10651258E-02   1.51099330E-02
   6.00000000       800.000000      0.462410837       58.6358948       7.82963168E-03   1.33515659E-12   8.04393567E-05   2.18186178E-03  -2.40837856E-08 -0.427659959       8.10651332E-02   1.48984455E-02
   7.00000000       800.000000      0.466109008       59.0983734       7.64338113E-03   1.29319114E-12   8.09751218E-05   2.15583597E-03  -1.87899456E-08 -0.420776933       8.10651258E-02   1.46857556E-02
   8.00000000       800.000000      0.469850868       59.5668716       7.46051036E-03   1.25232387E-12   8.15294843E-05   2.13036663E-03  -1.36174361E-08 -0.413920939       8.10651332E-02   1.44725554E-02
   9.00000000       800.000000      0.473630607       60.0369263       7.28085032E-03   1.21255805E-12   8.21013455E-05   2.10508751E-03  -8.66397354E-09 -0.407115638       8.10651332E-02   1.42589426E-02
   10.0000000       800.000000      0.477417022       60.5153427       7.10424501E-03   1.17386179E-12   8.26840624E-05   2.07999418E-03  -4.00219147E-09 -0.400355339       8.10651407E-02   1.40458159E-02
   11.0000000       800.000000      0.481236160       60.9947357       6.93086302E-03   1.13620094E-12   8.32675869E-05   2.05531321E-03   3.19220733E-10 -0.393651128       8.10651332E-02   1.38328541E-02
   12.0000000       800.000000      0.485106736       61.4788399       6.76049991E-03   1.09957161E-12   8.38426349E-05   2.03088624E-03   4.26546665E-09 -0.386989146       8.10651407E-02   1.36201773E-02
   13.0000000       800.000000      0.489003509       61.9645309       6.59342902E-03   1.06394895E-12   8.44046008E-05   2.00687884E-03   7.80866483E-09 -0.380381256       8.10651481E-02   1.34079400E-02
   2.00000000       800.000000      0.492917389       62.4534645       6.42923545E-03   1.02930164E-12   8.49549542E-05   1.98303559E-03   1.09214371E-08 -0.373822868       8.10651630E-02   1.31953266E-02
   3.00000000       800.000000      0.496857613       62.9518318       6.26800722E-03   9.95614290E-13   8.54992468E-05   1.95944542E-03   1.35759777E-08 -0.367320836       8.10651779E-02   1.29832141E-02
   4.00000000       800.000000      0.500846684       63.4490204       6.10986399E-03   9.62862819E-13   8.60465298E-05   1.93611521E-03   1.57525033E-08 -0.360870779       8.10651928E-02   1.27713000E-02
   5.00000000       800.000000      0.504872501       63.9528084       5.95475128E-03   9.31039208E-13   8.66046830E-05   1.91310968E-03   1.74447798E-08 -0.354476839       8.10651928E-02   1.25600016E-02
   6.00000000       800.000000      0.508909047       64.4573593       5.80253964E-03   9.00106975E-13   8.71815646E-05   1.89049134E-03   1.86606588E-08 -0.348137707       8.10652152E-02   1.23492926E-02
   7.00000000       800.000000      0.512971818       64.9687729       5.65326773E-03   8.70046168E-13   8.77776765E-05   1.86793122E-03   1.94217371E-08 -0.341856450       8.10652375E-02   1.21400924E-02
   8.00000000       800.000000      0.517089903       65.4843674       5.50689548E-03   8.40865843E-13   8.83892062E-05   1.84580218E-03   1.97596197E-08 -0.335632831       8.10652226E-02   1.19319828E-02
   9.00000000       800.000000      0.521240056       66.0012741       5.36332885E-03   8.12494711E-13   8.90098381E-05   1.82386674E-03   1.97110097E-08 -0.329467148       8.10652226E-02   1.17252683E-02
   10.0000000       800.000000      0.525399923       66.5273361       5.22264605E-03   7.84954241E-13   8.96313068E-05   1.80210872E-03   1.93117931E-08 -0.323359936       8.10652226E-02   1.15203746E-02
   11.0000000       800.000000      0.529633105       67.0519409       5.08466735E-03   7.58215864E-13   9.02517131E-05   1.78067747E-03   1.85965732E-08 -0.317311645       8.10652375E-02   1.13167055E-02
   12.0000000       800.000000      0.533852458       67.5886993       4.94946120E-03   7.32256107E-13   9.08742659E-05   1.75952690E-03   1.75990280E-08 -0.311323255       8.10652375E-02   1.11148302E-02
   13.0000000       800.000000      0.538169861       68.1238251       4.81698988E-03   7.07033770E-13   9.15045603E-05   1.73855689E-03   1.63547877E-08 -0.305396855       8.10652524E-02   1.09142326E-02
   2.00000000       800.000000      0.542478204       68.6609192       4.68716584E-03   6.82570537E-13   9.21546016E-05   1.71789667E-03   1.49040087E-08 -0.299531221       8.10652524E-02   1.07151326E-02
   3.00000000       800.000000      0.546837091       69.2043610       4.56003612E-03   6.58827376E-13   9.28292648E-05   1.69749581E-03   1.32902231E-08 -0.293727040       8.10652599E-02   1.05178310E-02
   4.00000000       800.000000      0.551184714       69.7545853       4.43546101E-03   6.35788026E-13   9.35352073E-05   1.67721626E-03   1.15610428E-08 -0.287983894       8.10652673E-02   1.03227645E-02
   5.00000000       800.000000      0.555633724       70.3113556       4.31351177E-03   6.13441101E-13   9.42699698E-05   1.65729481E-03   9.76257919E-09 -0.282302320       8.10652748E-02   1.01299137E-02
   6.00000000       800.000000      0.560065687       70.8701859       4.19408083E-03   5.91758630E-13   9.50299582E-05   1.63747091E-03   7.93840638E-09 -0.276681691       8.10652822E-02   9.93950292E-03
   7.00000000       800.000000      0.564574599       71.4266510       4.07713326E-03   5.70727493E-13   9.58066666E-05   1.61795469E-03   6.12657924E-09 -0.271122277       8.10652748E-02   9.75171756E-03
   8.00000000       800.000000      0.569091976       71.9988251       3.96262668E-03   5.50332295E-13   9.65980653E-05   1.59878528E-03   4.36185177E-09 -0.265624702       8.10652748E-02   9.56644956E-03
   9.00000000       800.000000      0.573642910       72.5662689       3.85055924E-03   5.30554875E-13   9.74042341E-05   1.57971191E-03   2.67451594E-09 -0.260189980       8.10652748E-02   9.38334130E-03
   10.0000000       800.000000      0.578249216       73.1417236       3.74084921E-03   5.11384067E-13   9.82347628E-05   1.56084145E-03   1.09193954E-09 -0.254816622       8.10652748E-02   9.20306426E-03
   11.0000000       800.000000      0.582887828       73.7225037       3.63349798E-03   4.92792710E-13   9.90981061E-05   1.54214050E-03  -3.63112262E-10 -0.249504417       8.10652748E-02   9.02516954E-03
   12.0000000       800.000000      0.587557673       74.3115692       3.52843851E-03   4.74773161E-13   1.00003206E-04   1.52377540E-03  -1.67441450E-09 -0.244253278       8.10652599E-02   8.85023084E-03
   13.0000000       800.000000      0.592285097       74.9019089       3.42562259E-03   4.57310242E-13   1.00955556E-04   1.50558294E-03  -2.83078161E-09 -0.239062726       8.10652524E-02   8.67812335E-03
   2.00000000       800.000000      0.597044110       75.4963303       3.32498807E-03   4.40385548E-13   1.01958482E-04   1.48757105E-03  -3.82616339E-09 -0.233932257       8.10652599E-02   8.50918982E-03
   3.00000000       800.000000      0.601813197       76.0937424       3.22655984E-03   4.23988535E-13   1.03009064E-04   1.46982516E-03  -4.65825956E-09 -0.228860945       8.10652599E-02   8.34335480E-03
   4.00000000       800.000000      0.606662095       76.6995621       3.13029159E-03   4.08095107E-13   1.04107770E-04   1.45223830E-03  -5.32828981E-09 -0.223848626       8.10652748E-02   8.18098150E-03
   5.00000000       800.000000      0.611538589       77.3089294       3.03613185E-03   3.92695696E-13   1.05256855E-04   1.43484690E-03  -5.83872639E-09 -0.218892351       8.10652524E-02   8.02162290E-03
   6.00000000       800.000000      0.616429627       77.9216690       2.94401729E-03   3.77784772E-13   1.06460975E-04   1.41767960E-03  -6.19526208E-09 -0.213997260       8.10652524E-02   7.86583126E-03
   7.00000000       800.000000      0.621346176       78.5425873       2.85388576E-03   3.63331218E-13   1.07726803E-04   1.40072335E-03  -6.40530873E-09 -0.209161207       8.10652450E-02   7.71325827E-03
   8.00000000       800.000000      0.626343310       79.1605453       2.76579987E-03   3.49335225E-13   1.09064342E-04   1.38396537E-03  -6.47901155E-09 -0.204372391       8.10652450E-02   7.56442174E-03
   9.00000000       800.000000      0.631355822       79.7936478       2.67964415E-03   3.35784189E-13   1.10474291E-04   1.36733940E-03  -6.42864073E-09 -0.199645698       8.10652450E-02   7.41894403E-03
   10.0000000       800.000000      0.636449695       80.4251099       2.59535341E-03   3.22667457E-13   1.11965346E-04   1.35092449E-03  -6.26631591E-09 -0.194967717       8.10652524E-02   7.27766939E-03
   11.0000000       800.000000      0.641569495       81.0633545       2.51297187E-03   3.09960228E-13   1.13537521E-04   1.33470260E-03  -6.00506267E-09 -0.190342039       8.10652524E-02   7.13967765E-03
   12.0000000       800.000000      0.646703839       81.7070923       2.43243692E-03   2.97660903E-13   1.15204035E-04   1.31869339E-03  -5.65681191E-09 -0.185771406       8.10652524E-02   7.00664334E-03
   13.0000000       800.000000      0.651862979       82.3593216       2.35369545E-03   2.85756146E-13   1.16965959E-04   1.30288978E-03  -5.23425125E-09 -0.181243226       8.10652450E-02   6.87674060E-03
   2.00000000       800.000000      0.657104909       83.0148392       2.27675983E-03   2.74233164E-13   1.18842479E-04   1.28720957E-03  -4.75058259E-09 -0.176770046       8.10652450E-02   6.75286679E-03
   3.00000000       800.000000      0.662361264       83.6720734       2.20155437E-03   2.63086265E-13   1.20827754E-04   1.27171294E-03  -4.22033608E-09 -0.172334164       8.10652450E-02   6.63185306E-03
   4.00000000       800.000000      0.667716920       84.3404617       2.12808652E-03   2.52301055E-13   1.22948521E-04   1.25641469E-03  -3.65788622E-09 -0.167949215       8.10652450E-02   6.51926408E-03
   5.00000000       800.000000      0.673070669       85.0116577       2.05630017E-03   2.41872196E-13   1.25185717E-04   1.24121993E-03  -3.07792658E-09 -0.163594395       8.10652450E-02   6.40816055E-03
   6.00000000       800.000000      0.678464949       85.6865540       1.98621163E-03   2.31780957E-13   1.27570631E-04   1.22624845E-03  -2.49414622E-09 -0.159288585       8.10652450E-02   6.31002756E-03
   7.00000000       800.000000      0.683868349       86.3630829       1.91781844E-03   2.22032503E-13   1.30065309E-04   1.21146708E-03  -1.91790317E-09 -0.154997438       8.10652450E-02   6.21046126E-03
   8.00000000       800.000000      0.689361989       87.0500107       1.85104914E-03   2.12617982E-13   1.32761459E-04   1.19687465E-03  -1.36167655E-09 -0.150759056       8.10652450E-02   6.13179477E-03
   9.00000000       800.000000      0.694936693       87.7468338       1.78593234E-03   2.03518612E-13   1.35543509E-04   1.18249317E-03  -8.32577285E-10 -0.146509379       8.10652450E-02   6.04525814E-03
   10.0000000       800.000000      0.700467765       88.4404068       1.72248215E-03   1.94738133E-13   1.38591713E-04   1.16824347E-03  -3.38754830E-10 -0.142323315       8.10652450E-02   5.99606568E-03
   11.0000000       800.000000      0.706084132       89.1438522       1.66063814E-03   1.86266313E-13   1.41691708E-04   1.15417084E-03   1.13534432E-10 -0.138075024       8.10652450E-02   5.92430308E-03
   12.0000000       800.000000      0.711785257       89.8559036       1.60052127E-03   1.78105658E-13   1.45173646E-04   1.14030286E-03   5.19883359E-10 -0.133924484       8.10652450E-02   5.92266349E-03
   13.0000000       800.000000      0.717506111       90.5660553       1.54205528E-03   1.70246128E-13   1.48570689E-04   1.12654467E-03   8.75722828E-10 -0.129610479       8.10652450E-02   5.86562976E-03
   2.00000000       800.000000      0.723254204       91.2924652       1.48543622E-03   1.62695649E-13   1.52581430E-04   1.11316191E-03   1.18102972E-09 -0.125473544       8.10652450E-02   5.94687136E-03
   3.00000000       800.000000      0.729030788       92.0148239       1.43051089E-03   1.55449668E-13   1.56170398E-04   1.09982491E-03   1.43098200E-09 -0.120971739       8.10652450E-02   5.89820463E-03
   4.00000000       800.000000      0.734885931       92.7492523       1.37754658E-03   1.48511913E-13   1.60869269E-04   1.08689209E-03   1.63049907E-09 -0.116838254       8.10652450E-02   6.13244763E-03
   5.00000000       800.000000      0.740812361       93.4854507       1.32652640E-03   1.41882383E-13   1.64377750E-04   1.07401842E-03   1.77551152E-09 -0.111924700       8.10652450E-02   6.06609602E-03
   6.00000000       800.000000      0.746736884       94.2303009       1.27776864E-03   1.35583900E-13   1.70065323E-04   1.06167886E-03   1.87547511E-09 -0.107815288       8.10652450E-02   6.59950962E-03
   7.00000000       800.000000      0.752711892       94.9802017       1.23117410E-03   1.29614079E-13   1.72895394E-04   1.04928482E-03   1.92434402E-09 -0.102028958       8.10652450E-02   6.43140264E-03
   8.00000000       800.000000      0.758787692       95.7357407       1.18731242E-03   1.24009649E-13   1.80180592E-04   1.03789463E-03   1.93650407E-09  -9.80941281E-02   8.10652450E-02   7.58289779E-03
   9.00000000       800.000000      0.764886141       96.4991150       1.14624214E-03   1.18765973E-13   1.81932046E-04   1.02608092E-03   1.91208627E-09  -9.04729590E-02   8.10652450E-02   7.05488911E-03
   10.0000000       800.000000      0.770997465       97.2638321       1.10816117E-03   1.13920768E-13   1.90802995E-04   1.01613905E-03   1.82736160E-09  -8.72568339E-02   8.10652450E-02   9.76724457E-03
   11.0000000       800.000000      0.777200460       98.0346756       1.07479445E-03   1.09624624E-13   2.29811951E-04   1.00475620E-03   1.79995308E-09  -7.53528327E-02   8.10652450E-02   7.83208199E-03
   12.0000000       800.000000      0.783445537       98.8157425       1.02573493E-03   1.03787977E-13   5.97672624E-05   9.97542986E-04  -3.21075195E-20  -7.50348493E-02   8.10652450E-02  -1.12729492E-02
   13.0000000       800.000000      0.789714217       99.6048737       1.00181869E-03   1.00566528E-13   5.95398305E-05   9.85702965E-04   5.29364282E-20  -9.30891484E-02   8.10652450E-02  -2.28584167E-02
