   0.00000000       190.000000       3.40428352E-02   1.01702809       8.80862412E-04   8.65925821E-12  -8.25340003E-02   1.70161414       3.51006493E-15  -2.03048810E-03   1.19494247E-16  -2.02122666E-02
   1.00000000       197.000000       3.40447091E-02   1.05104125       8.66478425E-04   8.24197221E-12  -7.54383802E-02   1.58381653      -7.58515940E-16  -2.71858554E-03   9.36719310E-17   4.65108734E-03
   2.00000000       200.000000       3.40499915E-02   1.08514261       8.52777623E-04   7.85711253E-12   3.35032605E-02   1.22428226       3.84486355E-02  -1.71376846E-03   1.30918133E-03   1.37964888E-02
   3.00000000       200.000000       3.40571664E-02   1.11914527       1.09308772E-03   9.76486426E-12   9.99080613E-02   1.11152363      0.172725648      -1.77894905E-03   7.19164917E-03  -7.38052372E-03
   4.00000000       200.000000       3.40652503E-02   1.15326166       1.38797634E-03   1.20330456E-11  0.123307534       1.01686716      0.300919384      -2.21654330E-03   1.74425691E-02  -1.28269754E-02
   5.00000000       200.000000       3.40752266E-02   1.18727005       1.71415054E-03   1.44344970E-11  0.118270427      0.934047461      0.427855879      -2.65300251E-03   3.20223272E-02  -1.38432374E-02
   6.00000000       200.000000       3.40886116E-02   1.22141874       2.07648473E-03   1.69977608E-11  0.106293567      0.863898098      0.542078733      -3.16017680E-03   5.05013876E-02  -1.67568978E-02
   7.00000000       200.000000       3.41038704E-02   1.25543642       2.50293268E-03   1.99322711E-11   9.61914882E-02  0.806514323      0.644068837      -3.79572413E-03   7.24671409E-02  -1.93740055E-02
   8.00000000       200.000000       3.41209993E-02   1.28956389       2.98141711E-03   2.31147254E-11   8.60844105E-02  0.758108795      0.734792292      -4.48199641E-03   9.75397751E-02  -2.18319036E-02
   9.00000000       200.000000       3.41415480E-02   1.32373023       3.52907809E-03   2.66553238E-11   7.64663145E-02  0.716204047      0.813145936      -5.28604910E-03  0.125301778      -2.65538730E-02
   10.0000000       200.000000       3.41642797E-02   1.35789859       4.20312863E-03   3.09481572E-11   6.66065365E-02  0.679121792      0.889677107      -6.29576249E-03  0.155696332      -3.26535217E-02
   11.0000000       200.000000       3.41873281E-02   1.39207828       5.00993896E-03   3.59833205E-11   5.62415347E-02  0.645852268      0.954480708      -7.51794176E-03  0.188327610      -3.69318202E-02
   2.00000000       200.000000       3.42125520E-02   1.42626679       5.95220970E-03   4.17260150E-11   4.70243320E-02  0.615929723      0.995198727      -8.82196147E-03  0.222377285      -4.20528799E-02
   3.00000000       200.000000       3.42412032E-02   1.46045995       7.10316841E-03   4.86275395E-11   3.80559526E-02  0.588917851       1.01187694      -1.03967078E-02  0.257025748      -5.21199554E-02
   4.00000000       200.000000       3.42717990E-02   1.49468386       8.52677505E-03   5.70358101E-11   2.95939129E-02  0.564703226      0.992000878      -1.23929391E-02  0.291024595      -6.77165091E-02
   5.00000000       200.000000       3.43041234E-02   1.52902329       1.02838818E-02   6.72468262E-11   2.23223288E-02  0.542609334      0.926432848      -1.50405709E-02  0.322806120      -8.82347226E-02
   6.00000000       200.000000       3.43400165E-02   1.56331646       1.24141313E-02   7.93945742E-11   1.55991893E-02  0.522402108      0.812016547      -1.84498690E-02  0.350691527     -0.109226562    
   7.00000000       200.000000       3.43780145E-02   1.59766877       1.49232130E-02   9.33891714E-11   1.05123622E-02  0.503954589      0.660180032      -2.25464068E-02  0.373386204     -0.134981975    
   8.00000000       400.000000       3.44163403E-02   1.63212323       1.78837236E-02   1.09557204E-10   7.16456678E-03  0.487078011      0.476741344      -2.77359076E-02  0.389794528     -0.163053706    
   9.00000000       400.000000       3.44596468E-02   1.66651404       2.13753283E-02   1.28241986E-10   3.19882738E-03  0.471228123      0.262760609      -3.37768644E-02  0.398849130     -0.197861403    
   10.0000000       400.000000       3.45019177E-02   1.70102203       2.55582407E-02   1.50229107E-10  -2.63839494E-04  0.456468701       2.75330488E-02  -4.13805805E-02  0.399799228     -0.241414815    
   11.0000000       400.000000       3.45477760E-02   1.73553383       3.03795468E-02   1.75016682E-10  -2.30353419E-03  0.442787915     -0.201664463      -5.04466146E-02  0.392831773     -0.284053087    
   12.0000000       400.000000       3.45973931E-02   1.77006423       3.57793048E-02   2.02099143E-10  -3.43484781E-03  0.429922432     -0.417907864      -6.10213354E-02  0.378374070     -0.334046662    
   13.0000000       400.000000       3.46456654E-02   1.80469894       4.18720841E-02   2.31977285E-10  -4.47331090E-03  0.417562097     -0.656222045      -7.35770762E-02  0.355637610     -0.400065988    
   2.00000000       400.000000       3.46989296E-02   1.83938944       4.90503423E-02   2.66624084E-10  -6.40236400E-03  0.405582249     -0.988948166      -8.87646824E-02  0.321321368     -0.483674437    
   3.00000000       400.000000       3.47537622E-02   1.87406790       5.77971637E-02   3.08347903E-10  -8.87746457E-03  0.393975943      -1.43858707     -0.107170135      0.271324307     -0.564218760    
   4.00000000       400.000000       3.48123796E-02   1.90886545       6.78372681E-02   3.55318386E-10  -9.49097984E-03  0.382766932      -1.88292158     -0.128014863      0.205777019     -0.598477662    
   5.00000000       400.000000       3.48717459E-02   1.94381344       7.75630996E-02   3.98978656E-10  -8.48467276E-03  0.371934503      -2.02080154     -0.148873284      0.135309607     -0.598003447    
   6.00000000       400.000000       3.49331126E-02   1.97864985       8.66006240E-02   4.37609615E-10  -7.18100695E-03  0.361477047      -1.77199447     -0.169757515       7.34098405E-02 -0.575042009    
   7.00000000       400.000000       3.49960364E-02   2.01366401       9.39925015E-02   4.66716776E-10  -6.14830153E-03  0.351349741      -1.19871867     -0.189085096       3.14593501E-02 -0.519422710    
   8.00000000       400.000000       3.50628383E-02   2.04869795       9.99196470E-02   4.87664076E-10  -5.45715215E-03  0.341549724     -0.530006886     -0.206147134       1.28761325E-02 -0.450189412    
   9.00000000       400.000000       3.51311862E-02   2.08382654      0.104961947       5.03645348E-10  -5.20786643E-03  0.332131177       7.41658509E-02 -0.220685259       1.54816192E-02 -0.374393284    
   10.0000000       400.000000       3.52015831E-02   2.11898565      0.109186418       5.15221033E-10  -5.25089074E-03  0.323129445      0.520339727     -0.232478723       3.37980688E-02 -0.297873557    
   11.0000000       400.000000       3.52728553E-02   2.15418029      0.112781167       5.23479204E-10  -5.40341111E-03  0.314561963      0.785902560     -0.241677716       6.15197346E-02 -0.226217166    
   12.0000000       400.000000       3.53475511E-02   2.18945503      0.115811653       5.28877775E-10  -5.49740531E-03  0.306442559      0.895114362     -0.248454809       9.31609198E-02 -0.165174797    
   13.0000000       400.000000       3.54251340E-02   2.22494793      0.118396737       5.32084155E-10  -5.51273162E-03  0.298767269      0.880236983     -0.253367901      0.124344036     -0.118908487    
   2.00000000       400.000000       3.55066359E-02   2.26028228      0.120722435       5.34022326E-10  -5.46914292E-03  0.291526288      0.773359060     -0.256889343      0.151802570      -8.73167142E-02
   3.00000000       400.000000       3.55888382E-02   2.29589605      0.123015828       5.35744005E-10  -5.39226923E-03  0.284700930      0.632045805     -0.259575576      0.174295366      -7.63839483E-02
   4.00000000       400.000000       3.56727764E-02   2.33153582      0.125227809       5.37042688E-10  -5.28278016E-03  0.278264105      0.488559008     -0.262331754      0.191723183      -9.60507691E-02
   5.00000000       400.000000       3.57585363E-02   2.36718988      0.127042994       5.36607481E-10  -5.07186214E-03  0.272154689      0.358846486     -0.266436309      0.204554856     -0.146315753    
   6.00000000       400.000000       3.58451568E-02   2.40296197      0.128605753       5.35116673E-10  -4.80402494E-03  0.266305894      0.212457478     -0.272808909      0.212170467     -0.209365860    
   7.00000000       400.000000       3.59365791E-02   2.43895650      0.130311325       5.34232658E-10  -4.54688165E-03  0.260666817       4.65139821E-02 -0.281465858      0.213842198     -0.266028613    
   8.00000000       400.000000       3.60317938E-02   2.47496963      0.132364780       5.34761180E-10  -4.30823211E-03  0.255198359      -8.38892534E-02 -0.291954845      0.210819483     -0.309370309    
   9.00000000       400.000000       3.61256152E-02   2.51087451      0.134774849       5.36674649E-10  -4.07058280E-03  0.249879584     -0.124235891     -0.303788692      0.206330627     -0.343716383    
   10.0000000       400.000000       3.62243615E-02   2.54723430      0.137483820       5.39688294E-10  -3.82419024E-03  0.244702041      -8.72437656E-02 -0.316822559      0.203170732     -0.366738290    
   11.0000000       400.000000       3.63236889E-02   2.58347154      0.140244201       5.42793477E-10  -3.56424646E-03  0.239652812      -2.89546810E-02 -0.330395311      0.202119052     -0.369517535    
   12.0000000       400.000000       3.64281610E-02   2.61973166      0.142941937       5.45554268E-10  -3.32551007E-03  0.234735072      -1.73972007E-02 -0.343705684      0.201485500     -0.355323881    
   13.0000000       400.000000       3.65312435E-02   2.65625191      0.145539537       5.47840717E-10  -3.18897143E-03  0.229950443      -8.42227116E-02 -0.356318802      0.198408872     -0.336084604    
   2.00000000       400.000000       3.66381556E-02   2.69287086      0.148012280       5.49577772E-10  -3.16406670E-03  0.225301862     -0.228355512     -0.368296951      0.190041885     -0.317783564    
   3.00000000       400.000000       3.67491208E-02   2.72951531      0.150120348       5.49912949E-10  -3.15540307E-03  0.220784202     -0.388489991     -0.379641086      0.175765365     -0.308626175    
   4.00000000       400.000000       3.68596762E-02   2.76648116      0.152253434       5.50308354E-10  -3.15328431E-03  0.216392577     -0.484223872     -0.391014963      0.157916680     -0.309141010    
   5.00000000       400.000000       3.69738303E-02   2.80324292      0.154481366       5.51005297E-10  -3.12979287E-03  0.212127239     -0.466994107     -0.402465820      0.140649632     -0.313287377    
   6.00000000       400.000000       3.70923392E-02   2.84031177      0.156752214       5.51816037E-10  -3.08637740E-03  0.207983792     -0.357832670     -0.414219409      0.127377257     -0.310914636    
   7.00000000       400.000000       3.72101963E-02   2.87746811      0.158876777       5.52075219E-10  -3.03885480E-03  0.203954980     -0.213528261     -0.425567538      0.119431578     -0.294987410    
   8.00000000       400.000000       3.73310633E-02   2.91468883      0.160805732       5.51632462E-10  -3.01586371E-03  0.200040549     -0.101433143     -0.436208785      0.115644895     -0.281359434    
   9.00000000       400.000000       3.74547355E-02   2.95214677      0.162633732       5.50836599E-10  -2.98658968E-03  0.196240872      -5.53207137E-02 -0.446608901      0.113572903     -0.277872115    
   10.0000000       400.000000       3.75822932E-02   2.98967767      0.164431825       5.49938428E-10  -2.95101013E-03  0.192549393      -5.14398701E-02 -0.457058668      0.111639723     -0.277386367    
   11.0000000       400.000000       3.77115831E-02   3.02733731      0.166221663       5.49010837E-10  -2.88482918E-03  0.188961908      -4.70271260E-02 -0.467494845      0.109866314     -0.284092009    
   12.0000000       400.000000       3.78417671E-02   3.06507659      0.168108836       5.48400880E-10  -2.80320738E-03  0.185477525      -1.75190829E-02 -0.478523523      0.109203145     -0.297901005    
   13.0000000       400.000000       3.79736088E-02   3.10296249      0.170043260       5.47935752E-10  -2.69325729E-03  0.182086602       3.27745266E-02 -0.490080208      0.110447876     -0.309691340    
   2.00000000       400.000000       3.81093584E-02   3.14102793      0.172033593       5.47634771E-10  -2.58351001E-03  0.178787917       8.46675038E-02 -0.502086163      0.113674521     -0.315690070    
   3.00000000       400.000000       3.82481478E-02   3.17926812      0.173992187       5.47218104E-10  -2.46752403E-03  0.175575599      0.122070529     -0.514187038      0.118343569     -0.314510465    
   4.00000000       400.000000       3.83906849E-02   3.21746230      0.175894558       5.46613255E-10  -2.35031242E-03  0.172442794      0.146150395     -0.526189685      0.123954467     -0.311897367    
   5.00000000       400.000000       3.85340862E-02   3.25593615      0.177716091       5.45749446E-10  -2.23661051E-03  0.169392064      0.167096794     -0.538179457      0.130393133     -0.310494840    
   6.00000000       400.000000       3.86794209E-02   3.29459786      0.179473087       5.44686740E-10  -2.12036120E-03  0.166420966      0.186377034     -0.550163507      0.137602076     -0.310668916    
   7.00000000       400.000000       3.88261117E-02   3.33332801      0.181165427       5.43431522E-10  -2.00115051E-03  0.163522124      0.195191547     -0.562256694      0.145180658     -0.311535656    
   8.00000000       400.000000       3.89781781E-02   3.37215042      0.182775229       5.41936052E-10  -1.88834989E-03  0.160697818      0.186464787     -0.574401915      0.152448505     -0.310356379    
   9.00000000       400.000000       3.91310640E-02   3.41121101      0.184299156       5.40198719E-10  -1.78611185E-03  0.157938629      0.164517298     -0.586498678      0.158886477     -0.308156997    
   10.0000000       400.000000       3.92854065E-02   3.45050335      0.185749456       5.38262823E-10  -1.68894813E-03  0.155247718      0.142124161     -0.598567426      0.164469764     -0.305882603    
   11.0000000       400.000000       3.94439995E-02   3.48992372      0.187128201       5.36142075E-10  -1.59404532E-03  0.152620226      0.125586823     -0.610580444      0.169423193     -0.304292411    
   12.0000000       400.000000       3.96043137E-02   3.52931929      0.188448563       5.33879163E-10  -1.50129013E-03  0.150054574      0.109541036     -0.622621298      0.173761815     -0.302054137    
   13.0000000       400.000000       3.97699885E-02   3.56905532      0.189685777       5.31406641E-10  -1.41095603E-03  0.147549510       7.93064758E-02 -0.634556055      0.176915914     -0.296989799    
   2.00000000       400.000000       3.99327539E-02   3.60901117      0.190846086       5.28754207E-10  -1.33114017E-03  0.145097658       2.92611830E-02 -0.646291733      0.178084090     -0.290212512    
   3.00000000       400.000000       4.01016437E-02   3.64905024      0.191941440       5.25957888E-10  -1.25756592E-03  0.142702013      -2.47507878E-02 -0.657784224      0.177091792     -0.283825547    
   4.00000000       400.000000       4.02740240E-02   3.68916464      0.193001553       5.23101285E-10  -1.18467049E-03  0.140361577      -5.90006597E-02 -0.669104993      0.174715430     -0.278445572    
   5.00000000       400.000000       4.04453352E-02   3.72949243      0.194023535       5.20180343E-10  -1.10995397E-03  0.138074100      -7.01418072E-02 -0.680259645      0.171878323     -0.272726923    
   6.00000000       400.000000       4.06209007E-02   3.77015471      0.194990784       5.17152376E-10  -1.03490578E-03  0.135836095      -7.37179518E-02 -0.691214442      0.168883845     -0.265533149    
   7.00000000       400.000000       4.08019014E-02   3.81062984      0.195878059       5.13955101E-10  -9.64438252E-04  0.133651972      -8.32214579E-02 -0.701879978      0.165488407     -0.258047134    
   8.00000000       400.000000       4.09835242E-02   3.85157919      0.196685910       5.10598563E-10  -9.01693187E-04  0.131514207      -9.71974283E-02 -0.712318182      0.161505014     -0.250378668    
   9.00000000       400.000000       4.11677249E-02   3.89264297      0.197422743       5.07102360E-10  -8.44178256E-04  0.129424512     -0.103593402     -0.722447813      0.157240361     -0.244123861    
   10.0000000       800.000000       4.13518026E-02   3.93391180      0.198115900       5.03545039E-10  -7.80267874E-04  0.127380148      -9.38315019E-02 -0.732463598      0.153360322     -0.237992793    
   11.0000000       800.000000       4.15420607E-02   3.97551847      0.198701188       4.99768116E-10  -7.28480518E-04  0.125379235      -7.40694255E-02 -0.742176771      0.150282934     -0.229073003    
   12.0000000       800.000000       4.17331755E-02   4.01692963      0.199182928       4.95785857E-10  -6.81587437E-04  0.123421960      -6.13750704E-02 -0.751540184      0.147721693     -0.220373943    
   13.0000000       800.000000       4.19295840E-02   4.05884504      0.199570745       4.91632346E-10  -6.44591404E-04  0.121512234      -6.09555729E-02 -0.760614395      0.145165950     -0.212886393    
   2.00000000       800.000000       4.21275869E-02   4.10084629      0.199878231       4.87343832E-10  -6.09530311E-04  0.119634941      -6.02068417E-02 -0.769433975      0.142629594     -0.206956282    
   3.00000000       800.000000       4.23264094E-02   4.14324856      0.200110883       4.82938356E-10  -5.77376399E-04  0.117801100      -5.15770689E-02 -0.778091133      0.140446663     -0.201456651    
   4.00000000       800.000000       4.25276794E-02   4.18554831      0.200264931       4.78410922E-10  -5.49218326E-04  0.116007112      -4.21212651E-02 -0.786527514      0.138655320     -0.195419267    
   5.00000000       800.000000       4.27326299E-02   4.22826385      0.200350687       4.73790451E-10  -5.25911979E-04  0.114252754      -3.92881706E-02 -0.794753075      0.136976361     -0.190377295    
   6.00000000       800.000000       4.29400988E-02   4.27117634      0.200388178       4.69125572E-10  -5.04097843E-04  0.112528078      -3.82298417E-02 -0.802838206      0.135334730     -0.186891094    
   7.00000000       800.000000       4.31519486E-02   4.31416321      0.200390875       4.64452227E-10  -4.82120668E-04  0.110840544      -2.80111544E-02 -0.810843647      0.134126142     -0.184115902    
   8.00000000       800.000000       4.33655083E-02   4.35740662      0.200356811       4.59761840E-10  -4.59582632E-04  0.109191224      -1.07913651E-02 -0.818766773      0.133658066     -0.181012943    
   9.00000000       800.000000       4.35808785E-02   4.40067959      0.200295508       4.55080973E-10  -4.40380070E-04  0.107572615       2.56965612E-03 -0.826582849      0.133770108     -0.177740067    
   10.0000000       800.000000       4.38009016E-02   4.44439697      0.200209349       4.50413040E-10  -4.20314696E-04  0.105985187       1.16910180E-02 -0.834299564      0.134282067     -0.175114080    
   11.0000000       800.000000       4.40220647E-02   4.48833799      0.200102180       4.45769005E-10  -4.02770878E-04  0.104428887       2.24670283E-02 -0.841960788      0.135271117     -0.172648966    
   12.0000000       800.000000       4.42490242E-02   4.53246212      0.199968398       4.41132214E-10  -3.85798659E-04  0.102903187       3.29641104E-02 -0.849540532      0.136729822     -0.170146406    
   13.0000000       800.000000       4.44775447E-02   4.57707596      0.199815333       4.36522402E-10  -3.71888804E-04  0.101407044       3.72778550E-02 -0.857057273      0.138387680     -0.167644709    
   2.00000000       800.000000       4.47068773E-02   4.62136841      0.199642256       4.31936098E-10  -3.58967809E-04   9.99366045E-02   3.57806459E-02 -0.864490211      0.139987066     -0.165303409    
   3.00000000       800.000000       4.49385233E-02   4.66624355      0.199451536       4.27380381E-10  -3.47247522E-04   9.84978005E-02   3.50023434E-02 -0.871876240      0.141560331     -0.163307488    
   4.00000000       800.000000       4.51754220E-02   4.71121693      0.199243307       4.22849505E-10  -3.34843528E-04   9.70847383E-02   3.72053757E-02 -0.879207790      0.143241137     -0.161310777    
   5.00000000       800.000000       4.54156250E-02   4.75678205      0.199016541       4.18346940E-10  -3.22115608E-04   9.57011953E-02   3.77028473E-02 -0.886490405      0.144953251     -0.159022808    
   6.00000000       800.000000       4.56556603E-02   4.80203438      0.198767960       4.13862611E-10  -3.09155235E-04   9.43404138E-02   3.59719619E-02 -0.893689632      0.146595627     -0.156444922    
   7.00000000       800.000000       4.59001064E-02   4.84787893      0.198496297       4.09394296E-10  -2.95733189E-04   9.30039138E-02   3.62407565E-02 -0.900813162      0.148259163     -0.154136002    
   8.00000000       800.000000       4.61495221E-02   4.89382601      0.198200479       4.04939859E-10  -2.81737244E-04   9.16925222E-02   3.67286317E-02 -0.907877028      0.149954051     -0.151939631    
   9.00000000       800.000000       4.64015417E-02   4.94037914      0.197879523       4.00497052E-10  -2.69033510E-04   9.04070958E-02   3.33283134E-02 -0.914875329      0.151500776     -0.149605721    
   10.0000000       800.000000       4.66544069E-02   4.98703766      0.197534531       3.96068622E-10  -2.57618201E-04   8.91421065E-02   2.79917549E-02 -0.921799660      0.152806669     -0.147552505    
   11.0000000       800.000000       4.69110720E-02   5.03345490      0.197169766       3.91663257E-10  -2.46480195E-04   8.79037902E-02   2.34404467E-02 -0.928681076      0.153906062     -0.145866215    
   12.0000000       800.000000       4.71705161E-02   5.08080530      0.196787104       3.87283622E-10  -2.35392319E-04   8.66845101E-02   1.83086451E-02 -0.935522139      0.154769719     -0.144203171    
   13.0000000       800.000000       4.74330559E-02   5.12793064      0.196389526       3.82935628E-10  -2.25105308E-04   8.54832381E-02   1.27930455E-02 -0.942323089      0.155376762     -0.142692938    
   2.00000000       800.000000       4.76989783E-02   5.17558718      0.195981339       3.78627463E-10  -2.15138076E-04   8.43076855E-02   8.55717622E-03 -0.949096084      0.155784860     -0.141291216    
   3.00000000       800.000000       4.79672700E-02   5.22343826      0.195562541       3.74358378E-10  -2.05412769E-04   8.31551850E-02   4.77985153E-03 -0.955841064      0.156014010     -0.139867276    
   4.00000000       800.000000       4.82396744E-02   5.27148342      0.195134416       3.70131426E-10  -1.96267370E-04   8.20161104E-02   7.04129285E-04 -0.962553799      0.156048104     -0.138636306    
   5.00000000       800.000000       4.85143214E-02   5.32006216      0.194703430       3.65955544E-10  -1.87979327E-04   8.09015408E-02  -3.13089043E-03 -0.969253182      0.155895993     -0.137584329    
   6.00000000       800.000000       4.87925000E-02   5.36836243      0.194269001       3.61828928E-10  -1.80174960E-04   7.98032731E-02  -6.81423442E-03 -0.975942194      0.155563414     -0.136540741    
   7.00000000       800.000000       4.90735136E-02   5.41723442      0.193829879       3.57750940E-10  -1.72942862E-04   7.87209794E-02  -1.03117358E-02 -0.982622743      0.155057490     -0.135611579    
   8.00000000       800.000000       4.93605398E-02   5.46674824      0.193391174       3.53726548E-10  -1.66507016E-04   7.76635781E-02  -1.30029703E-02 -0.989287913      0.154415771     -0.134681135    
   9.00000000       800.000000       4.96459454E-02   5.51635075      0.192949325       3.49751533E-10  -1.60593190E-04   7.66161233E-02  -1.50452983E-02 -0.995950520      0.153668821     -0.133555233    
   10.0000000       800.000000       4.99367975E-02   5.56616688      0.192503095       3.45821483E-10  -1.55350106E-04   7.55920038E-02  -1.66567098E-02  -1.00259078      0.152837083     -0.132352501    
   11.0000000       800.000000       5.02316244E-02   5.61612844      0.192052484       3.41935452E-10  -1.50853564E-04   7.45840222E-02  -1.76306795E-02  -1.00921047      0.151951432     -0.131090000    
   12.0000000       800.000000       5.05279116E-02   5.66623640      0.191595688       3.38089168E-10  -1.46966631E-04   7.35906810E-02  -1.81571450E-02  -1.01579857      0.151034206     -0.129688501    
   13.0000000       800.000000       5.08273505E-02   5.71697474      0.191130087       3.34277023E-10  -1.43679033E-04   7.26133287E-02  -1.84402242E-02  -1.02235281      0.150096774     -0.128244460    
   2.00000000       800.000000       5.11321910E-02   5.76780939      0.190654323       3.30498046E-10  -1.41096272E-04   7.16526508E-02  -1.81229655E-02  -1.02886927      0.149170220     -0.126723170    
   3.00000000       800.000000       5.14377542E-02   5.81939650      0.190168768       3.26750793E-10  -1.38895295E-04   7.07079247E-02  -1.73045825E-02  -1.03535235      0.148279876     -0.125104696    
   4.00000000       800.000000       5.17485440E-02   5.87104797      0.189670086       3.23030686E-10  -1.37000141E-04   6.97773173E-02  -1.62928458E-02  -1.04178357      0.147436783     -0.123460941    
   5.00000000       800.000000       5.20629622E-02   5.92277527      0.189158857       3.19337085E-10  -1.35377428E-04   6.88617080E-02  -1.48777477E-02  -1.04816949      0.146662369     -0.121794261    
   6.00000000       800.000000       5.23787588E-02   5.97483015      0.188636735       3.15671489E-10  -1.33787966E-04   6.79589659E-02  -1.31680081E-02  -1.05450583      0.145972580     -0.120196275    
   7.00000000       800.000000       5.26992045E-02   6.02751064      0.188100830       3.12032761E-10  -1.32343819E-04   6.70729354E-02  -1.14772609E-02  -1.06079900      0.145367533     -0.118668459    
   8.00000000       800.000000       5.30240014E-02   6.08028364      0.187556684       3.08424786E-10  -1.31042514E-04   6.61965385E-02  -9.56986565E-03  -1.06704569      0.144860104     -0.117226265    
   9.00000000       800.000000       5.33496812E-02   6.13364077      0.187003925       3.04849423E-10  -1.29724416E-04   6.53381124E-02  -7.51299411E-03  -1.07326806      0.144459397     -0.115936227    
   10.0000000       800.000000       5.36804311E-02   6.18732548      0.186444044       3.01306924E-10  -1.28558066E-04   6.44929484E-02  -5.54985600E-03  -1.07946050      0.144161522     -0.114702515    
   11.0000000       800.000000       5.40157408E-02   6.24103832      0.185879573       2.97803837E-10  -1.27432460E-04   6.36591613E-02  -3.51360929E-03  -1.08561885      0.143971846     -0.113581806    
   12.0000000       800.000000       5.43518029E-02   6.29508209      0.185311869       2.94337693E-10  -1.26366431E-04   6.28359765E-02  -1.57214981E-03  -1.09176290      0.143886298     -0.112595081    
   13.0000000       800.000000       5.46922497E-02   6.34962225      0.184743211       2.90914542E-10  -1.25405277E-04   6.20275661E-02   1.55705988E-04  -1.09789538      0.143894553     -0.111647397    
   2.00000000       800.000000       5.50380871E-02   6.40445566      0.184173852       2.87534996E-10  -1.24425147E-04   6.12334460E-02   1.86304643E-03  -1.10401535      0.143997207     -0.110776089    
   3.00000000       800.000000       5.53847216E-02   6.45976830      0.183605552       2.84197693E-10  -1.23512044E-04   6.04501739E-02   3.35767865E-03  -1.11012936      0.144183338     -0.109947734    
   4.00000000       800.000000       5.57359010E-02   6.51546860      0.183038324       2.80902607E-10  -1.22526035E-04   5.96770532E-02   4.70147189E-03  -1.11623240      0.144445434     -0.109098859    
   5.00000000       800.000000       5.60912378E-02   6.57112312      0.182472125       2.77650875E-10  -1.21452395E-04   5.89145161E-02   5.87615184E-03  -1.12232947      0.144774765     -0.108260863    
   6.00000000       800.000000       5.64479530E-02   6.62756824      0.181906134       2.74440332E-10  -1.20246172E-04   5.81665002E-02   6.76712859E-03  -1.12842000      0.145157024     -0.107394077    
   7.00000000       800.000000       5.68098128E-02   6.68420267      0.181339681       2.71268730E-10  -1.18738681E-04   5.74287549E-02   7.49440957E-03  -1.13449836      0.145582572     -0.106482290    
   8.00000000       800.000000       5.71758151E-02   6.74102211      0.180772603       2.68132794E-10  -1.16957330E-04   5.67014962E-02   7.99089577E-03  -1.14055777      0.146039605     -0.105526231    
   9.00000000       800.000000       5.75454868E-02   6.79867172      0.180200949       2.65030248E-10  -1.14785762E-04   5.59844375E-02   8.29389971E-03  -1.14659679      0.146516711     -0.104497097    
   10.0000000       800.000000       5.79212233E-02   6.85620070      0.179625109       2.61958399E-10  -1.12414476E-04   5.52779399E-02   8.42472538E-03  -1.15262449      0.147004560     -0.103445932    
   11.0000000       800.000000       5.82982525E-02   6.91421032      0.179044634       2.58918498E-10  -1.10138906E-04   5.45809679E-02   8.33385997E-03  -1.15862024      0.147490531     -0.102288209    
   12.0000000       800.000000       5.86755127E-02   6.97270107      0.178459927       2.55907462E-10  -1.07959968E-04   5.38945422E-02   8.08831770E-03  -1.16459048      0.147965446     -0.101060987    
   13.0000000       800.000000       5.90622984E-02   7.03143930      0.177869469       2.52925986E-10  -1.05978790E-04   5.32213524E-02   7.68358214E-03  -1.17052472      0.148419112      -9.98229086E-02
   2.00000000       800.000000       5.94485030E-02   7.09108067      0.177272841       2.49971682E-10  -1.04049759E-04   5.25524542E-02   7.14530563E-03  -1.17641878      0.148843944      -9.85404253E-02
   3.00000000       800.000000       5.98436110E-02   7.15043688      0.176670432       2.47044329E-10  -1.02159189E-04   5.18955179E-02   6.50524441E-03  -1.18227983      0.149233088      -9.72758457E-02
   4.00000000       800.000000       6.02373928E-02   7.21079636      0.176061258       2.44142206E-10  -1.00263227E-04   5.12492061E-02   5.76698920E-03  -1.18810344      0.149580643      -9.60270911E-02
   5.00000000       800.000000       6.06374219E-02   7.27131176      0.175445884       2.41266424E-10  -9.83190548E-05   5.06121665E-02   4.95978119E-03  -1.19388032      0.149881274      -9.48235989E-02
   6.00000000       800.000000       6.10392392E-02   7.33202028      0.174824849       2.38418230E-10  -9.63526836E-05   4.99816798E-02   4.10786876E-03  -1.19963884      0.150132000      -9.36788097E-02
   7.00000000       800.000000       6.14471473E-02   7.39313030      0.174199358       2.35596098E-10  -9.43545601E-05   4.93620969E-02   3.22669256E-03  -1.20535648      0.150330454      -9.25865248E-02
   8.00000000       800.000000       6.18590638E-02   7.45494413      0.173569441       2.32803041E-10  -9.23771950E-05   4.87505794E-02   2.34780018E-03  -1.21104956      0.150475383      -9.15578231E-02
   9.00000000       800.000000       6.22721761E-02   7.51700449      0.172935024       2.30036878E-10  -9.04057015E-05   4.81468923E-02   1.47890358E-03  -1.21672344      0.150567561      -9.05855075E-02
   10.0000000       800.000000       6.26941621E-02   7.57950735      0.172300681       2.27303495E-10  -8.84632536E-05   4.75519411E-02   6.43502339E-04  -1.22237849      0.150607854      -8.96710083E-02
   11.0000000       800.000000       6.31151870E-02   7.64244461      0.171664149       2.24601227E-10  -8.65420589E-05   4.69662175E-02  -1.49699146E-04  -1.22800875      0.150598392      -8.87963474E-02
   12.0000000       800.000000       6.35424033E-02   7.70559978      0.171027377       2.21928170E-10  -8.46616604E-05   4.63867337E-02  -8.81564163E-04  -1.23361957      0.150542408      -8.79475102E-02
   13.0000000       800.000000       6.39760271E-02   7.76949692      0.170391098       2.19286367E-10  -8.28400807E-05   4.58163694E-02  -1.54723029E-03  -1.23921430      0.150443241      -8.71038586E-02
   2.00000000       800.000000       6.44085407E-02   7.83382225      0.169754446       2.16675330E-10  -8.10844067E-05   4.52557690E-02  -2.13164557E-03  -1.24479818      0.150306225      -8.62525553E-02
   3.00000000       800.000000       6.48498610E-02   7.89831066      0.169116735       2.14096491E-10  -7.94189109E-05   4.46998253E-02  -2.63618189E-03  -1.25037456      0.150135040      -8.53795186E-02
   4.00000000       800.000000       6.52926117E-02   7.96304750      0.168478623       2.11546572E-10  -7.78597678E-05   4.41515669E-02  -3.05082742E-03  -1.25591242      0.149936005      -8.44748467E-02
   5.00000000       800.000000       6.57397360E-02   8.02879810      0.167839393       2.09022216E-10  -7.64069555E-05   4.36103977E-02  -3.37714492E-03  -1.26143110      0.149714008      -8.35315362E-02
   6.00000000       800.000000       6.61928579E-02   8.09504509      0.167198673       2.06528419E-10  -7.50591571E-05   4.30773608E-02  -3.61274253E-03  -1.26693130      0.149474666      -8.25444162E-02
   7.00000000       800.000000       6.66503683E-02   8.16145802      0.166554853       2.04059020E-10  -7.38048329E-05   4.25548740E-02  -3.76049383E-03  -1.27241004      0.149224311      -8.15110877E-02
   8.00000000       800.000000       6.71091229E-02   8.22835445      0.165906817       2.01614933E-10  -7.26359503E-05   4.20361310E-02  -3.82296043E-03  -1.27783704      0.148967713      -8.04308951E-02
   9.00000000       800.000000       6.75772652E-02   8.29508305      0.165259108       1.99197020E-10  -7.15561036E-05   4.15248685E-02  -3.80548439E-03  -1.28323519      0.148710579      -7.93054998E-02
   10.0000000       800.000000       6.80434331E-02   8.36327362      0.164604858       1.96798758E-10  -7.05610510E-05   4.10175025E-02  -3.71369626E-03  -1.28859591      0.148457855      -7.81430230E-02
   11.0000000       800.000000       6.85164854E-02   8.43160915      0.163947642       1.94427141E-10  -6.96457646E-05   4.05200981E-02  -3.55490879E-03  -1.29391444      0.148214102      -7.69547299E-02
   12.0000000       800.000000       6.89990669E-02   8.50011826      0.163282171       1.92070346E-10  -6.87954089E-05   4.00302932E-02  -3.33694322E-03  -1.29917395      0.147983626      -7.57525936E-02
   13.0000000       800.000000       6.94770738E-02   8.56972027      0.162613511       1.89739183E-10  -6.79972654E-05   3.95436361E-02  -3.06840427E-03  -1.30438101      0.147770777      -7.45491609E-02
   2.00000000       800.000000       6.99650571E-02   8.63913631      0.161940679       1.87428503E-10  -6.72412789E-05   3.90657559E-02  -2.75823986E-03  -1.30956423      0.147577986      -7.33543634E-02
   3.00000000       800.000000       7.04544336E-02   8.70913506      0.161262110       1.85137558E-10  -6.65260231E-05   3.85951251E-02  -2.41551665E-03  -1.31468081      0.147407636      -7.21786767E-02
   4.00000000       800.000000       7.09533468E-02   8.77987480      0.160575137       1.82868096E-10  -6.58514909E-05   3.81296054E-02  -2.04934017E-03  -1.31977499      0.147262171      -7.10316077E-02
   5.00000000       800.000000       7.14557767E-02   8.85152435      0.159889489       1.80620630E-10  -6.52156377E-05   3.76679450E-02  -1.66851224E-03  -1.32483101      0.147143185      -6.99218661E-02
   6.00000000       800.000000       7.19595850E-02   8.92326069      0.159198463       1.78391246E-10  -6.46081608E-05   3.72156538E-02  -1.28158135E-03  -1.32980740      0.147050694      -6.88559189E-02
   7.00000000       800.000000       7.24673644E-02   8.99552822      0.158501670       1.76188994E-10  -6.40144644E-05   3.67661528E-02  -8.96514044E-04  -1.33474696      0.146985799      -6.78352639E-02
   8.00000000       800.000000       7.29827210E-02   9.06822109      0.157804385       1.74006878E-10  -6.34193784E-05   3.63236926E-02  -5.20657457E-04  -1.33966100      0.146947771      -6.68568611E-02
   9.00000000       800.000000       7.35015273E-02   9.14107132      0.157105312       1.71847994E-10  -6.28114649E-05   3.58885601E-02  -1.60614349E-04  -1.34454608      0.146936089      -6.59142733E-02
   10.0000000       800.000000       7.40236938E-02   9.21487141      0.156405583       1.69713979E-10  -6.21848449E-05   3.54560614E-02   1.77807611E-04  -1.34940398      0.146948978      -6.49977922E-02
   11.0000000       800.000000       7.45541826E-02   9.28909588      0.155704618       1.67598296E-10  -6.15381869E-05   3.50324288E-02   4.89655358E-04  -1.35421276      0.146985754      -6.40975833E-02
   12.0000000       800.000000       7.50876293E-02   9.36382198      0.155003458       1.65513922E-10  -6.08693008E-05   3.46127711E-02   7.70831190E-04  -1.35899150      0.147043467      -6.32046685E-02
   13.0000000       800.000000       7.56227747E-02   9.43945217      0.154301673       1.63446603E-10  -6.01725915E-05   3.41971852E-02   1.01807248E-03  -1.36372089      0.147120491      -6.23108782E-02
   2.00000000       800.000000       7.61684179E-02   9.51551723      0.153599456       1.61404098E-10  -5.94477024E-05   3.37900147E-02   1.22904789E-03  -1.36845529      0.147214130      -6.14080206E-02
   3.00000000       800.000000       7.67170042E-02   9.59179592      0.152897224       1.59385422E-10  -5.86980168E-05   3.33857648E-02   1.40228658E-03  -1.37312901      0.147321552      -6.04872033E-02
   4.00000000       800.000000       7.72694573E-02   9.66848755      0.152192205       1.57389837E-10  -5.79232365E-05   3.29871811E-02   1.53709680E-03  -1.37776613      0.147440210      -5.95426336E-02
   5.00000000       800.000000       7.78230131E-02   9.74612713      0.151486933       1.55411628E-10  -5.71206911E-05   3.25927772E-02   1.63353607E-03  -1.38234913      0.147567570      -5.85710518E-02
   6.00000000       800.000000       7.83851892E-02   9.82425022      0.150779486       1.53458149E-10  -5.62874920E-05   3.22037935E-02   1.69239764E-03  -1.38691401      0.147700265      -5.75701743E-02
   7.00000000       800.000000       7.89523125E-02   9.90284920      0.150069788       1.51521407E-10  -5.54191611E-05   3.18215750E-02   1.71513599E-03  -1.39141309      0.147835582      -5.65401763E-02
   8.00000000       800.000000       7.95280412E-02   9.98241329      0.149357826       1.49605772E-10  -5.45152179E-05   3.14411409E-02   1.70379400E-03  -1.39586794      0.147971258      -5.54835461E-02
   9.00000000       800.000000       8.01055804E-02   10.0623922      0.148641899       1.47708387E-10  -5.35782383E-05   3.10670473E-02   1.66091835E-03  -1.40027082      0.148104385      -5.44033721E-02
   10.0000000       800.000000       8.06882754E-02   10.1425762      0.147923663       1.45828627E-10  -5.26099684E-05   3.06985695E-02   1.58948021E-03  -1.40462732      0.148232594      -5.33049554E-02
   11.0000000       800.000000       8.12722519E-02   10.2231703      0.147201106       1.43967130E-10  -5.16147156E-05   3.03343050E-02   1.49280473E-03  -1.40889847      0.148353785      -5.21952957E-02
   12.0000000       800.000000       8.18665698E-02   10.3048105      0.146475285       1.42123466E-10  -5.05984426E-05   2.99737193E-02   1.37444958E-03  -1.41313303      0.148466498      -5.10819517E-02
   13.0000000       800.000000       8.24698508E-02   10.3871059      0.145745084       1.40295164E-10  -4.95677850E-05   2.96173524E-02   1.23815855E-03  -1.41730618      0.148568466      -4.99735735E-02
   2.00000000       800.000000       8.30690786E-02   10.4702911      0.145010948       1.38487097E-10  -4.85284836E-05   2.92663667E-02   1.08775764E-03  -1.42139995      0.148658797      -4.88778576E-02
   3.00000000       800.000000       8.36792067E-02   10.5531397      0.144273728       1.36693240E-10  -4.74846202E-05   2.89203525E-02   9.27084824E-04  -1.42544484      0.148736328      -4.78024483E-02
   4.00000000       800.000000       8.42924491E-02   10.6371202      0.143532470       1.34917869E-10  -4.64382574E-05   2.85774339E-02   7.59901421E-04  -1.42943919      0.148800522      -4.67515551E-02
   5.00000000       800.000000       8.49149227E-02   10.7222576      0.142789245       1.33159664E-10  -4.53906396E-05   2.82386951E-02   5.89831499E-04  -1.43336701      0.148850396      -4.57279570E-02
   6.00000000       800.000000       8.55400413E-02   10.8070173      0.142042950       1.31419459E-10  -4.43439021E-05   2.79054455E-02   4.20295168E-04  -1.43723106      0.148886368      -4.47318070E-02
   7.00000000       800.000000       8.61672983E-02   10.8929453      0.141294539       1.29696726E-10  -4.33008281E-05   2.75748875E-02   2.54454120E-04  -1.44103611      0.148908585      -4.37609963E-02
   8.00000000       800.000000       8.68062824E-02   10.9799843      0.140544623       1.27992048E-10  -4.22659250E-05   2.72493623E-02   9.51768889E-05  -1.44479799      0.148916528      -4.28124592E-02
   9.00000000       800.000000       8.74475688E-02   11.0664978      0.139793411       1.26305605E-10  -4.12447007E-05   2.69269757E-02  -5.50004261E-05  -1.44850719      0.148911759      -4.18812372E-02
   10.0000000       800.000000       8.80924463E-02   11.1543617      0.139040947       1.24637078E-10  -4.02413498E-05   2.66090240E-02  -1.93895001E-04  -1.45214570      0.148894876      -4.09613065E-02
   11.0000000       800.000000       8.87458175E-02   11.2425718      0.138287425       1.22986926E-10  -3.92549846E-05   2.62955781E-02  -3.19674466E-04  -1.45574903      0.148866296      -4.00485396E-02
   12.0000000       800.000000       8.94047245E-02   11.3320246      0.137532905       1.21354621E-10  -3.82819599E-05   2.59855669E-02  -4.30887536E-04  -1.45929253      0.148827910      -3.91375124E-02
   13.0000000       800.000000       9.00711343E-02   11.4218473      0.136778101       1.19739565E-10  -3.73241273E-05   2.56797578E-02  -5.26487012E-04  -1.46277249      0.148780674      -3.82212140E-02
   2.00000000       800.000000       9.07422155E-02   11.5118284      0.136022046       1.18142968E-10  -3.63855725E-05   2.53755637E-02  -6.05793262E-04  -1.46619868      0.148725703      -3.72936539E-02
   3.00000000       800.000000       9.14164707E-02   11.6033077      0.135264695       1.16562690E-10  -3.54683725E-05   2.50776671E-02  -6.68466906E-04  -1.46957028      0.148664296      -3.63502614E-02
   4.00000000       800.000000       9.20993984E-02   11.6952047      0.134506106       1.14999690E-10  -3.45750304E-05   2.47810856E-02  -7.14496535E-04  -1.47287011      0.148598477      -3.53876352E-02
   5.00000000       800.000000       9.27866399E-02   11.7873383      0.133745939       1.13453288E-10  -3.37069869E-05   2.44903583E-02  -7.44179473E-04  -1.47609532      0.148529485      -3.44041958E-02
   6.00000000       800.000000       9.34779644E-02   11.8806105      0.132983923       1.11922201E-10  -3.28652131E-05   2.42022816E-02  -7.58081267E-04  -1.47928095      0.148458689      -3.34001407E-02
   7.00000000       800.000000       9.41774696E-02   11.9743528      0.132219702       1.10407836E-10  -3.20497311E-05   2.39180978E-02  -7.57026835E-04  -1.48237169      0.148387343      -3.23771127E-02
   8.00000000       800.000000       9.48819369E-02   12.0688763      0.131453142       1.08907626E-10  -3.12600896E-05   2.36360375E-02  -7.42056582E-04  -1.48538756      0.148316860      -3.13381441E-02
   9.00000000       800.000000       9.55979601E-02   12.1640635      0.130683839       1.07422606E-10  -3.04946734E-05   2.33584270E-02  -7.14390422E-04  -1.48833740      0.148248702      -3.02871931E-02
   10.0000000       800.000000       9.63135287E-02   12.2600622      0.129911557       1.05951831E-10  -2.97502083E-05   2.30838619E-02  -6.75408752E-04  -1.49119937      0.148183614      -2.92292964E-02
   11.0000000       800.000000       9.70358253E-02   12.3568468      0.129136831       1.04495967E-10  -2.90236439E-05   2.28126142E-02  -6.26601279E-04  -1.49399769      0.148122758      -2.81697288E-02
   12.0000000       800.000000       9.77677032E-02   12.4544106      0.128358036       1.03053691E-10  -2.83129666E-05   2.25450415E-02  -5.69538504E-04  -1.49670088      0.148067147      -2.71136723E-02
   13.0000000       800.000000       9.85076427E-02   12.5523767      0.127577424       1.01625951E-10  -2.76166775E-05   2.22812705E-02  -5.05843665E-04  -1.49932289      0.148017257      -2.60670464E-02
   2.00000000       800.000000       9.92456749E-02   12.6510534      0.126793593       1.00212519E-10  -2.69328702E-05   2.20191292E-02  -4.37158160E-04  -1.50185144      0.147973791      -2.50344612E-02
   3.00000000       800.000000       9.99961421E-02   12.7503929      0.126006678       9.88123749E-11  -2.62590838E-05   2.17618849E-02  -3.65103100E-04  -1.50430202      0.147937328      -2.40196567E-02
   4.00000000       800.000000      0.100751281       12.8514633      0.125218272       9.74273648E-11  -2.55920240E-05   2.15065386E-02  -2.91252829E-04  -1.50667727      0.147908077      -2.30250955E-02
   5.00000000       800.000000      0.101513669       12.9527330      0.124427818       9.60559479E-11  -2.49284185E-05   2.12545935E-02  -2.17104956E-04  -1.50896823      0.147885755      -2.20518969E-02
   6.00000000       800.000000      0.102282949       13.0543804      0.123635560       9.46991929E-11  -2.42652750E-05   2.10044943E-02  -1.44056015E-04  -1.51115954      0.147871286      -2.10998729E-02
   7.00000000       800.000000      0.103057869       13.1565609      0.122841716       9.33568917E-11  -2.36009855E-05   2.07593516E-02  -7.33790221E-05  -1.51329541      0.147863805      -2.01675352E-02
   8.00000000       800.000000      0.103839546       13.2604132      0.122046478       9.20287735E-11  -2.29351353E-05   2.05154568E-02  -6.21111394E-06  -1.51534700      0.147863030      -1.92516837E-02
   9.00000000       800.000000      0.104626514       13.3645535      0.121250205       9.07153519E-11  -2.22674826E-05   2.02751663E-02   5.64580296E-05  -1.51731479      0.147868931      -1.83486827E-02
   10.0000000       800.000000      0.105420068       13.4691267      0.120453209       8.94166408E-11  -2.15936816E-05   2.00384110E-02   1.13786278E-04  -1.51919878      0.147880897      -1.74556077E-02
   11.0000000       800.000000      0.106228657       13.5754204      0.119655609       8.81321613E-11  -2.09083537E-05   1.98029280E-02   1.65087782E-04  -1.52099657      0.147898540      -1.65690519E-02
   12.0000000       800.000000      0.107034281       13.6821260      0.118857995       8.68624755E-11  -2.02119591E-05   1.95722356E-02   2.09850448E-04  -1.52273393      0.147920907      -1.56841278E-02
   13.0000000       800.000000      0.107849084       13.7891541      0.118059449       8.56063137E-11  -1.95064931E-05   1.93433296E-02   2.47715681E-04  -1.52436638      0.147947639      -1.47964414E-02
   2.00000000       800.000000      0.108672515       13.8981247      0.117260650       8.43651746E-11  -1.87923360E-05   1.91162471E-02   2.78471241E-04  -1.52593362      0.147977933      -1.39028030E-02
   3.00000000       800.000000      0.109497771       14.0066690      0.116460085       8.31365879E-11  -1.80702718E-05   1.88933238E-02   3.02047731E-04  -1.52740848      0.148010984      -1.30007621E-02
   4.00000000       800.000000      0.110339761       14.1170921      0.115659393       8.19221288E-11  -1.73405042E-05   1.86722148E-02   3.18507460E-04  -1.52878582      0.148046136      -1.20883482E-02
   5.00000000       800.000000      0.111177742       14.2269335      0.114857756       8.07209022E-11  -1.66029276E-05   1.84544027E-02   3.28036462E-04  -1.53008199      0.148082495      -1.11650610E-02
   6.00000000       800.000000      0.112030037       14.3394938      0.114053987       7.95322697E-11  -1.58575258E-05   1.82380527E-02   3.30930081E-04  -1.53128397      0.148119777      -1.02314148E-02
   7.00000000       800.000000      0.112885214       14.4517355      0.113249749       7.83566059E-11  -1.51043232E-05   1.80244986E-02   3.27588263E-04  -1.53239334      0.148156732      -9.28892009E-03
   8.00000000       800.000000      0.113750286       14.5650282      0.112443738       7.71935710E-11  -1.43426269E-05   1.78144183E-02   3.18493607E-04  -1.53339458      0.148192987      -8.33938830E-03
   9.00000000       800.000000      0.114624061       14.6793976      0.111635491       7.60428179E-11  -1.35707742E-05   1.76057089E-02   3.04204645E-04  -1.53429651      0.148227945      -7.38603482E-03
   10.0000000       800.000000      0.115506783       14.7940674      0.110826232       7.49041107E-11  -1.27881121E-05   1.73998214E-02   2.85337068E-04  -1.53508103      0.148260728      -6.43229531E-03
   11.0000000       800.000000      0.116393380       14.9101496      0.110014848       7.37775396E-11  -1.19954811E-05   1.71967149E-02   2.62548652E-04  -1.53579021      0.148291141      -5.48132276E-03
   12.0000000       800.000000      0.117281690       15.0272551      0.109200835       7.26629104E-11  -1.11946365E-05   1.69956163E-02   2.36528082E-04  -1.53636706      0.148319110      -4.53686016E-03
   13.0000000       800.000000      0.118191823       15.1445360      0.108386844       7.15600079E-11  -1.03880529E-05   1.67972501E-02   2.07978446E-04  -1.53684843      0.148343563      -3.60244885E-03
   2.00000000       800.000000      0.119099334       15.2630339      0.107570611       7.04690126E-11  -9.57827979E-06   1.66015569E-02   1.77601440E-04  -1.53722918      0.148364782      -2.68094498E-03
   3.00000000       800.000000      0.120015435       15.3828135      0.106752530       6.93898203E-11  -8.76732065E-06   1.64072514E-02   1.46084014E-04  -1.53748643      0.148382440      -1.77459070E-03
   4.00000000       800.000000      0.120940529       15.5036430      0.105933234       6.83224102E-11  -7.95661435E-06   1.62162408E-02   1.14086906E-04  -1.53765512      0.148396000      -8.84983223E-04
   5.00000000       800.000000      0.121867239       15.6249332      0.105113305       6.72665951E-11  -7.14686712E-06   1.60265155E-02   8.22317452E-05  -1.53771436      0.148406073      -1.29431328E-05
   6.00000000       800.000000      0.122810721       15.7464323      0.104292855       6.62228744E-11  -6.33876152E-06   1.58395860E-02   5.10925893E-05  -1.53766108      0.148412347       8.41803208E-04
   7.00000000       800.000000      0.123757191       15.8707790      0.103471383       6.51908735E-11  -5.53312339E-06   1.56552084E-02   2.11879105E-05  -1.53749478      0.148415133       1.68084272E-03
   8.00000000       800.000000      0.124716990       15.9948425      0.102649681       6.41707520E-11  -4.73088130E-06   1.54723311E-02  -7.02493344E-06  -1.53724289      0.148413971       2.50637997E-03
   9.00000000       800.000000      0.125679165       16.1200333      0.101827636       6.31625169E-11  -3.93035498E-06   1.52918100E-02  -3.31496121E-05  -1.53685987      0.148409948       3.32003715E-03
   10.0000000       800.000000      0.126648560       16.2460766      0.101005577       6.21658836E-11  -3.12897214E-06   1.51134972E-02  -5.68548385E-05  -1.53638709      0.148402959       4.12399694E-03
   11.0000000       800.000000      0.127627030       16.3736973      0.100183591       6.11816639E-11  -2.32832281E-06   1.49370013E-02  -7.78815083E-05  -1.53581870      0.148392886       4.92168823E-03
   12.0000000       800.000000      0.128622070       16.5009899       9.93618593E-02   6.02083799E-11  -1.53179747E-06   1.47626027E-02  -9.60373000E-05  -1.53513837      0.148380399       5.71617205E-03
   13.0000000       800.000000      0.129615709       16.6299458       9.85402912E-02   5.92469962E-11  -7.41463566E-07   1.45901041E-02  -1.11193767E-04  -1.53434360      0.148366198       6.50976039E-03
   2.00000000       800.000000      0.130617574       16.7607040       9.77188945E-02   5.82967979E-11   4.06597920E-08   1.44195734E-02  -1.23283739E-04  -1.53342819      0.148349911       7.30419112E-03
   3.00000000       800.000000      0.131631613       16.8909397       9.68973190E-02   5.73578372E-11   8.13546592E-07   1.42516568E-02  -1.32299436E-04  -1.53241909      0.148332581       8.10112804E-03
   4.00000000       800.000000      0.132658064       17.0234966       9.60753188E-02   5.64297047E-11   1.57769193E-06   1.40850181E-02  -1.38287869E-04  -1.53130937      0.148314297       8.90128128E-03
   5.00000000       800.000000      0.133689612       17.1564980       9.52532217E-02   5.55130490E-11   2.33429182E-06   1.39209265E-02  -1.41347264E-04  -1.53004754      0.148295417       9.70442872E-03
   6.00000000       800.000000      0.134727374       17.2917385       9.44308564E-02   5.46069474E-11   3.08458016E-06   1.37584331E-02  -1.41619559E-04  -1.52869987      0.148276165       1.05103236E-02
   7.00000000       800.000000      0.135772675       17.4260139       9.36083049E-02   5.37112507E-11   3.82994904E-06   1.35979820E-02  -1.39292490E-04  -1.52721775      0.148257360       1.13177272E-02
   8.00000000       800.000000      0.136831790       17.5625153       9.27854404E-02   5.28258964E-11   4.57180886E-06   1.34391785E-02  -1.34585818E-04  -1.52559960      0.148238897       1.21251922E-02
   9.00000000       800.000000      0.137887821       17.6995029       9.19622257E-02   5.19508499E-11   5.31086880E-06   1.32826846E-02  -1.27752457E-04  -1.52389562      0.148221359       1.29303550E-02
   10.0000000       800.000000      0.138969555       17.8388729       9.11386237E-02   5.10859306E-11   6.04671732E-06   1.31275365E-02  -1.19064949E-04  -1.52203560      0.148204744       1.37309609E-02
   11.0000000       800.000000      0.140046909       17.9775219       9.03146565E-02   5.02312879E-11   6.77832077E-06   1.29738823E-02  -1.08813118E-04  -1.52005565      0.148189455       1.45240426E-02
   12.0000000       800.000000      0.141143247       18.1181393       8.94903839E-02   4.93865365E-11   7.50499657E-06   1.28227081E-02  -9.72953712E-05  -1.51795518      0.148175582       1.53072951E-02
   13.0000000       800.000000      0.142242312       18.2606220       8.86659175E-02   4.85518604E-11   8.22672882E-06   1.26728024E-02  -8.48135460E-05  -1.51571155      0.148163661       1.60778854E-02
   2.00000000       800.000000      0.143348306       18.4025784       8.78413394E-02   4.77270237E-11   8.94434925E-06   1.25252092E-02  -7.16660506E-05  -1.51334214      0.148153514       1.68334879E-02
   3.00000000       800.000000      0.144470185       18.5468769       8.70168060E-02   4.69119292E-11   9.65934578E-06   1.23788947E-02  -5.81421918E-05  -1.51086009      0.148144931       1.75726041E-02
   4.00000000       800.000000      0.145599216       18.6916237       8.61924812E-02   4.61071077E-11   1.03734355E-05   1.22349812E-02  -4.45171463E-05  -1.50826299      0.148138627       1.82949286E-02
   5.00000000       800.000000      0.146730632       18.8387299       8.53686556E-02   4.53120874E-11   1.10877863E-05   1.20922485E-02  -3.10475625E-05  -1.50550914      0.148133919       1.89999957E-02
   6.00000000       800.000000      0.147886083       18.9852219       8.45452473E-02   4.45265630E-11   1.18026828E-05   1.19511010E-02  -1.79679282E-05  -1.50265872      0.148131505       1.96884740E-02
   7.00000000       800.000000      0.149040878       19.1336536       8.37226138E-02   4.37517834E-11   1.25174101E-05   1.18115945E-02  -5.48750086E-06  -1.49966812      0.148130670       2.03615855E-02
   8.00000000       800.000000      0.150206983       19.2841053       8.29010531E-02   4.29860973E-11   1.32327859E-05   1.16731329E-02   6.20960009E-06  -1.49656868      0.148131266       2.10204758E-02
   9.00000000       800.000000      0.151375279       19.4338169       8.20807219E-02   4.22304240E-11   1.39512695E-05   1.15373023E-02   1.69661671E-05  -1.49333262      0.148133919       2.16657203E-02
   10.0000000       800.000000      0.152559474       19.5859928       8.12610388E-02   4.14840939E-11   1.46727161E-05   1.14022242E-02   2.66536590E-05  -1.48999083      0.148138061       2.22993046E-02
   11.0000000       800.000000      0.153755501       19.7391071       8.04431587E-02   4.07481236E-11   1.53964138E-05   1.12690395E-02   3.51726922E-05  -1.48650634      0.148143306       2.29231138E-02
   12.0000000       800.000000      0.154966682       19.8943138       7.96264410E-02   4.00213161E-11   1.61226635E-05   1.11375228E-02   4.24500358E-05  -1.48290157      0.148150131       2.35386044E-02
   13.0000000       800.000000      0.156182289       20.0499210       7.88112879E-02   3.93042265E-11   1.68519746E-05   1.10076815E-02   4.84406337E-05  -1.47918701      0.148157701       2.41477042E-02
   2.00000000       800.000000      0.157407701       20.2067699       7.79974386E-02   3.85967196E-11   1.75849127E-05   1.08794263E-02   5.31250444E-05  -1.47534800      0.148166001       2.47516707E-02
   3.00000000       800.000000      0.158632427       20.3635406       7.71850199E-02   3.78981915E-11   1.83222874E-05   1.07520940E-02   5.65086884E-05  -1.47136509      0.148174882       2.53519751E-02
   4.00000000       800.000000      0.159881696       20.5234394       7.63740763E-02   3.72090067E-11   1.90645187E-05   1.06262928E-02   5.86199676E-05  -1.46725535      0.148184538       2.59489622E-02
   5.00000000       800.000000      0.161134437       20.6836548       7.55645782E-02   3.65290159E-11   1.98113430E-05   1.05022537E-02   5.95089114E-05  -1.46303356      0.148193941       2.65426151E-02
   6.00000000       800.000000      0.162408039       20.8466339       7.47564584E-02   3.58579763E-11   2.05625583E-05   1.03797968E-02   5.92448050E-05  -1.45868599      0.148203403       2.71331016E-02
   7.00000000       800.000000      0.163673609       21.0080662       7.39498064E-02   3.51956519E-11   2.13183157E-05   1.02590285E-02   5.79140833E-05  -1.45417273      0.148212984       2.77181137E-02
   8.00000000       800.000000      0.164970547       21.1726456       7.31441751E-02   3.45421851E-11   2.20786278E-05   1.01390583E-02   5.56176565E-05  -1.44955873      0.148222029       2.82972641E-02
   9.00000000       800.000000      0.166260168       21.3390827       7.23397732E-02   3.38971837E-11   2.28427398E-05   1.00207077E-02   5.24666102E-05  -1.44480014      0.148230955       2.88682487E-02
   10.0000000       800.000000      0.167571649       21.5048828       7.15375021E-02   3.32607483E-11   2.36092455E-05   9.90305655E-03   4.85809978E-05  -1.43991566      0.148239017       2.94294376E-02
   11.0000000       800.000000      0.168884769       21.6747990       7.07359016E-02   3.26330178E-11   2.43774211E-05   9.78799351E-03   4.40855074E-05  -1.43490362      0.148246512       2.99786348E-02
   12.0000000       800.000000      0.170220941       21.8437004       6.99362084E-02   3.20136417E-11   2.51466226E-05   9.67354793E-03   3.91074209E-05  -1.42976356      0.148252904       3.05148400E-02
   13.0000000       800.000000      0.171562597       22.0148487       6.91381395E-02   3.14026409E-11   2.59163953E-05   9.56003089E-03   3.37738747E-05  -1.42448378      0.148259237       3.10358964E-02
   2.00000000       800.000000      0.172911152       22.1867790       6.83419853E-02   3.08000743E-11   2.66872194E-05   9.44857579E-03   2.82095480E-05  -1.41907346      0.148263857       3.15406434E-02
   3.00000000       800.000000      0.174262822       22.3595982       6.75476789E-02   3.02055707E-11   2.74598970E-05   9.33824386E-03   2.25337189E-05  -1.41352105      0.148267820       3.20280269E-02
   4.00000000       800.000000      0.175636902       22.5350342       6.67554289E-02   2.96196678E-11   2.82348610E-05   9.22911614E-03   1.68592724E-05  -1.40786290      0.148270562       3.24976593E-02
   5.00000000       800.000000      0.177029908       22.7109966       6.59647882E-02   2.90415868E-11   2.90123826E-05   9.12093930E-03   1.12903090E-05  -1.40206707      0.148272544       3.29495557E-02
   6.00000000       800.000000      0.178427994       22.8897495       6.51774704E-02   2.84721205E-11   2.97917304E-05   9.01413895E-03   5.92134666E-06  -1.39614880      0.148273870       3.33844237E-02
   7.00000000       800.000000      0.179832757       23.0675335       6.43921569E-02   2.79108004E-11   3.05724061E-05   8.90908949E-03   8.36062839E-07  -1.39011085      0.148274064       3.38027030E-02
   8.00000000       800.000000      0.181247130       23.2492962       6.36102483E-02   2.73575503E-11   3.13547571E-05   8.80443677E-03  -3.89286197E-06  -1.38394141      0.148273245       3.42047662E-02
   9.00000000       800.000000      0.182678327       23.4303741       6.28307611E-02   2.68125435E-11   3.21378575E-05   8.70144181E-03  -8.20494279E-06  -1.37765789      0.148271620       3.45921777E-02
   10.0000000       800.000000      0.184120178       23.6137962       6.20541088E-02   2.62755182E-11   3.29190880E-05   8.60009529E-03  -1.20519726E-05  -1.37125289      0.148269445       3.49659361E-02
   11.0000000       800.000000      0.185574606       23.7995758       6.12804070E-02   2.57462784E-11   3.36965277E-05   8.49915482E-03  -1.53977107E-05  -1.36473310      0.148266628       3.53272967E-02
   12.0000000       800.000000      0.187039450       23.9845982       6.05102628E-02   2.52255005E-11   3.44687396E-05   8.39993265E-03  -1.82179156E-05  -1.35809147      0.148263305       3.56774330E-02
   13.0000000       800.000000      0.188515589       24.1725788       5.97427972E-02   2.47120917E-11   3.52358184E-05   8.30135588E-03  -2.04998432E-05  -1.35133517      0.148259312       3.60179581E-02
   2.00000000       800.000000      0.190003842       24.3626595       5.89787662E-02   2.42065586E-11   3.59983205E-05   8.20411649E-03  -2.22413782E-05  -1.34446323      0.148255184       3.63493375E-02
   3.00000000       800.000000      0.191507503       24.5538692       5.82180135E-02   2.37086982E-11   3.67568391E-05   8.10817443E-03  -2.34502513E-05  -1.33746505      0.148250565       3.66716273E-02
   4.00000000       800.000000      0.193027228       24.7454605       5.74609675E-02   2.32184931E-11   3.75113923E-05   8.01327825E-03  -2.41430262E-05  -1.33035469      0.148245975       3.69858816E-02
   5.00000000       800.000000      0.194553345       24.9383144       5.67062013E-02   2.27358948E-11   3.82626167E-05   7.91943260E-03  -2.43447266E-05  -1.32312715      0.148241520       3.72918472E-02
   6.00000000       800.000000      0.196085945       25.1336231       5.59559166E-02   2.22604279E-11   3.90115383E-05   7.82711059E-03  -2.40872596E-05  -1.31578815      0.148236603       3.75891700E-02
   7.00000000       800.000000      0.197636858       25.3313236       5.52082732E-02   2.17921983E-11   3.97592485E-05   7.73554528E-03  -2.34096169E-05  -1.30833042      0.148232028       3.78761962E-02
   8.00000000       800.000000      0.199212298       25.5304661       5.44638261E-02   2.13312770E-11   4.05057872E-05   7.64465099E-03  -2.23550596E-05  -1.30075634      0.148227751       3.81519496E-02
   9.00000000       800.000000      0.200781316       25.7297115       5.37241921E-02   2.08776139E-11   4.12504560E-05   7.55501026E-03  -2.09715436E-05  -1.29307580      0.148223251       3.84165570E-02
   10.0000000       800.000000      0.202371761       25.9304714       5.29863276E-02   2.04310197E-11   4.19930511E-05   7.46671669E-03  -1.93091037E-05  -1.28527081      0.148219302       3.86681966E-02
   11.0000000       800.000000      0.203978211       26.1335907       5.22525832E-02   1.99915987E-11   4.27334198E-05   7.37935957E-03  -1.74198522E-05  -1.27735925      0.148215696       3.89056765E-02
   12.0000000       800.000000      0.205590189       26.3390236       5.15230708E-02   1.95590263E-11   4.34708236E-05   7.29245739E-03  -1.53557139E-05  -1.26934290      0.148212612       3.91284674E-02
   13.0000000       800.000000      0.207215562       26.5462608       5.07961437E-02   1.91332384E-11   4.42053824E-05   7.20729632E-03  -1.31682782E-05  -1.26120639      0.148209915       3.93348448E-02
   2.00000000       800.000000      0.208862230       26.7531796       5.00741675E-02   1.87144831E-11   4.49373874E-05   7.12261070E-03  -1.09067487E-05  -1.25297475      0.148207545       3.95245962E-02
   3.00000000       800.000000      0.210511744       26.9634609       4.93558794E-02   1.83025522E-11   4.56668567E-05   7.03931507E-03  -8.61822537E-06  -1.24463773      0.148205742       3.96970510E-02
   4.00000000       800.000000      0.212182373       27.1744270       4.86411639E-02   1.78973277E-11   4.63944343E-05   6.95665739E-03  -6.34601383E-06  -1.23618722      0.148204550       3.98518108E-02
   5.00000000       800.000000      0.213867262       27.3881035       4.79306132E-02   1.74989606E-11   4.71201056E-05   6.87525421E-03  -4.13014823E-06  -1.22764802      0.148203567       3.99886966E-02
   6.00000000       800.000000      0.215570495       27.6017551       4.72252853E-02   1.71072375E-11   4.78444708E-05   6.79453742E-03  -2.00630257E-06  -1.21901691      0.148203060       4.01083641E-02
   7.00000000       800.000000      0.217280358       27.8196926       4.65240926E-02   1.67222017E-11   4.85686178E-05   6.71501411E-03  -5.92325300E-09  -1.21028984      0.148203313       4.02109697E-02
   8.00000000       800.000000      0.218995273       28.0367794       4.58285622E-02   1.63437389E-11   4.92932959E-05   6.63582096E-03   1.84406156E-06  -1.20147049      0.148203701       4.02973667E-02
   9.00000000       800.000000      0.220740929       28.2576332       4.51360010E-02   1.59717743E-11   5.00172937E-05   6.55815145E-03   3.52139978E-06  -1.19256389      0.148204461       4.03685495E-02
   10.0000000       800.000000      0.222490728       28.4788132       4.44492586E-02   1.56062212E-11   5.07385630E-05   6.48117298E-03   5.00850228E-06  -1.18358088      0.148205459       4.04252596E-02
   11.0000000       800.000000      0.224248633       28.7025547       4.37680259E-02   1.52471751E-11   5.14558997E-05   6.40502805E-03   6.29259193E-06  -1.17450190      0.148206607       4.04692069E-02
   12.0000000       800.000000      0.226034790       28.9273281       4.30908948E-02   1.48948440E-11   5.21699258E-05   6.33028708E-03   7.36552602E-06  -1.16536808      0.148208350       4.05010618E-02
   13.0000000       800.000000      0.227838799       29.1540203       4.24192622E-02   1.45485542E-11   5.28824385E-05   6.25590980E-03   8.22346010E-06  -1.15612626      0.148210391       4.05214429E-02
   2.00000000       800.000000      0.229636580       29.3828106       4.17525806E-02   1.42085770E-11   5.35947911E-05   6.18233997E-03   8.86693124E-06  -1.14682949      0.148212448       4.05308492E-02
   3.00000000       800.000000      0.231463313       29.6143074       4.10912260E-02   1.38745760E-11   5.43067508E-05   6.10977365E-03   9.30039278E-06  -1.13743818      0.148214653       4.05302532E-02
   4.00000000       800.000000      0.233298600       29.8444633       4.04348969E-02   1.35468694E-11   5.50181976E-05   6.03795610E-03   9.53169001E-06  -1.12799907      0.148216814       4.05194610E-02
   5.00000000       800.000000      0.235164225       30.0788250       3.97832878E-02   1.32246627E-11   5.57292187E-05   5.96702565E-03   9.57203702E-06  -1.11847067      0.148219064       4.04990353E-02
   6.00000000       800.000000      0.237021416       30.3152733       3.91382799E-02   1.29086550E-11   5.64400252E-05   5.89686120E-03   9.43537270E-06  -1.10887611      0.148221463       4.04681005E-02
   7.00000000       800.000000      0.238909259       30.5545444       3.84979546E-02   1.25984449E-11   5.71494493E-05   5.82776824E-03   9.13801523E-06  -1.09919715      0.148223609       4.04267162E-02
   8.00000000       800.000000      0.240805298       30.7942753       3.78617458E-02   1.22940564E-11   5.78555846E-05   5.75930858E-03   8.69802807E-06  -1.08945036      0.148225650       4.03743908E-02
   9.00000000       800.000000      0.242732763       31.0363560       3.72324288E-02   1.19953396E-11   5.85570742E-05   5.69152972E-03   8.13464612E-06  -1.07967234      0.148227558       4.03105728E-02
   10.0000000       800.000000      0.244650185       31.2805672       3.66076007E-02   1.17025053E-11   5.92535034E-05   5.62475715E-03   7.46776277E-06  -1.06984007      0.148229301       4.02343720E-02
   11.0000000       800.000000      0.246601894       31.5240726       3.59884836E-02   1.14149471E-11   5.99447922E-05   5.55871148E-03   6.71769430E-06  -1.05989611      0.148230925       4.01454419E-02
   12.0000000       800.000000      0.248575494       31.7732716       3.53743471E-02   1.11323667E-11   6.06313843E-05   5.49317570E-03   5.90457194E-06  -1.04990256      0.148232490       4.00429331E-02
   13.0000000       800.000000      0.250549018       32.0229034       3.47671881E-02   1.08558744E-11   6.13140655E-05   5.42853354E-03   5.04788886E-06  -1.03988004      0.148233801       3.99261825E-02
   2.00000000       800.000000      0.252544135       32.2734489       3.41644585E-02   1.05848750E-11   6.19930506E-05   5.36504574E-03   4.16656530E-06  -1.02984965      0.148234829       3.97954099E-02
   3.00000000       800.000000      0.254557490       32.5260506       3.35684568E-02   1.03187832E-11   6.26680485E-05   5.30166551E-03   3.27835210E-06  -1.01976442      0.148235589       3.96496542E-02
   4.00000000       800.000000      0.256586730       32.7818604       3.29761021E-02   1.00578157E-11   6.33386298E-05   5.23948297E-03   2.39981205E-06  -1.00958288      0.148236111       3.94897759E-02
   5.00000000       800.000000      0.258610994       33.0395813       3.23920138E-02   9.80227531E-12   6.40039652E-05   5.17769391E-03   1.54604049E-06 -0.999426365      0.148236424       3.93155590E-02
   6.00000000       800.000000      0.260681123       33.2992859       3.18134949E-02   9.55272146E-12   6.46643093E-05   5.11716679E-03   7.30605507E-07 -0.989173532      0.148236603       3.91274914E-02
   7.00000000       800.000000      0.262756377       33.5623474       3.12397648E-02   9.30751743E-12   6.53205279E-05   5.05660335E-03  -3.46898865E-08 -0.978917420      0.148236588       3.89258564E-02
   8.00000000       800.000000      0.264846563       33.8261070       3.06744333E-02   9.06701363E-12   6.59726429E-05   4.99725295E-03  -7.39752238E-07 -0.968653560      0.148236454       3.87115516E-02
   9.00000000       800.000000      0.266964108       34.0918350       3.01125031E-02   8.83190309E-12   6.66183769E-05   4.93833143E-03  -1.37626716E-06 -0.958351076      0.148236111       3.84854972E-02
   10.0000000       800.000000      0.269089431       34.3593788       2.95594130E-02   8.60213029E-12   6.72558017E-05   4.88019735E-03  -1.93788583E-06 -0.947978735      0.148235708       3.82487550E-02
   11.0000000       800.000000      0.271236569       34.6304741       2.90110912E-02   8.37663532E-12   6.78834040E-05   4.82279295E-03  -2.42024589E-06 -0.937663257      0.148235083       3.80028784E-02
   12.0000000       800.000000      0.273390830       34.9008446       2.84693930E-02   8.15630723E-12   6.85020059E-05   4.76625096E-03  -2.82056226E-06 -0.927323759      0.148234338       3.77476290E-02
   13.0000000       800.000000      0.275573671       35.1773834       2.79349424E-02   7.94022487E-12   6.91124005E-05   4.71014576E-03  -3.13798114E-06 -0.916931629      0.148233429       3.74843590E-02
   2.00000000       800.000000      0.277770936       35.4531212       2.74054240E-02   7.72929810E-12   6.97131618E-05   4.65471158E-03  -3.37337929E-06 -0.906584501      0.148232549       3.72131206E-02
   3.00000000       800.000000      0.279982239       35.7325478       2.68831942E-02   7.52271509E-12   7.03021215E-05   4.59977891E-03  -3.52887901E-06 -0.896172345      0.148231655       3.69346701E-02
   4.00000000       800.000000      0.282222867       36.0137329       2.63670534E-02   7.32095114E-12   7.08809748E-05   4.54588467E-03  -3.60782224E-06 -0.885817707      0.148230538       3.66492309E-02
   5.00000000       800.000000      0.284471065       36.2968369       2.58582123E-02   7.12329761E-12   7.14518828E-05   4.49203514E-03  -3.61469415E-06 -0.875404954      0.148229450       3.63565944E-02
   6.00000000       800.000000      0.286742091       36.5804558       2.53549367E-02   6.93025325E-12   7.20159296E-05   4.43933625E-03  -3.55492875E-06 -0.865047991      0.148228422       3.60573567E-02
   7.00000000       800.000000      0.289016098       36.8690605       2.48581618E-02   6.74134706E-12   7.25736681E-05   4.38691583E-03  -3.43477404E-06 -0.854643583      0.148227543       3.57510895E-02
   8.00000000       800.000000      0.291324228       37.1585426       2.43671499E-02   6.55683754E-12   7.31245163E-05   4.33538575E-03  -3.26114355E-06 -0.844293594      0.148226514       3.54381539E-02
   9.00000000       800.000000      0.293644518       37.4530144       2.38833483E-02   6.37623938E-12   7.36681031E-05   4.28415323E-03  -3.04143100E-06 -0.833905756      0.148225591       3.51181738E-02
   10.0000000       800.000000      0.296003997       37.7481918       2.34055016E-02   6.19996025E-12   7.42040866E-05   4.23380779E-03  -2.78335438E-06 -0.823580086      0.148224697       3.47911008E-02
   11.0000000       800.000000      0.298353791       38.0451622       2.29344890E-02   6.02764366E-12   7.47322192E-05   4.18382743E-03  -2.49471236E-06 -0.813255429      0.148224026       3.44566964E-02
   12.0000000       800.000000      0.300734103       38.3437805       2.24693958E-02   5.85927097E-12   7.52520646E-05   4.13482310E-03  -2.18329910E-06 -0.802940130      0.148223355       3.41148004E-02
   13.0000000       800.000000      0.303147912       38.6467476       2.20109485E-02   5.69499959E-12   7.57631933E-05   4.08583321E-03  -1.85671684E-06 -0.792634249      0.148222834       3.37648131E-02
   2.00000000       800.000000      0.305555582       38.9513550       2.15591229E-02   5.53428397E-12   7.62647687E-05   4.03784076E-03  -1.52222344E-06 -0.782371581      0.148222268       3.34070325E-02
   3.00000000       800.000000      0.307996303       39.2577019       2.11132485E-02   5.37763887E-12   7.67561796E-05   3.99017474E-03  -1.18666571E-06 -0.772151053      0.148221895       3.30414772E-02
   4.00000000       800.000000      0.310469896       39.5681572       2.06741914E-02   5.22461718E-12   7.72371059E-05   3.94331757E-03  -8.56330473E-07 -0.761951566      0.148221627       3.26683931E-02
   5.00000000       800.000000      0.312931180       39.8770142       2.02414915E-02   5.07529609E-12   7.77078458E-05   3.89671349E-03  -5.36917582E-07 -0.751780093      0.148221552       3.22877653E-02
   6.00000000       800.000000      0.315432847       40.1933212       1.98155008E-02   4.92961791E-12   7.81697527E-05   3.85087356E-03  -2.33458749E-07 -0.741664767      0.148221478       3.19002829E-02
   7.00000000       800.000000      0.317947745       40.5082169       1.93958879E-02   4.78752194E-12   7.86234377E-05   3.80541128E-03   4.96998602E-08 -0.731573820      0.148221463       3.15071307E-02
   8.00000000       800.000000      0.320495814       40.8281288       1.89828854E-02   4.64893922E-12   7.90671766E-05   3.76059115E-03   3.08898592E-07 -0.721535563      0.148221582       3.11077852E-02
   9.00000000       800.000000      0.323059022       41.1489258       1.85762309E-02   4.51380426E-12   7.94996304E-05   3.71638360E-03   5.41235181E-07 -0.711560369      0.148221686       3.07043474E-02
   10.0000000       800.000000      0.325634599       41.4749947       1.81762110E-02   4.38204594E-12   7.99197223E-05   3.67253041E-03   7.44599220E-07 -0.701624691      0.148222029       3.02971601E-02
   11.0000000       800.000000      0.328246117       41.8027420       1.77828260E-02   4.25372064E-12   8.03281291E-05   3.62907560E-03   9.17513717E-07 -0.691744447      0.148222327       2.98871025E-02
   12.0000000       800.000000      0.330868602       42.1312904       1.73960198E-02   4.12859157E-12   8.07300821E-05   3.58643220E-03   1.05920026E-06 -0.681923330      0.148222670       2.94744745E-02
   13.0000000       800.000000      0.333499759       42.4624519       1.70154367E-02   4.00671336E-12   8.11246064E-05   3.54412291E-03   1.16967715E-06 -0.672163665      0.148223042       2.90595014E-02
   2.00000000       800.000000      0.336178690       42.7972488       1.66413579E-02   3.88794292E-12   8.15067906E-05   3.50224972E-03   1.24958456E-06 -0.662464142      0.148223504       2.86444835E-02
   3.00000000       800.000000      0.338866234       43.1343956       1.62736848E-02   3.77227589E-12   8.18778790E-05   3.46095441E-03   1.29997659E-06 -0.652827442      0.148223951       2.82276254E-02
   4.00000000       800.000000      0.341564178       43.4764404       1.59122031E-02   3.65963076E-12   8.22386501E-05   3.42022441E-03   1.32234129E-06 -0.643257380      0.148224473       2.78106686E-02
   5.00000000       800.000000      0.344298780       43.8198090       1.55569762E-02   3.54993725E-12   8.25890747E-05   3.37984087E-03   1.31868399E-06 -0.633753657      0.148224786       2.73934025E-02
   6.00000000       800.000000      0.347046673       44.1641579       1.52079901E-02   3.44314573E-12   8.29288838E-05   3.34006152E-03   1.29122554E-06 -0.624318719      0.148225278       2.69771572E-02
   7.00000000       800.000000      0.349838823       44.5138283       1.48651311E-02   3.33918028E-12   8.32567675E-05   3.30066797E-03   1.24250062E-06 -0.614954472      0.148225725       2.65591592E-02
   8.00000000       800.000000      0.352615893       44.8651733       1.45283546E-02   3.23800296E-12   8.35729443E-05   3.26165906E-03   1.17519676E-06 -0.605661392      0.148226142       2.61421781E-02
   9.00000000       800.000000      0.355454803       45.2186356       1.41975274E-02   3.13947826E-12   8.38774577E-05   3.22339498E-03   1.09208122E-06 -0.596443832      0.148226514       2.57265363E-02
   10.0000000       800.000000      0.358279139       45.5763397       1.38728945E-02   3.04362069E-12   8.41701622E-05   3.18527734E-03   9.96060294E-07 -0.587301314      0.148226872       2.53086574E-02
   11.0000000       800.000000      0.361149102       45.9357567       1.35539686E-02   2.95037931E-12   8.44522147E-05   3.14775552E-03   8.89928629E-07 -0.578235567      0.148227096       2.48922314E-02
   12.0000000       800.000000      0.364027262       46.2968864       1.32409846E-02   2.85969555E-12   8.47228075E-05   3.11078317E-03   7.76495995E-07 -0.569246233      0.148227349       2.44750828E-02
   13.0000000       800.000000      0.366944253       46.6631355       1.29340095E-02   2.77152325E-12   8.49815406E-05   3.07400757E-03   6.58432782E-07 -0.560341656      0.148227707       2.40582526E-02
   2.00000000       800.000000      0.369876415       47.0312233       1.26326457E-02   2.68571623E-12   8.52278681E-05   3.03777191E-03   5.38302174E-07 -0.551522553      0.148227960       2.36418247E-02
   3.00000000       800.000000      0.372847915       47.4044495       1.23369675E-02   2.60231745E-12   8.54611790E-05   3.00198304E-03   4.18446689E-07 -0.542784154      0.148228198       2.32233386E-02
   4.00000000       800.000000      0.375840873       47.7758026       1.20471902E-02   2.52129871E-12   8.56818151E-05   2.96653272E-03   3.01052353E-07 -0.534135103      0.148228243       2.28070598E-02
   5.00000000       800.000000      0.378836393       48.1548996       1.17630670E-02   2.44254313E-12   8.58906424E-05   2.93158810E-03   1.88033994E-07 -0.525572777      0.148228288       2.23905388E-02
   6.00000000       800.000000      0.381849557       48.5329056       1.14845950E-02   2.36601884E-12   8.60876244E-05   2.89692776E-03   8.10898371E-08 -0.517100811      0.148228332       2.19749678E-02
   7.00000000       800.000000      0.384928495       48.9166336       1.12117585E-02   2.29171109E-12   8.62714514E-05   2.86290399E-03  -1.83331839E-08 -0.508722305      0.148228317       2.15608701E-02
   8.00000000       800.000000      0.388007849       49.3037720       1.09443525E-02   2.21952209E-12   8.64409303E-05   2.82910257E-03  -1.09056941E-07 -0.500438750      0.148228258       2.11485028E-02
   9.00000000       800.000000      0.391112477       49.6939621       1.06825596E-02   2.14945184E-12   8.65938637E-05   2.79572001E-03  -1.90178397E-07 -0.492246062      0.148228198       2.07389109E-02
   10.0000000       800.000000      0.394236952       50.0870171       1.04261898E-02   2.08141035E-12   8.67288909E-05   2.76278914E-03  -2.61052975E-07 -0.484148592      0.148228094       2.03321483E-02
   11.0000000       800.000000      0.397388846       50.4830971       1.01751313E-02   2.01536921E-12   8.68525967E-05   2.73027481E-03  -3.21207551E-07 -0.476152420      0.148227900       1.99289881E-02
   12.0000000       800.000000      0.400564700       50.8813133       9.92942322E-03   1.95128809E-12   8.69675059E-05   2.69796699E-03  -3.70479682E-07 -0.468248010      0.148227766       1.95293166E-02
   13.0000000       800.000000      0.403795749       51.2825050       9.68889892E-03   1.88909500E-12   8.70667427E-05   2.66610994E-03  -4.08959153E-07 -0.460442096      0.148227572       1.91337671E-02
   2.00000000       800.000000      0.406995207       51.6878319       9.45358165E-03   1.82874332E-12   8.71509619E-05   2.63488153E-03  -4.36844118E-07 -0.452734470      0.148227394       1.87431723E-02
   3.00000000       800.000000      0.410275906       52.0953789       9.22325999E-03   1.77019261E-12   8.72240635E-05   2.60362984E-03  -4.54528021E-07 -0.445123136      0.148227200       1.83572266E-02
   4.00000000       800.000000      0.413564175       52.5095062       8.99795070E-03   1.71339895E-12   8.72858946E-05   2.57301307E-03  -4.62510457E-07 -0.437611014      0.148227021       1.79760624E-02
   5.00000000       800.000000      0.416869521       52.9231834       8.77751876E-03   1.65831411E-12   8.73355239E-05   2.54261307E-03  -4.61478436E-07 -0.430197746      0.148226783       1.76003501E-02
   6.00000000       800.000000      0.420203984       53.3436661       8.56190547E-03   1.60488625E-12   8.73734389E-05   2.51280586E-03  -4.52174390E-07 -0.422880828      0.148226619       1.72297489E-02
   7.00000000       800.000000      0.423574746       53.7655487       8.35096650E-03   1.55307570E-12   8.73992758E-05   2.48301146E-03  -4.35447333E-07 -0.415659845      0.148226440       1.68645028E-02
   8.00000000       800.000000      0.426962882       54.1887779       8.14466365E-03   1.50282391E-12   8.74127873E-05   2.45380425E-03  -4.12198176E-07 -0.408532798      0.148226276       1.65043250E-02
   9.00000000       800.000000      0.430381179       54.6191368       7.94295967E-03   1.45410040E-12   8.74151519E-05   2.42482289E-03  -3.83364466E-07 -0.401511759      0.148226082       1.61493383E-02
   10.0000000       800.000000      0.433835030       55.0515404       7.74571113E-03   1.40685803E-12   8.74064353E-05   2.39623175E-03  -3.49923738E-07 -0.394577384      0.148225918       1.57993194E-02
   11.0000000       800.000000      0.437294513       55.4855461       7.55286729E-03   1.36104702E-12   8.73882964E-05   2.36800010E-03  -3.12841934E-07 -0.387744665      0.148225784       1.54538946E-02
   12.0000000       800.000000      0.440796643       55.9234009       7.36432150E-03   1.31666011E-12   8.73604949E-05   2.34018941E-03  -2.73092780E-07 -0.381009817      0.148225620       1.51132867E-02
   13.0000000       800.000000      0.444335788       56.3692284       7.18005607E-03   1.27364503E-12   8.73257231E-05   2.31262622E-03  -2.31620035E-07 -0.374365896      0.148225531       1.47770643E-02
   2.00000000       800.000000      0.447884768       56.8128738       6.99997507E-03   1.23194434E-12   8.72846140E-05   2.28534942E-03  -1.89336404E-07 -0.367824286      0.148225427       1.44451763E-02
   3.00000000       800.000000      0.451492101       57.2652702       6.82402402E-03   1.19155055E-12   8.72395540E-05   2.25830893E-03  -1.47104984E-07 -0.361376554      0.148225352       1.41177392E-02
   4.00000000       800.000000      0.455087274       57.7184486       6.65212329E-03   1.15241508E-12   8.71940720E-05   2.23170524E-03  -1.05724418E-07 -0.355025470      0.148225322       1.37947071E-02
   5.00000000       800.000000      0.458740443       58.1730003       6.48422772E-03   1.11451126E-12   8.71482407E-05   2.20538047E-03  -6.59163675E-08 -0.348769784      0.148225278       1.34763429E-02
   6.00000000       800.000000      0.462410837       58.6358948       6.32027816E-03   1.07779887E-12   8.71012089E-05   2.17948365E-03  -2.83206543E-08 -0.342610240      0.148225278       1.31626576E-02
   7.00000000       800.000000      0.466109008       59.0983734       6.16021734E-03   1.04224875E-12   8.70539152E-05   2.15375656E-03   6.52942500E-09 -0.336547643      0.148225278       1.28539987E-02
   8.00000000       800.000000      0.469850868       59.5668716       6.00397214E-03   1.00783520E-12   8.70036311E-05   2.12827115E-03   3.82149139E-08 -0.330580086      0.148225278       1.25505561E-02
   9.00000000       800.000000      0.473630607       60.0369263       5.85146155E-03   9.74519402E-13   8.69459182E-05   2.10329797E-03   6.64232473E-08 -0.324706435      0.148225307       1.22528151E-02
   10.0000000       800.000000      0.477417022       60.5153427       5.70261618E-03   9.42265580E-13   8.68833158E-05   2.07849732E-03   9.09249636E-08 -0.318927884      0.148225337       1.19607942E-02
   11.0000000       800.000000      0.481236160       60.9947357       5.55738946E-03   9.11046304E-13   8.68204952E-05   2.05388456E-03   1.11589237E-07 -0.313240975      0.148225367       1.16743892E-02
   12.0000000       800.000000      0.485106736       61.4788399       5.41566079E-03   8.80832679E-13   8.67507988E-05   2.02976726E-03   1.28423920E-07 -0.307645231      0.148225486       1.13940863E-02
   13.0000000       800.000000      0.489003509       61.9645309       5.27734170E-03   8.51587464E-13   8.66689807E-05   2.00573029E-03   1.41472242E-07 -0.302141935      0.148225546       1.11197634E-02
   2.00000000       800.000000      0.492917389       62.4534645       5.14239538E-03   8.23288052E-13   8.65831971E-05   1.98217994E-03   1.50833870E-07 -0.296726555      0.148225620       1.08515965E-02
   3.00000000       800.000000      0.496857613       62.9518318       5.01071010E-03   7.95902949E-13   8.64936228E-05   1.95881398E-03   1.56661699E-07 -0.291401148      0.148225740       1.05894087E-02
   4.00000000       800.000000      0.500846684       63.4490204       4.88222810E-03   7.69393826E-13   8.63989408E-05   1.93561544E-03   1.59172288E-07 -0.286161929      0.148225814       1.03334961E-02
   5.00000000       800.000000      0.504872501       63.9528084       4.75683575E-03   7.43742633E-13   8.63067035E-05   1.91275997E-03   1.58608771E-07 -0.281008214      0.148225948       1.00837471E-02
   6.00000000       800.000000      0.508909047       64.4573593       4.63451445E-03   7.18911692E-13   8.62175730E-05   1.89021649E-03   1.55239050E-07 -0.275939703      0.148225978       9.84007586E-03
   7.00000000       800.000000      0.512971818       64.9687729       4.51514451E-03   6.94892223E-13   8.61290464E-05   1.86793285E-03   1.49365704E-07 -0.270952314      0.148226067       9.60243493E-03
   8.00000000       800.000000      0.517089903       65.4843674       4.39865002E-03   6.71636683E-13   8.60405926E-05   1.84587715E-03   1.41311460E-07 -0.266049176      0.148226157       9.37069487E-03
   9.00000000       800.000000      0.521240056       66.0012741       4.28497558E-03   6.49136018E-13   8.59511565E-05   1.82420539E-03   1.31407035E-07 -0.261224598      0.148226216       9.14459489E-03
   10.0000000       800.000000      0.525399923       66.5273361       4.17406764E-03   6.27355373E-13   8.58573549E-05   1.80260988E-03   1.19984065E-07 -0.256476551      0.148226291       8.92388821E-03
   11.0000000       800.000000      0.529633105       67.0519409       4.06576786E-03   6.06276043E-13   8.57583800E-05   1.78141962E-03   1.07372472E-07 -0.251808673      0.148226365       8.70836806E-03
   12.0000000       800.000000      0.533852458       67.5886993       3.96013167E-03   5.85878405E-13   8.56555271E-05   1.76033890E-03   9.38887510E-08 -0.247214720      0.148226425       8.49770382E-03
   13.0000000       800.000000      0.538169861       68.1238251       3.85704241E-03   5.66139366E-13   8.55525795E-05   1.73951290E-03   7.98419322E-08 -0.242697775      0.148226500       8.29169061E-03
   2.00000000       800.000000      0.542478204       68.6609192       3.75647796E-03   5.47036537E-13   8.54549799E-05   1.71900028E-03   6.55218315E-08 -0.238255307      0.148226529       8.09003599E-03
   3.00000000       800.000000      0.546837091       69.2043610       3.65834893E-03   5.28552896E-13   8.53699457E-05   1.69868045E-03   5.12058556E-08 -0.233886048      0.148226544       7.89276604E-03
   4.00000000       800.000000      0.551184714       69.7545853       3.56261455E-03   5.10670716E-13   8.53014571E-05   1.67864503E-03   3.71510041E-08 -0.229589492      0.148226574       7.69982394E-03
   5.00000000       800.000000      0.555633724       70.3113556       3.46921501E-03   4.93373137E-13   8.52554367E-05   1.65887747E-03   2.35995241E-08 -0.225363731      0.148226559       7.51112355E-03
   6.00000000       800.000000      0.560065687       70.8701859       3.37815611E-03   4.76636254E-13   8.52371959E-05   1.63921993E-03   1.07673079E-08 -0.221209005      0.148226559       7.32685998E-03
   7.00000000       800.000000      0.564574599       71.4266510       3.28931608E-03   4.60449658E-13   8.52475350E-05   1.61982747E-03  -1.16451870E-09 -0.217124045      0.148226589       7.14705605E-03
   8.00000000       800.000000      0.569091976       71.9988251       3.20268492E-03   4.44792938E-13   8.52902303E-05   1.60073931E-03  -1.20412613E-08 -0.213109329      0.148226589       6.97182585E-03
   9.00000000       800.000000      0.573642910       72.5662689       3.11821559E-03   4.29647583E-13   8.53535239E-05   1.58173114E-03  -2.17477432E-08 -0.209155440      0.148226529       6.80147856E-03
   10.0000000       800.000000      0.578249216       73.1417236       3.03578633E-03   4.14998493E-13   8.54496539E-05   1.56307477E-03  -3.01868681E-08 -0.205270544      0.148226500       6.63567800E-03
   11.0000000       800.000000      0.582887828       73.7225037       2.95541855E-03   4.00832687E-13   8.55790568E-05   1.54458650E-03  -3.73245825E-08 -0.201453656      0.148226470       6.47454523E-03
   12.0000000       800.000000      0.587557673       74.3115692       2.87704938E-03   3.87125526E-13   8.57181221E-05   1.52635260E-03  -4.31532108E-08 -0.197692409      0.148226440       6.31848164E-03
   13.0000000       800.000000      0.592285097       74.9019089       2.80057336E-03   3.73873567E-13   8.58872518E-05   1.50824606E-03  -4.76844662E-08 -0.193998531      0.148226425       6.16715942E-03
   2.00000000       800.000000      0.597044110       75.4963303       2.72594229E-03   3.61041221E-13   8.60686123E-05   1.49039296E-03  -5.09403826E-08 -0.190359458      0.148226395       6.02059485E-03
   3.00000000       800.000000      0.601813197       76.0937424       2.65314337E-03   3.48627269E-13   8.62538582E-05   1.47274754E-03  -5.29987538E-08 -0.186776832      0.148226365       5.87894954E-03
   4.00000000       800.000000      0.606662095       76.6995621       2.58209324E-03   3.36621220E-13   8.64690373E-05   1.45530968E-03  -5.39250742E-08 -0.183254957      0.148226321       5.74221462E-03
   5.00000000       800.000000      0.611538589       77.3089294       2.51272903E-03   3.24997435E-13   8.67083436E-05   1.43809943E-03  -5.37995604E-08 -0.179784894      0.148226291       5.60997007E-03
   6.00000000       800.000000      0.616429627       77.9216690       2.44501350E-03   3.13749054E-13   8.69742435E-05   1.42098893E-03  -5.27130126E-08 -0.176366255      0.148226246       5.48251765E-03
   7.00000000       800.000000      0.621346176       78.5425873       2.37889867E-03   3.02858595E-13   8.72729142E-05   1.40423176E-03  -5.07680902E-08 -0.172997430      0.148226216       5.35947923E-03
   8.00000000       800.000000      0.626343310       79.1605453       2.31432682E-03   2.92315055E-13   8.76116828E-05   1.38755294E-03  -4.80701310E-08 -0.169678450      0.148226187       5.24087436E-03
   9.00000000       800.000000      0.631355822       79.7936478       2.25126231E-03   2.82106939E-13   8.79939180E-05   1.37109251E-03  -4.47260859E-08 -0.166405797      0.148226157       5.12648979E-03
   10.0000000       800.000000      0.636449695       80.4251099       2.18960945E-03   2.72221048E-13   8.84223700E-05   1.35474966E-03  -4.08499581E-08 -0.163179070      0.148226157       5.01626311E-03
   11.0000000       800.000000      0.641569495       81.0633545       2.12941645E-03   2.62650551E-13   8.89011426E-05   1.33871648E-03  -3.65545283E-08 -0.159994513      0.148226112       4.90998989E-03
   12.0000000       800.000000      0.646703839       81.7070923       2.07058294E-03   2.53381138E-13   8.94335317E-05   1.32276060E-03  -3.19528297E-08 -0.156852961      0.148226067       4.80761286E-03
   13.0000000       800.000000      0.651862979       82.3593216       2.01310823E-03   2.44405299E-13   9.00224622E-05   1.30702602E-03  -2.71559646E-08 -0.153752401      0.148226053       4.70905006E-03
   2.00000000       800.000000      0.657104909       83.0148392       1.95695926E-03   2.35712708E-13   9.06741916E-05   1.29151647E-03  -2.22657537E-08 -0.150689363      0.148226038       4.61431779E-03
   3.00000000       800.000000      0.662361264       83.6720734       1.90208515E-03   2.27297808E-13   9.13939075E-05   1.27619959E-03  -1.73854939E-08 -0.147663832      0.148226008       4.52335225E-03
   4.00000000       800.000000      0.667716920       84.3404617       1.84845051E-03   2.19149921E-13   9.21954488E-05   1.26099377E-03  -1.26086066E-08 -0.144673303      0.148226008       4.43651853E-03
   5.00000000       800.000000      0.673070669       85.0116577       1.79608795E-03   2.11261117E-13   9.30765455E-05   1.24597526E-03  -8.01767186E-09 -0.141715944      0.148226008       4.35396191E-03
   6.00000000       800.000000      0.678464949       85.6865540       1.74495683E-03   2.03629228E-13   9.40628161E-05   1.23114511E-03  -3.68466258E-09 -0.138788834      0.148226008       4.27614897E-03
   7.00000000       800.000000      0.683868349       86.3630829       1.69498031E-03   1.96242545E-13   9.51551701E-05   1.21642801E-03   3.20829419E-10 -0.135889828      0.148226008       4.20271512E-03
   8.00000000       800.000000      0.689361989       87.0500107       1.64625281E-03   1.89091730E-13   9.63044295E-05   1.20193337E-03   3.95978361E-09 -0.133016452      0.148226008       4.13668109E-03
   9.00000000       800.000000      0.694936693       87.7468338       1.59864582E-03   1.82172907E-13   9.75640141E-05   1.18762639E-03   7.18606818E-09 -0.130165532      0.148226008       4.07419493E-03
   10.0000000       800.000000      0.700467765       88.4404068       1.55222102E-03   1.75487730E-13   9.89202090E-05   1.17349962E-03   9.98357930E-09 -0.127332598      0.148226023       4.02249303E-03
   11.0000000       800.000000      0.706084132       89.1438522       1.50690950E-03   1.69018499E-13   1.00299359E-04   1.15949777E-03   1.23431709E-08 -0.124502972      0.148226023       3.97219555E-03
   12.0000000       800.000000      0.711785257       89.8559036       1.46271149E-03   1.62771001E-13   1.01808240E-04   1.14577473E-03   1.42680099E-08 -0.121697664      0.148226038       3.94282583E-03
   13.0000000       800.000000      0.717506111       90.5660553       1.41966646E-03   1.56731195E-13   1.03335638E-04   1.13208161E-03   1.57559583E-08 -0.118871227      0.148226053       3.90253612E-03
   2.00000000       800.000000      0.723254204       91.2924652       1.37773994E-03   1.50903988E-13   1.04967097E-04   1.11867418E-03   1.68281140E-08 -0.116077237      0.148226053       3.91071290E-03
   3.00000000       800.000000      0.729030788       92.0148239       1.33697269E-03   1.45287482E-13   1.06597057E-04   1.10541936E-03   1.75028934E-08 -0.113186836      0.148226082       3.87389655E-03
   4.00000000       800.000000      0.734885931       92.7492523       1.29741163E-03   1.39876568E-13   1.08553293E-04   1.09242031E-03   1.78109882E-08 -0.110406853      0.148226097       3.95144429E-03
   5.00000000       800.000000      0.740812361       93.4854507       1.25905906E-03   1.34666041E-13   1.10242589E-04   1.07954547E-03   1.77545587E-08 -0.107358158      0.148226142       3.89695261E-03
   6.00000000       800.000000      0.746736884       94.2303009       1.22205482E-03   1.29671800E-13   1.12648449E-04   1.06692757E-03   1.73906258E-08 -0.104610950      0.148226142       4.10942221E-03
   7.00000000       800.000000      0.752711892       94.9802017       1.18632161E-03   1.24891010E-13   1.14116410E-04   1.05448265E-03   1.67475562E-08 -0.101196297      0.148226172       3.97099787E-03
   8.00000000       800.000000      0.758787692       95.7357407       1.15218037E-03   1.20338432E-13   1.17271331E-04   1.04243844E-03   1.58472631E-08  -9.86054465E-02  0.148226172       4.44685761E-03
   9.00000000       800.000000      0.764886141       96.4991150       1.11953821E-03   1.16006570E-13   1.18447177E-04   1.03038736E-03   1.47353942E-08  -9.44229960E-02  0.148226202       4.04069060E-03
   10.0000000       800.000000      0.770997465       97.2638321       1.08854508E-03   1.11901306E-13   1.22199272E-04   1.01922150E-03   1.32301832E-08  -9.24015790E-02  0.148226231       5.10544749E-03
   11.0000000       800.000000      0.777200460       98.0346756       1.06000900E-03   1.08108448E-13   1.23460326E-04   1.00739417E-03   1.16394769E-08  -8.65175053E-02  0.148226216       4.40201256E-03
   12.0000000       800.000000      0.783445537       98.8157425       1.02573493E-03   1.03787977E-13   5.97672624E-05   9.97542986E-04   3.43934952E-19  -8.55312124E-02  0.148226216      -4.17573191E-03
   13.0000000       800.000000      0.789714217       99.6048737       1.00181869E-03   1.00566528E-13   5.95398305E-05   9.85702965E-04   7.99898903E-20  -9.30891484E-02  0.148226216      -9.56723932E-03
