   0.00000000       190.000000       3.40428352E-02   1.01702809       5.96735801E-04   5.86617820E-12  -8.23861510E-02   1.69140613       9.99266791E-15  -1.36500469E-03   3.40186510E-16  -1.08277528E-02
   1.00000000       197.000000       3.40447091E-02   1.05104125       5.86992363E-04   5.58348289E-12  -7.53021017E-02   1.57454741      -5.99144785E-16  -1.73362298E-03   3.19788184E-16   4.08394029E-03
   2.00000000       200.000000       3.40499915E-02   1.08514261       5.77710452E-04   5.32276306E-12  -9.84653179E-03   1.28336000      -8.73557329E-02  -1.08690478E-03  -2.97447108E-03   9.40879155E-03
   3.00000000       200.000000       3.40571664E-02   1.11914527       7.03954487E-04   6.28863411E-12  0.133294597       1.16598368      -4.63101305E-02  -1.09281810E-03  -4.55163512E-03  -4.76050237E-03
   4.00000000       200.000000       3.40652503E-02   1.15326166       8.52292404E-04   7.38894536E-12  0.177737430       1.07788336       1.19650771E-03  -1.41120132E-03  -4.51087812E-03  -9.00498405E-03
   5.00000000       200.000000       3.40752266E-02   1.18727005       1.01304275E-03   8.53060504E-12  0.197381571      0.997425318       5.40657192E-02  -1.70643127E-03  -2.66852253E-03  -9.50484071E-03
   6.00000000       200.000000       3.40886116E-02   1.22141874       1.19558652E-03   9.78687964E-12  0.204017624      0.924346924      0.109157443      -2.05910322E-03   1.05258264E-03  -1.08414404E-02
   7.00000000       200.000000       3.41038704E-02   1.25543642       1.40464050E-03   1.11859124E-11  0.204213843      0.859510362      0.164956853      -2.44575506E-03   6.67837076E-03  -1.20209679E-02
   8.00000000       200.000000       3.41209993E-02   1.28956389       1.64402591E-03   1.27460343E-11  0.201131061      0.803226829      0.217705444      -2.87925336E-03   1.41069181E-02  -1.34549905E-02
   9.00000000       200.000000       3.41415480E-02   1.32373023       1.91745267E-03   1.44826052E-11  0.196160927      0.754022479      0.264328927      -3.36424727E-03   2.31315587E-02  -1.52512286E-02
   10.0000000       200.000000       3.41642797E-02   1.35789859       2.22839718E-03   1.64079340E-11  0.190081969      0.711054444      0.303621829      -3.92099423E-03   3.35043445E-02  -1.75406337E-02
   11.0000000       200.000000       3.41873281E-02   1.39207828       2.57853395E-03   1.85199894E-11  0.183500186      0.673005581      0.336956859      -4.56316583E-03   4.50240932E-02  -2.02937108E-02
   2.00000000       200.000000       3.42125520E-02   1.42626679       2.97155837E-03   2.08311077E-11  0.176739648      0.639330864      0.365993381      -5.30910632E-03   5.75460605E-02  -2.36299727E-02
   3.00000000       200.000000       3.42412032E-02   1.46045995       3.41926632E-03   2.34079821E-11  0.169676706      0.608994961      0.390335828      -6.18076837E-03   7.09119067E-02  -2.76987720E-02
   4.00000000       200.000000       3.42717990E-02   1.49468386       3.93323367E-03   2.63094633E-11  0.162208721      0.581503093      0.408542752      -7.20688840E-03   8.49138722E-02  -3.26189175E-02
   5.00000000       200.000000       3.43041234E-02   1.52902329       4.52650664E-03   2.95989795E-11  0.154580176      0.556379676      0.419983149      -8.41770787E-03   9.93215144E-02  -3.85535248E-02
   6.00000000       200.000000       3.43400165E-02   1.56331646       5.21427253E-03   3.33479008E-11  0.147316575      0.533599794      0.422454596      -9.85342171E-03  0.113828748      -4.55194786E-02
   7.00000000       200.000000       3.43780145E-02   1.59766877       6.00697147E-03   3.75914681E-11  0.140540704      0.512424409      0.415019989      -1.15457252E-02  0.128096104      -5.39034232E-02
   8.00000000       400.000000       3.44163403E-02   1.63212323       6.91605685E-03   4.23684803E-11  0.134019852      0.491238296      0.398636788      -1.35616874E-02  0.141816020      -6.25309572E-02
   9.00000000       400.000000       3.44596468E-02   1.66651404       7.94880744E-03   4.76889570E-11  0.126724318      0.472057164      0.371474475      -1.58525798E-02  0.154616281      -7.16839880E-02
   10.0000000       400.000000       3.45019177E-02   1.70102203       9.12043545E-03   5.36091484E-11  0.119852327      0.454579741      0.333714366      -1.85050629E-02  0.166130260      -8.24923813E-02
   11.0000000       400.000000       3.45477760E-02   1.73553383       1.04411459E-02   6.01515088E-11  0.113427743      0.438389271      0.285366595      -2.15487089E-02  0.175989375      -9.41808000E-02
   12.0000000       400.000000       3.45973931E-02   1.77006423       1.19156176E-02   6.73052447E-11  0.107452415      0.423380017      0.228173420      -2.50171907E-02  0.183883041     -0.106504127    
   13.0000000       400.000000       3.46456654E-02   1.80469894       1.35434046E-02   7.50323692E-11  0.101764344      0.409365654      0.165047929      -2.89233699E-02  0.189601824     -0.119091675    
   2.00000000       400.000000       3.46989296E-02   1.83938944       1.53237879E-02   8.32958355E-11   9.66460258E-02  0.396370888       9.98877436E-02  -3.32757570E-02  0.193067685     -0.132018507    
   3.00000000       400.000000       3.47537622E-02   1.87406790       1.72581617E-02   9.20724677E-11   9.20192897E-02  0.384187609       3.54564562E-02  -3.80926095E-02  0.194299847     -0.145463511    
   4.00000000       400.000000       3.48123796E-02   1.90886545       1.93483662E-02   1.01342844E-10   8.79864842E-02  0.372726470      -2.66906135E-02  -4.33950536E-02  0.193370774     -0.159469560    
   5.00000000       400.000000       3.48717459E-02   1.94381344       2.15976834E-02   1.11096778E-10   8.44926238E-02  0.361936688      -8.57848376E-02  -4.92048040E-02  0.190379456     -0.174034879    
   6.00000000       400.000000       3.49331126E-02   1.97864985       2.40120590E-02   1.21337440E-10   8.13988522E-02  0.351776242     -0.141887650      -5.55432551E-02  0.185422972     -0.189137936    
   7.00000000       400.000000       3.49960364E-02   2.01366401       2.65973620E-02   1.32068190E-10   7.85213932E-02  0.342173129     -0.194345400      -6.24309219E-02  0.178621829     -0.204737350    
   8.00000000       400.000000       3.50628383E-02   2.04869795       2.93565337E-02   1.43276377E-10   7.57716522E-02  0.333154917     -0.240171850      -6.98866397E-02  0.170200646     -0.220612898    
   9.00000000       400.000000       3.51311862E-02   2.08382654       3.22867297E-02   1.54923643E-10   7.30169564E-02  0.324563414     -0.276070327      -7.79163986E-02  0.160502195     -0.236496121    
   10.0000000       400.000000       3.52015831E-02   2.11898565       3.53803337E-02   1.66950412E-10   7.03132451E-02  0.316437900     -0.299060047      -8.65198299E-02  0.149975151     -0.252230287    
   11.0000000       400.000000       3.52728553E-02   2.15418029       3.86253782E-02   1.79281770E-10   6.78231344E-02  0.308731228     -0.308104634      -9.56920907E-02  0.139107183     -0.267384142    
   12.0000000       400.000000       3.53475511E-02   2.18945503       4.20030095E-02   1.91814994E-10   6.54936284E-02  0.301477283     -0.305665880     -0.105403200      0.128302291     -0.281520247    
   13.0000000       400.000000       3.54251340E-02   2.22494793       4.54967208E-02   2.04465611E-10   6.31666407E-02  0.294572681     -0.296891510     -0.115616657      0.117784627     -0.294841647    
   2.00000000       400.000000       3.55066359E-02   2.26028228       4.90990765E-02   2.17192597E-10   6.07399084E-02  0.288000822     -0.286504239     -0.126316696      0.107612163     -0.307848066    
   3.00000000       400.000000       3.55888382E-02   2.29589605       5.28066568E-02   2.29977259E-10   5.83900362E-02  0.281750202     -0.276437223     -0.137502611       9.77744758E-02 -0.320741415    
   4.00000000       400.000000       3.56727764E-02   2.33153582       5.66167906E-02   2.42802778E-10   5.62325902E-02  0.275736004     -0.266065359     -0.149172306       8.82834792E-02 -0.333582491    
   5.00000000       400.000000       3.57585363E-02   2.36718988       6.05286472E-02   2.55662130E-10   5.42098582E-02  0.269950330     -0.252014279     -0.161330014       7.92719051E-02 -0.346516162    
   6.00000000       400.000000       3.58451568E-02   2.40296197       6.45436123E-02   2.68558981E-10   5.23590147E-02  0.264378428     -0.229194254     -0.173984408       7.10561201E-02 -0.359483957    
   7.00000000       400.000000       3.59365791E-02   2.43895650       6.86582103E-02   2.81475371E-10   5.05905300E-02  0.258953750     -0.192919865     -0.187135369       6.41231090E-02 -0.372258633    
   8.00000000       400.000000       3.60317938E-02   2.47496963       7.28638321E-02   2.94373886E-10   4.88060974E-02  0.253675163     -0.141975150     -0.200775370       5.90076186E-02 -0.384267777    
   9.00000000       400.000000       3.61256152E-02   2.51087451       7.71435872E-02   3.07186332E-10   4.70489711E-02  0.248556092      -7.98954591E-02 -0.214862734       5.61212711E-02 -0.394722253    
   10.0000000       400.000000       3.62243615E-02   2.54723430       8.14784765E-02   3.19840987E-10   4.54775020E-02  0.243567914      -1.46631142E-02 -0.229333207       5.55900931E-02 -0.403348744    
   11.0000000       400.000000       3.63236889E-02   2.58347154       8.58507082E-02   3.32272376E-10   4.40780185E-02  0.238708004       4.46084477E-02 -0.244125366       5.72105497E-02 -0.410204828    
   12.0000000       400.000000       3.64281610E-02   2.61973166       9.02469084E-02   3.44437423E-10   4.27106582E-02  0.233956069       9.20044929E-02 -0.259176373       6.05620071E-02 -0.415570974    
   13.0000000       400.000000       3.65312435E-02   2.65625191       9.46613178E-02   3.56323998E-10   4.13408726E-02  0.229306862      0.127227426     -0.274444729       6.52097464E-02 -0.420434356    
   2.00000000       400.000000       3.66381556E-02   2.69287086       9.91001800E-02   3.67964853E-10   3.99451517E-02  0.224765822      0.154487967     -0.289940357       7.08700940E-02 -0.425131619    
   3.00000000       400.000000       3.67491208E-02   2.72951531      0.103563234       3.79367676E-10   3.83572392E-02  0.220329672      0.179245144     -0.305644900       7.74571672E-02 -0.429247677    
   4.00000000       400.000000       3.68596762E-02   2.76648116      0.108043529       3.90513788E-10   3.65558825E-02  0.216002971      0.204371691     -0.321537018       8.49904269E-02 -0.433193028    
   5.00000000       400.000000       3.69738303E-02   2.80324292      0.112548724       4.01441519E-10   3.46937925E-02  0.211783797      0.228819132     -0.337629706       9.34509709E-02 -0.437259674    
   6.00000000       400.000000       3.70923392E-02   2.84031177      0.117087372       4.12183315E-10   3.27178836E-02  0.207663938      0.248533145     -0.353922904      0.102669410     -0.440999538    
   7.00000000       400.000000       3.72101963E-02   2.87746811      0.121650837       4.22718915E-10   3.06048617E-02  0.203648716      0.258371472     -0.370395958      0.112283379     -0.444452107    
   8.00000000       400.000000       3.73310633E-02   2.91468883      0.126250401       4.33092839E-10   2.83128079E-02  0.199743435      0.255054891     -0.387054414      0.121805146     -0.448726028    
   9.00000000       400.000000       3.74547355E-02   2.95214677      0.130907521       4.43381248E-10   2.58682203E-02  0.195950523      0.239088416     -0.403955638      0.130760387     -0.454947233    
   10.0000000       400.000000       3.75822932E-02   2.98967767      0.135659680       4.53709431E-10   2.30846182E-02  0.192277387      0.215239197     -0.421192020      0.138849601     -0.464153856    
   11.0000000       400.000000       3.77115831E-02   3.02733731      0.140498355       4.64050076E-10   2.02412065E-02  0.188721225      0.189228848     -0.438903123      0.145985410     -0.477258056    
   12.0000000       400.000000       3.78417671E-02   3.06507659      0.145514369       4.74693895E-10   1.74911581E-02  0.185261190      0.168336421     -0.457248896      0.152355477     -0.494057655    
   13.0000000       400.000000       3.79736088E-02   3.10296249      0.150756821       4.85788743E-10   1.49894515E-02  0.181873471      0.155329034     -0.476360917      0.158253953     -0.515012503    
   2.00000000       400.000000       3.81093584E-02   3.14102793      0.156218022       4.97289598E-10   1.26365265E-02  0.178555965      0.146372318     -0.496432990      0.163832635     -0.542173147    
   3.00000000       400.000000       3.82481478E-02   3.17926812      0.161922917       5.09258635E-10   1.06223468E-02  0.175305828      0.134482265     -0.517761171      0.168976173     -0.576032162    
   4.00000000       400.000000       3.83906849E-02   3.21746230      0.167890280       5.21738652E-10   8.86214897E-03  0.172114685      0.115956612     -0.540581286      0.173427731     -0.613557220    
   5.00000000       400.000000       3.85340862E-02   3.25593615      0.174144551       5.34782330E-10   7.42457854E-03  0.168982923       9.39168707E-02 -0.564956903      0.177046910     -0.649053931    
   6.00000000       400.000000       3.86794209E-02   3.29459786      0.180644020       5.48241841E-10   6.18700078E-03  0.165914565       7.64364004E-02 -0.590695381      0.180003181     -0.682088017    
   7.00000000       400.000000       3.88261117E-02   3.33332801      0.187359780       5.62012881E-10   5.14180539E-03  0.162907630       7.32323527E-02 -0.617823482      0.182846412     -0.712046325    
   8.00000000       400.000000       3.89781781E-02   3.37215042      0.194178045       5.75744119E-10   4.21396689E-03  0.159964517       8.97835493E-02 -0.646095991      0.186346337     -0.725144923    
   9.00000000       400.000000       3.91310640E-02   3.41121101      0.201000616       5.89153004E-10   3.39955394E-03  0.157087252      0.118875660     -0.674462259      0.190997645     -0.706369817    
   10.0000000       400.000000       3.92854065E-02   3.45050335      0.207733139       6.01966088E-10   2.67466484E-03  0.154281124      0.141375691     -0.701486707      0.196552068     -0.660531759    
   11.0000000       400.000000       3.94439995E-02   3.48992372      0.214244649       6.13832096E-10   2.00006785E-03  0.151551545      0.139632285     -0.726466477      0.202059597     -0.612120509    
   12.0000000       400.000000       3.96043137E-02   3.52931929      0.220560789       6.24853502E-10   1.39444834E-03  0.148898616      0.109178454     -0.749875009      0.206383571     -0.576288998    
   13.0000000       400.000000       3.97699885E-02   3.56905532      0.226630449       6.34909514E-10   8.39481887E-04  0.146322384       5.86499013E-02 -0.772207499      0.208716109     -0.554488778    
   2.00000000       400.000000       3.99327539E-02   3.60901117      0.232578918       6.44379439E-10   3.21120868E-04  0.143819809       6.72180578E-03 -0.794069171      0.208984599     -0.538306296    
   3.00000000       400.000000       4.01016437E-02   3.64905024      0.238335714       6.53086973E-10  -1.55481990E-04  0.141388848      -2.95996852E-02 -0.815292478      0.207797378     -0.524784863    
   4.00000000       400.000000       4.02740240E-02   3.68916464      0.243943661       6.61172561E-10  -5.97874634E-04  0.139026985      -4.35530581E-02 -0.836248219      0.206043050     -0.528284073    
   5.00000000       400.000000       4.04453352E-02   3.72949243      0.249501869       6.68918421E-10  -1.01193914E-03  0.136729047      -3.90736312E-02 -0.857935488      0.204462945     -0.524047136    
   6.00000000       400.000000       4.06209007E-02   3.77015471      0.254602730       6.75256240E-10  -1.28723180E-03  0.134494334      -2.51103025E-02 -0.878733099      0.203442857     -0.472490966    
   7.00000000       400.000000       4.08019014E-02   3.81062984      0.258466393       6.78178291E-10  -1.31829258E-03  0.132319525      -1.90825891E-02 -0.896406889      0.202664435     -0.389629871    
   8.00000000       400.000000       4.09835242E-02   3.85157919      0.261222601       6.78133660E-10  -1.25461677E-03  0.130201623      -2.64146440E-02 -0.910598397      0.201581642     -0.309644163    
   9.00000000       400.000000       4.11677249E-02   3.89264297      0.263172030       6.75986489E-10  -1.18169794E-03  0.128139868      -4.02008034E-02 -0.921845376      0.199926779     -0.241203979    
   10.0000000       800.000000       4.13518026E-02   3.93391180      0.264441341       6.72122746E-10  -1.08877954E-03  0.126131758      -5.04235476E-02 -0.930501282      0.197841600     -0.181054726    
   11.0000000       800.000000       4.15420607E-02   3.97551847      0.265115678       6.66810995E-10  -1.00468984E-03  0.124175966      -5.15214130E-02 -0.936853409      0.195701525     -0.130874425    
   12.0000000       800.000000       4.17331755E-02   4.01692963      0.265233666       6.60193733E-10  -9.18762700E-04  0.122270770      -4.43211719E-02 -0.941402614      0.193851665      -9.72328782E-02
   13.0000000       800.000000       4.19295840E-02   4.05884504      0.264886498       6.52533250E-10  -8.41660483E-04  0.120413646      -3.45936902E-02 -0.944988370      0.192401081      -8.37192461E-02
   2.00000000       800.000000       4.21275869E-02   4.10084629      0.264144659       6.44038267E-10  -7.76326575E-04  0.118602529      -2.79952083E-02 -0.948438585      0.191221684      -8.94258618E-02
   3.00000000       800.000000       4.23264094E-02   4.14324856      0.263091683       6.34934771E-10  -7.30492116E-04  0.116833791      -2.68623177E-02 -0.952539086      0.190084845     -0.108805776    
   4.00000000       800.000000       4.25276794E-02   4.18554831      0.261778623       6.25361318E-10  -7.10596272E-04  0.115104124      -2.85460055E-02 -0.957670093      0.188870773     -0.130281642    
   5.00000000       800.000000       4.27326299E-02   4.22826385      0.260213941       6.15355988E-10  -7.25649646E-04  0.113409862      -2.93956809E-02 -0.963647246      0.187614948     -0.145647943    
   6.00000000       800.000000       4.29400988E-02   4.27117634      0.258484870       6.05136163E-10  -7.74240412E-04  0.111747406      -2.88135894E-02 -0.970148385      0.186377466     -0.153012335    
   7.00000000       800.000000       4.31519486E-02   4.31416321      0.256705344       5.94973737E-10  -8.37359403E-04  0.110115618      -2.67304741E-02 -0.976821959      0.185223877     -0.153984919    
   8.00000000       800.000000       4.33655083E-02   4.35740662      0.254979670       5.85106463E-10  -9.02264495E-04  0.108512841      -2.39402726E-02 -0.983472466      0.184185714     -0.152825192    
   9.00000000       800.000000       4.35808785E-02   4.40067959      0.253390312       5.75714310E-10  -9.48059023E-04  0.106938913      -2.16268748E-02 -0.990108073      0.183243036     -0.153411403    
   10.0000000       800.000000       4.38009016E-02   4.44439697      0.251983285       5.66891978E-10  -9.66964697E-04  0.105393313      -2.05297079E-02 -0.996876299      0.182343826     -0.155728638    
   11.0000000       800.000000       4.40220647E-02   4.48833799      0.250733405       5.58560920E-10  -9.64265026E-04  0.103875674      -2.02736892E-02  -1.00378680      0.181451663     -0.159449875    
   12.0000000       800.000000       4.42490242E-02   4.53246212      0.249630764       5.50688661E-10  -9.39603313E-04  0.102386326      -1.98709164E-02  -1.01095104      0.180572286     -0.163709939    
   13.0000000       800.000000       4.44775447E-02   4.57707596      0.248624638       5.43153245E-10  -9.01254069E-04  0.100923978      -1.86132118E-02  -1.01831138      0.179744706     -0.166989714    
   2.00000000       800.000000       4.47068773E-02   4.62136841      0.247681722       5.35872402E-10  -8.54340848E-04   9.94887203E-02  -1.66370533E-02  -1.02584291      0.179000571     -0.169355214    
   3.00000000       800.000000       4.49385233E-02   4.66624355      0.246774778       5.28780741E-10  -8.05288495E-04   9.80794653E-02  -1.46857584E-02  -1.03349364      0.178340450     -0.170248926    
   4.00000000       800.000000       4.51754220E-02   4.71121693      0.245875001       5.21816201E-10  -7.59528892E-04   9.66958031E-02  -1.33950459E-02  -1.04118764      0.177735656     -0.170437023    
   5.00000000       800.000000       4.54156250E-02   4.75678205      0.244980693       5.14966347E-10  -7.16247479E-04   9.53364074E-02  -1.28346924E-02  -1.04893255      0.177152574     -0.169967994    
   6.00000000       800.000000       4.56556603E-02   4.80203438      0.244073853       5.08195042E-10  -6.80036785E-04   9.40019190E-02  -1.24251628E-02  -1.05666614      0.176585332     -0.168352768    
   7.00000000       800.000000       4.59001064E-02   4.84787893      0.243153155       5.01498010E-10  -6.51269453E-04   9.26907733E-02  -1.14411013E-02  -1.06434786      0.176060528     -0.166277707    
   8.00000000       800.000000       4.61495221E-02   4.89382601      0.242225245       4.94885688E-10  -6.28439651E-04   9.14023668E-02  -1.01148747E-02  -1.07197118      0.175593421     -0.164027259    
   9.00000000       800.000000       4.64015417E-02   4.94037914      0.241291448       4.88360352E-10  -6.11397438E-04   9.01359841E-02  -9.14536323E-03  -1.07952595      0.175169125     -0.161752731    
   10.0000000       800.000000       4.66544069E-02   4.98703766      0.240358770       4.81933826E-10  -5.98441693E-04   8.88921991E-02  -8.74094572E-03  -1.08702266      0.174761087     -0.159734696    
   11.0000000       800.000000       4.69110720E-02   5.03345490      0.239434272       4.75618878E-10  -5.87919378E-04   8.76689926E-02  -8.62540584E-03  -1.09447241      0.174356565     -0.157783702    
   12.0000000       800.000000       4.71705161E-02   5.08080530      0.238516077       4.69407069E-10  -5.78829262E-04   8.64666924E-02  -8.39586183E-03  -1.10186732      0.173960924     -0.155879512    
   13.0000000       800.000000       4.74330559E-02   5.12793064      0.237605736       4.63303451E-10  -5.70451433E-04   8.52851570E-02  -7.74704339E-03  -1.10921991      0.173592955     -0.154112726    
   2.00000000       800.000000       4.76989783E-02   5.17558718      0.236700684       4.57296812E-10  -5.61434252E-04   8.41234773E-02  -6.98299659E-03  -1.11652970      0.173260093     -0.152400032    
   3.00000000       800.000000       4.79672700E-02   5.22343826      0.235800534       4.51385679E-10  -5.51750127E-04   8.29811692E-02  -6.61911396E-03  -1.12379932      0.172942355     -0.150507674    
   4.00000000       800.000000       4.82396744E-02   5.27148342      0.234900773       4.45559284E-10  -5.40928449E-04   8.18577409E-02  -6.44648355E-03  -1.13100827      0.172631890     -0.148404241    
   5.00000000       800.000000       4.85143214E-02   5.32006216      0.234000266       4.39816017E-10  -5.29388315E-04   8.07531476E-02  -5.97089110E-03  -1.13815677      0.172341883     -0.146299675    
   6.00000000       800.000000       4.87925000E-02   5.36836243      0.233099997       4.34151881E-10  -5.16401778E-04   7.96667710E-02  -5.18911099E-03  -1.14524484      0.172088787     -0.144416600    
   7.00000000       800.000000       4.90735136E-02   5.41723442      0.232201174       4.28571401E-10  -5.01970586E-04   7.85981938E-02  -4.53430135E-03  -1.15229154      0.171866208     -0.142776787    
   8.00000000       800.000000       4.93605398E-02   5.46674824      0.231303737       4.23072272E-10  -4.85908298E-04   7.75471628E-02  -4.18575713E-03  -1.15929806      0.171659529     -0.141193137    
   9.00000000       800.000000       4.96459454E-02   5.51635075      0.230406255       4.17649249E-10  -4.68865881E-04   7.65132681E-02  -3.82099464E-03  -1.16627097      0.171469823     -0.139563099    
   10.0000000       800.000000       4.99367975E-02   5.56616688      0.229503289       4.12290480E-10  -4.51741071E-04   7.54960105E-02  -3.33373458E-03  -1.17319739      0.171303645     -0.137612030    
   11.0000000       800.000000       5.02316244E-02   5.61612844      0.228587836       4.06982836E-10  -4.35708236E-04   7.44950175E-02  -2.86537712E-03  -1.18005538      0.171159625     -0.135315314    
   12.0000000       800.000000       5.05279116E-02   5.66623640      0.227655068       4.01719297E-10  -4.22097073E-04   7.35101029E-02  -2.52899900E-03  -1.18683136      0.171031713     -0.132680386    
   13.0000000       800.000000       5.08273505E-02   5.71697474      0.226701885       3.96491118E-10  -4.11514833E-04   7.25405812E-02  -2.28404859E-03  -1.19350350      0.170915544     -0.129952356    
   2.00000000       800.000000       5.11321910E-02   5.76780939      0.225731850       3.91306043E-10  -4.03934770E-04   7.15863630E-02  -1.86650979E-03  -1.20008087      0.170820042     -0.127404079    
   3.00000000       800.000000       5.14377542E-02   5.81939650      0.224751920       3.86173649E-10  -3.98140110E-04   7.06470981E-02  -1.43255189E-03  -1.20657182      0.170746297     -0.125323877    
   4.00000000       800.000000       5.17485440E-02   5.87104797      0.223775491       3.81116055E-10  -3.92868649E-04   6.97223395E-02  -1.21254066E-03  -1.21301389      0.170683756     -0.123903267    
   5.00000000       800.000000       5.20629622E-02   5.92277527      0.222810358       3.76147669E-10  -3.86067259E-04   6.88118190E-02  -1.09945587E-03  -1.21943307      0.170626372     -0.123119965    
   6.00000000       800.000000       5.23787588E-02   5.97483015      0.221869141       3.71284198E-10  -3.76740762E-04   6.79152459E-02  -9.63490398E-04  -1.22587049      0.170575857     -0.122801587    
   7.00000000       800.000000       5.26992045E-02   6.02751064      0.220949709       3.66523673E-10  -3.63905361E-04   6.70326576E-02  -7.96063105E-04  -1.23233581      0.170534119     -0.122661151    
   8.00000000       800.000000       5.30240014E-02   6.08028364      0.220051005       3.61859626E-10  -3.48875852E-04   6.61634430E-02  -8.46779323E-04  -1.23884010      0.170489162     -0.122194782    
   9.00000000       800.000000       5.33496812E-02   6.13364077      0.219163880       3.57275320E-10  -3.32391792E-04   6.53075278E-02  -8.93900578E-04  -1.24533713      0.170441493     -0.121375680    
   10.0000000       800.000000       5.36804311E-02   6.18732548      0.218288109       3.52769508E-10  -3.15934449E-04   6.44645765E-02  -7.93725543E-04  -1.25183141      0.170398623     -0.120494351    
   11.0000000       800.000000       5.40157408E-02   6.24103832      0.217420697       3.48335638E-10  -2.99034582E-04   6.36343509E-02  -7.79877882E-04  -1.25831270      0.170356750     -0.119633965    
   12.0000000       800.000000       5.43518029E-02   6.29508209      0.216564983       3.43978512E-10  -2.82388210E-04   6.28168285E-02  -8.97355611E-04  -1.26479661      0.170307949     -0.118824795    
   13.0000000       800.000000       5.46922497E-02   6.34962225      0.215717629       3.39691220E-10  -2.65413051E-04   6.20114170E-02  -8.82498513E-04  -1.27126837      0.170259640     -0.118057445    
   2.00000000       800.000000       5.50380871E-02   6.40445566      0.214881688       3.35475869E-10  -2.48975499E-04   6.12181537E-02  -9.08880145E-04  -1.27775013      0.170209393     -0.117130995    
   3.00000000       800.000000       5.53847216E-02   6.45976830      0.214049354       3.31320721E-10  -2.33209081E-04   6.04367070E-02  -1.08390686E-03  -1.28420389      0.170149431     -0.115900993    
   4.00000000       800.000000       5.57359010E-02   6.51546860      0.213217676       3.27218835E-10  -2.19550158E-04   5.96670285E-02  -1.09333929E-03  -1.29062927      0.170088574     -0.114310630    
   5.00000000       800.000000       5.60912378E-02   6.57112312      0.212377459       3.23155475E-10  -2.08466066E-04   5.89085035E-02  -1.08246109E-03  -1.29698646      0.170028254     -0.112142183    
   6.00000000       800.000000       5.64479530E-02   6.62756824      0.211521521       3.19121313E-10  -2.02037685E-04   5.81613556E-02  -1.14414981E-03  -1.30324888      0.169963375     -0.109383233    
   7.00000000       800.000000       5.68098128E-02   6.68420267      0.210643142       3.15103221E-10  -2.00337992E-04   5.74247092E-02  -1.12754293E-03  -1.30937386      0.169899091     -0.106524326    
   8.00000000       800.000000       5.71758151E-02   6.74102211      0.209748000       3.11111081E-10  -2.03373318E-04   5.66992424E-02  -1.12817180E-03  -1.31539059      0.169834659     -0.104031466    
   9.00000000       800.000000       5.75454868E-02   6.79867172      0.208840653       3.07152137E-10  -2.09159538E-04   5.59839159E-02  -1.16663508E-03  -1.32131100      0.169767588     -0.102130465    
   10.0000000       800.000000       5.79212233E-02   6.85620070      0.207933083       3.03242237E-10  -2.16169152E-04   5.52788228E-02  -1.15630741E-03  -1.32718146      0.169700548     -0.101179630    
   11.0000000       800.000000       5.82982525E-02   6.91421032      0.207036048       2.99396619E-10  -2.21448718E-04   5.45842387E-02  -1.13008497E-03  -1.33306980      0.169634819     -0.100968689    
   12.0000000       800.000000       5.86755127E-02   6.97270107      0.206154749       2.95621416E-10  -2.24503354E-04   5.38992472E-02  -1.07639586E-03  -1.33899379      0.169571459     -0.100822791    
   13.0000000       800.000000       5.90622984E-02   7.03143930      0.205282912       2.91906693E-10  -2.25534881E-04   5.32238856E-02  -1.03142764E-03  -1.34494138      0.169510826     -0.100184284    
   2.00000000       800.000000       5.94485030E-02   7.09108067      0.204412311       2.88239738E-10  -2.26403252E-04   5.25584109E-02  -9.59858822E-04  -1.35086691      0.169453844      -9.90320519E-02
   3.00000000       800.000000       5.98436110E-02   7.15043688      0.203537583       2.84612528E-10  -2.27670564E-04   5.19022606E-02  -8.95474339E-04  -1.35675311      0.169400066      -9.75640267E-02
   4.00000000       800.000000       6.02373928E-02   7.21079636      0.202656373       2.81020984E-10  -2.30100472E-04   5.12552559E-02  -8.24433868E-04  -1.36258328      0.169350326      -9.59635898E-02
   5.00000000       800.000000       6.06374219E-02   7.27131176      0.201768622       2.77464440E-10  -2.33365223E-04   5.06177582E-02  -7.30174535E-04  -1.36835289      0.169306308      -9.44673792E-02
   6.00000000       800.000000       6.10392392E-02   7.33202028      0.200879619       2.73949835E-10  -2.36811335E-04   4.99887802E-02  -6.51275099E-04  -1.37407780      0.169266403      -9.34292302E-02
   7.00000000       800.000000       6.14471473E-02   7.39313030      0.199998602       2.70488354E-10  -2.38633380E-04   4.93685491E-02  -5.77333150E-04  -1.37979496      0.169230863      -9.30700004E-02
   8.00000000       800.000000       6.18590638E-02   7.45494413      0.199133724       2.67091127E-10  -2.37561981E-04   4.87570651E-02  -5.01678325E-04  -1.38555539      0.169200003      -9.31539536E-02
   9.00000000       800.000000       6.22721761E-02   7.51700449      0.198285669       2.63758626E-10  -2.33001905E-04   4.81539667E-02  -4.25102306E-04  -1.39135921      0.169173479      -9.32170525E-02
   10.0000000       800.000000       6.26941621E-02   7.57950735      0.197451606       2.60483524E-10  -2.25754877E-04   4.75592241E-02  -3.51191353E-04  -1.39720285      0.169151485      -9.29751471E-02
   11.0000000       800.000000       6.31151870E-02   7.64244461      0.196626246       2.57259020E-10  -2.16503933E-04   4.69729342E-02  -2.72784964E-04  -1.40305710      0.169134006      -9.24428701E-02
   12.0000000       800.000000       6.35424033E-02   7.70559978      0.195806518       2.54081145E-10  -2.06011595E-04   4.63947356E-02  -2.16530083E-04  -1.40891075      0.169120550      -9.17358473E-02
   13.0000000       800.000000       6.39760271E-02   7.76949692      0.194990322       2.50946042E-10  -1.94550448E-04   4.58243452E-02  -1.47240920E-04  -1.41475475      0.169110984      -9.08674449E-02
   2.00000000       800.000000       6.44085407E-02   7.83382225      0.194175705       2.47850324E-10  -1.82673655E-04   4.52618860E-02  -9.70109904E-05  -1.42057776      0.169104710      -8.97957981E-02
   3.00000000       800.000000       6.48498610E-02   7.89831066      0.193359673       2.44788523E-10  -1.70931700E-04   4.47068922E-02  -4.25805265E-05  -1.42636085      0.169102058      -8.83770734E-02
   4.00000000       800.000000       6.52926117E-02   7.96304750      0.192535281       2.41753145E-10  -1.60483556E-04   4.41595614E-02   4.70800472E-07  -1.43208134      0.169102117      -8.64527896E-02
   5.00000000       800.000000       6.57397360E-02   8.02879810      0.191696271       2.38735892E-10  -1.52611174E-04   4.36197594E-02   3.82197759E-05  -1.43768966      0.169104680      -8.40322301E-02
   6.00000000       800.000000       6.61928579E-02   8.09504509      0.190838888       2.35730407E-10  -1.48088860E-04   4.30871136E-02   6.93172260E-05  -1.44316721      0.169109330      -8.14954415E-02
   7.00000000       800.000000       6.66503683E-02   8.16145802      0.189963520       2.32739397E-10  -1.46490449E-04   4.25616428E-02   8.55421458E-05  -1.44851708      0.169114709      -7.92755038E-02
   8.00000000       800.000000       6.71091229E-02   8.22835445      0.189075500       2.29768871E-10  -1.46805076E-04   4.20433544E-02   9.97837706E-05  -1.45376933      0.169121638      -7.74402693E-02
   9.00000000       800.000000       6.75772652E-02   8.29508305      0.188177675       2.26821631E-10  -1.48372434E-04   4.15319726E-02   1.04602266E-04  -1.45894885      0.169128716      -7.57913142E-02
   10.0000000       800.000000       6.80434331E-02   8.36327362      0.187272340       2.23899524E-10  -1.50907028E-04   4.10272889E-02   1.11806243E-04  -1.46404886      0.169136316      -7.42738247E-02
   11.0000000       800.000000       6.85164854E-02   8.43160915      0.186363041       2.21008503E-10  -1.53797242E-04   4.05290686E-02   1.15376672E-04  -1.46908915      0.169143900      -7.30689541E-02
   12.0000000       800.000000       6.89990669E-02   8.50011826      0.185455889       2.18153828E-10  -1.56090158E-04   4.00378555E-02   1.14911156E-04  -1.47409570      0.169152126      -7.22775832E-02
   13.0000000       800.000000       6.94770738E-02   8.56972027      0.184556574       2.15341384E-10  -1.56858863E-04   3.95527035E-02   1.14119328E-04  -1.47909975      0.169160053      -7.18160123E-02
   2.00000000       800.000000       6.99650571E-02   8.63913631      0.183667094       2.12574125E-10  -1.55627204E-04   3.90742049E-02   1.04560189E-04  -1.48411071      0.169167340      -7.14642331E-02
   3.00000000       800.000000       7.04544336E-02   8.70913506      0.182787254       2.09850484E-10  -1.52415902E-04   3.86018120E-02   9.54769639E-05  -1.48913431      0.169174105      -7.11226538E-02
   4.00000000       800.000000       7.09533468E-02   8.77987480      0.181917220       2.07169407E-10  -1.47298022E-04   3.81356478E-02   7.99815825E-05  -1.49416864      0.169179767      -7.07410499E-02
   5.00000000       800.000000       7.14557767E-02   8.85152435      0.181053892       2.04528103E-10  -1.40597680E-04   3.76759209E-02   6.52433519E-05  -1.49920571      0.169184566      -7.02371895E-02
   6.00000000       800.000000       7.19595850E-02   8.92326069      0.180196777       2.01924408E-10  -1.32655128E-04   3.72214653E-02   4.89926497E-05  -1.50424397      0.169187993      -6.95903823E-02
   7.00000000       800.000000       7.24673644E-02   8.99552822      0.179342881       1.99353797E-10  -1.23963677E-04   3.67736444E-02   3.18041384E-05  -1.50925767      0.169190019      -6.87592104E-02
   8.00000000       800.000000       7.29827210E-02   9.06822109      0.178490087       1.96814440E-10  -1.14986666E-04   3.63314226E-02   1.62015640E-05  -1.51424229      0.169191718      -6.76850155E-02
   9.00000000       800.000000       7.35015273E-02   9.14107132      0.177632853       1.94300701E-10  -1.06581327E-04   3.58947776E-02  -1.24541612E-06  -1.51916957      0.169191331      -6.61939457E-02
   10.0000000       800.000000       7.40236938E-02   9.21487141      0.176766455       1.91804281E-10  -9.99597687E-05   3.54640670E-02  -1.71053634E-05  -1.52400875      0.169190049      -6.41775206E-02
   11.0000000       800.000000       7.45541826E-02   9.28909588      0.175883323       1.89320129E-10  -9.63193379E-05   3.50386910E-02  -3.21034713E-05  -1.52870929      0.169187769      -6.17200583E-02
   12.0000000       800.000000       7.50876293E-02   9.36382198      0.174981222       1.86843804E-10  -9.61960541E-05   3.46188769E-02  -4.86738136E-05  -1.53324497      0.169183984      -5.92865124E-02
   13.0000000       800.000000       7.56227747E-02   9.43945217      0.174065366       1.84382162E-10  -9.85265651E-05   3.42041813E-02  -6.60446822E-05  -1.53764701      0.169178724      -5.74927926E-02
   2.00000000       800.000000       7.61684179E-02   9.51551723      0.173145249       1.81944793E-10  -1.01461861E-04   3.37952524E-02  -8.06948956E-05  -1.54197049      0.169172898      -5.63817136E-02
   3.00000000       800.000000       7.67170042E-02   9.59179592      0.172226340       1.79537343E-10  -1.03921593E-04   3.33912969E-02  -9.05015550E-05  -1.54626167      0.169165939      -5.55571951E-02
   4.00000000       800.000000       7.72694573E-02   9.66848755      0.171311051       1.77160717E-10  -1.05447885E-04   3.29919606E-02  -9.78859462E-05  -1.55052364      0.169158384      -5.49187437E-02
   5.00000000       800.000000       7.78230131E-02   9.74612713      0.170402750       1.74819131E-10  -1.05308027E-04   3.25985886E-02  -1.04291954E-04  -1.55478191      0.169149995      -5.46368659E-02
   6.00000000       800.000000       7.83851892E-02   9.82425022      0.169506267       1.72517181E-10  -1.02841906E-04   3.22097205E-02  -1.09560642E-04  -1.55906022      0.169141516      -5.45430034E-02
   7.00000000       800.000000       7.89523125E-02   9.90284920      0.168620661       1.70252326E-10  -9.81238263E-05   3.18255201E-02  -1.14188602E-04  -1.56336260      0.169132710      -5.42436577E-02
   8.00000000       800.000000       7.95280412E-02   9.98241329      0.167741686       1.68020597E-10  -9.18987425E-05   3.14467475E-02  -1.17469630E-04  -1.56765592      0.169123262      -5.36374711E-02
   9.00000000       800.000000       8.01055804E-02   10.0623922      0.166865766       1.65817318E-10  -8.47976698E-05   3.10724508E-02  -1.18239957E-04  -1.57192338      0.169113800      -5.28358445E-02
   10.0000000       800.000000       8.06882754E-02   10.1425762      0.165990844       1.63640601E-10  -7.73129577E-05   3.07026524E-02  -1.17193165E-04  -1.57615197      0.169104457      -5.18249981E-02
   11.0000000       800.000000       8.12722519E-02   10.2231703      0.165113837       1.61486463E-10  -7.00577075E-05   3.03378347E-02  -1.15125338E-04  -1.58031702      0.169094875      -5.04969433E-02
   12.0000000       800.000000       8.18665698E-02   10.3048105      0.164229378       1.59350103E-10  -6.38221900E-05   2.99774855E-02  -1.11366113E-04  -1.58439338      0.169085875      -4.88593131E-02
   13.0000000       800.000000       8.24698508E-02   10.3871059      0.163333982       1.57227953E-10  -5.94469093E-05   2.96216123E-02  -1.05802188E-04  -1.58834910      0.169077128      -4.67927754E-02
   2.00000000       800.000000       8.30690786E-02   10.4702911      0.162420943       1.55112909E-10  -5.81073400E-05   2.92702410E-02  -9.87809035E-05  -1.59213364      0.169068709      -4.42074277E-02
   3.00000000       800.000000       8.36792067E-02   10.5531397      0.161487207       1.53002444E-10  -6.04204870E-05   2.89233960E-02  -9.11684765E-05  -1.59571779      0.169061407      -4.17029485E-02
   4.00000000       800.000000       8.42924491E-02   10.6371202      0.160540774       1.50904927E-10  -6.50570655E-05   2.85807569E-02  -8.29058627E-05  -1.59914196      0.169054464      -4.01030667E-02
   5.00000000       800.000000       8.49149227E-02   10.7222576      0.159595668       1.48832877E-10  -6.93598413E-05   2.82421056E-02  -7.33511770E-05  -1.60250390      0.169048011      -3.94672565E-02
   6.00000000       800.000000       8.55400413E-02   10.8070173      0.158659980       1.46793591E-10  -7.15500792E-05   2.79078167E-02  -6.28250127E-05  -1.60586870      0.169042617      -3.93871665E-02
   7.00000000       800.000000       8.61672983E-02   10.8929453      0.157738432       1.44790652E-10  -7.07365762E-05   2.75775865E-02  -5.27027041E-05  -1.60926676      0.169038117      -3.95082049E-02
   8.00000000       800.000000       8.68062824E-02   10.9799843      0.156829968       1.42822768E-10  -6.71297821E-05   2.72515304E-02  -4.28359454E-05  -1.61270428      0.169034317      -3.93849090E-02
   9.00000000       800.000000       8.74475688E-02   11.0664978      0.155928627       1.40884110E-10  -6.16608886E-05   2.69293170E-02  -3.28121896E-05  -1.61612856      0.169031590      -3.88634466E-02
   10.0000000       800.000000       8.80924463E-02   11.1543617      0.155030981       1.38970571E-10  -5.52518904E-05   2.66115293E-02  -2.30516071E-05  -1.61952555      0.169029474      -3.80506404E-02
   11.0000000       800.000000       8.87458175E-02   11.2425718      0.154132858       1.37079056E-10  -4.86902645E-05   2.62972228E-02  -1.37053057E-05  -1.62286162      0.169028252      -3.69173214E-02
   12.0000000       800.000000       8.94047245E-02   11.3320246      0.153230503       1.35205333E-10  -4.27378400E-05   2.59871501E-02  -4.92003801E-06  -1.62610137      0.169027805      -3.54067869E-02
   13.0000000       800.000000       9.00711343E-02   11.4218473      0.152317613       1.33343822E-10  -3.83790393E-05   2.56805774E-02   3.58122816E-06  -1.62921464      0.169028178      -3.34963426E-02
   2.00000000       800.000000       9.07422155E-02   11.5118284      0.151390389       1.31491068E-10  -3.66277382E-05   2.53780540E-02   1.10527426E-05  -1.63215721      0.169029266      -3.12194061E-02
   3.00000000       800.000000       9.14164707E-02   11.6033077      0.150445506       1.29644864E-10  -3.80315250E-05   2.50787735E-02   1.78234131E-05  -1.63490093      0.169030935      -2.88950112E-02
   4.00000000       800.000000       9.20993984E-02   11.6952047      0.149487898       1.27809124E-10  -4.18374257E-05   2.47835405E-02   2.36375636E-05  -1.63746190      0.169033006      -2.71637514E-02
   5.00000000       800.000000       9.27866399E-02   11.7873383      0.148529515       1.25993868E-10  -4.57016322E-05   2.44915076E-02   2.87096427E-05  -1.63992286      0.169035599      -2.65295971E-02
   6.00000000       800.000000       9.34779644E-02   11.8806105      0.147583053       1.24209504E-10  -4.72172360E-05   2.42034178E-02   3.26830050E-05  -1.64240265      0.169038683      -2.65654102E-02
   7.00000000       800.000000       9.41774696E-02   11.9743528      0.146649361       1.22456600E-10  -4.59919429E-05   2.39184704E-02   3.58433717E-05  -1.64490652      0.169041976      -2.64739487E-02
   8.00000000       800.000000       9.48819369E-02   12.0688763      0.145724073       1.20730689E-10  -4.25087856E-05   2.36371662E-02   3.81297978E-05  -1.64740694      0.169045895      -2.61091758E-02
   9.00000000       800.000000       9.55979601E-02   12.1640635      0.144804358       1.19029578E-10  -3.76558528E-05   2.33591571E-02   3.96031901E-05  -1.64988136      0.169049621      -2.54466366E-02
   10.0000000       800.000000       9.63135287E-02   12.2600622      0.143885851       1.17348672E-10  -3.23515087E-05   2.30846126E-02   4.02678234E-05  -1.65229166      0.169053420      -2.44373605E-02
   11.0000000       800.000000       9.70358253E-02   12.3568468      0.142963737       1.15684781E-10  -2.74708891E-05   2.28135195E-02   4.03190570E-05  -1.65460575      0.169057295      -2.29534004E-02
   12.0000000       800.000000       9.77677032E-02   12.4544106      0.142031282       1.14031326E-10  -2.40810605E-05   2.25454960E-02   3.96438445E-05  -1.65676248      0.169061005      -2.10805628E-02
   13.0000000       800.000000       9.85076427E-02   12.5523767      0.141086698       1.12387211E-10  -2.29128855E-05   2.22808067E-02   3.82957769E-05  -1.65873921      0.169064894      -1.91460475E-02
   2.00000000       800.000000       9.92456749E-02   12.6510534      0.140131027       1.10753365E-10  -2.38948160E-05   2.20194720E-02   3.62846113E-05  -1.66054881      0.169068560      -1.72483083E-02
   3.00000000       800.000000       9.99961421E-02   12.7503929      0.139165699       1.09131246E-10  -2.64416776E-05   2.17609610E-02   3.37002239E-05  -1.66218281      0.169071794      -1.58106107E-02
   4.00000000       800.000000      0.100751281       12.8514633      0.138202175       1.07529007E-10  -2.85539681E-05   2.15055496E-02   3.06417969E-05  -1.66372252      0.169075042      -1.53283337E-02
   5.00000000       800.000000      0.101513669       12.9527330      0.137250021       1.05954349E-10  -2.84855250E-05   2.12534424E-02   2.71698791E-05  -1.66527915      0.169077858      -1.52078383E-02
   6.00000000       800.000000      0.102282949       13.0543804      0.136306271       1.04404513E-10  -2.62374415E-05   2.10044198E-02   2.33892370E-05  -1.66682208      0.169079974      -1.48760136E-02
   7.00000000       800.000000      0.103057869       13.1565609      0.135368928       1.02877651E-10  -2.23729803E-05   2.07578968E-02   1.94459626E-05  -1.66833866      0.169081882      -1.43477069E-02
   8.00000000       800.000000      0.103839546       13.2604132      0.134434432       1.01370273E-10  -1.78100199E-05   2.05146186E-02   1.54073878E-05  -1.66978657      0.169083819      -1.34310098E-02
   9.00000000       800.000000      0.104626514       13.3645535      0.133496314       9.98778560E-11  -1.37958141E-05   2.02742908E-02   1.15027797E-05  -1.67113364      0.169084877      -1.19476505E-02
   10.0000000       800.000000      0.105420068       13.4691267      0.132548138       9.83951254E-11  -1.13424394E-05   2.00369284E-02   7.50693471E-06  -1.67230105      0.169085801      -1.02071790E-02
   11.0000000       800.000000      0.106228657       13.5754204      0.131590679       9.69229488E-11  -1.08061840E-05   1.98021773E-02   3.80304118E-06  -1.67329669      0.169086099      -8.51769932E-03
   12.0000000       800.000000      0.107034281       13.6821260      0.130625352       9.54619161E-11  -1.18432190E-05   1.95704438E-02   2.18234490E-07  -1.67411876      0.169086024      -6.96405582E-03
   13.0000000       800.000000      0.107849084       13.7891541      0.129655793       9.40153233E-11  -1.35442133E-05   1.93412416E-02  -3.05848653E-06  -1.67479324      0.169085711      -5.96133666E-03
   2.00000000       800.000000      0.108672515       13.8981247      0.128691047       9.25888047E-11  -1.42957333E-05   1.91151015E-02  -6.09445442E-06  -1.67540538      0.169085130      -5.50887221E-03
   3.00000000       800.000000      0.109497771       14.0066690      0.127734542       9.11845252E-11  -1.33527037E-05   1.88909806E-02  -8.76136892E-06  -1.67599452      0.169084251      -5.10840910E-03
   4.00000000       800.000000      0.110339761       14.1170921      0.126782790       8.98005906E-11  -1.10344527E-05   1.86700244E-02  -1.12688504E-05  -1.67652893      0.169082955      -4.52880561E-03
   5.00000000       800.000000      0.111177742       14.2269335      0.125833869       8.84347387E-11  -8.00017369E-06   1.84517521E-02  -1.34890006E-05  -1.67699754      0.169081554      -3.66035895E-03
   6.00000000       800.000000      0.112030037       14.3394938      0.124882691       8.70831809E-11  -5.31099295E-06   1.82360206E-02  -1.53765031E-05  -1.67734671      0.169079706      -2.36615608E-03
   7.00000000       800.000000      0.112885214       14.4517355      0.123925194       8.57429058E-11  -3.73514285E-06   1.80228315E-02  -1.69054056E-05  -1.67753112      0.169077680      -9.04785295E-04
   8.00000000       800.000000      0.113750286       14.5650282      0.122961789       8.44146072E-11  -3.35543632E-06   1.78116038E-02  -1.80254901E-05  -1.67755342      0.169075713       4.69889404E-04
   9.00000000       800.000000      0.114624061       14.6793976      0.121994406       8.30989860E-11  -3.74546266E-06   1.76041666E-02  -1.87918340E-05  -1.67742288      0.169073477       1.63067505E-03
   10.0000000       800.000000      0.115506783       14.7940674      0.121027052       8.17988732E-11  -4.11177416E-06   1.73983444E-02  -1.91870131E-05  -1.67718136      0.169071317       2.45434279E-03
   11.0000000       800.000000      0.116393380       14.9101496      0.120063171       8.05163644E-11  -3.62556489E-06   1.71945505E-02  -1.91814925E-05  -1.67685330      0.169068962       3.04651889E-03
   12.0000000       800.000000      0.117281690       15.0272551      0.119104177       7.92522020E-11  -2.05625156E-06   1.69940144E-02  -1.87885798E-05  -1.67646456      0.169067115       3.65542504E-03
   13.0000000       800.000000      0.118191823       15.1445360      0.118147470       7.80043460E-11   1.89313937E-07   1.67954713E-02  -1.81909181E-05  -1.67599189      0.169064865       4.49419068E-03
   2.00000000       800.000000      0.119099334       15.2630339      0.117189705       7.67706801E-11   2.30389674E-06   1.65984668E-02  -1.73211974E-05  -1.67539799      0.169062585       5.63024078E-03
   3.00000000       800.000000      0.120015435       15.3828135      0.116227537       7.55485882E-11   3.61403045E-06   1.64048746E-02  -1.62034612E-05  -1.67464519      0.169060871       6.92702364E-03
   4.00000000       800.000000      0.120940529       15.5036430      0.115260892       7.43381051E-11   3.99126657E-06   1.62129626E-02  -1.49632551E-05  -1.67373002      0.169058919       8.17193370E-03
   5.00000000       800.000000      0.121867239       15.6249332      0.114291653       7.31402994E-11   3.75974014E-06   1.60243344E-02  -1.35410965E-05  -1.67266357      0.169057399       9.24812164E-03
   6.00000000       800.000000      0.122810721       15.7464323      0.113322295       7.19564755E-11   3.49135439E-06   1.58368368E-02  -1.20208288E-05  -1.67146552      0.169055700       1.00943120E-02
   7.00000000       800.000000      0.123757191       15.8707790      0.112355247       7.07882433E-11   3.76417324E-06   1.56517122E-02  -1.04362434E-05  -1.67016995      0.169054493       1.07756425E-02
   8.00000000       800.000000      0.124716990       15.9948425      0.111391410       6.96357902E-11   4.74590843E-06   1.54686905E-02  -8.78587980E-06  -1.66879022      0.169053271       1.14679011E-02
   9.00000000       800.000000      0.125679165       16.1200333      0.110429637       6.84982279E-11   6.15556837E-06   1.52885746E-02  -7.13867757E-06  -1.66730261      0.169052526       1.22860437E-02
   10.0000000       800.000000      0.126648560       16.2460766      0.109467439       6.73742104E-11   7.54316716E-06   1.51099665E-02  -5.47423451E-06  -1.66568947      0.169051886       1.32553009E-02
   11.0000000       800.000000      0.127627030       16.3736973      0.108503714       6.62623914E-11   8.56329825E-06   1.49334650E-02  -3.80870392E-06  -1.66393197      0.169051483       1.42876469E-02
   12.0000000       800.000000      0.128622070       16.5009899      0.107538879       6.51632220E-11   9.22463732E-06   1.47590488E-02  -2.18980790E-06  -1.66203010      0.169051200       1.52558796E-02
   13.0000000       800.000000      0.129615709       16.6299458      0.106573932       6.40772713E-11   9.78184198E-06   1.45870848E-02  -6.10849725E-07  -1.65999067      0.169051051       1.61177423E-02
   2.00000000       800.000000      0.130617574       16.7607040      0.105609819       6.30045877E-11   1.04982291E-05   1.44160157E-02   8.80898881E-07  -1.65783691      0.169051245       1.68963652E-02
   3.00000000       800.000000      0.131631613       16.8909397      0.104647614       6.19458998E-11   1.14543236E-05   1.42479073E-02   2.25550389E-06  -1.65555692      0.169051558       1.76861845E-02
   4.00000000       800.000000      0.132658064       17.0234966      0.103686169       6.09002293E-11   1.24629996E-05   1.40814297E-02   3.47879495E-06  -1.65315866      0.169051856       1.85533054E-02
   5.00000000       800.000000      0.133689612       17.1564980      0.102724485       5.98670558E-11   1.32905816E-05   1.39171639E-02   4.53766143E-06  -1.65061820      0.169052422       1.94769297E-02
   6.00000000       800.000000      0.134727374       17.2917385      0.101762086       5.88458726E-11   1.38360610E-05   1.37548540E-02   5.43933675E-06  -1.64793396      0.169053063       2.03958899E-02
   7.00000000       800.000000      0.135772675       17.4260139      0.100799620       5.78370372E-11   1.41847386E-05   1.35943536E-02   6.17273827E-06  -1.64509916      0.169053942       2.12547537E-02
   8.00000000       800.000000      0.136831790       17.5625153       9.98378620E-02   5.68405635E-11   1.45412896E-05   1.34353703E-02   6.76047011E-06  -1.64213586      0.169055030       2.20351554E-02
   9.00000000       800.000000      0.137887821       17.6995029       9.88777131E-02   5.58573292E-11   1.50971673E-05   1.32788811E-02   7.20667595E-06  -1.63904715      0.169055909       2.27569435E-02
   10.0000000       800.000000      0.138969555       17.8388729       9.79200229E-02   5.48868555E-11   1.59191604E-05   1.31237209E-02   7.52207961E-06  -1.63584161      0.169056877       2.34705657E-02
   11.0000000       800.000000      0.140046909       17.9775219       9.69637036E-02   5.39288302E-11   1.69284558E-05   1.29700610E-02   7.70145652E-06  -1.63249934      0.169058323       2.42144186E-02
   12.0000000       800.000000      0.141143247       18.1181393       9.60079879E-02   5.29832671E-11   1.79742692E-05   1.28188729E-02   7.74496948E-06  -1.62902462      0.169059291       2.49970276E-02
   13.0000000       800.000000      0.142242312       18.2606220       9.50537696E-02   5.20491532E-11   1.89466373E-05   1.26689272E-02   7.65272125E-06  -1.62541568      0.169060379       2.57897899E-02
   2.00000000       800.000000      0.143348306       18.4025784       9.40994173E-02   5.11269707E-11   1.98363050E-05   1.25213619E-02   7.43775308E-06  -1.62166321      0.169061407       2.65660249E-02
   3.00000000       800.000000      0.144470185       18.5468769       9.31462795E-02   5.02165531E-11   2.06631921E-05   1.23749450E-02   7.11271332E-06  -1.61776280      0.169062391       2.73289625E-02
   4.00000000       800.000000      0.145599216       18.6916237       9.21946689E-02   4.93177964E-11   2.14199154E-05   1.22302808E-02   6.69409656E-06  -1.61374295      0.169063345       2.80862171E-02
   5.00000000       800.000000      0.146730632       18.8387299       9.12429690E-02   4.84303084E-11   2.20867641E-05   1.20883547E-02   6.20044329E-06  -1.60956168      0.169064641       2.88363751E-02
   6.00000000       800.000000      0.147886083       18.9852219       9.02932733E-02   4.75540475E-11   2.26676912E-05   1.19472062E-02   5.64705533E-06  -1.60524333      0.169065371       2.95644868E-02
   7.00000000       800.000000      0.149040878       19.1336536       8.93454701E-02   4.66893087E-11   2.32222828E-05   1.18068364E-02   5.04530772E-06  -1.60076940      0.169065982       3.02577335E-02
   8.00000000       800.000000      0.150206983       19.2841053       8.83983970E-02   4.58362966E-11   2.38302418E-05   1.16691738E-02   4.40629310E-06  -1.59620523      0.169066727       3.09153832E-02
   9.00000000       800.000000      0.151375279       19.4338169       8.74539316E-02   4.49948863E-11   2.45508527E-05   1.15331756E-02   3.74132787E-06  -1.59144592      0.169067204       3.15454118E-02
   10.0000000       800.000000      0.152559474       19.5859928       8.65124613E-02   4.41651819E-11   2.54038405E-05   1.13983108E-02   3.06029119E-06  -1.58658481      0.169067562       3.21662687E-02
   11.0000000       800.000000      0.153755501       19.7391071       8.55721757E-02   4.33463578E-11   2.63440361E-05   1.12648914E-02   2.37401446E-06  -1.58160460      0.169067904       3.27948332E-02
   12.0000000       800.000000      0.154966682       19.8943138       8.46352577E-02   4.25390174E-11   2.72895322E-05   1.11333672E-02   1.69480688E-06  -1.57645643      0.169068262       3.34348492E-02
   13.0000000       800.000000      0.156182289       20.0499210       8.36986229E-02   4.17416622E-11   2.81722369E-05   1.10035529E-02   1.03299726E-06  -1.57120311      0.169068411       3.40801030E-02
   2.00000000       800.000000      0.157407701       20.2067699       8.27653632E-02   4.09558221E-11   2.89487980E-05   1.08752623E-02   3.99381321E-07  -1.56577837      0.169068396       3.47181782E-02
   3.00000000       800.000000      0.158632427       20.3635406       8.18324909E-02   4.01803764E-11   2.96176986E-05   1.07479235E-02  -1.94589745E-07  -1.56023502      0.169068366       3.53409983E-02
   4.00000000       800.000000      0.159881696       20.5234394       8.09025019E-02   3.94154084E-11   3.02088083E-05   1.06221158E-02  -7.40560097E-07  -1.55453348      0.169068307       3.59400623E-02
   5.00000000       800.000000      0.161134437       20.6836548       7.99749270E-02   3.86607725E-11   3.07727714E-05   1.04980702E-02  -1.23383529E-06  -1.54869759      0.169068038       3.65078337E-02
   6.00000000       800.000000      0.162408039       20.8466339       7.90498033E-02   3.79172284E-11   3.13752535E-05   1.03758536E-02  -1.67093549E-06  -1.54273033      0.169067651       3.70444097E-02
   7.00000000       800.000000      0.163673609       21.0080662       7.81271681E-02   3.71838463E-11   3.20674517E-05   1.02540050E-02  -2.05015499E-06  -1.53659737      0.169067472       3.75565439E-02
   8.00000000       800.000000      0.164970547       21.1726456       7.72086009E-02   3.64612958E-11   3.28697060E-05   1.01341428E-02  -2.37061840E-06  -1.53036845      0.169067219       3.80566753E-02
   9.00000000       800.000000      0.166260168       21.3390827       7.62924924E-02   3.57492091E-11   3.37562706E-05   1.00156786E-02  -2.63160860E-06  -1.52399850      0.169066817       3.85561176E-02
   10.0000000       800.000000      0.167571649       21.5048828       7.53792301E-02   3.50471735E-11   3.46612906E-05   9.89903603E-03  -2.83248232E-06  -1.51750314      0.169066444       3.90622355E-02
   11.0000000       800.000000      0.168884769       21.6747990       7.44689256E-02   3.43549078E-11   3.55138436E-05   9.78289451E-03  -2.97327642E-06  -1.51086283      0.169065833       3.95717733E-02
   12.0000000       800.000000      0.170220941       21.8437004       7.35610723E-02   3.36729498E-11   3.62728570E-05   9.66847315E-03  -3.05624826E-06  -1.50407791      0.169065237       4.00747024E-02
   13.0000000       800.000000      0.171562597       22.0148487       7.26563856E-02   3.30004531E-11   3.69363479E-05   9.55578964E-03  -3.08521271E-06  -1.49717677      0.169064894       4.05583344E-02
   2.00000000       800.000000      0.172911152       22.1867790       7.17540830E-02   3.23378095E-11   3.75447016E-05   9.44371335E-03  -3.06452625E-06  -1.49011719      0.169064239       4.10124324E-02
   3.00000000       800.000000      0.174262822       22.3595982       7.08557442E-02   3.16850435E-11   3.81638893E-05   9.33317468E-03  -2.99877365E-06  -1.48293746      0.169063568       4.14336957E-02
   4.00000000       800.000000      0.175636902       22.5350342       6.99613020E-02   3.10422590E-11   3.88545704E-05   9.22406744E-03  -2.89249920E-06  -1.47562337      0.169063017       4.18276638E-02
   5.00000000       800.000000      0.177029908       22.7109966       6.90695196E-02   3.04087762E-11   3.96421601E-05   9.11661610E-03  -2.75020420E-06  -1.46816683      0.169062555       4.22052853E-02
   6.00000000       800.000000      0.178427994       22.8897495       6.81830123E-02   2.97851674E-11   4.05053470E-05   9.00988281E-03  -2.57667193E-06  -1.46062505      0.169062153       4.25784625E-02
   7.00000000       800.000000      0.179832757       23.0675335       6.72994107E-02   2.91709538E-11   4.13866765E-05   8.90404824E-03  -2.37696986E-06  -1.45291567      0.169061720       4.29528207E-02
   8.00000000       800.000000      0.181247130       23.2492962       6.64191395E-02   2.85660749E-11   4.22227095E-05   8.80037062E-03  -2.15649152E-06  -1.44509566      0.169061273       4.33257744E-02
   9.00000000       800.000000      0.182678327       23.4303741       6.55437857E-02   2.79701193E-11   4.29778047E-05   8.69739056E-03  -1.92063794E-06  -1.43715310      0.169060975       4.36861664E-02
   10.0000000       800.000000      0.184120178       23.6137962       6.46713898E-02   2.73833005E-11   4.36616247E-05   8.59529711E-03  -1.67447672E-06  -1.42909145      0.169060692       4.40231934E-02
   11.0000000       800.000000      0.185574606       23.7995758       6.38033524E-02   2.68060088E-11   4.43252538E-05   8.49487260E-03  -1.42260888E-06  -1.42089581      0.169060513       4.43291925E-02
   12.0000000       800.000000      0.187039450       23.9845982       6.29384518E-02   2.62376076E-11   4.50290427E-05   8.39557126E-03  -1.16888111E-06  -1.41257310      0.169060290       4.46046293E-02
   13.0000000       800.000000      0.188515589       24.1725788       6.20796457E-02   2.56780014E-11   4.58055329E-05   8.29696935E-03  -9.16895374E-07  -1.40411866      0.169060186       4.48631346E-02
   2.00000000       800.000000      0.190003842       24.3626595       6.12245798E-02   2.51280316E-11   4.66472993E-05   8.19972344E-03  -6.69891733E-07  -1.39558494      0.169060096       4.51132543E-02
   3.00000000       800.000000      0.191507503       24.5538692       6.03745431E-02   2.45865238E-11   4.75055822E-05   8.10416695E-03  -4.31215625E-07  -1.38690913      0.169059992       4.53595482E-02
   4.00000000       800.000000      0.193027228       24.7454605       5.95273860E-02   2.40536202E-11   4.83134390E-05   8.00895598E-03  -2.03812419E-07  -1.37812543      0.169059962       4.56020348E-02
   5.00000000       800.000000      0.194553345       24.9383144       5.86862676E-02   2.35296088E-11   4.90361490E-05   7.91534875E-03   9.80626869E-09  -1.36925685      0.169059962       4.58320528E-02
   6.00000000       800.000000      0.196085945       25.1336231       5.78491613E-02   2.30138547E-11   4.96903049E-05   7.82218948E-03   2.07654836E-07  -1.36024797      0.169059992       4.60405163E-02
   7.00000000       800.000000      0.197636858       25.3313236       5.70182204E-02   2.25067586E-11   5.03256306E-05   7.73060927E-03   3.88278863E-07  -1.35111415      0.169060111       4.62200791E-02
   8.00000000       800.000000      0.199212298       25.5304661       5.61912656E-02   2.20072242E-11   5.09940874E-05   7.64030265E-03   5.50855248E-07  -1.34187293      0.169060230       4.63729240E-02
   9.00000000       800.000000      0.200781316       25.7297115       5.53696305E-02   2.15166409E-11   5.17156332E-05   7.55079603E-03   6.94476228E-07  -1.33256876      0.169060320       4.65093702E-02
   10.0000000       800.000000      0.202371761       25.9304714       5.45517765E-02   2.10355709E-11   5.24784955E-05   7.46209081E-03   8.18432795E-07  -1.32313216      0.169060394       4.66372482E-02
   11.0000000       800.000000      0.203978211       26.1335907       5.37413955E-02   2.05611535E-11   5.32526683E-05   7.37501914E-03   9.22308629E-07  -1.31359589      0.169060543       4.67562564E-02
   12.0000000       800.000000      0.205590189       26.3390236       5.29353693E-02   2.00955416E-11   5.40106703E-05   7.28811091E-03   1.00596969E-06  -1.30400133      0.169060782       4.68630642E-02
   13.0000000       800.000000      0.207215562       26.5462608       5.21358252E-02   1.96377133E-11   5.47487325E-05   7.20271375E-03   1.06975574E-06  -1.29426777      0.169060946       4.69534397E-02
   2.00000000       800.000000      0.208862230       26.7531796       5.13408929E-02   1.91880054E-11   5.54849539E-05   7.11825863E-03   1.11427948E-06  -1.28445911      0.169061035       4.70231436E-02
   3.00000000       800.000000      0.210511744       26.9634609       5.05512580E-02   1.87461522E-11   5.62402602E-05   7.03485310E-03   1.14055865E-06  -1.27454782      0.169061348       4.70742881E-02
   4.00000000       800.000000      0.212182373       27.1744270       4.97676544E-02   1.83119457E-11   5.70162883E-05   6.95229461E-03   1.14960301E-06  -1.26455593      0.169061437       4.71121892E-02
   5.00000000       800.000000      0.213867262       27.3881035       4.89898883E-02   1.78856981E-11   5.77899555E-05   6.87083369E-03   1.14246996E-06  -1.25448132      0.169061795       4.71403301E-02
   6.00000000       800.000000      0.215570495       27.6017551       4.82186116E-02   1.74668249E-11   5.85330163E-05   6.79016579E-03   1.12009934E-06  -1.24429643      0.169061989       4.71572988E-02
   7.00000000       800.000000      0.217280358       27.8196926       4.74511199E-02   1.70551889E-11   5.92328070E-05   6.71062153E-03   1.08331642E-06  -1.23404491      0.169062227       4.71590236E-02
   8.00000000       800.000000      0.218995273       28.0367794       4.66928408E-02   1.66519524E-11   5.99014020E-05   6.63184887E-03   1.03297430E-06  -1.22373521      0.169062451       4.71405350E-02
   9.00000000       800.000000      0.220740929       28.2576332       4.59376685E-02   1.62552385E-11   6.05644673E-05   6.55381149E-03   9.70044994E-07  -1.21334040      0.169062719       4.71016839E-02
   10.0000000       800.000000      0.222490728       28.4788132       4.51901592E-02   1.58665251E-11   6.12414951E-05   6.47720508E-03   8.95716255E-07  -1.20287752      0.169062883       4.70447131E-02
   11.0000000       800.000000      0.224248633       28.7025547       4.44486476E-02   1.54841626E-11   6.19330240E-05   6.40106155E-03   8.11468283E-07  -1.19230270      0.169063076       4.69736941E-02
   12.0000000       800.000000      0.226034790       28.9273281       4.37120460E-02   1.51099949E-11   6.26237670E-05   6.32591825E-03   7.19047364E-07  -1.18170536      0.169063240       4.68909368E-02
   13.0000000       800.000000      0.227838799       29.1540203       4.29844670E-02   1.47416732E-11   6.32970041E-05   6.25163736E-03   6.20392484E-07  -1.17099702      0.169063389       4.67950143E-02
   2.00000000       800.000000      0.229636580       29.3828106       4.22610790E-02   1.43815697E-11   6.39479258E-05   6.17806893E-03   5.17556998E-07  -1.16026020      0.169063449       4.66837510E-02
   3.00000000       800.000000      0.231463313       29.6143074       4.15444933E-02   1.40274303E-11   6.45854452E-05   6.10557990E-03   4.12609666E-07  -1.14948833      0.169063538       4.65552509E-02
   4.00000000       800.000000      0.233298600       29.8444633       4.08353135E-02   1.36812497E-11   6.52238887E-05   6.03401894E-03   3.07549101E-07  -1.13867295      0.169063598       4.64095697E-02
   5.00000000       800.000000      0.235164225       30.0788250       4.01328951E-02   1.33406073E-11   6.58710924E-05   5.96317230E-03   2.04317161E-07  -1.12775028      0.169063717       4.62490954E-02
   6.00000000       800.000000      0.237021416       30.3152733       3.94370444E-02   1.30074874E-11   6.65305488E-05   5.89301623E-03   1.04733502E-07  -1.11684763      0.169063777       4.60748449E-02
   7.00000000       800.000000      0.238909259       30.5545444       3.87493372E-02   1.26806985E-11   6.71950911E-05   5.82395354E-03   1.03275779E-08  -1.10587871      0.169063762       4.58890274E-02
   8.00000000       800.000000      0.240805298       30.7942753       3.80683430E-02   1.23604425E-11   6.78497672E-05   5.75549388E-03  -7.73491280E-08  -1.09478796      0.169063747       4.56893519E-02
   9.00000000       800.000000      0.242732763       31.0363560       3.73914726E-02   1.20469147E-11   6.84960469E-05   5.68772433E-03  -1.57037150E-07  -1.08373034      0.169063717       4.54756282E-02
   10.0000000       800.000000      0.244650185       31.2805672       3.67252752E-02   1.17393100E-11   6.91421446E-05   5.62095642E-03  -2.27863254E-07  -1.07266772      0.169063613       4.52496782E-02
   11.0000000       800.000000      0.246601894       31.5240726       3.60632725E-02   1.14384257E-11   6.97900832E-05   5.55501832E-03  -2.89142690E-07  -1.06150377      0.169063613       4.50100601E-02
   12.0000000       800.000000      0.248575494       31.7732716       3.54092270E-02   1.11434985E-11   7.04283229E-05   5.48952352E-03  -3.40308077E-07  -1.05037069      0.169063434       4.47603390E-02
   13.0000000       800.000000      0.250549018       32.0229034       3.47638205E-02   1.08550113E-11   7.10533859E-05   5.42521663E-03  -3.81432670E-07  -1.03920281      0.169063330       4.44998629E-02
   2.00000000       800.000000      0.252544135       32.2734489       3.41236740E-02   1.05722254E-11   7.16699433E-05   5.36146248E-03  -4.12629674E-07  -1.02797854      0.169063225       4.42252979E-02
   3.00000000       800.000000      0.254557490       32.5260506       3.34909409E-02   1.02952551E-11   7.22726691E-05   5.29841986E-03  -4.34311715E-07  -1.01675272      0.169063091       4.39388640E-02
   4.00000000       800.000000      0.256586730       32.7818604       3.28663290E-02   1.00244743E-11   7.28675441E-05   5.23586152E-03  -4.47119248E-07  -1.00551474      0.169063032       4.36412953E-02
   5.00000000       800.000000      0.258610994       33.0395813       3.22486609E-02   9.75945453E-12   7.34628629E-05   5.17457537E-03  -4.51814202E-07 -0.994270325      0.169062942       4.33312729E-02
   6.00000000       800.000000      0.260681123       33.2992859       3.16384695E-02   9.50014199E-12   7.40614414E-05   5.11359749E-03  -4.49264888E-07 -0.983028412      0.169062853       4.30102907E-02
   7.00000000       800.000000      0.262756377       33.5623474       3.10357455E-02   9.24642307E-12   7.46593651E-05   5.05350437E-03  -4.40439294E-07 -0.971774638      0.169062689       4.26796414E-02
   8.00000000       800.000000      0.264846563       33.8261070       3.04404367E-02   8.99827522E-12   7.52503693E-05   4.99414559E-03  -4.26331411E-07 -0.960509419      0.169062585       4.23392504E-02
   9.00000000       800.000000      0.266964108       34.0918350       2.98523940E-02   8.75564118E-12   7.58278111E-05   4.93526133E-03  -4.07914399E-07 -0.949243724      0.169062495       4.19898666E-02
   10.0000000       800.000000      0.269089431       34.3593788       2.92717051E-02   8.51845677E-12   7.63896896E-05   4.87710349E-03  -3.86071690E-07 -0.937989116      0.169062376       4.16300520E-02
   11.0000000       800.000000      0.271236569       34.6304741       2.86988169E-02   8.28646700E-12   7.69376566E-05   4.81985649E-03  -3.61541083E-07 -0.926747739      0.169062287       4.12600823E-02
   12.0000000       800.000000      0.273390830       34.9008446       2.81335060E-02   8.05993466E-12   7.74767977E-05   4.76333313E-03  -3.34902126E-07 -0.915525734      0.169062227       4.08804119E-02
   13.0000000       800.000000      0.275573671       35.1773834       2.75757499E-02   7.83829859E-12   7.80123810E-05   4.70712967E-03  -3.06584099E-07 -0.904323161      0.169062123       4.04912345E-02
   2.00000000       800.000000      0.277770936       35.4531212       2.70253122E-02   7.62201934E-12   7.85449374E-05   4.65180119E-03  -2.76891910E-07 -0.893110812      0.169062003       4.00932729E-02
   3.00000000       800.000000      0.279982239       35.7325478       2.64824703E-02   7.41064328E-12   7.90721460E-05   4.59687505E-03  -2.46065639E-07 -0.881930411      0.169061989       3.96877825E-02
   4.00000000       800.000000      0.282222867       36.0137329       2.59474646E-02   7.20411361E-12   7.95880405E-05   4.54302458E-03  -2.14316557E-07 -0.870810866      0.169061854       3.92752886E-02
   5.00000000       800.000000      0.284471065       36.2968369       2.54197922E-02   7.00252486E-12   8.00854905E-05   4.48933523E-03  -1.81864991E-07 -0.859674990      0.169061735       3.88557725E-02
   6.00000000       800.000000      0.286742091       36.5804558       2.48991679E-02   6.80555872E-12   8.05587406E-05   4.43649618E-03  -1.48967430E-07 -0.848610044      0.169061735       3.84293050E-02
   7.00000000       800.000000      0.289016098       36.8690605       2.43860874E-02   6.61346585E-12   8.10053753E-05   4.38425969E-03  -1.15905607E-07 -0.837565124      0.169061705       3.79960425E-02
   8.00000000       800.000000      0.291324228       37.1585426       2.38812566E-02   6.42593877E-12   8.14322120E-05   4.33260109E-03  -8.30942781E-08 -0.826558173      0.169061705       3.75551432E-02
   9.00000000       800.000000      0.293644518       37.4530144       2.33839285E-02   6.24293325E-12   8.18451226E-05   4.28176904E-03  -5.09359168E-08 -0.815598607      0.169061720       3.71075906E-02
   10.0000000       800.000000      0.296003997       37.7481918       2.28940025E-02   6.06440245E-12   8.22475413E-05   4.23139241E-03  -1.98902228E-08 -0.804671466      0.169061705       3.66554633E-02
   11.0000000       800.000000      0.298353791       38.0451622       2.24117059E-02   5.89025833E-12   8.26493779E-05   4.18157596E-03   9.56002211E-09 -0.793804467      0.169061720       3.61962020E-02
   12.0000000       800.000000      0.300734103       38.3437805       2.19366886E-02   5.72034694E-12   8.30490535E-05   4.13226988E-03   3.69351874E-08 -0.782978833      0.169061676       3.57323512E-02
   13.0000000       800.000000      0.303147912       38.6467476       2.14693472E-02   5.55476542E-12   8.34441016E-05   4.08363203E-03   6.18375608E-08 -0.772219956      0.169061720       3.52645144E-02
   2.00000000       800.000000      0.305555582       38.9513550       2.10095439E-02   5.39330299E-12   8.38396663E-05   4.03564004E-03   8.39968948E-08 -0.761510849      0.169061720       3.47920991E-02
   3.00000000       800.000000      0.307996303       39.2577019       2.05572005E-02   5.23600781E-12   8.42412919E-05   3.98818543E-03   1.03218987E-07 -0.750882566      0.169061795       3.43171060E-02
   4.00000000       800.000000      0.310469896       39.5681572       2.01123208E-02   5.08261575E-12   8.46388721E-05   3.94121325E-03   1.19312190E-07 -0.740290701      0.169061825       3.38388607E-02
   5.00000000       800.000000      0.312931180       39.8770142       1.96746960E-02   4.93317149E-12   8.50238284E-05   3.89474072E-03   1.32284995E-07 -0.729773760      0.169061899       3.33584584E-02
   6.00000000       800.000000      0.315432847       40.1933212       1.92445833E-02   4.78761735E-12   8.54019017E-05   3.84894689E-03   1.42159095E-07 -0.719340026      0.169061959       3.28765474E-02
   7.00000000       800.000000      0.317947745       40.5082169       1.88217312E-02   4.64580457E-12   8.57646592E-05   3.80347925E-03   1.49035557E-07 -0.708956361      0.169062033       3.23922858E-02
   8.00000000       800.000000      0.320495814       40.8281288       1.84061360E-02   4.50768589E-12   8.61078370E-05   3.75868520E-03   1.53092458E-07 -0.698653638      0.169062078       3.19069289E-02
   9.00000000       800.000000      0.323059022       41.1489258       1.79977436E-02   4.37321837E-12   8.64329268E-05   3.71449627E-03   1.54562358E-07 -0.688425601      0.169062123       3.14203762E-02
   10.0000000       800.000000      0.325634599       41.4749947       1.75965037E-02   4.24228187E-12   8.67391791E-05   3.67069244E-03   1.53736821E-07 -0.678272069      0.169062167       3.09320521E-02
   11.0000000       800.000000      0.328246117       41.8027420       1.72024108E-02   4.11484215E-12   8.70296863E-05   3.62749677E-03   1.50942910E-07 -0.668196678      0.169062167       3.04430388E-02
   12.0000000       800.000000      0.330868602       42.1312904       1.68154780E-02   3.99078513E-12   8.73103127E-05   3.58483940E-03   1.46497655E-07 -0.658205867      0.169062212       2.99536642E-02
   13.0000000       800.000000      0.333499759       42.4624519       1.64354127E-02   3.87009522E-12   8.75848200E-05   3.54258507E-03   1.40693530E-07 -0.648296058      0.169062242       2.94632856E-02
   2.00000000       800.000000      0.336178690       42.7972488       1.60624888E-02   3.75268436E-12   8.78557694E-05   3.50091560E-03   1.33781626E-07 -0.638476491      0.169062346       2.89734192E-02
   3.00000000       800.000000      0.338866234       43.1343956       1.56964865E-02   3.63846887E-12   8.81250598E-05   3.45963286E-03   1.25976669E-07 -0.628738105      0.169062391       2.84841023E-02
   4.00000000       800.000000      0.341564178       43.4764404       1.53371878E-02   3.52737783E-12   8.83912726E-05   3.41890473E-03   1.17463195E-07 -0.619092524      0.169062421       2.79953610E-02
   5.00000000       800.000000      0.344298780       43.8198090       1.49848089E-02   3.41937438E-12   8.86523703E-05   3.37858102E-03   1.08410440E-07 -0.609539330      0.169062480       2.75085550E-02
   6.00000000       800.000000      0.347046673       44.1641579       1.46391755E-02   3.31434641E-12   8.89046496E-05   3.33881355E-03   9.89754554E-08 -0.600073099      0.169062495       2.70236358E-02
   7.00000000       800.000000      0.349838823       44.5138283       1.43001620E-02   3.21224883E-12   8.91447198E-05   3.29961721E-03   8.93068517E-08 -0.590708435      0.169062555       2.65401434E-02
   8.00000000       800.000000      0.352615893       44.8651733       1.39677478E-02   3.11303544E-12   8.93702818E-05   3.26061365E-03   7.95423389E-08 -0.581434071      0.169062600       2.60591246E-02
   9.00000000       800.000000      0.355454803       45.2186356       1.36419656E-02   3.01661755E-12   8.95783305E-05   3.22236703E-03   6.98086140E-08 -0.572255135      0.169062644       2.55801063E-02
   10.0000000       800.000000      0.358279139       45.5763397       1.33225629E-02   2.92290844E-12   8.97671489E-05   3.18431691E-03   6.02221633E-08 -0.563174784      0.169062644       2.51042452E-02
   11.0000000       800.000000      0.361149102       45.9357567       1.30095910E-02   2.83189184E-12   8.99356382E-05   3.14680161E-03   5.08886586E-08 -0.554194391      0.169062629       2.46310122E-02
   12.0000000       800.000000      0.364027262       46.2968864       1.27028925E-02   2.74347450E-12   9.00877712E-05   3.10983555E-03   4.19008863E-08 -0.545313179      0.169062659       2.41621062E-02
   13.0000000       800.000000      0.366944253       46.6631355       1.24025298E-02   2.65761783E-12   9.02112952E-05   3.07312817E-03   3.33267707E-08 -0.536531687      0.169062659       2.36961544E-02
   2.00000000       800.000000      0.369876415       47.0312233       1.21082626E-02   2.57423293E-12   9.02990505E-05   3.03691253E-03   2.52290189E-08 -0.527852595      0.169062659       2.32328381E-02
   3.00000000       800.000000      0.372847915       47.4044495       1.18199224E-02   2.49327490E-12   9.03691180E-05   3.00120795E-03   1.76588308E-08 -0.519273579      0.169062689       2.27739457E-02
   4.00000000       800.000000      0.375840873       47.7758026       1.15377605E-02   2.41468954E-12   9.04227782E-05   2.96590524E-03   1.06387770E-08 -0.510804534      0.169062689       2.23185755E-02
   5.00000000       800.000000      0.378836393       48.1548996       1.12615991E-02   2.33840768E-12   9.04575863E-05   2.93097179E-03   4.15924539E-09 -0.502430439      0.169062674       2.18682531E-02
   6.00000000       800.000000      0.381849557       48.5329056       1.09912604E-02   2.26438421E-12   9.04721455E-05   2.89633498E-03  -1.78731852E-09 -0.494166762      0.169062674       2.14216765E-02
   7.00000000       800.000000      0.384928495       48.9166336       1.07266270E-02   2.19255603E-12   9.04732733E-05   2.86233239E-03  -7.21055882E-09 -0.486008942      0.169062689       2.09800154E-02
   8.00000000       800.000000      0.388007849       49.3037720       1.04677035E-02   2.12285940E-12   9.04666595E-05   2.82859802E-03  -1.21247732E-08 -0.477954209      0.169062689       2.05425341E-02
   9.00000000       800.000000      0.391112477       49.6939621       1.02144675E-02   2.05526460E-12   9.04639674E-05   2.79524131E-03  -1.65469842E-08 -0.470002681      0.169062674       2.01098751E-02
   10.0000000       800.000000      0.394236952       50.0870171       9.96673387E-03   1.98968836E-12   9.04735134E-05   2.76235584E-03  -2.04928590E-08 -0.462156683      0.169062644       1.96817443E-02
   11.0000000       800.000000      0.397388846       50.4830971       9.72443540E-03   1.92610207E-12   9.05045090E-05   2.72987597E-03  -2.39730280E-08 -0.454421788      0.169062614       1.92587953E-02
   12.0000000       800.000000      0.400564700       50.8813133       9.48756095E-03   1.86444003E-12   9.05559064E-05   2.69782706E-03  -2.69881255E-08 -0.446789116      0.169062614       1.88418906E-02
   13.0000000       800.000000      0.403795749       51.2825050       9.25588328E-03   1.80466666E-12   9.06214191E-05   2.66598957E-03  -2.95411091E-08 -0.439266354      0.169062629       1.84309594E-02
   2.00000000       800.000000      0.406995207       51.6878319       9.02949832E-03   1.74669025E-12   9.06947462E-05   2.63453112E-03  -3.16194395E-08 -0.431847781      0.169062629       1.80265401E-02
   3.00000000       800.000000      0.410275906       52.0953789       8.80813133E-03   1.69052229E-12   9.07582071E-05   2.60353135E-03  -3.32141283E-08 -0.424533129      0.169062629       1.76287778E-02
   4.00000000       800.000000      0.413564175       52.5095062       8.59175716E-03   1.63605631E-12   9.07963840E-05   2.57292041E-03  -3.43291013E-08 -0.417323232      0.169062600       1.72379389E-02
   5.00000000       800.000000      0.416869521       52.9231834       8.38034227E-03   1.58327572E-12   9.07955982E-05   2.54252553E-03  -3.49856428E-08 -0.410215944      0.169062585       1.68532804E-02
   6.00000000       800.000000      0.420203984       53.3436661       8.17364268E-03   1.53211872E-12   9.07533467E-05   2.51257536E-03  -3.52172584E-08 -0.403220177      0.169062555       1.64745878E-02
   7.00000000       800.000000      0.423574746       53.7655487       7.97177292E-03   1.48253111E-12   9.06668793E-05   2.48301099E-03  -3.50659555E-08 -0.396315396      0.169062555       1.61027648E-02
   8.00000000       800.000000      0.426962882       54.1887779       7.77439680E-03   1.43449965E-12   9.05339984E-05   2.45381030E-03  -3.45890250E-08 -0.389526159      0.169062525       1.57363694E-02
   9.00000000       800.000000      0.430381179       54.6191368       7.58165633E-03   1.38795030E-12   9.03650653E-05   2.42484757E-03  -3.38481492E-08 -0.382826835      0.169062495       1.53756868E-02
   10.0000000       800.000000      0.433835030       55.0515404       7.39347655E-03   1.34288208E-12   9.01757667E-05   2.39645876E-03  -3.28981145E-08 -0.376233310      0.169062495       1.50207244E-02
   11.0000000       800.000000      0.437294513       55.4855461       7.20957061E-03   1.29918862E-12   8.99778679E-05   2.36810115E-03  -3.17866906E-08 -0.369744718      0.169062436       1.46715175E-02
   12.0000000       800.000000      0.440796643       55.9234009       7.03005586E-03   1.25690170E-12   8.97850769E-05   2.34031468E-03  -3.05506873E-08 -0.363346845      0.169062451       1.43280979E-02
   13.0000000       800.000000      0.444335788       56.3692284       6.85475906E-03   1.21593393E-12   8.96086858E-05   2.31268769E-03  -2.92135400E-08 -0.357059807      0.169062451       1.39906816E-02
   2.00000000       800.000000      0.447884768       56.8128738       6.68363832E-03   1.17627208E-12   8.94558325E-05   2.28548259E-03  -2.77873777E-08 -0.350868523      0.169062436       1.36594865E-02
   3.00000000       800.000000      0.451492101       57.2652702       6.51653530E-03   1.13785955E-12   8.93265606E-05   2.25864560E-03  -2.62759325E-08 -0.344774127      0.169062391       1.33349542E-02
   4.00000000       800.000000      0.455087274       57.7184486       6.35351520E-03   1.10067868E-12   8.92157332E-05   2.23204633E-03  -2.46789220E-08 -0.338778913      0.169062361       1.30171180E-02
   5.00000000       800.000000      0.458740443       58.1730003       6.19426602E-03   1.06467060E-12   8.91106756E-05   2.20573880E-03  -2.29972859E-08 -0.332879007      0.169062331       1.27060264E-02
   6.00000000       800.000000      0.462410837       58.6358948       6.03900990E-03   1.02981436E-12   8.89964722E-05   2.17965897E-03  -2.12379305E-08 -0.327074528      0.169062331       1.24014523E-02
   7.00000000       800.000000      0.466109008       59.0983734       5.88725926E-03   9.96066619E-13   8.88615978E-05   2.15401244E-03  -1.94129939E-08 -0.321364224      0.169062376       1.21039888E-02
   8.00000000       800.000000      0.469850868       59.5668716       5.73934941E-03   9.63402318E-13   8.86997004E-05   2.12863623E-03  -1.75411845E-08 -0.315746188      0.169062361       1.18125034E-02
   9.00000000       800.000000      0.473630607       60.0369263       5.59488405E-03   9.31773647E-13   8.85147529E-05   2.10366398E-03  -1.56432787E-08 -0.310218185      0.169062361       1.15266135E-02
   10.0000000       800.000000      0.477417022       60.5153427       5.45392651E-03   9.01168463E-13   8.83146640E-05   2.07888661E-03  -1.37402951E-08 -0.304781914      0.169062361       1.12469885E-02
   11.0000000       800.000000      0.481236160       60.9947357       5.31641208E-03   8.71536079E-13   8.81116357E-05   2.05433299E-03  -1.18521406E-08 -0.299437523      0.169062346       1.09728584E-02
   12.0000000       800.000000      0.485106736       61.4788399       5.18223504E-03   8.42866304E-13   8.79130239E-05   2.03021849E-03  -9.99801042E-09 -0.294178843      0.169062316       1.07044755E-02
   13.0000000       800.000000      0.489003509       61.9645309       5.05133392E-03   8.15118806E-13   8.77231651E-05   2.00620294E-03  -8.19756885E-09 -0.289010227      0.169062316       1.04422094E-02
   2.00000000       800.000000      0.492917389       62.4534645       4.92363051E-03   7.88267130E-13   8.75374390E-05   1.98265654E-03  -6.46939124E-09 -0.283925891      0.169062302       1.01860324E-02
   3.00000000       800.000000      0.496857613       62.9518318       4.79908613E-03   7.62283249E-13   8.73563476E-05   1.95929152E-03  -4.83539520E-09 -0.278927892      0.169062316       9.93548520E-03
   4.00000000       800.000000      0.500846684       63.4490204       4.67753271E-03   7.37133607E-13   8.71841112E-05   1.93611509E-03  -3.31559558E-09 -0.274013549      0.169062316       9.69107542E-03
   5.00000000       800.000000      0.504872501       63.9528084       4.55900235E-03   7.12815224E-13   8.70106524E-05   1.91338931E-03  -1.92063898E-09 -0.269180924      0.169062316       9.45255999E-03
   6.00000000       800.000000      0.508909047       64.4573593       4.44336561E-03   6.89272586E-13   8.68379211E-05   1.89078739E-03  -6.65160593E-10 -0.264430702      0.169062316       9.21981782E-03
   7.00000000       800.000000      0.512971818       64.9687729       4.33058245E-03   6.66483904E-13   8.66647388E-05   1.86855730E-03   4.44826426E-10 -0.259760916      0.169062316       8.99240188E-03
   8.00000000       800.000000      0.517089903       65.4843674       4.22054809E-03   6.44445597E-13   8.64935428E-05   1.84645283E-03   1.41063572E-09 -0.255169362      0.169062316       8.77030566E-03
   9.00000000       800.000000      0.521240056       66.0012741       4.11323272E-03   6.23117551E-13   8.63419700E-05   1.82472297E-03   2.23531704E-09 -0.250655174      0.169062316       8.55373219E-03
   10.0000000       800.000000      0.525399923       66.5273361       4.00853483E-03   6.02480793E-13   8.62083834E-05   1.80323073E-03   2.92656832E-09 -0.246215597      0.169062331       8.34226329E-03
   11.0000000       800.000000      0.529633105       67.0519409       3.90644884E-03   5.82516023E-13   8.61042936E-05   1.78194034E-03   3.49152174E-09 -0.241850868      0.169062331       8.13604053E-03
   12.0000000       800.000000      0.533852458       67.5886993       3.80689674E-03   5.63201883E-13   8.60319706E-05   1.76095101E-03   3.93651556E-09 -0.237562865      0.169062331       7.93499965E-03
   13.0000000       800.000000      0.538169861       68.1238251       3.70974070E-03   5.44513978E-13   8.59909487E-05   1.74012722E-03   4.26666968E-09 -0.233345762      0.169062331       7.73923425E-03
   2.00000000       800.000000      0.542478204       68.6609192       3.61500680E-03   5.26432305E-13   8.59715437E-05   1.71962229E-03   4.48720439E-09 -0.229200155      0.169062331       7.54877599E-03
   3.00000000       800.000000      0.546837091       69.2043610       3.52259725E-03   5.08939299E-13   8.59632273E-05   1.69938186E-03   4.60502703E-09 -0.225123212      0.169062331       7.36358529E-03
   4.00000000       800.000000      0.551184714       69.7545853       3.43240681E-03   4.92003790E-13   8.59527572E-05   1.67927740E-03   4.63020555E-09 -0.221114010      0.169062331       7.18352711E-03
   5.00000000       800.000000      0.555633724       70.3113556       3.34441289E-03   4.75625398E-13   8.59272113E-05   1.65943149E-03   4.57660931E-09 -0.217171848      0.169062346       7.00841192E-03
   6.00000000       800.000000      0.560065687       70.8701859       3.25859105E-03   4.59770731E-13   8.58800195E-05   1.63985242E-03   4.46113990E-09 -0.213296533      0.169062331       6.83801668E-03
   7.00000000       800.000000      0.564574599       71.4266510       3.17485654E-03   4.44429053E-13   8.58105050E-05   1.62048801E-03   4.30173408E-09 -0.209480852      0.169062331       6.67209830E-03
   8.00000000       800.000000      0.569091976       71.9988251       3.09322192E-03   4.29582802E-13   8.57268096E-05   1.60137808E-03   4.11504963E-09 -0.205730796      0.169062331       6.51066611E-03
   9.00000000       800.000000      0.573642910       72.5662689       3.01344274E-03   4.15213301E-13   8.56398110E-05   1.58246234E-03   3.91425292E-09 -0.202041388      0.169062331       6.35330752E-03
   10.0000000       800.000000      0.578249216       73.1417236       2.93566566E-03   4.01313721E-13   8.55660837E-05   1.56375056E-03   3.70817488E-09 -0.198411822      0.169062331       6.20005885E-03
   11.0000000       800.000000      0.582887828       73.7225037       2.85976101E-03   3.87861049E-13   8.55171311E-05   1.54527253E-03   3.50156015E-09 -0.194842204      0.169062331       6.05093129E-03
   12.0000000       800.000000      0.587557673       74.3115692       2.78568547E-03   3.74834468E-13   8.55041508E-05   1.52703025E-03   3.29630101E-09 -0.191329852      0.169062331       5.90600213E-03
   13.0000000       800.000000      0.592285097       74.9019089       2.71341507E-03   3.62236771E-13   8.55308608E-05   1.50898215E-03   3.09309911E-09 -0.187872186      0.169062331       5.76529140E-03
   2.00000000       800.000000      0.597044110       75.4963303       2.64288462E-03   3.50040038E-13   8.55964390E-05   1.49108330E-03   2.89290458E-09 -0.184474036      0.169062331       5.62870456E-03
   3.00000000       800.000000      0.601813197       76.0937424       2.57402472E-03   3.38238172E-13   8.56957849E-05   1.47346244E-03   2.69760281E-09 -0.181127176      0.169062331       5.49635012E-03
   4.00000000       800.000000      0.606662095       76.6995621       2.50682374E-03   3.26809624E-13   8.58230778E-05   1.45605276E-03   2.51006460E-09 -0.177831769      0.169062316       5.36820618E-03
   5.00000000       800.000000      0.611538589       77.3089294       2.44119437E-03   3.15746886E-13   8.59677311E-05   1.43882830E-03   2.33352626E-09 -0.174586162      0.169062316       5.24410978E-03
   6.00000000       800.000000      0.616429627       77.9216690       2.37715594E-03   3.05038194E-13   8.61234876E-05   1.42175786E-03   2.17079976E-09 -0.171391457      0.169062331       5.12402831E-03
   7.00000000       800.000000      0.621346176       78.5425873       2.31458852E-03   2.94671378E-13   8.62828820E-05   1.40496274E-03   2.02374895E-09 -0.168244228      0.169062331       5.00781788E-03
   8.00000000       800.000000      0.626343310       79.1605453       2.25348561E-03   2.84631937E-13   8.64498506E-05   1.38830126E-03   1.89315408E-09 -0.165143698      0.169062331       4.89532715E-03
   9.00000000       800.000000      0.631355822       79.7936478       2.19381694E-03   2.74913176E-13   8.66329865E-05   1.37185783E-03   1.77868609E-09 -0.162087694      0.169062331       4.78636893E-03
   10.0000000       800.000000      0.636449695       80.4251099       2.13555619E-03   2.65498994E-13   8.68491552E-05   1.35560334E-03   1.67912528E-09 -0.159074828      0.169062331       4.68103588E-03
   11.0000000       800.000000      0.641569495       81.0633545       2.07864959E-03   2.56387657E-13   8.71170560E-05   1.33945560E-03   1.59345714E-09 -0.156105563      0.169062331       4.57903510E-03
   12.0000000       800.000000      0.646703839       81.7070923       2.02305824E-03   2.47564529E-13   8.74614998E-05   1.32364349E-03   1.52077595E-09 -0.153177038      0.169062331       4.48077125E-03
   13.0000000       800.000000      0.651862979       82.3593216       1.96875772E-03   2.39020555E-13   8.79032523E-05   1.30791788E-03   1.45960377E-09 -0.150286272      0.169062331       4.38619219E-03
   2.00000000       800.000000      0.657104909       83.0148392       1.91570725E-03   2.30746927E-13   8.84457695E-05   1.29235047E-03   1.40893397E-09 -0.147433877      0.169062331       4.29597916E-03
   3.00000000       800.000000      0.662361264       83.6720734       1.86389335E-03   2.22732314E-13   8.90841766E-05   1.27698178E-03   1.36703204E-09 -0.144617885      0.169062331       4.20938805E-03
   4.00000000       800.000000      0.667716920       84.3404617       1.81323069E-03   2.14972205E-13   8.98114158E-05   1.26177410E-03   1.33254285E-09 -0.141836032      0.169062331       4.12832526E-03
   5.00000000       800.000000      0.673070669       85.0116577       1.76377676E-03   2.07460514E-13   9.06027126E-05   1.24686863E-03   1.30232336E-09 -0.139081538      0.169062331       4.05011326E-03
   6.00000000       800.000000      0.678464949       85.6865540       1.71540782E-03   2.00183701E-13   9.14713673E-05   1.23196957E-03   1.27323663E-09 -0.136362687      0.169062331       3.97874601E-03
   7.00000000       800.000000      0.683868349       86.3630829       1.66816334E-03   1.93133310E-13   9.23988628E-05   1.21736212E-03   1.24383615E-09 -0.133662045      0.169062331       3.90878785E-03
   8.00000000       800.000000      0.689361989       87.0500107       1.62197277E-03   1.86305520E-13   9.34017662E-05   1.20283512E-03   1.21294952E-09 -0.130993932      0.169062331       3.84909543E-03
   9.00000000       800.000000      0.694936693       87.7468338       1.57684856E-03   1.79694652E-13   9.44450585E-05   1.18852966E-03   1.17978483E-09 -0.128336102      0.169062331       3.78734851E-03
   10.0000000       800.000000      0.700467765       88.4404068       1.53278955E-03   1.73290107E-13   9.55748255E-05   1.17443711E-03   1.14375842E-09 -0.125711635      0.169062331       3.74319847E-03
   11.0000000       800.000000      0.706084132       89.1438522       1.48976361E-03   1.67098323E-13   9.67060623E-05   1.16040034E-03   1.10358711E-09 -0.123066865      0.169062331       3.68914031E-03
   12.0000000       800.000000      0.711785257       89.8559036       1.44775724E-03   1.61104813E-13   9.79879624E-05   1.14662095E-03   1.05830977E-09 -0.120475970      0.169062331       3.66731873E-03
   13.0000000       800.000000      0.717506111       90.5660553       1.40676531E-03   1.55307895E-13   9.92361529E-05   1.13298267E-03   1.00646780E-09 -0.117824659      0.169062331       3.61885759E-03
   2.00000000       800.000000      0.723254204       91.2924652       1.36679900E-03   1.49705050E-13   1.00801764E-04   1.11961027E-03   9.48164880E-10 -0.115261361      0.169062331       3.63140902E-03
   3.00000000       800.000000      0.729030788       92.0148239       1.32791896E-03   1.44297050E-13   1.02260870E-04   1.10627932E-03   8.83973006E-10 -0.112549528      0.169062331       3.58391623E-03
   4.00000000       800.000000      0.734885931       92.7492523       1.29008223E-03   1.39082702E-13   1.04353807E-04   1.09322253E-03   8.16533563E-10 -0.110015675      0.169062331       3.65298917E-03
   5.00000000       800.000000      0.740812361       93.4854507       1.25336950E-03   1.34059403E-13   1.05995219E-04   1.08033093E-03   7.48064777E-10 -0.107165575      0.169062331       3.59681901E-03
   6.00000000       800.000000      0.746736884       94.2303009       1.21785735E-03   1.29231519E-13   1.08728695E-04   1.06771267E-03   6.82267631E-10 -0.104666695      0.169062331       3.76282446E-03
   7.00000000       800.000000      0.752711892       94.9802017       1.18352217E-03   1.24596351E-13   1.10164918E-04   1.05522294E-03   6.20630047E-10 -0.101517506      0.169062331       3.67048290E-03
   8.00000000       800.000000      0.758787692       95.7357407       1.15059025E-03   1.20172657E-13   1.13514565E-04   1.04310014E-03   5.65683889E-10  -9.91211310E-02  0.169062331       4.00992483E-03
   9.00000000       800.000000      0.764886141       96.4991150       1.11892575E-03   1.15941883E-13   1.14457907E-04   1.03093474E-03   5.14349285E-10  -9.54108685E-02  0.169062331       3.80758243E-03
   10.0000000       800.000000      0.770997465       97.2638321       1.08880468E-03   1.11931399E-13   1.18040414E-04   1.01963955E-03   4.78273920E-10  -9.32719707E-02  0.169062331       4.59535513E-03
   11.0000000       800.000000      0.777200460       98.0346756       1.06081017E-03   1.08189282E-13   1.35877170E-04   1.00779417E-03   4.29982078E-10  -8.82961303E-02  0.169062331       4.04465524E-03
   12.0000000       800.000000      0.783445537       98.8157425       1.02573493E-03   1.03787977E-13   5.97646431E-05   9.97542404E-04   1.10668825E-20  -8.69596079E-02  0.169062331      -3.04498128E-03
   13.0000000       800.000000      0.789714217       99.6048737       1.00181869E-03   1.00566528E-13   5.95353340E-05   9.85702965E-04   1.14295689E-20  -9.30891111E-02  0.169062331      -7.75841950E-03
