   0.00000000       190.000000       3.40428352E-02   1.01702809       1.79327838E-03   1.76287006E-11  -8.23861510E-02   1.69140613      -7.74718187E-15  -4.10203310E-03  -2.63742449E-16  -5.56061044E-02
   1.00000000       197.000000       3.40447091E-02   1.05104125       1.76399457E-03   1.67791891E-11  -7.53021017E-02   1.57454741      -1.36356873E-16  -5.99506125E-03  -2.68384480E-16   1.09079834E-02
   2.00000000       200.000000       3.40499915E-02   1.08514261       1.73609843E-03   1.59956666E-11   5.03802933E-02   1.16072845      -7.17455670E-02  -3.35924793E-03  -2.44294573E-03   3.43047902E-02
   3.00000000       200.000000       3.40571664E-02   1.11914527       2.41303444E-03   2.15563244E-11   8.34458098E-02   1.03376949       1.17229745E-02  -3.65866884E-03  -2.04370031E-03  -1.50147500E-02
   4.00000000       200.000000       3.40652503E-02   1.15326166       3.20891803E-03   2.78196390E-11   8.86287838E-02  0.943472683      0.119695589      -4.38208273E-03   2.03376613E-03  -2.39055958E-02
   5.00000000       200.000000       3.40752266E-02   1.18727005       4.05077543E-03   3.41106761E-11   8.28204006E-02  0.873926818      0.265510291      -5.28764492E-03   1.10813640E-02  -2.68509015E-02
   6.00000000       200.000000       3.40886116E-02   1.22141874       4.88478364E-03   3.99860214E-11   7.33386204E-02  0.816910148      0.430083096      -6.21239049E-03   2.57425997E-02  -3.36332358E-02
   7.00000000       200.000000       3.41038704E-02   1.25543642       5.96951181E-03   4.75385495E-11   6.28887042E-02  0.768697739      0.559501469      -7.58122047E-03   4.48241867E-02  -4.51759025E-02
   8.00000000       200.000000       3.41209993E-02   1.28956389       7.31527898E-03   5.67147579E-11   5.26687205E-02  0.726948738      0.646965802      -9.29458905E-03   6.69000149E-02  -5.80111332E-02
   9.00000000       200.000000       3.41415480E-02   1.32373023       8.98268353E-03   6.78467699E-11   4.31488529E-02  0.690347910      0.710989118      -1.15412911E-02   9.11744982E-02  -7.54607618E-02
   10.0000000       200.000000       3.41642797E-02   1.35789859       1.10965688E-02   8.17054202E-11   3.39120887E-02  0.657875538      0.780875027      -1.44489501E-02  0.117851876      -9.76568982E-02
   11.0000000       200.000000       3.41873281E-02   1.39207828       1.37021793E-02   9.84142073E-11   2.60822177E-02  0.628844500      0.859414160      -1.82162318E-02  0.147233099     -0.125728980    
   2.00000000       200.000000       3.42125520E-02   1.42626679       1.69651359E-02   1.18928520E-10   1.83026865E-02  0.602571785      0.911218107      -2.30489802E-02  0.178409323     -0.163987413    
   3.00000000       200.000000       3.42412032E-02   1.46045995       2.11075917E-02   1.44500675E-10   1.00791538E-02  0.578453898      0.882792830      -2.94421352E-02  0.208637953     -0.213003024    
   4.00000000       200.000000       3.42717990E-02   1.49468386       2.64235009E-02   1.76747464E-10   2.24820338E-03  0.556920946      0.746993244      -3.76428254E-02  0.234239250     -0.275433153    
   5.00000000       200.000000       3.43041234E-02   1.52902329       3.28038372E-02   2.14505677E-10  -2.92658876E-03  0.537867844      0.678052902      -4.83308062E-02  0.257500261     -0.352982372    
   6.00000000       200.000000       3.43400165E-02   1.56331646       4.02476899E-02   2.57403932E-10  -7.13723293E-03  0.519776523      0.558885634      -6.18736967E-02  0.276692241     -0.425867438    
   7.00000000       200.000000       3.43780145E-02   1.59766877       4.88882996E-02   3.05941827E-10  -1.00924103E-02  0.502444029      0.323860168      -7.75955841E-02  0.287826300     -0.492689997    
   8.00000000       400.000000       3.44163403E-02   1.63212323       5.87731488E-02   3.60049962E-10  -1.17350714E-02  0.485863239      -2.22143028E-02  -9.57679525E-02  0.287061512     -0.561665356    
   9.00000000       400.000000       3.44596468E-02   1.66651404       6.98183775E-02   4.18876656E-10  -1.20663596E-02  0.470002860     -0.444733143     -0.116280578      0.271736503     -0.635764241    
   10.0000000       400.000000       3.45019177E-02   1.70102203       8.18893760E-02   4.81339024E-10  -1.12882331E-02  0.454863697     -0.863485813     -0.139610872      0.241944090     -0.715063155    
   11.0000000       400.000000       3.45477760E-02   1.73553383       9.48413387E-02   5.46381773E-10  -9.97575931E-03  0.440410405      -1.22603071     -0.165656149      0.199587122     -0.780223310    
   12.0000000       400.000000       3.45973931E-02   1.77006423      0.108449347       6.12574103E-10  -8.43934994E-03  0.426593840      -1.47112095     -0.193559200      0.148691535     -0.818736434    
   13.0000000       400.000000       3.46456654E-02   1.80469894      0.122276083       6.77427114E-10  -6.86950050E-03  0.413398325      -1.50358891     -0.222348392       9.65967476E-02 -0.827722967    
   2.00000000       400.000000       3.46989296E-02   1.83938944      0.135722548       7.37750805E-10  -5.41626243E-03  0.400812060      -1.25134599     -0.250958890       5.31757288E-02 -0.797629535    
   3.00000000       400.000000       3.47537622E-02   1.87406790      0.148022786       7.89702581E-10  -4.23264969E-03  0.388826579     -0.714481831     -0.277746916       2.83443909E-02 -0.716539741    
   4.00000000       400.000000       3.48123796E-02   1.90886545      0.158506721       8.30227387E-10  -3.44230724E-03  0.377440870      -4.48293760E-02 -0.300805777       2.67838314E-02 -0.602757752    
   5.00000000       400.000000       3.48717459E-02   1.94381344      0.167082250       8.59459170E-10  -3.02846055E-03  0.366662830      0.518691361     -0.319748729       4.48709354E-02 -0.494219720    
   6.00000000       400.000000       3.49331126E-02   1.97864985      0.174008012       8.79298190E-10  -2.88108038E-03  0.356469065      0.792526364     -0.335304260       7.25556985E-02 -0.404328495    
   7.00000000       400.000000       3.49960364E-02   2.01366401      0.179572165       8.91657970E-10  -2.85212253E-03  0.346822709      0.742156327     -0.348022491       9.85283330E-02 -0.338090420    
   8.00000000       400.000000       3.50628383E-02   2.04869795      0.184295088       8.99465002E-10  -2.87013408E-03  0.337693751      0.467465550     -0.358990073      0.114918679     -0.299039066    
   9.00000000       400.000000       3.51311862E-02   2.08382654      0.188426375       9.04138708E-10  -2.85942433E-03  0.329042345      0.135374904     -0.369012296      0.119674385     -0.288897902    
   10.0000000       400.000000       3.52015831E-02   2.11898565      0.192339838       9.07601161E-10  -2.79666320E-03  0.320827752      -9.20590907E-02 -0.379308432      0.116433769     -0.305722564    
   11.0000000       400.000000       3.52728553E-02   2.15418029      0.196195558       9.10651110E-10  -2.66180537E-03  0.312999189     -0.131765142     -0.390558481      0.111786030     -0.339800388    
   12.0000000       400.000000       3.53475511E-02   2.18945503      0.200172186       9.14127218E-10  -2.45706690E-03  0.305511832      -1.56273097E-02 -0.403305531      0.111233585     -0.381449878    
   13.0000000       400.000000       3.54251340E-02   2.22494793      0.204220608       9.17780629E-10  -2.20220815E-03  0.298327029      0.142306775     -0.417555511      0.116275012     -0.419165522    
   2.00000000       400.000000       3.55066359E-02   2.26028228      0.208274156       9.21312748E-10  -1.94941240E-03  0.291409880      0.228502139     -0.433037937      0.124388233     -0.441662312    
   3.00000000       400.000000       3.55888382E-02   2.29589605      0.212129563       9.23841503E-10  -1.73913827E-03  0.284732729      0.199962318     -0.448954105      0.131504104     -0.445566982    
   4.00000000       400.000000       3.56727764E-02   2.33153582      0.215728760       9.25158339E-10  -1.58991397E-03  0.278277516      0.100418054     -0.464788586      0.135086268     -0.435825884    
   5.00000000       400.000000       3.57585363E-02   2.36718988      0.219041705       9.25192145E-10  -1.49187504E-03  0.272038847       7.72037636E-03 -0.480085194      0.135362372     -0.420454949    
   6.00000000       400.000000       3.58451568E-02   2.40296197      0.222173765       9.24442412E-10  -1.43093255E-03  0.266008675      -5.00516295E-02 -0.494895220      0.133568242     -0.408573687    
   7.00000000       400.000000       3.59365791E-02   2.43895650      0.225191161       9.23210786E-10  -1.36714953E-03  0.260176659      -9.35119763E-02 -0.509413302      0.130207583     -0.399994642    
   8.00000000       400.000000       3.60317938E-02   2.47496963      0.228069991       9.21416499E-10  -1.31144375E-03  0.254542530     -0.127171412     -0.523682714      0.125625476     -0.392233610    
   9.00000000       400.000000       3.61256152E-02   2.51087451      0.230816156       9.19114673E-10  -1.28222606E-03  0.249093622     -0.148962155     -0.537715793      0.120243959     -0.382234901    
   10.0000000       400.000000       3.62243615E-02   2.54723430      0.233379856       9.16123177E-10  -1.29577750E-03  0.243826032     -0.152043074     -0.551336646      0.114736408     -0.372084022    
   11.0000000       400.000000       3.63236889E-02   2.58347154      0.235761642       9.12478981E-10  -1.33618852E-03  0.238728136     -0.134942845     -0.564710915      0.109834798     -0.367093593    
   12.0000000       400.000000       3.64281610E-02   2.61973166      0.238057420       9.08573161E-10  -1.39306986E-03  0.233792931      -9.92950723E-02 -0.578043699      0.106217705     -0.363150746    
   13.0000000       400.000000       3.65312435E-02   2.65625191      0.240243003       9.04323338E-10  -1.43753877E-03  0.229014829      -3.48683968E-02 -0.591205895      0.104943879     -0.357596606    
   2.00000000       400.000000       3.66381556E-02   2.69287086      0.242340475       8.99824937E-10  -1.51031499E-03  0.224385798       4.51421626E-02 -0.604209542      0.106597677     -0.352016777    
   3.00000000       400.000000       3.67491208E-02   2.72951531      0.244306192       8.94929963E-10  -1.59107416E-03  0.219896972      0.100674070     -0.617040098      0.110297374     -0.352275908    
   4.00000000       400.000000       3.68596762E-02   2.76648116      0.246306553       8.90254648E-10  -1.67460844E-03  0.215548903      0.117128998     -0.630139589      0.114614807     -0.358256459    
   5.00000000       400.000000       3.69738303E-02   2.80324292      0.248307824       8.85668539E-10  -1.73057639E-03  0.211332500      0.137197584     -0.643490911      0.119687654     -0.365836740    
   6.00000000       400.000000       3.70923392E-02   2.84031177      0.250380635       8.81416606E-10  -1.78309379E-03  0.207238138      0.172304258     -0.657235384      0.126078844     -0.373011976    
   7.00000000       400.000000       3.72101963E-02   2.87746811      0.252458602       8.77259321E-10  -1.82188849E-03  0.203264683      0.202004075     -0.671207130      0.133595243     -0.379632801    
   8.00000000       400.000000       3.73310633E-02   2.91468883      0.254587620       8.73344119E-10  -1.84855703E-03  0.199404195      0.208964586     -0.685534656      0.141396493     -0.391668379    
   9.00000000       400.000000       3.74547355E-02   2.95214677      0.256838143       8.69904537E-10  -1.84634363E-03  0.195653915      0.196694687     -0.700498998      0.148763716     -0.403113246    
   10.0000000       400.000000       3.75822932E-02   2.98967767      0.259068996       8.66449024E-10  -1.82616315E-03  0.192005754      0.167821616     -0.715782404      0.155070633     -0.416341215    
   11.0000000       400.000000       3.77115831E-02   3.02733731      0.261455685       8.63557559E-10  -1.79440470E-03  0.188460484      0.128753841     -0.731846988      0.159926161     -0.426302642    
   12.0000000       400.000000       3.78417671E-02   3.06507659      0.263746351       8.60387595E-10  -1.73755817E-03  0.185007811       8.10057297E-02 -0.747991145      0.162991837     -0.435603589    
   13.0000000       400.000000       3.79736088E-02   3.10296249      0.266209126       8.57811988E-10  -1.68161595E-03  0.181646094       3.43768857E-02 -0.764872968      0.164296865     -0.442791939    
   2.00000000       400.000000       3.81093584E-02   3.14102793      0.268547863       8.54868176E-10  -1.59963162E-03  0.178368941      -1.49302101E-02 -0.781682312      0.163728133     -0.447387725    
   3.00000000       400.000000       3.82481478E-02   3.17926812      0.270975798       8.52239279E-10  -1.52746658E-03  0.175180852      -5.26348278E-02 -0.799034476      0.161714628     -0.451401770    
   4.00000000       400.000000       3.83906849E-02   3.21746230      0.273316860       8.49364079E-10  -1.43744773E-03  0.172070533      -7.14673847E-02 -0.816277206      0.158971146     -0.451278776    
   5.00000000       400.000000       3.85340862E-02   3.25593615      0.275651872       8.46502202E-10  -1.35499157E-03  0.169038042      -7.36155659E-02 -0.833747983      0.156134531     -0.450774401    
   6.00000000       400.000000       3.86794209E-02   3.29459786      0.277874827       8.43328962E-10  -1.26553304E-03  0.166080460      -7.68634826E-02 -0.851081133      0.153161496     -0.448818654    
   7.00000000       400.000000       3.88261117E-02   3.33332801      0.280078113       8.40132242E-10  -1.19547604E-03  0.163198963      -7.99767151E-02 -0.868533790      0.150056452     -0.441712558    
   8.00000000       400.000000       3.89781781E-02   3.37215042      0.282018185       8.36194225E-10  -1.11858232E-03  0.160386398      -8.02282020E-02 -0.885447860      0.146929204     -0.438822806    
   9.00000000       400.000000       3.91310640E-02   3.41121101      0.284093499       8.32704850E-10  -1.07064284E-03  0.157642141      -7.55234584E-02 -0.902809501      0.143974096     -0.432703167    
   10.0000000       400.000000       3.92854065E-02   3.45050335      0.285818189       8.28241586E-10  -1.00108795E-03  0.154965773      -6.68311566E-02 -0.919379473      0.141348332     -0.427265048    
   11.0000000       400.000000       3.94439995E-02   3.48992372      0.287690312       8.24261326E-10  -9.74720635E-04  0.152347326      -5.88137805E-02 -0.936449766      0.139028609     -0.420433879    
   12.0000000       400.000000       3.96043137E-02   3.52931929      0.289198905       8.19307566E-10  -9.20308346E-04  0.149796024      -5.85396625E-02 -0.952615142      0.136710137     -0.414253622    
   13.0000000       400.000000       3.97699885E-02   3.56905532      0.290863067       8.14858736E-10  -9.08584509E-04  0.147304237      -6.53885305E-02 -0.969329536      0.134109989     -0.410393447    
   2.00000000       400.000000       3.99327539E-02   3.60901117      0.292248160       8.09698031E-10  -8.60099331E-04  0.144867614      -6.73224404E-02 -0.985324562      0.131421179     -0.404484332    
   3.00000000       400.000000       4.01016437E-02   3.64905024      0.293735623       8.04893319E-10  -8.51383549E-04  0.142487049      -6.91892877E-02  -1.00170195      0.128646538     -0.398509860    
   4.00000000       400.000000       4.02740240E-02   3.68916464      0.294971973       7.99478261E-10  -8.04811541E-04  0.140164346      -6.80827498E-02  -1.01735365      0.125904575     -0.393477291    
   5.00000000       400.000000       4.04453352E-02   3.72949243      0.296340525       7.94494304E-10  -7.95811880E-04  0.137884572      -6.72369823E-02  -1.03346407      0.123185150     -0.388191462    
   6.00000000       400.000000       4.06209007E-02   3.77015471      0.297451019       7.88897003E-10  -7.45498342E-04  0.135665238      -5.57487905E-02  -1.04882491      0.120920509     -0.384347886    
   7.00000000       400.000000       4.08019014E-02   3.81062984      0.298715770       7.83788368E-10  -7.32653541E-04  0.133490160      -3.93937416E-02  -1.06475961      0.119313002     -0.379845291    
   8.00000000       400.000000       4.09835242E-02   3.85157919      0.299705535       7.78036635E-10  -6.76870404E-04  0.131372005      -1.64422337E-02  -1.07988906      0.118639506     -0.374300092    
   9.00000000       400.000000       4.11677249E-02   3.89264297      0.300827622       7.72710951E-10  -6.63653133E-04  0.129289493       6.39419025E-03  -1.09550738      0.118902445     -0.369322538    
   10.0000000       800.000000       4.13518026E-02   3.93391180      0.301731080       7.66900099E-10  -6.03660883E-04  0.127259284       2.96925325E-02  -1.11036575      0.120130494     -0.363384366    
   11.0000000       800.000000       4.15420607E-02   3.97551847      0.302690864       7.61320951E-10  -5.90330921E-04  0.125272721       4.92719561E-02  -1.12563026      0.122177370     -0.357810020    
   12.0000000       800.000000       4.17331755E-02   4.01692963      0.303451061       7.55320584E-10  -5.41395100E-04  0.123323515       6.51057512E-02  -1.14016283      0.124894254     -0.351288944    
   13.0000000       800.000000       4.19295840E-02   4.05884504      0.304243624       7.49488360E-10  -5.30454156E-04  0.121423423       7.28075579E-02  -1.15502024      0.127947241     -0.346820831    
   2.00000000       800.000000       4.21275869E-02   4.10084629      0.304886788       7.43376416E-10  -4.90649894E-04  0.119559661       7.01058581E-02  -1.16931379      0.130900353     -0.341455251    
   3.00000000       800.000000       4.23264094E-02   4.14324856      0.305543423       7.37384043E-10  -4.81977710E-04  0.117735974       6.02815300E-02  -1.18385541      0.133451983     -0.338298529    
   4.00000000       800.000000       4.25276794E-02   4.18554831      0.306091934       7.31219363E-10  -4.48086212E-04  0.115945749       4.93501090E-02  -1.19802129      0.135550827     -0.334738821    
   5.00000000       800.000000       4.27326299E-02   4.22826385      0.306650996       7.25170313E-10  -4.39200958E-04  0.114197157       4.05759923E-02  -1.21239686      0.137284756     -0.332438380    
   6.00000000       800.000000       4.29400988E-02   4.27117634      0.307128012       7.19013848E-10  -4.06856387E-04  0.112485766       3.24697532E-02  -1.22650337      0.138678968     -0.329992503    
   7.00000000       800.000000       4.31519486E-02   4.31416321      0.307620376       7.12981452E-10  -3.95937095E-04  0.110804208       2.62915734E-02  -1.24080598      0.139813408     -0.327561617    
   8.00000000       800.000000       4.33655083E-02   4.35740662      0.308035433       7.06854353E-10  -3.63885512E-04  0.109159984       2.44489331E-02  -1.25484252      0.140873745     -0.324930817    
   9.00000000       800.000000       4.35808785E-02   4.40067959      0.308457881       7.00832947E-10  -3.51403287E-04  0.107544288       2.69232504E-02  -1.26905942      0.142046705     -0.322125763    
   10.0000000       800.000000       4.38009016E-02   4.44439697      0.308802605       6.94717617E-10  -3.22281354E-04  0.105960041       2.75182575E-02  -1.28299046      0.143252477     -0.319224894    
   11.0000000       800.000000       4.40220647E-02   4.48833799      0.309145480       6.88683333E-10  -3.10436561E-04  0.104411431       2.41022371E-02  -1.29709649      0.144313395     -0.316108614    
   12.0000000       800.000000       4.42490242E-02   4.53246212      0.309414804       6.82573220E-10  -2.88045761E-04  0.102888174       1.78938285E-02  -1.31089497      0.145105258     -0.312918872    
   13.0000000       800.000000       4.44775447E-02   4.57707596      0.309678316       6.76531664E-10  -2.77438812E-04  0.101399973       1.06508611E-02  -1.32485807      0.145578951     -0.310936004    
   2.00000000       800.000000       4.47068773E-02   4.62136841      0.309888691       6.70460687E-10  -2.60381756E-04   9.99357104E-02   8.46378796E-04  -1.33862495      0.145616621     -0.308791280    
   3.00000000       800.000000       4.49385233E-02   4.66624355      0.310088962       6.64449107E-10  -2.51093443E-04   9.85008553E-02  -9.61918384E-03  -1.35253966      0.145184621     -0.307022780    
   4.00000000       800.000000       4.51754220E-02   4.71121693      0.310253173       6.58444965E-10  -2.38090084E-04   9.70904753E-02  -1.68211497E-02  -1.36629152      0.144424587     -0.304947257    
   5.00000000       800.000000       4.54156250E-02   4.75678205      0.310408473       6.52500887E-10  -2.28105142E-04   9.57069471E-02  -2.00730190E-02  -1.38016438      0.143512890     -0.303746879    
   6.00000000       800.000000       4.56556603E-02   4.80203438      0.310533971       6.46574572E-10  -2.17169727E-04   9.43521708E-02  -2.12179124E-02  -1.39395308      0.142544135     -0.301508278    
   7.00000000       800.000000       4.59001064E-02   4.84787893      0.310641497       6.40690001E-10  -2.08937825E-04   9.30197686E-02  -2.13090517E-02  -1.40777218      0.141565993     -0.299263477    
   8.00000000       800.000000       4.61495221E-02   4.89382601      0.310723782       6.34834685E-10  -2.00308161E-04   9.17100608E-02  -2.06232760E-02  -1.42150259      0.140614405     -0.297261447    
   9.00000000       800.000000       4.64015417E-02   4.94037914      0.310785472       6.29013064E-10  -1.93248008E-04   9.04271007E-02  -2.01999675E-02  -1.43528271      0.139677137     -0.295515418    
   10.0000000       800.000000       4.66544069E-02   4.98703766      0.310822070       6.23217422E-10  -1.87721278E-04   8.91684294E-02  -2.13312563E-02  -1.44900012      0.138681829     -0.293247342    
   11.0000000       800.000000       4.69110720E-02   5.03345490      0.310841471       6.17464080E-10  -1.82898497E-04   8.79250169E-02  -2.30564568E-02  -1.46272087      0.137600377     -0.291747719    
   12.0000000       800.000000       4.71705161E-02   5.08080530      0.310842633       6.11749096E-10  -1.78375427E-04   8.67120847E-02  -2.35541947E-02  -1.47644889      0.136489362     -0.290269196    
   13.0000000       800.000000       4.74330559E-02   5.12793064      0.310824573       6.06071193E-10  -1.74483997E-04   8.55137035E-02  -2.27479171E-02  -1.49018192      0.135410383     -0.288557798    
   2.00000000       800.000000       4.76989783E-02   5.17558718      0.310793370       6.00439642E-10  -1.70739906E-04   8.43385458E-02  -2.08415408E-02  -1.50390351      0.134415969     -0.286963135    
   3.00000000       800.000000       4.79672700E-02   5.22343826      0.310746431       5.94852001E-10  -1.66690137E-04   8.31833333E-02  -1.74425244E-02  -1.51763880      0.133579299     -0.285596788    
   4.00000000       800.000000       4.82396744E-02   5.27148342      0.310682654       5.89302385E-10  -1.63172939E-04   8.20480362E-02  -1.34828184E-02  -1.53138053      0.132929042     -0.283913583    
   5.00000000       800.000000       4.85143214E-02   5.32006216      0.310603976       5.83795678E-10  -1.60143871E-04   8.09334442E-02  -1.04552908E-02  -1.54510868      0.132421583     -0.282300204    
   6.00000000       800.000000       4.87925000E-02   5.36836243      0.310510874       5.78331327E-10  -1.57179238E-04   7.98352137E-02  -8.07246100E-03  -1.55885351      0.132027879     -0.281001568    
   7.00000000       800.000000       4.90735136E-02   5.41723442      0.310402066       5.72905667E-10  -1.54847599E-04   7.87550136E-02  -5.87853556E-03  -1.57260942      0.131739438     -0.279545188    
   8.00000000       800.000000       4.93605398E-02   5.46674824      0.310279846       5.67526137E-10  -1.52791079E-04   7.76980221E-02  -4.03212337E-03  -1.58636773      0.131540298     -0.278120458    
   9.00000000       800.000000       4.96459454E-02   5.51635075      0.310146630       5.62192071E-10  -1.50743173E-04   7.66552314E-02  -1.86296739E-03  -1.60014236      0.131447807     -0.276836902    
   10.0000000       800.000000       4.99367975E-02   5.56616688      0.310003996       5.56899582E-10  -1.48750667E-04   7.56269172E-02   8.75557656E-04  -1.61392677      0.131491750     -0.275494725    
   11.0000000       800.000000       5.02316244E-02   5.61612844      0.309844822       5.51657775E-10  -1.46788749E-04   7.46191964E-02   3.52090411E-03  -1.62774241      0.131668702     -0.274089098    
   12.0000000       800.000000       5.05279116E-02   5.66623640      0.309676439       5.46455214E-10  -1.44834135E-04   7.36262575E-02   5.83795737E-03  -1.64154410      0.131963670     -0.272692800    
   13.0000000       800.000000       5.08273505E-02   5.71697474      0.309499890       5.41298173E-10  -1.42869278E-04   7.26499110E-02   7.60436943E-03  -1.65538430      0.132350102     -0.271362096    
   2.00000000       800.000000       5.11321910E-02   5.76780939      0.309310704       5.36186651E-10  -1.40950870E-04   7.16896430E-02   8.71044956E-03  -1.66921449      0.132795364     -0.270046681    
   3.00000000       800.000000       5.14377542E-02   5.81939650      0.309109181       5.31117872E-10  -1.39049531E-04   7.07442611E-02   9.44294687E-03  -1.68306172      0.133281216     -0.268706530    
   4.00000000       800.000000       5.17485440E-02   5.87104797      0.308897227       5.26089727E-10  -1.37169685E-04   6.98136315E-02   1.00615630E-02  -1.69694579      0.133801758     -0.267347813    
   5.00000000       800.000000       5.20629622E-02   5.92277527      0.308672845       5.21099996E-10  -1.35258364E-04   6.88981563E-02   1.06662596E-02  -1.71083724      0.134357169     -0.265945405    
   6.00000000       800.000000       5.23787588E-02   5.97483015      0.308439523       5.16154564E-10  -1.33315101E-04   6.79974854E-02   1.10525917E-02  -1.72471583      0.134935975     -0.264475167    
   7.00000000       800.000000       5.26992045E-02   6.02751064      0.308194220       5.11246823E-10  -1.31300316E-04   6.71094358E-02   1.11203436E-02  -1.73861551      0.135521919     -0.262976170    
   8.00000000       800.000000       5.30240014E-02   6.08028364      0.307937384       5.06379605E-10  -1.29212058E-04   6.62385002E-02   1.08397864E-02  -1.75252545      0.136096865     -0.261455864    
   9.00000000       800.000000       5.33496812E-02   6.13364077      0.307668418       5.01554853E-10  -1.27006657E-04   6.53780326E-02   1.01749543E-02  -1.76642966      0.136639699     -0.259915084    
   10.0000000       800.000000       5.36804311E-02   6.18732548      0.307389885       4.96763852E-10  -1.24587430E-04   6.45306781E-02   9.36942920E-03  -1.78034067      0.137142614     -0.258408874    
   11.0000000       800.000000       5.40157408E-02   6.24103832      0.307098299       4.92011043E-10  -1.22126119E-04   6.36956170E-02   8.47735256E-03  -1.79425275      0.137600496     -0.256831169    
   12.0000000       800.000000       5.43518029E-02   6.29508209      0.306796134       4.87295870E-10  -1.19707154E-04   6.28777817E-02   7.48506607E-03  -1.80817366      0.138007417     -0.255148470    
   13.0000000       800.000000       5.46922497E-02   6.34962225      0.306480944       4.82616169E-10  -1.17256750E-04   6.20697141E-02   6.43718801E-03  -1.82208371      0.138359457     -0.253465414    
   2.00000000       800.000000       5.50380871E-02   6.40445566      0.306152850       4.77971718E-10  -1.14916504E-04   6.12703636E-02   5.25988033E-03  -1.83598113      0.138648883     -0.251741439    
   3.00000000       800.000000       5.53847216E-02   6.45976830      0.305814117       4.73358852E-10  -1.12620321E-04   6.04872070E-02   4.01680544E-03  -1.84987831      0.138871282     -0.249970689    
   4.00000000       800.000000       5.57359010E-02   6.51546860      0.305460334       4.68781403E-10  -1.10380570E-04   5.97134568E-02   2.78079743E-03  -1.86376715      0.139026180     -0.248182148    
   5.00000000       800.000000       5.60912378E-02   6.57112312      0.305092901       4.64234096E-10  -1.08365188E-04   5.89558408E-02   1.57150463E-03  -1.87763202      0.139114842     -0.246312514    
   6.00000000       800.000000       5.64479530E-02   6.62756824      0.304711342       4.59715849E-10  -1.06430562E-04   5.82029782E-02   4.36541886E-04  -1.89148450      0.139139101     -0.244377792    
   7.00000000       800.000000       5.68098128E-02   6.68420267      0.304315954       4.55228355E-10  -1.04665538E-04   5.74659742E-02  -6.18119666E-04  -1.90531409      0.139104068     -0.242409050    
   8.00000000       800.000000       5.71758151E-02   6.74102211      0.303907365       4.50774251E-10  -1.02940940E-04   5.67379296E-02  -1.59249653E-03  -1.91911268      0.139012843     -0.240405113    
   9.00000000       800.000000       5.75454868E-02   6.79867172      0.303483278       4.46347764E-10  -1.01285674E-04   5.60208373E-02  -2.47621886E-03  -1.93288946      0.138870493     -0.238360986    
   10.0000000       800.000000       5.79212233E-02   6.85620070      0.303044409       4.41951448E-10  -9.97239185E-05   5.53142205E-02  -3.24554415E-03  -1.94663644      0.138682500     -0.236261740    
   11.0000000       800.000000       5.82982525E-02   6.91421032      0.302594274       4.37584469E-10  -9.81812991E-05   5.46172224E-02  -3.89347877E-03  -1.96034753      0.138455465     -0.234116480    
   12.0000000       800.000000       5.86755127E-02   6.97270107      0.302129626       4.33243330E-10  -9.67038868E-05   5.39306737E-02  -4.39782254E-03  -1.97402251      0.138197586     -0.231924474    
   13.0000000       800.000000       5.90622984E-02   7.03143930      0.301647335       4.28932750E-10  -9.52574046E-05   5.32543585E-02  -4.77987574E-03  -1.98765790      0.137915045     -0.229678705    
   2.00000000       800.000000       5.94485030E-02   7.09108067      0.301151335       4.24650537E-10  -9.38722515E-05   5.25879376E-02  -5.03849192E-03  -2.00123787      0.137615651     -0.227386028    
   3.00000000       800.000000       5.98436110E-02   7.15043688      0.300640196       4.20393720E-10  -9.25411878E-05   5.19302934E-02  -5.17166499E-03  -2.01478219      0.137306064     -0.225038126    
   4.00000000       800.000000       6.02373928E-02   7.21079636      0.300112665       4.16159968E-10  -9.12593096E-05   5.12836203E-02  -5.18926512E-03  -2.02826214      0.136993542     -0.222640663    
   5.00000000       800.000000       6.06374219E-02   7.27131176      0.299568266       4.11952111E-10  -9.00301020E-05   5.06439321E-02  -5.09162387E-03  -2.04169345      0.136684865     -0.220192000    
   6.00000000       800.000000       6.10392392E-02   7.33202028      0.299007088       4.07769873E-10  -8.88424984E-05   5.00133410E-02  -4.89965221E-03  -2.05505443      0.136385679     -0.217696309    
   7.00000000       800.000000       6.14471473E-02   7.39313030      0.298429906       4.03613865E-10  -8.77003404E-05   4.93927002E-02  -4.61553922E-03  -2.06835866      0.136102095     -0.215151340    
   8.00000000       800.000000       6.18590638E-02   7.45494413      0.297835499       3.99476674E-10  -8.65869224E-05   4.87796478E-02  -4.25921520E-03  -2.08158183      0.135838598     -0.212560564    
   9.00000000       800.000000       6.22721761E-02   7.51700449      0.297224522       3.95366018E-10  -8.55001708E-05   4.81736958E-02  -3.83805600E-03  -2.09474087      0.135599583     -0.209926248    
   10.0000000       800.000000       6.26941621E-02   7.57950735      0.296596855       3.91277538E-10  -8.44325114E-05   4.75785434E-02  -3.36812297E-03  -2.10782027      0.135388523     -0.207243025    
   11.0000000       800.000000       6.31151870E-02   7.64244461      0.295950204       3.87210403E-10  -8.33793601E-05   4.69917841E-02  -2.86010769E-03  -2.12081695      0.135207757     -0.204519019    
   12.0000000       800.000000       6.35424033E-02   7.70559978      0.295286149       3.83168219E-10  -8.23334485E-05   4.64119725E-02  -2.32946454E-03  -2.13372135      0.135059953     -0.201750606    
   13.0000000       800.000000       6.39760271E-02   7.76949692      0.294604242       3.79146214E-10  -8.12921280E-05   4.58392389E-02  -1.78782351E-03  -2.14654016      0.134945691     -0.198940694    
   2.00000000       800.000000       6.44085407E-02   7.83382225      0.293905169       3.75144610E-10  -8.02486029E-05   4.52772118E-02  -1.24679506E-03  -2.15926623      0.134865522     -0.196088463    
   3.00000000       800.000000       6.48498610E-02   7.89831066      0.293186575       3.71166153E-10  -7.91990678E-05   4.47223112E-02  -7.17007613E-04  -2.17188978      0.134818986     -0.193197578    
   4.00000000       800.000000       6.52926117E-02   7.96304750      0.292449802       3.67208403E-10  -7.81367416E-05   4.41740677E-02  -2.08842874E-04  -2.18440771      0.134805068     -0.190266788    
   5.00000000       800.000000       6.57397360E-02   8.02879810      0.291694343       3.63271274E-10  -7.70579645E-05   4.36323397E-02   2.68892851E-04  -2.19681883      0.134822860     -0.187298611    
   6.00000000       800.000000       6.61928579E-02   8.09504509      0.290920436       3.59356295E-10  -7.59561590E-05   4.30983938E-02   7.08981999E-04  -2.20911741      0.134869739     -0.184292778    
   7.00000000       800.000000       6.66503683E-02   8.16145802      0.290128291       3.55459634E-10  -7.48278180E-05   4.25720252E-02   1.10505009E-03  -2.22130322      0.134943351     -0.181249410    
   8.00000000       800.000000       6.71091229E-02   8.22835445      0.289317191       3.51583707E-10  -7.36691582E-05   4.20531034E-02   1.45216542E-03  -2.23336339      0.135040924     -0.178167284    
   9.00000000       800.000000       6.75772652E-02   8.29508305      0.288487047       3.47729484E-10  -7.24790807E-05   4.15405780E-02   1.74670760E-03  -2.24530077      0.135158882     -0.175046325    
   10.0000000       800.000000       6.80434331E-02   8.36327362      0.287637562       3.43894413E-10  -7.12566471E-05   4.10327725E-02   1.98649219E-03  -2.25710368      0.135294124     -0.171886072    
   11.0000000       800.000000       6.85164854E-02   8.43160915      0.286768019       3.40078687E-10  -7.00024902E-05   4.05349806E-02   2.17034388E-03  -2.26876926      0.135442823     -0.168686628    
   12.0000000       800.000000       6.89990669E-02   8.50011826      0.285880446       3.36284084E-10  -6.87168940E-05   4.00410853E-02   2.29856628E-03  -2.28030181      0.135601506     -0.165448144    
   13.0000000       800.000000       6.94770738E-02   8.56972027      0.284972876       3.32507771E-10  -6.73992399E-05   3.95568758E-02   2.37237429E-03  -2.29168296      0.135766298     -0.162170827    
   2.00000000       800.000000       6.99650571E-02   8.63913631      0.284044772       3.28750194E-10  -6.60499718E-05   3.90776545E-02   2.39403010E-03  -2.30291486      0.135933623     -0.158856317    
   3.00000000       800.000000       7.04544336E-02   8.70913506      0.283097386       3.25012517E-10  -6.46691769E-05   3.86043414E-02   2.36671767E-03  -2.31398988      0.136100441     -0.155503005    
   4.00000000       800.000000       7.09533468E-02   8.77987480      0.282129914       3.21293242E-10  -6.32574811E-05   3.81376371E-02   2.29440467E-03  -2.32490206      0.136263341     -0.152112797    
   5.00000000       800.000000       7.14557767E-02   8.85152435      0.281142175       3.17593035E-10  -6.18175472E-05   3.76744904E-02   2.18161801E-03  -2.33564901      0.136418998     -0.148684397    
   6.00000000       800.000000       7.19595850E-02   8.92326069      0.280133843       3.13911425E-10  -6.03524204E-05   3.72207575E-02   2.03344063E-03  -2.34622788      0.136565402     -0.145219162    
   7.00000000       800.000000       7.24673644E-02   8.99552822      0.279105186       3.10247411E-10  -5.88664079E-05   3.67720202E-02   1.85529038E-03  -2.35662198      0.136699930     -0.141716823    
   8.00000000       800.000000       7.29827210E-02   9.06822109      0.278056204       3.06602688E-10  -5.73632933E-05   3.63292992E-02   1.65280548E-03  -2.36683941      0.136820674     -0.138179749    
   9.00000000       800.000000       7.35015273E-02   9.14107132      0.276986331       3.02975645E-10  -5.58464017E-05   3.58901508E-02   1.43170299E-03  -2.37686515      0.136925593     -0.134609014    
   10.0000000       800.000000       7.40236938E-02   9.21487141      0.275895745       2.99366726E-10  -5.43179449E-05   3.54596451E-02   1.19766977E-03  -2.38669825      0.137014553     -0.131007075    
   11.0000000       800.000000       7.45541826E-02   9.28909588      0.274783492       2.95775959E-10  -5.27797893E-05   3.50336358E-02   9.56242380E-04  -2.39633226      0.137085721     -0.127374917    
   12.0000000       800.000000       7.50876293E-02   9.36382198      0.273651093       2.92203206E-10  -5.12332372E-05   3.46126594E-02   7.12701585E-04  -2.40575743      0.137139186     -0.123714089    
   13.0000000       800.000000       7.56227747E-02   9.43945217      0.272497565       2.88648855E-10  -4.96802022E-05   3.41954865E-02   4.71979525E-04  -2.41497660      0.137175024     -0.120025888    
   2.00000000       800.000000       7.61684179E-02   9.51551723      0.271322399       2.85111740E-10  -4.81232564E-05   3.37852538E-02   2.38605455E-04  -2.42397714      0.137193039     -0.116310790    
   3.00000000       800.000000       7.67170042E-02   9.59179592      0.270126432       2.81592888E-10  -4.65656703E-05   3.33805755E-02   1.66294212E-05  -2.43275857      0.137194306     -0.112569630    
   4.00000000       800.000000       7.72694573E-02   9.66848755      0.268909276       2.78091467E-10  -4.50109292E-05   3.29818390E-02  -1.90424660E-04  -2.44130921      0.137179583     -0.108804248    
   5.00000000       800.000000       7.78230131E-02   9.74612713      0.267671049       2.74608863E-10  -4.34620597E-05   3.25857401E-02  -3.79572564E-04  -2.44963002      0.137150154     -0.105015382    
   6.00000000       800.000000       7.83851892E-02   9.82425022      0.266411573       2.71143746E-10  -4.19212993E-05   3.21963243E-02  -5.48402604E-04  -2.45771623      0.137107164     -0.101205468    
   7.00000000       800.000000       7.89523125E-02   9.90284920      0.265130997       2.67697003E-10  -4.03900485E-05   3.18126194E-02  -6.95075898E-04  -2.46555638      0.137052178      -9.73757729E-02
   8.00000000       800.000000       7.95280412E-02   9.98241329      0.263829231       2.64267996E-10  -3.88692133E-05   3.14329490E-02  -8.18314322E-04  -2.47314572      0.136987239      -9.35275033E-02
   9.00000000       800.000000       8.01055804E-02   10.0623922      0.262506306       2.60857308E-10  -3.73596886E-05   3.10572889E-02  -9.17393423E-04  -2.48048449      0.136913672      -8.96623731E-02
   10.0000000       800.000000       8.06882754E-02   10.1425762      0.261162430       2.57464772E-10  -3.58624675E-05   3.06859538E-02  -9.92101151E-04  -2.48756504      0.136833653      -8.57810229E-02
   11.0000000       800.000000       8.12722519E-02   10.2231703      0.259798080       2.54090637E-10  -3.43784486E-05   3.03198546E-02  -1.04270841E-03  -2.49437881      0.136748716      -8.18852559E-02
   12.0000000       800.000000       8.18665698E-02   10.3048105      0.258412302       2.50734988E-10  -3.29080503E-05   2.99601220E-02  -1.06992072E-03  -2.50092363      0.136661291      -7.79770389E-02
   13.0000000       800.000000       8.24698508E-02   10.3871059      0.257006049       2.47397797E-10  -3.14510580E-05   2.96022166E-02  -1.07485265E-03  -2.50719333      0.136572644      -7.40583986E-02
   2.00000000       800.000000       8.30690786E-02   10.4702911      0.255578816       2.44078702E-10  -3.00062675E-05   2.92509664E-02  -1.05895416E-03  -2.51318336      0.136484817      -7.01312050E-02
   3.00000000       800.000000       8.36792067E-02   10.5531397      0.254131138       2.40778841E-10  -2.85717197E-05   2.89024003E-02  -1.02398254E-03  -2.51888633      0.136398986      -6.61983937E-02
   4.00000000       800.000000       8.42924491E-02   10.6371202      0.252662808       2.37497993E-10  -2.71454574E-05   2.85589974E-02  -9.71936388E-04  -2.52430153      0.136317149      -6.22612461E-02
   5.00000000       800.000000       8.49149227E-02   10.7222576      0.251174092       2.34235770E-10  -2.57254433E-05   2.82205455E-02  -9.05000023E-04  -2.52942276      0.136240095      -5.83214723E-02
   6.00000000       800.000000       8.55400413E-02   10.8070173      0.249665484       2.30992725E-10  -2.43103077E-05   2.78852619E-02  -8.25503725E-04  -2.53424382      0.136169672      -5.43810576E-02
   7.00000000       800.000000       8.61672983E-02   10.8929453      0.248136684       2.27768887E-10  -2.28991412E-05   2.75544226E-02  -7.35836104E-04  -2.53875875      0.136106282      -5.04418798E-02
   8.00000000       800.000000       8.68062824E-02   10.9799843      0.246588215       2.24564270E-10  -2.14912925E-05   2.72269156E-02  -6.38427155E-04  -2.54296947      0.136050716      -4.65060323E-02
   9.00000000       800.000000       8.74475688E-02   11.0664978      0.245019794       2.21379443E-10  -2.00865998E-05   2.69036908E-02  -5.35678468E-04  -2.54686499      0.136003911      -4.25754562E-02
   10.0000000       800.000000       8.80924463E-02   11.1543617      0.243432164       2.18213933E-10  -1.86847356E-05   2.65854187E-02  -4.29919688E-04  -2.55044127      0.135966137      -3.86525989E-02
   11.0000000       800.000000       8.87458175E-02   11.2425718      0.241825357       2.15068977E-10  -1.72852015E-05   2.62703318E-02  -3.23375541E-04  -2.55369997      0.135937378      -3.47395092E-02
   12.0000000       800.000000       8.94047245E-02   11.3320246      0.240199506       2.11943754E-10  -1.58871226E-05   2.59596836E-02  -2.18126341E-04  -2.55663157      0.135917708      -3.08395419E-02
   13.0000000       800.000000       9.00711343E-02   11.4218473      0.238554731       2.08838724E-10  -1.44890710E-05   2.56507713E-02  -1.16080511E-04  -2.55923247      0.135907441      -2.69548669E-02
   2.00000000       800.000000       9.07422155E-02   11.5118284      0.236891925       2.05754344E-10  -1.30893040E-05   2.53478978E-02  -1.89485745E-05  -2.56150532      0.135905638      -2.30879113E-02
   3.00000000       800.000000       9.14164707E-02   11.6033077      0.235210493       2.02690503E-10  -1.16858946E-05   2.50478946E-02   7.17731091E-05  -2.56343985      0.135912418      -1.92405414E-02
   4.00000000       800.000000       9.20993984E-02   11.6952047      0.233511806       1.99647951E-10  -1.02771646E-05   2.47522630E-02   1.54816138E-04  -2.56503439      0.135926470      -1.54147940E-02
   5.00000000       800.000000       9.27866399E-02   11.7873383      0.231795609       1.96626215E-10  -8.86199723E-06   2.44597849E-02   2.29148252E-04  -2.56629014      0.135947719      -1.16123343E-02
   6.00000000       800.000000       9.34779644E-02   11.8806105      0.230061933       1.93625685E-10  -7.43970850E-06   2.41700802E-02   2.93975376E-04  -2.56719899      0.135975212      -7.83472229E-03
   7.00000000       800.000000       9.41774696E-02   11.9743528      0.228311896       1.90646665E-10  -6.01033071E-06   2.38848757E-02   3.48739559E-04  -2.56775904      0.136008114      -4.08351049E-03
   8.00000000       800.000000       9.48819369E-02   12.0688763      0.226545170       1.87689919E-10  -4.57419037E-06   2.36026458E-02   3.93114926E-04  -2.56797123      0.136045441      -3.60430073E-04
   9.00000000       800.000000       9.55979601E-02   12.1640635      0.224762484       1.84755489E-10  -3.13178475E-06   2.33237557E-02   4.26996790E-04  -2.56782889      0.136086181       3.33244679E-03
   10.0000000       800.000000       9.63135287E-02   12.2600622      0.222964138       1.81842860E-10  -1.68345889E-06   2.30485797E-02   4.50486696E-04  -2.56733131      0.136129573       6.99331751E-03
   11.0000000       800.000000       9.70358253E-02   12.3568468      0.221150383       1.78951964E-10  -2.29368197E-07   2.27777436E-02   4.63880860E-04  -2.56647563      0.136174664       1.06202085E-02
   12.0000000       800.000000       9.77677032E-02   12.4544106      0.219321907       1.76085133E-10   1.23041229E-06   2.25094222E-02   4.67647507E-04  -2.56526351      0.136220291       1.42111266E-02
   13.0000000       800.000000       9.85076427E-02   12.5523767      0.217478722       1.73240103E-10   2.69583052E-06   2.22436097E-02   4.62406635E-04  -2.56368566      0.136265740       1.77642610E-02
   2.00000000       800.000000       9.92456749E-02   12.6510534      0.215622216       1.70418499E-10   4.16682224E-06   2.19806042E-02   4.48902079E-04  -2.56174994      0.136310533       2.12778691E-02
   3.00000000       800.000000       9.99961421E-02   12.7503929      0.213751167       1.67620043E-10   5.64301081E-06   2.17216015E-02   4.27986874E-04  -2.55944753      0.136353150       2.47500073E-02
   4.00000000       800.000000      0.100751281       12.8514633      0.211867556       1.64845429E-10   7.12371548E-06   2.14659497E-02   4.00586723E-04  -2.55678058      0.136393622       2.81791948E-02
   5.00000000       800.000000      0.101513669       12.9527330      0.209970981       1.62093616E-10   8.60805358E-06   2.12135073E-02   3.67687375E-04  -2.55375004      0.136430860       3.15634124E-02
   6.00000000       800.000000      0.102282949       13.0543804      0.208062828       1.59366589E-10   1.00948255E-05   2.09645908E-02   3.30302486E-04  -2.55034852      0.136464924       3.49010788E-02
   7.00000000       800.000000      0.103057869       13.1565609      0.206141785       1.56663377E-10   1.15826515E-05   2.07173750E-02   2.89457937E-04  -2.54657984      0.136494562       3.81899327E-02
   8.00000000       800.000000      0.103839546       13.2604132      0.204210058       1.53984298E-10   1.30699045E-05   2.04733741E-02   2.46167707E-04  -2.54244733      0.136520237       4.14288603E-02
   9.00000000       800.000000      0.104626514       13.3645535      0.202267155       1.51329935E-10   1.45548820E-05   2.02328674E-02   2.01419884E-04  -2.53794456      0.136541143       4.46152948E-02
   10.0000000       800.000000      0.105420068       13.4691267      0.200314134       1.48700122E-10   1.60361451E-05   1.99937318E-02   1.56154987E-04  -2.53307462      0.136557549       4.77475449E-02
   11.0000000       800.000000      0.106228657       13.5754204      0.198351219       1.46095067E-10   1.75124896E-05   1.97594874E-02   1.11257854E-04  -2.52784133      0.136569440       5.08238822E-02
   12.0000000       800.000000      0.107034281       13.6821260      0.196378738       1.43515311E-10   1.89831644E-05   1.95271745E-02   6.75401170E-05  -2.52223611      0.136576682       5.38416654E-02
   13.0000000       800.000000      0.107849084       13.7891541      0.194397971       1.40960563E-10   2.04477274E-05   1.92975625E-02   2.57327029E-05  -2.51626682      0.136579588       5.67997135E-02
   2.00000000       800.000000      0.108672515       13.8981247      0.192409039       1.38431530E-10   2.19057856E-05   1.90698709E-02  -1.35231494E-05  -2.50993729      0.136578068       5.96962161E-02
   3.00000000       800.000000      0.109497771       14.0066690      0.190412208       1.35928144E-10   2.33566261E-05   1.88468974E-02  -4.96821667E-05  -2.50324535      0.136572480       6.25303164E-02
   4.00000000       800.000000      0.110339761       14.1170921      0.188408390       1.33450404E-10   2.47991484E-05   1.86246205E-02  -8.22977454E-05  -2.49619341      0.136563376       6.53004572E-02
   5.00000000       800.000000      0.111177742       14.2269335      0.186398268       1.30998629E-10   2.62322083E-05   1.84058994E-02  -1.11022768E-04  -2.48878121      0.136551023       6.80051073E-02
   6.00000000       800.000000      0.112030037       14.3394938      0.184382305       1.28573152E-10   2.76547053E-05   1.81893278E-02  -1.35608061E-04  -2.48101211      0.136535868       7.06431493E-02
   7.00000000       800.000000      0.112885214       14.4517355      0.182360843       1.26173891E-10   2.90661173E-05   1.79757159E-02  -1.55899877E-04  -2.47289133      0.136518478       7.32134730E-02
   8.00000000       800.000000      0.113750286       14.5650282      0.180334732       1.23801233E-10   3.04663972E-05   1.77650265E-02  -1.71834748E-04  -2.46442175      0.136498898       7.57143423E-02
   9.00000000       800.000000      0.114624061       14.6793976      0.178304002       1.21454957E-10   3.18555867E-05   1.75561085E-02  -1.83434982E-04  -2.45560312      0.136477664       7.81444162E-02
   10.0000000       800.000000      0.115506783       14.7940674      0.176268980       1.19135507E-10   3.32337695E-05   1.73501223E-02  -1.90802850E-04  -2.44643474      0.136455774       8.05037841E-02
   11.0000000       800.000000      0.116393380       14.9101496      0.174232528       1.16843271E-10   3.46004672E-05   1.71469860E-02  -1.94110646E-04  -2.43693233      0.136433080       8.27914029E-02
   12.0000000       800.000000      0.117281690       15.0272551      0.172193378       1.14577785E-10   3.59550577E-05   1.69451069E-02  -1.93595668E-04  -2.42708969      0.136410519       8.50066543E-02
   13.0000000       800.000000      0.118191823       15.1445360      0.170152202       1.12339811E-10   3.72964059E-05   1.67465173E-02  -1.89550148E-04  -2.41691589      0.136387944       8.71487334E-02
   2.00000000       800.000000      0.119099334       15.2630339      0.168110147       1.10128545E-10   3.86238971E-05   1.65507384E-02  -1.82309508E-04  -2.40640903      0.136366412       8.92167017E-02
   3.00000000       800.000000      0.120015435       15.3828135      0.166067407       1.07944924E-10   3.99374949E-05   1.63563285E-02  -1.72248023E-04  -2.39558148      0.136345565       9.12093520E-02
   4.00000000       800.000000      0.120940529       15.5036430      0.164024726       1.05788281E-10   4.12375121E-05   1.61638968E-02  -1.59761432E-04  -2.38443494      0.136326358       9.31263193E-02
   5.00000000       800.000000      0.121867239       15.6249332      0.161982939       1.03659525E-10   4.25246362E-05   1.59748886E-02  -1.45264901E-04  -2.37297010      0.136308610       9.49666873E-02
   6.00000000       800.000000      0.122810721       15.7464323      0.159941852       1.01558734E-10   4.37993513E-05   1.57877393E-02  -1.29177643E-04  -2.36119819      0.136292771       9.67301950E-02
   7.00000000       800.000000      0.123757191       15.8707790      0.157903299       9.94849481E-11   4.50616317E-05   1.56020951E-02  -1.11917921E-04  -2.34912038      0.136279210       9.84168202E-02
   8.00000000       800.000000      0.124716990       15.9948425      0.155866787       9.74391332E-11   4.63111901E-05   1.54190063E-02  -9.38927406E-05  -2.33674264      0.136267081      0.100026198    
   9.00000000       800.000000      0.125679165       16.1200333      0.153833568       9.54211640E-11   4.75476591E-05   1.52387088E-02  -7.54946450E-05  -2.32407284      0.136257708      0.101558045    
   10.0000000       800.000000      0.126648560       16.2460766      0.151803672       9.34310476E-11   4.87707439E-05   1.50601184E-02  -5.70913944E-05  -2.31111956      0.136250466      0.103011779    
   11.0000000       800.000000      0.127627030       16.3736973      0.149778232       9.14683260E-11   4.99809794E-05   1.48835843E-02  -3.90244859E-05  -2.29787970      0.136245534      0.104387417    
   12.0000000       800.000000      0.128622070       16.5009899      0.147757635       8.95334640E-11   5.11788421E-05   1.47091690E-02  -2.16027674E-05  -2.28436637      0.136242598      0.105684549    
   13.0000000       800.000000      0.129615709       16.6299458      0.145742193       8.76264963E-11   5.23653143E-05   1.45367039E-02  -5.09981101E-06  -2.27059126      0.136241987      0.106903411    
   2.00000000       800.000000      0.130617574       16.7607040      0.143732667       8.57474924E-11   5.35404033E-05   1.43661313E-02   1.02487911E-05  -2.25654125      0.136243284      0.108044453    
   3.00000000       800.000000      0.131631613       16.8909397      0.141730055       8.38965841E-11   5.47044729E-05   1.41981328E-02   2.42468468E-05  -2.24225330      0.136246577      0.109108269    
   4.00000000       800.000000      0.132658064       17.0234966      0.139734685       8.20732440E-11   5.58566353E-05   1.40315387E-02   3.67384382E-05  -2.22770715      0.136251405      0.110095188    
   5.00000000       800.000000      0.133689612       17.1564980      0.137746453       8.02777428E-11   5.69964104E-05   1.38670271E-02   4.76077912E-05  -2.21293139      0.136257857      0.111005634    
   6.00000000       800.000000      0.134727374       17.2917385      0.135766566       7.85097057E-11   5.81234708E-05   1.37047945E-02   5.67773895E-05  -2.19791055      0.136265427      0.111840025    
   7.00000000       800.000000      0.135772675       17.4260139      0.133795843       7.67695629E-11   5.92382348E-05   1.35444822E-02   6.42081068E-05  -2.18268085      0.136274084      0.112599030    
   8.00000000       800.000000      0.136831790       17.5625153      0.131834358       7.50569190E-11   6.03406515E-05   1.33856824E-02   6.98952208E-05  -2.16721725      0.136283889      0.113283165    
   9.00000000       800.000000      0.137887821       17.6995029      0.129882246       7.33719890E-11   6.14315650E-05   1.32290544E-02   7.38673480E-05  -2.15155315      0.136293992      0.113893434    
   10.0000000       800.000000      0.138969555       17.8388729      0.127940834       7.17142595E-11   6.25111934E-05   1.30741103E-02   7.61828487E-05  -2.13568950      0.136304647      0.114430830    
   11.0000000       800.000000      0.140046909       17.9775219      0.126010597       7.00841191E-11   6.35793695E-05   1.29204849E-02   7.69264079E-05  -2.11963391      0.136315346      0.114896156    
   12.0000000       800.000000      0.141143247       18.1181393      0.124090783       6.84807211E-11   6.46354674E-05   1.27699319E-02   7.62058189E-05  -2.10338569      0.136326090      0.115291476    
   13.0000000       800.000000      0.142242312       18.2606220      0.122183971       6.69049816E-11   6.56789125E-05   1.26202162E-02   7.41477343E-05  -2.08694768      0.136336565      0.115617052    
   2.00000000       800.000000      0.143348306       18.4025784      0.120288588       6.53560192E-11   6.67088316E-05   1.24724265E-02   7.08932494E-05  -2.07034659      0.136346698      0.115874410    
   3.00000000       800.000000      0.144470185       18.5468769      0.118405357       6.38338341E-11   6.77247372E-05   1.23265097E-02   6.65957195E-05  -2.05360603      0.136356354      0.116064668    
   4.00000000       800.000000      0.145599216       18.6916237      0.116536014       6.23388910E-11   6.87264474E-05   1.21823717E-02   6.14145829E-05  -2.03669977      0.136365443      0.116188839    
   5.00000000       800.000000      0.146730632       18.8387299      0.114680380       6.08702949E-11   6.97136784E-05   1.20391855E-02   5.55144543E-05  -2.01963854      0.136373639      0.116248034    
   6.00000000       800.000000      0.147886083       18.9852219      0.112838045       5.94276225E-11   7.06860083E-05   1.18982280E-02   4.90592465E-05  -2.00243402      0.136380836      0.116244160    
   7.00000000       800.000000      0.149040878       19.1336536      0.111011639       5.80114567E-11   7.16434224E-05   1.17591396E-02   4.22111043E-05  -1.98514187      0.136386991      0.116178058    
   8.00000000       800.000000      0.150206983       19.2841053      0.109197043       5.66214506E-11   7.25851569E-05   1.16216317E-02   3.51257549E-05  -1.96765661      0.136392266      0.116051190    
   9.00000000       800.000000      0.151375279       19.4338169      0.107401572       5.52577567E-11   7.35105496E-05   1.14859352E-02   2.79516153E-05  -1.95009494      0.136396527      0.115865692    
   10.0000000       800.000000      0.152559474       19.5859928      0.105615765       5.39191088E-11   7.44187491E-05   1.13511458E-02   2.08268593E-05  -1.93242610      0.136399642      0.115622029    
   11.0000000       800.000000      0.153755501       19.7391071      0.103851631       5.26041224E-11   7.53098502E-05   1.12186549E-02   1.38782943E-05  -1.91470909      0.136401772      0.115322284    
   12.0000000       800.000000      0.154966682       19.8943138      0.102098584       5.13175891E-11   7.61833871E-05   1.10873850E-02   7.21933839E-06  -1.89690363      0.136402875      0.114967816    
   13.0000000       800.000000      0.156182289       20.0499210      0.100368589       5.00539089E-11   7.70393235E-05   1.09576583E-02   9.49777586E-07  -1.87893343      0.136403039      0.114560261    
   2.00000000       800.000000      0.157407701       20.2067699       9.86472443E-02   4.88157674E-11   7.78772010E-05   1.08295074E-02  -4.84589918E-06  -1.86088228      0.136402279      0.114101179    
   3.00000000       800.000000      0.158632427       20.3635406       9.69518200E-02   4.76019328E-11   7.86966848E-05   1.07023846E-02  -1.00983598E-05  -1.84283054      0.136400580      0.113591768    
   4.00000000       800.000000      0.159881696       20.5234394       9.52647626E-02   4.64126272E-11   7.94973239E-05   1.05776805E-02  -1.47538976E-05  -1.82469535      0.136398390      0.113034941    
   5.00000000       800.000000      0.161134437       20.6836548       9.35971886E-02   4.52469624E-11   8.02786235E-05   1.04539404E-02  -1.87740297E-05  -1.80657923      0.136395350      0.112431295    
   6.00000000       800.000000      0.162408039       20.8466339       9.19500440E-02   4.41061215E-11   8.10402416E-05   1.03316382E-02  -2.21349819E-05  -1.78837824      0.136391729      0.111782849    
   7.00000000       800.000000      0.163673609       21.0080662       9.03223380E-02   4.29872006E-11   8.17824111E-05   1.02104088E-02  -2.48271408E-05  -1.77017105      0.136387587      0.111091442    
   8.00000000       800.000000      0.164970547       21.1726456       8.87094811E-02   4.18927427E-11   8.25051757E-05   1.00913718E-02  -2.68537569E-05  -1.75184357      0.136383399      0.110358603    
   9.00000000       800.000000      0.166260168       21.3390827       8.71168077E-02   4.08213290E-11   8.32085279E-05   9.97339748E-03  -2.82303390E-05  -1.73358631      0.136378586      0.109586194    
   10.0000000       800.000000      0.167571649       21.5048828       8.55417997E-02   3.97724180E-11   8.38923224E-05   9.85674653E-03  -2.89831587E-05  -1.71532047      0.136373848      0.108776197    
   11.0000000       800.000000      0.168884769       21.6747990       8.39853287E-02   3.87456005E-11   8.45564573E-05   9.74107068E-03  -2.91482975E-05  -1.69696701      0.136368737      0.107930116    
   12.0000000       800.000000      0.170220941       21.8437004       8.24488252E-02   3.77412789E-11   8.52010853E-05   9.62776039E-03  -2.87690309E-05  -1.67870331      0.136363998      0.107050240    
   13.0000000       800.000000      0.171562597       22.0148487       8.09296891E-02   3.67587974E-11   8.58254716E-05   9.51521937E-03  -2.78964981E-05  -1.66039956      0.136359155      0.106137678    
   2.00000000       800.000000      0.172911152       22.1867790       7.94308037E-02   3.57975108E-11   8.64301037E-05   9.40333027E-03  -2.65857361E-05  -1.64211464      0.136354342      0.105194397    
   3.00000000       800.000000      0.174262822       22.3595982       7.79504627E-02   3.48575821E-11   8.70148651E-05   9.29396041E-03  -2.48960605E-05  -1.62388766      0.136350095      0.104222126    
   4.00000000       800.000000      0.175636902       22.5350342       7.64897913E-02   3.39388795E-11   8.75802070E-05   9.18523688E-03  -2.28888912E-05  -1.60567117      0.136346087      0.103222817    
   5.00000000       800.000000      0.177029908       22.7109966       7.50482455E-02   3.30410317E-11   8.81259475E-05   9.07748565E-03  -2.06262957E-05  -1.58746612      0.136342570      0.102197379    
   6.00000000       800.000000      0.178427994       22.8897495       7.36266300E-02   3.21628800E-11   8.86525377E-05   8.97162780E-03  -1.81701507E-05  -1.56932271      0.136339158      0.101148367    
   7.00000000       800.000000      0.179832757       23.0675335       7.22234249E-02   3.13053750E-11   8.91600648E-05   8.86672176E-03  -1.55810631E-05  -1.55122912      0.136336416      0.100076668    
   8.00000000       800.000000      0.181247130       23.2492962       7.08403736E-02   3.04674619E-11   8.96491620E-05   8.76279455E-03  -1.29170357E-05  -1.53319788      0.136334181       9.89844128E-02
   9.00000000       800.000000      0.182678327       23.4303741       6.94763809E-02   2.96488181E-11   9.01191816E-05   8.66068993E-03  -1.02326949E-05  -1.51522624      0.136332303       9.78730842E-02
   10.0000000       800.000000      0.184120178       23.6137962       6.81321472E-02   2.88491262E-11   9.05707711E-05   8.55958275E-03  -7.57887256E-06  -1.49729395      0.136330858       9.67434421E-02
   11.0000000       800.000000      0.185574606       23.7995758       6.68075979E-02   2.80684261E-11   9.10041126E-05   8.45909212E-03  -5.00153737E-06  -1.47946501      0.136329904       9.55981016E-02
   12.0000000       800.000000      0.187039450       23.9845982       6.55025691E-02   2.73063568E-11   9.14189513E-05   8.36004876E-03  -2.54162046E-06  -1.46166420      0.136329532       9.44378376E-02
   13.0000000       800.000000      0.188515589       24.1725788       6.42166287E-02   2.65625195E-11   9.18154328E-05   8.26262496E-03  -2.34470590E-07  -1.44398010      0.136329487       9.32639539E-02
   2.00000000       800.000000      0.190003842       24.3626595       6.29503131E-02   2.58362342E-11   9.21938627E-05   8.16585589E-03   1.89022796E-06  -1.42637062      0.136329785       9.20793489E-02
   3.00000000       800.000000      0.191507503       24.5538692       6.17027283E-02   2.51276309E-11   9.25548666E-05   8.07046611E-03   3.80858069E-06  -1.40884852      0.136330456       9.08827707E-02
   4.00000000       800.000000      0.193027228       24.7454605       6.04753457E-02   2.44363679E-11   9.28984591E-05   7.97640253E-03   5.50248342E-06  -1.39142823      0.136331558       8.96763802E-02
   5.00000000       800.000000      0.194553345       24.9383144       5.92665523E-02   2.37617408E-11   9.32253897E-05   7.88306165E-03   6.95930112E-06  -1.37409377      0.136333004       8.84631947E-02
   6.00000000       800.000000      0.196085945       25.1336231       5.80772720E-02   2.31040881E-11   9.35356729E-05   7.79098971E-03   8.17186901E-06  -1.35686779      0.136334583       8.72437730E-02
   7.00000000       800.000000      0.197636858       25.3313236       5.69067486E-02   2.24623826E-11   9.38292942E-05   7.69992778E-03   9.13786789E-06  -1.33974564      0.136336237       8.60173479E-02
   8.00000000       800.000000      0.199212298       25.5304661       5.57553656E-02   2.18367893E-11   9.41069447E-05   7.61014037E-03   9.85988299E-06  -1.32273161      0.136338145       8.47878680E-02
   9.00000000       800.000000      0.200781316       25.7297115       5.46224155E-02   2.12271607E-11   9.43688428E-05   7.52071571E-03   1.03445691E-05  -1.30583119      0.136340350       8.35541934E-02
   10.0000000       800.000000      0.202371761       25.9304714       5.35087027E-02   2.06325929E-11   9.46155997E-05   7.43293809E-03   1.06022499E-05  -1.28904569      0.136342570       8.23206007E-02
   11.0000000       800.000000      0.203978211       26.1335907       5.24135046E-02   2.00531258E-11   9.48472589E-05   7.34640937E-03   1.06470125E-05  -1.27238131      0.136344761       8.10837150E-02
   12.0000000       800.000000      0.205590189       26.3390236       5.13367429E-02   1.94884803E-11   9.50640970E-05   7.26056658E-03   1.04949986E-05  -1.25583720      0.136346743       7.98483342E-02
   13.0000000       800.000000      0.207215562       26.5462608       5.02782017E-02   1.89382381E-11   9.52667324E-05   7.17544323E-03   1.01652422E-05  -1.23941970      0.136349097       7.86132738E-02
   2.00000000       800.000000      0.208862230       26.7531796       4.92377765E-02   1.84022051E-11   9.54550342E-05   7.09152268E-03   9.67793585E-06  -1.22312999      0.136350870       7.73781687E-02
   3.00000000       800.000000      0.210511744       26.9634609       4.82155643E-02   1.78800256E-11   9.56293443E-05   7.00879144E-03   9.05495563E-06  -1.20696807      0.136352792       7.61509687E-02
   4.00000000       800.000000      0.212182373       27.1744270       4.72115241E-02   1.73714220E-11   9.57901502E-05   6.92680990E-03   8.31840134E-06  -1.19093823      0.136354387       7.49261752E-02
   5.00000000       800.000000      0.213867262       27.3881035       4.62252796E-02   1.68761116E-11   9.59378012E-05   6.84562232E-03   7.49080118E-06  -1.17504561      0.136356220       7.37045407E-02
   6.00000000       800.000000      0.215570495       27.6017551       4.52557467E-02   1.63937874E-11   9.60726829E-05   6.76570134E-03   6.59468014E-06  -1.15928733      0.136357620       7.24891201E-02
   7.00000000       800.000000      0.217280358       27.8196926       4.43043262E-02   1.59242394E-11   9.61952610E-05   6.68697478E-03   5.65163873E-06  -1.14366949      0.136358932       7.12800100E-02
   8.00000000       800.000000      0.218995273       28.0367794       4.33699600E-02   1.54670703E-11   9.63053826E-05   6.60877908E-03   4.68281905E-06  -1.12818944      0.136359990       7.00769126E-02
   9.00000000       800.000000      0.220740929       28.2576332       4.24524546E-02   1.50221450E-11   9.64035789E-05   6.53135544E-03   3.70787120E-06  -1.11285079      0.136360735       6.88827038E-02
   10.0000000       800.000000      0.222490728       28.4788132       4.15518768E-02   1.45890036E-11   9.64898500E-05   6.45506103E-03   2.74510398E-06  -1.09765947      0.136361331       6.76963776E-02
   11.0000000       800.000000      0.224248633       28.7025547       4.06678841E-02   1.41674728E-11   9.65643121E-05   6.37947442E-03   1.81105520E-06  -1.08261013      0.136361688       6.65189028E-02
   12.0000000       800.000000      0.226034790       28.9273281       3.98002341E-02   1.37573564E-11   9.66266889E-05   6.30501099E-03   9.20395507E-07  -1.06770754      0.136361957       6.53504282E-02
   13.0000000       800.000000      0.227838799       29.1540203       3.89490724E-02   1.33582650E-11   9.66774533E-05   6.23130566E-03   8.57912354E-08  -1.05295014      0.136361986       6.41919672E-02
   2.00000000       800.000000      0.229636580       29.3828106       3.81137244E-02   1.29701267E-11   9.67165106E-05   6.15863223E-03  -6.82170253E-07  -1.03834176      0.136361778       6.30438700E-02
   3.00000000       800.000000      0.231463313       29.6143074       3.72942872E-02   1.25924210E-11   9.67439919E-05   6.08636206E-03  -1.37498637E-06  -1.02387929      0.136361465       6.19067438E-02
   4.00000000       800.000000      0.233298600       29.8444633       3.64905223E-02   1.22250560E-11   9.67601227E-05   6.01556664E-03  -1.98622388E-06  -1.00957119      0.136361003       6.07803948E-02
   5.00000000       800.000000      0.235164225       30.0788250       3.57021876E-02   1.18678114E-11   9.67655797E-05   5.94515307E-03  -2.51144320E-06 -0.995408535      0.136360407       5.96653000E-02
   6.00000000       800.000000      0.237021416       30.3152733       3.49288695E-02   1.15203654E-11   9.67605447E-05   5.87548641E-03  -2.94813640E-06 -0.981393218      0.136359826       5.85623123E-02
   7.00000000       800.000000      0.238909259       30.5545444       3.41708325E-02   1.11824907E-11   9.67457963E-05   5.80680417E-03  -3.29557611E-06 -0.967536628      0.136358991       5.74710295E-02
   8.00000000       800.000000      0.240805298       30.7942753       3.34274657E-02   1.08541474E-11   9.67211527E-05   5.73903508E-03  -3.55474776E-06 -0.953825951      0.136358097       5.63923232E-02
   9.00000000       800.000000      0.242732763       31.0363560       3.26986946E-02   1.05347389E-11   9.66873486E-05   5.67173725E-03  -3.72817658E-06 -0.940266430      0.136357158       5.53257540E-02
   10.0000000       800.000000      0.244650185       31.2805672       3.19844149E-02   1.02242824E-11   9.66445004E-05   5.60564362E-03  -3.81969585E-06 -0.926859379      0.136356264       5.42723276E-02
   11.0000000       800.000000      0.246601894       31.5240726       3.12840939E-02   9.92253241E-12   9.65924555E-05   5.53994067E-03  -3.83441557E-06 -0.913603365      0.136355221       5.32320440E-02
   12.0000000       800.000000      0.248575494       31.7732716       3.05978246E-02   9.62923838E-12   9.65319850E-05   5.47511363E-03  -3.77843321E-06 -0.900500238      0.136354223       5.22052050E-02
   13.0000000       800.000000      0.250549018       32.0229034       2.99253445E-02   9.34421290E-12   9.64630672E-05   5.41114947E-03  -3.65853657E-06 -0.887547374      0.136353329       5.11910804E-02
   2.00000000       800.000000      0.252544135       32.2734489       2.92663109E-02   9.06721660E-12   9.63859929E-05   5.34801558E-03  -3.48229423E-06 -0.874745309      0.136352479       5.01910560E-02
   3.00000000       800.000000      0.254557490       32.5260506       2.86206789E-02   8.79806124E-12   9.63012499E-05   5.28527563E-03  -3.25748010E-06 -0.862092257      0.136351660       4.92043905E-02
   4.00000000       800.000000      0.256586730       32.7818604       2.79881544E-02   8.53655688E-12   9.62094273E-05   5.22345770E-03  -2.99221051E-06 -0.849596441      0.136350900       4.82315607E-02
   5.00000000       800.000000      0.258610994       33.0395813       2.73683779E-02   8.28248841E-12   9.61104233E-05   5.16229868E-03  -2.69465386E-06 -0.837248027      0.136350214       4.72726226E-02
   6.00000000       800.000000      0.260681123       33.2992859       2.67616324E-02   8.03564073E-12   9.60048274E-05   5.10214362E-03  -2.37273548E-06 -0.825048685      0.136349604       4.63277213E-02
   7.00000000       800.000000      0.262756377       33.5623474       2.61670966E-02   7.79585597E-12   9.58925521E-05   5.04227774E-03  -2.03437162E-06 -0.812997460      0.136349246       4.53967042E-02
   8.00000000       800.000000      0.264846563       33.8261070       2.55848672E-02   7.56294680E-12   9.57743323E-05   4.98342561E-03  -1.68696590E-06 -0.801098049      0.136348814       4.44797017E-02
   9.00000000       800.000000      0.266964108       34.0918350       2.50146948E-02   7.33677528E-12   9.56505464E-05   4.92498372E-03  -1.33750893E-06 -0.789345443      0.136348456       4.35770676E-02
   10.0000000       800.000000      0.269089431       34.3593788       2.44563799E-02   7.11705304E-12   9.55208961E-05   4.86754952E-03  -9.92507012E-07 -0.777733862      0.136348203       4.26883139E-02
   11.0000000       800.000000      0.271236569       34.6304741       2.39097755E-02   6.90370027E-12   9.53861891E-05   4.81039891E-03  -6.57823250E-07 -0.766273439      0.136347920       4.18136194E-02
   12.0000000       800.000000      0.273390830       34.9008446       2.33744755E-02   6.69653829E-12   9.52465271E-05   4.75413213E-03  -3.38665672E-07 -0.754966617      0.136347815       4.09530476E-02
   13.0000000       800.000000      0.275573671       35.1773834       2.28507742E-02   6.49533769E-12   9.51019028E-05   4.69873706E-03  -3.95485920E-08 -0.743793309      0.136347800       4.01065201E-02
   2.00000000       800.000000      0.277770936       35.4531212       2.23377235E-02   6.30000522E-12   9.49523746E-05   4.64350870E-03   2.35745716E-07 -0.732772350      0.136347875       3.92740704E-02
   3.00000000       800.000000      0.279982239       35.7325478       2.18358058E-02   6.11034704E-12   9.47980006E-05   4.58928989E-03   4.84172006E-07 -0.721886396      0.136348069       3.84555422E-02
   4.00000000       800.000000      0.282222867       36.0137329       2.13444140E-02   5.92621828E-12   9.46385262E-05   4.53567132E-03   7.03428896E-07 -0.711147845      0.136348307       3.76510508E-02
   5.00000000       800.000000      0.284471065       36.2968369       2.08634958E-02   5.74747238E-12   9.44738567E-05   4.48248582E-03   8.91939806E-07 -0.700554371      0.136348590       3.68603356E-02
   6.00000000       800.000000      0.286742091       36.5804558       2.03927476E-02   5.57390982E-12   9.43041450E-05   4.43003606E-03   1.04881792E-06 -0.690096855      0.136348873       3.60834822E-02
   7.00000000       800.000000      0.289016098       36.8690605       1.99321918E-02   5.40548942E-12   9.41294129E-05   4.37830435E-03   1.17381194E-06 -0.679778218      0.136349186       3.53202075E-02
   8.00000000       800.000000      0.291324228       37.1585426       1.94814783E-02   5.24197612E-12   9.39500896E-05   4.32687998E-03   1.26728560E-06 -0.669600010      0.136349484       3.45705301E-02
   9.00000000       800.000000      0.293644518       37.4530144       1.90403946E-02   5.08333523E-12   9.37661898E-05   4.27628402E-03   1.33012873E-06 -0.659555733      0.136349767       3.38342525E-02
   10.0000000       800.000000      0.296003997       37.7481918       1.86088979E-02   4.92932127E-12   9.35779608E-05   4.22639819E-03   1.36371511E-06 -0.649647057      0.136350155       3.31114829E-02
   11.0000000       800.000000      0.298353791       38.0451622       1.81867015E-02   4.77986270E-12   9.33856645E-05   4.17685090E-03   1.36985602E-06 -0.639875233      0.136350572       3.24018821E-02
   12.0000000       800.000000      0.300734103       38.3437805       1.77737121E-02   4.63481770E-12   9.31894101E-05   4.12779488E-03   1.35070832E-06 -0.630236149      0.136350945       3.17053609E-02
   13.0000000       800.000000      0.303147912       38.6467476       1.73696503E-02   4.49406875E-12   9.29893940E-05   4.07958403E-03   1.30872627E-06 -0.620730281      0.136351407       3.10218576E-02
   2.00000000       800.000000      0.305555582       38.9513550       1.69743635E-02   4.35748573E-12   9.27856454E-05   4.03187890E-03   1.24657629E-06 -0.611352444      0.136351719       3.03512774E-02
   3.00000000       800.000000      0.307996303       39.2577019       1.65878180E-02   4.22496283E-12   9.25782515E-05   3.98447132E-03   1.16708543E-06 -0.602105856      0.136352062       2.96933725E-02
   4.00000000       800.000000      0.310469896       39.5681572       1.62096117E-02   4.09636431E-12   9.23674816E-05   3.93779669E-03   1.07314236E-06 -0.592989922      0.136352390       2.90482044E-02
   5.00000000       800.000000      0.312931180       39.8770142       1.58397537E-02   3.97161427E-12   9.21535393E-05   3.89187876E-03   9.67663823E-07 -0.583998263      0.136352703       2.84153167E-02
   6.00000000       800.000000      0.315432847       40.1933212       1.54779460E-02   3.85056743E-12   9.19363083E-05   3.84616968E-03   8.53515530E-07 -0.575132549      0.136352956       2.77947113E-02
   7.00000000       800.000000      0.317947745       40.5082169       1.51241794E-02   3.73311495E-12   9.17168727E-05   3.80126340E-03   7.33482580E-07 -0.566392839      0.136353180       2.71862317E-02
   8.00000000       800.000000      0.320495814       40.8281288       1.47782266E-02   3.61920780E-12   9.14955526E-05   3.75654036E-03   6.10213590E-07 -0.557776272      0.136353403       2.65897047E-02
   9.00000000       800.000000      0.323059022       41.1489258       1.44398063E-02   3.50868141E-12   9.12728574E-05   3.71263782E-03   4.86199497E-07 -0.549281836      0.136353582       2.60050148E-02
   10.0000000       800.000000      0.325634599       41.4749947       1.41089084E-02   3.40148612E-12   9.10494709E-05   3.66906123E-03   3.63726087E-07 -0.540905833      0.136353672       2.54318621E-02
   11.0000000       800.000000      0.328246117       41.8027420       1.37854461E-02   3.29748728E-12   9.08255388E-05   3.62595706E-03   2.44898672E-07 -0.532654285      0.136353761       2.48703640E-02
   12.0000000       800.000000      0.330868602       42.1312904       1.34691736E-02   3.19664434E-12   9.06016649E-05   3.58362519E-03   1.31544610E-07 -0.524514556      0.136353776       2.43200175E-02
   13.0000000       800.000000      0.333499759       42.4624519       1.31598813E-02   3.09880420E-12   9.03776963E-05   3.54165514E-03   2.52757157E-08 -0.516492844      0.136353776       2.37808805E-02
   2.00000000       800.000000      0.336178690       42.7972488       1.28574725E-02   3.00390116E-12   9.01538442E-05   3.50000663E-03  -7.25774427E-08 -0.508589506      0.136353776       2.32526176E-02
   3.00000000       800.000000      0.338866234       43.1343956       1.25617525E-02   2.91187343E-12   8.99301376E-05   3.45899560E-03  -1.60943202E-07 -0.500797510      0.136353731       2.27352269E-02
   4.00000000       800.000000      0.341564178       43.4764404       1.22727556E-02   2.82260586E-12   8.97064674E-05   3.41856806E-03  -2.39013076E-07 -0.493118763      0.136353657       2.22286116E-02
   5.00000000       800.000000      0.344298780       43.8198090       1.19901495E-02   2.73605639E-12   8.94827608E-05   3.37849651E-03  -3.06236188E-07 -0.485551059      0.136353552       2.17323080E-02
   6.00000000       800.000000      0.347046673       44.1641579       1.17140785E-02   2.65209079E-12   8.92593453E-05   3.33881378E-03  -3.62307929E-07 -0.478093088      0.136353418       2.12463383E-02
   7.00000000       800.000000      0.349838823       44.5138283       1.14439940E-02   2.57066655E-12   8.90356532E-05   3.29970801E-03  -4.07144569E-07 -0.470747024      0.136353254       2.07704548E-02
   8.00000000       800.000000      0.352615893       44.8651733       1.11800740E-02   2.49172189E-12   8.88119830E-05   3.26093589E-03  -4.40882644E-07 -0.463505328      0.136353105       2.03045420E-02
   9.00000000       800.000000      0.355454803       45.2186356       1.09220138E-02   2.41516182E-12   8.85876507E-05   3.22276307E-03  -4.63850171E-07 -0.456368357      0.136352956       1.98484045E-02
   10.0000000       800.000000      0.358279139       45.5763397       1.06698237E-02   2.34092346E-12   8.83627363E-05   3.18494882E-03  -4.76537110E-07 -0.449337691      0.136352807       1.94018800E-02
   11.0000000       800.000000      0.361149102       45.9357567       1.04232943E-02   2.26893005E-12   8.81368687E-05   3.14752455E-03  -4.79602818E-07 -0.442411900      0.136352584       1.89647768E-02
   12.0000000       800.000000      0.364027262       46.2968864       1.01823797E-02   2.19911719E-12   8.79093423E-05   3.11057921E-03  -4.73798792E-07 -0.435585558      0.136352435       1.85369570E-02
   13.0000000       800.000000      0.366944253       46.6631355       9.94685572E-03   2.13142893E-12   8.76800405E-05   3.07410466E-03  -4.59989451E-07 -0.428860515      0.136352286       1.81183293E-02
   2.00000000       800.000000      0.369876415       47.0312233       9.71671008E-03   2.06580369E-12   8.74488323E-05   3.03807133E-03  -4.39095317E-07 -0.422235668      0.136352107       1.77085400E-02
   3.00000000       800.000000      0.372847915       47.4044495       9.49173979E-03   2.00215582E-12   8.72156015E-05   3.00248782E-03  -4.12107823E-07 -0.415707290      0.136351913       1.73075888E-02
   4.00000000       800.000000      0.375840873       47.7758026       9.27189738E-03   1.94046016E-12   8.69801152E-05   2.96722376E-03  -3.80010192E-07 -0.409277946      0.136351809       1.69152673E-02
   5.00000000       800.000000      0.378836393       48.1548996       9.05702077E-03   1.88063974E-12   8.67425697E-05   2.93246075E-03  -3.43831800E-07 -0.402944893      0.136351690       1.65312923E-02
   6.00000000       800.000000      0.381849557       48.5329056       8.84702895E-03   1.82264642E-12   8.65031470E-05   2.89788656E-03  -3.04550838E-07 -0.396702915      0.136351600       1.61556862E-02
   7.00000000       800.000000      0.384928495       48.9166336       8.64188932E-03   1.76641958E-12   8.62625457E-05   2.86389515E-03  -2.63128328E-07 -0.390551269      0.136351526       1.57881845E-02
   8.00000000       800.000000      0.388007849       49.3037720       8.44132062E-03   1.71190015E-12   8.60208602E-05   2.83040013E-03  -2.20495807E-07 -0.384500742      0.136351466       1.54286167E-02
   9.00000000       800.000000      0.391112477       49.6939621       8.24534707E-03   1.65905538E-12   8.57786436E-05   2.79712351E-03  -1.77520135E-07 -0.378537923      0.136351362       1.50768459E-02
   10.0000000       800.000000      0.394236952       50.0870171       8.05389602E-03   1.60781837E-12   8.55364124E-05   2.76424736E-03  -1.35012257E-07 -0.372660518      0.136351302       1.47328107E-02
   11.0000000       800.000000      0.397388846       50.4830971       7.86677469E-03   1.55815237E-12   8.52945377E-05   2.73178867E-03  -9.37003364E-08 -0.366870433      0.136351243       1.43962894E-02
   12.0000000       800.000000      0.400564700       50.8813133       7.68395001E-03   1.51000577E-12   8.50530851E-05   2.69976305E-03  -5.42392762E-08 -0.361168772      0.136351213       1.40671302E-02
   13.0000000       800.000000      0.403795749       51.2825050       7.50523712E-03   1.46333878E-12   8.48120180E-05   2.66793347E-03  -1.71887997E-08 -0.355553925      0.136351213       1.37452213E-02
   2.00000000       800.000000      0.406995207       51.6878319       7.33071566E-03   1.41808180E-12   8.45713221E-05   2.63655325E-03   1.69789871E-08 -0.350025594      0.136351213       1.34303737E-02
   3.00000000       800.000000      0.410275906       52.0953789       7.16009270E-03   1.37421433E-12   8.43307207E-05   2.60579493E-03   4.78926481E-08 -0.344579786      0.136351243       1.31224720E-02
   4.00000000       800.000000      0.413564175       52.5095062       6.99343113E-03   1.33168823E-12   8.40901339E-05   2.57502100E-03   7.52720553E-08 -0.339215398      0.136351287       1.28214201E-02
   5.00000000       800.000000      0.416869521       52.9231834       6.83062430E-03   1.29049701E-12   8.38493797E-05   2.54487363E-03   9.89308049E-08 -0.333931655      0.136351362       1.25270961E-02
   6.00000000       800.000000      0.420203984       53.3436661       6.67149015E-03   1.25054264E-12   8.36081308E-05   2.51486944E-03   1.18762266E-07 -0.328729302      0.136351436       1.22391870E-02
   7.00000000       800.000000      0.423574746       53.7655487       6.51608547E-03   1.21181971E-12   8.33665108E-05   2.48530717E-03   1.34745932E-07 -0.323605180      0.136351466       1.19577665E-02
   8.00000000       800.000000      0.426962882       54.1887779       6.36413321E-03   1.17428344E-12   8.31242942E-05   2.45618797E-03   1.46920158E-07 -0.318559706      0.136351526       1.16826175E-02
   9.00000000       800.000000      0.430381179       54.6191368       6.21577539E-03   1.13790347E-12   8.28816264E-05   2.42723012E-03   1.55400528E-07 -0.313588887      0.136351570       1.14137055E-02
   10.0000000       800.000000      0.433835030       55.0515404       6.07080385E-03   1.10264304E-12   8.26384712E-05   2.39884341E-03   1.60344413E-07 -0.308693796      0.136351615       1.11507643E-02
   11.0000000       800.000000      0.437294513       55.4855461       5.92917064E-03   1.06846747E-12   8.23948503E-05   2.37049139E-03   1.61963001E-07 -0.303874314      0.136351675       1.08936103E-02
   12.0000000       800.000000      0.440796643       55.9234009       5.79088321E-03   1.03533978E-12   8.21510766E-05   2.34270282E-03   1.60509586E-07 -0.299129307      0.136351749       1.06423413E-02
   13.0000000       800.000000      0.444335788       56.3692284       5.65568311E-03   1.00323081E-12   8.19073466E-05   2.31514778E-03   1.56261137E-07 -0.294455886      0.136351794       1.03967199E-02
   2.00000000       800.000000      0.447884768       56.8128738       5.52357733E-03   9.72112365E-13   8.16638058E-05   2.28789728E-03   1.49530209E-07 -0.289852738      0.136351854       1.01566482E-02
   3.00000000       800.000000      0.451492101       57.2652702       5.39458031E-03   9.41947150E-13   8.14205705E-05   2.26110988E-03   1.40643579E-07 -0.285320938      0.136351883       9.92199499E-03
   4.00000000       800.000000      0.455087274       57.7184486       5.26854442E-03   9.12718902E-13   8.11778082E-05   2.23445892E-03   1.29942592E-07 -0.280858099      0.136351943       9.69266705E-03
   5.00000000       800.000000      0.458740443       58.1730003       5.14541939E-03   8.84387236E-13   8.09348421E-05   2.20822426E-03   1.17776963E-07 -0.276463538      0.136352018       9.46852472E-03
   6.00000000       800.000000      0.462410837       58.6358948       5.02512697E-03   8.56925642E-13   8.06915050E-05   2.18214560E-03   1.04490539E-07 -0.272136301      0.136352077       9.24948137E-03
   7.00000000       800.000000      0.466109008       59.0983734       4.90759593E-03   8.30312978E-13   8.04473821E-05   2.15659570E-03   9.04230575E-08 -0.267876357      0.136352137       9.03544668E-03
   8.00000000       800.000000      0.469850868       59.5668716       4.79280250E-03   8.04520513E-13   8.02022114E-05   2.13112542E-03   7.58947607E-08 -0.263678491      0.136352181       8.82622600E-03
   9.00000000       800.000000      0.473630607       60.0369263       4.68065077E-03   7.79518594E-13   7.99560221E-05   2.10615434E-03   6.12098248E-08 -0.259546280      0.136352226       8.62177182E-03
   10.0000000       800.000000      0.477417022       60.5153427       4.57111187E-03   7.55298439E-13   7.97085959E-05   2.08136369E-03   4.66476635E-08 -0.255480945      0.136352256       8.42195470E-03
   11.0000000       800.000000      0.481236160       60.9947357       4.46410477E-03   7.31809795E-13   7.94600928E-05   2.05675280E-03   3.24625127E-08 -0.251473457      0.136352271       8.22656974E-03
   12.0000000       800.000000      0.485106736       61.4788399       4.35954006E-03   7.09070227E-13   7.92109495E-05   2.03263783E-03   1.88819058E-08 -0.247527868      0.136352271       8.03567003E-03
   13.0000000       800.000000      0.489003509       61.9645309       4.25742427E-03   6.87002321E-13   7.89613769E-05   2.00875895E-03   6.10553919E-09 -0.243646875      0.136352271       7.84913730E-03
   2.00000000       800.000000      0.492917389       62.4534645       4.15769080E-03   6.65639906E-13   7.87113386E-05   1.98507123E-03  -5.69668845E-09 -0.239822820      0.136352271       7.66687281E-03
   3.00000000       800.000000      0.496857613       62.9518318       4.06024093E-03   6.44930778E-13   7.84605509E-05   1.96170597E-03  -1.63847460E-08 -0.236057714      0.136352271       7.48874806E-03
   4.00000000       800.000000      0.500846684       63.4490204       3.96508910E-03   6.24861057E-13   7.82089555E-05   1.93854608E-03  -2.58494506E-08 -0.232350484      0.136352271       7.31475884E-03
   5.00000000       800.000000      0.504872501       63.9528084       3.87211866E-03   6.05411771E-13   7.79563270E-05   1.91579899E-03  -3.40125155E-08 -0.228701010      0.136352241       7.14474544E-03
   6.00000000       800.000000      0.508909047       64.4573593       3.78130679E-03   5.86567849E-13   7.77028981E-05   1.89317937E-03  -4.08264320E-08 -0.225108504      0.136352211       6.97868923E-03
   7.00000000       800.000000      0.512971818       64.9687729       3.69260088E-03   5.68301808E-13   7.74486689E-05   1.87094905E-03  -4.62726462E-08 -0.221570075      0.136352167       6.81649148E-03
   8.00000000       800.000000      0.517089903       65.4843674       3.60596366E-03   5.50600960E-13   7.71939667E-05   1.84885948E-03  -5.03608852E-08 -0.218086362      0.136352122       6.65806513E-03
   9.00000000       800.000000      0.521240056       66.0012741       3.52133042E-03   5.33449532E-13   7.69395847E-05   1.82710891E-03  -5.31264241E-08 -0.214654461      0.136352107       6.50334032E-03
   10.0000000       800.000000      0.525399923       66.5273361       3.43867391E-03   5.16829309E-13   7.66867597E-05   1.80561526E-03  -5.46248913E-08 -0.211282104      0.136352077       6.35217689E-03
   11.0000000       800.000000      0.529633105       67.0519409       3.35788121E-03   5.00722944E-13   7.64371434E-05   1.78432430E-03  -5.49332420E-08 -0.207953393      0.136352018       6.20446960E-03
   12.0000000       800.000000      0.533852458       67.5886993       3.27901845E-03   4.85109077E-13   7.61920237E-05   1.76333322E-03  -5.41463727E-08 -0.204684138      0.136351988       6.06029388E-03
   13.0000000       800.000000      0.538169861       68.1238251       3.20201716E-03   4.69984132E-13   7.59526665E-05   1.74250884E-03  -5.23699129E-08 -0.201459274      0.136351973       5.91949327E-03
   2.00000000       800.000000      0.542478204       68.6609192       3.12674115E-03   4.55325610E-13   7.57197122E-05   1.72197283E-03  -4.97226900E-08 -0.198285609      0.136351913       5.78188570E-03
   3.00000000       800.000000      0.546837091       69.2043610       3.05323093E-03   4.41120908E-13   7.54929133E-05   1.70168956E-03  -4.63288679E-08 -0.195162579      0.136351883       5.64751541E-03
   4.00000000       800.000000      0.551184714       69.7545853       2.98133399E-03   4.27354332E-13   7.52719861E-05   1.68165192E-03  -4.23218260E-08 -0.192082077      0.136351883       5.51628321E-03
   5.00000000       800.000000      0.555633724       70.3113556       2.91124079E-03   4.14012981E-13   7.50571271E-05   1.66178716E-03  -3.78296185E-08 -0.189056233      0.136351869       5.38812578E-03
   6.00000000       800.000000      0.560065687       70.8701859       2.84271664E-03   4.01091866E-13   7.48487291E-05   1.64222717E-03  -3.29854366E-08 -0.186073422      0.136351869       5.26294345E-03
   7.00000000       800.000000      0.564574599       71.4266510       2.77577899E-03   3.88561470E-13   7.46469450E-05   1.62286125E-03  -2.79125381E-08 -0.183137476      0.136351854       5.14068780E-03
   8.00000000       800.000000      0.569091976       71.9988251       2.71038921E-03   3.76424423E-13   7.44498393E-05   1.60375272E-03  -2.27317916E-08 -0.180243388      0.136351824       5.02125127E-03
   9.00000000       800.000000      0.573642910       72.5662689       2.64652795E-03   3.64662158E-13   7.42595657E-05   1.58481847E-03  -1.75525727E-08 -0.177398637      0.136351824       4.90458077E-03
   10.0000000       800.000000      0.578249216       73.1417236       2.58415542E-03   3.53261040E-13   7.40768373E-05   1.56612636E-03  -1.24779715E-08 -0.174595013      0.136351824       4.79070563E-03
   11.0000000       800.000000      0.582887828       73.7225037       2.52321549E-03   3.42211692E-13   7.39026582E-05   1.54764974E-03  -7.59929542E-09 -0.171834677      0.136351824       4.67949314E-03
   12.0000000       800.000000      0.587557673       74.3115692       2.46369909E-03   3.31510562E-13   7.37355076E-05   1.52941246E-03  -2.99570302E-09 -0.169117361      0.136351824       4.57092328E-03
   13.0000000       800.000000      0.592285097       74.9019089       2.40556221E-03   3.21139925E-13   7.35752765E-05   1.51136681E-03   1.26576793E-09 -0.166441694      0.136351824       4.46493644E-03
   2.00000000       800.000000      0.597044110       75.4963303       2.34876364E-03   3.11087338E-13   7.34228015E-05   1.49349659E-03   5.13130427E-09 -0.163806573      0.136351824       4.36149165E-03
   3.00000000       800.000000      0.601813197       76.0937424       2.29331339E-03   3.01346459E-13   7.32775879E-05   1.47586234E-03   8.55974136E-09 -0.161212325      0.136351824       4.26060567E-03
   4.00000000       800.000000      0.606662095       76.6995621       2.23910715E-03   2.91908425E-13   7.31403925E-05   1.45847118E-03   1.15226806E-08 -0.158657953      0.136351824       4.16216766E-03
   5.00000000       800.000000      0.611538589       77.3089294       2.18617241E-03   2.82759547E-13   7.30128086E-05   1.44126941E-03   1.40030254E-08 -0.156143129      0.136351824       4.06615017E-03
   6.00000000       800.000000      0.616429627       77.9216690       2.13446654E-03   2.73896980E-13   7.28942105E-05   1.42430130E-03   1.59948037E-08 -0.153666466      0.136351824       3.97245865E-03
   7.00000000       800.000000      0.621346176       78.5425873       2.08393252E-03   2.65307497E-13   7.27839142E-05   1.40744052E-03   1.75021491E-08 -0.151226521      0.136351854       3.88109591E-03
   8.00000000       800.000000      0.626343310       79.1605453       2.03456776E-03   2.56981231E-13   7.26850267E-05   1.39088032E-03   1.85382927E-08 -0.148822665      0.136351854       3.79202166E-03
   9.00000000       800.000000      0.631355822       79.7936478       1.98633689E-03   2.48909807E-13   7.25990831E-05   1.37443224E-03   1.91250855E-08 -0.146455824      0.136351854       3.70513019E-03
   10.0000000       800.000000      0.636449695       80.4251099       1.93920708E-03   2.41089971E-13   7.25268546E-05   1.35821721E-03   1.92906029E-08 -0.144125313      0.136351854       3.62041290E-03
   11.0000000       800.000000      0.641569495       81.0633545       1.89313758E-03   2.33508498E-13   7.24705242E-05   1.34210766E-03   1.90676310E-08 -0.141829371      0.136351869       3.53777315E-03
   12.0000000       800.000000      0.646703839       81.7070923       1.84816774E-03   2.26162188E-13   7.24330821E-05   1.32631115E-03   1.84929405E-08 -0.139568076      0.136351869       3.45718511E-03
   13.0000000       800.000000      0.651862979       82.3593216       1.80417357E-03   2.19041243E-13   7.24201600E-05   1.31059077E-03   1.76074639E-08 -0.137339875      0.136351869       3.37854470E-03
   2.00000000       800.000000      0.657104909       83.0148392       1.76119443E-03   2.12135715E-13   7.24377896E-05   1.29510206E-03   1.64539831E-08 -0.135144919      0.136351883       3.30189802E-03
   3.00000000       800.000000      0.662361264       83.6720734       1.71920494E-03   2.05450891E-13   7.24904821E-05   1.27983012E-03   1.50761874E-08 -0.132983088      0.136351913       3.22714099E-03
   4.00000000       800.000000      0.667716920       84.3404617       1.67817657E-03   1.98962334E-13   7.25830760E-05   1.26463501E-03   1.35171394E-08 -0.130853027      0.136351913       3.15444730E-03
   5.00000000       800.000000      0.673070669       85.0116577       1.63807487E-03   1.92678189E-13   7.27224469E-05   1.24977506E-03   1.18238450E-08 -0.128754660      0.136351913       3.08357202E-03
   6.00000000       800.000000      0.678464949       85.6865540       1.59890146E-03   1.86582913E-13   7.29132080E-05   1.23499311E-03   1.00392912E-08 -0.126686379      0.136351913       3.01497336E-03
   7.00000000       800.000000      0.683868349       86.3630829       1.56054320E-03   1.80671328E-13   7.31426844E-05   1.22029171E-03   8.20770474E-09 -0.124645367      0.136351913       2.94820499E-03
   8.00000000       800.000000      0.689361989       87.0500107       1.52314105E-03   1.74948069E-13   7.34249188E-05   1.20592094E-03   6.36754693E-09 -0.122635417      0.136351913       2.88432278E-03
   9.00000000       800.000000      0.694936693       87.7468338       1.48653972E-03   1.69398214E-13   7.37750961E-05   1.19162025E-03   4.55902560E-09 -0.120652273      0.136351928       2.82198330E-03
   10.0000000       800.000000      0.700467765       88.4404068       1.45076832E-03   1.64017888E-13   7.41715849E-05   1.17754913E-03   2.81565482E-09 -0.118698448      0.136351928       2.76396400E-03
   11.0000000       800.000000      0.706084132       89.1438522       1.41581392E-03   1.58802753E-13   7.46161022E-05   1.16355100E-03   1.16908561E-09 -0.116768293      0.136351928       2.70690164E-03
   12.0000000       800.000000      0.711785257       89.8559036       1.38162135E-03   1.53746590E-13   7.51422413E-05   1.14984089E-03  -3.55663277E-10 -0.114859059      0.136351928       2.65747122E-03
   13.0000000       800.000000      0.717506111       90.5660553       1.34819793E-03   1.48842961E-13   7.57108792E-05   1.13623741E-03  -1.73715653E-09 -0.112966575      0.136351928       2.60670832E-03
   2.00000000       800.000000      0.723254204       91.2924652       1.31552666E-03   1.44094074E-13   7.63697608E-05   1.12272997E-03  -2.95986591E-09 -0.111104921      0.136351928       2.57077301E-03
   3.00000000       800.000000      0.729030788       92.0148239       1.28359720E-03   1.39487814E-13   7.70494516E-05   1.10942987E-03  -4.01162792E-09 -0.109236732      0.136351913       2.52808118E-03
   4.00000000       800.000000      0.734885931       92.7492523       1.25240441E-03   1.35020860E-13   7.78795147E-05   1.09630742E-03  -4.89013230E-09 -0.107406057      0.136351913       2.51434580E-03
   5.00000000       800.000000      0.740812361       93.4854507       1.22190337E-03   1.30693091E-13   7.86598248E-05   1.08337030E-03  -5.58673019E-09 -0.105525807      0.136351913       2.48098024E-03
   6.00000000       800.000000      0.746736884       94.2303009       1.19215064E-03   1.26503083E-13   7.96704844E-05   1.07051781E-03  -6.10941164E-09 -0.103715852      0.136351913       2.50477833E-03
   7.00000000       800.000000      0.752711892       94.9802017       1.16312248E-03   1.22447747E-13   8.05309246E-05   1.05786789E-03  -6.46422338E-09 -0.101766482      0.136351913       2.47788057E-03
   8.00000000       800.000000      0.758787692       95.7357407       1.13479781E-03   1.18516240E-13   8.17914552E-05   1.04546163E-03  -6.64251143E-09  -9.99692380E-02  0.136351913       2.56515085E-03
   9.00000000       800.000000      0.764886141       96.4991150       1.10720668E-03   1.14731765E-13   8.28477423E-05   1.03308237E-03  -6.70366829E-09  -9.78568643E-02  0.136351913       2.52612121E-03
   10.0000000       800.000000      0.770997465       97.2638321       1.08034012E-03   1.11067338E-13   8.40811117E-05   1.02108368E-03  -6.43699716E-09  -9.60869715E-02  0.136351913       2.78356904E-03
   11.0000000       800.000000      0.777200460       98.0346756       1.05458556E-03   1.07559056E-13   9.30868700E-05   1.00900710E-03  -6.51379306E-09  -9.35498849E-02  0.136351898       2.65912549E-03
   12.0000000       800.000000      0.783445537       98.8157425       1.02573493E-03   1.03787977E-13   5.97646431E-05   9.97542404E-04  -1.17624204E-19  -9.19384733E-02  0.136351898       2.94675439E-04
   13.0000000       800.000000      0.789714217       99.6048737       1.00181869E-03   1.00566528E-13   5.95353340E-05   9.85702965E-04   1.39554598E-19  -9.30891111E-02  0.136351898      -1.45308254E-03
