   0.00000000       190.000000       3.40428352E-02   1.01702809       5.07626042E-04   4.99018361E-12  -8.21648240E-02   1.67559159      -1.40214394E-11  -1.14717009E-03  -4.77340064E-13  -7.18994671E-03
   1.00000000       197.000000       3.40447091E-02   1.05104125       4.99337737E-04   4.74970627E-12  -7.50884414E-02   1.56010187       5.84134207E-15  -1.39194191E-03  -4.77140734E-13   2.00030906E-03
   2.00000000       200.000000       3.40499915E-02   1.08514261       4.91441751E-04   4.52792101E-12   3.81018594E-02   1.30621946       9.11523923E-02  -1.01095671E-03   3.10374890E-03   8.77573970E-04
   3.00000000       200.000000       3.40571664E-02   1.11914527       6.03479159E-04   5.39105306E-12  0.148162201       1.20350575      0.257432014      -1.33217382E-03   1.18710026E-02  -1.05428435E-02
   4.00000000       200.000000       3.40652503E-02   1.15326166       7.57276604E-04   6.56519413E-12  0.191561937       1.10714662      0.373244762      -1.72915962E-03   2.45857388E-02  -1.13938320E-02
   5.00000000       200.000000       3.40752266E-02   1.18727005       9.33141564E-04   7.85776739E-12  0.210014716       1.01809049      0.454853624      -2.10856413E-03   4.00854610E-02  -1.17667150E-02
   6.00000000       200.000000       3.40886116E-02   1.22141874       1.14325748E-03   9.35850009E-12  0.217346981      0.941540718      0.511170447      -2.53124326E-03   5.75109087E-02  -1.09558273E-02
   7.00000000       200.000000       3.41038704E-02   1.25543642       1.36360072E-03   1.08591035E-11  0.218986630      0.876394451      0.516764998      -2.85568717E-03   7.51349702E-02  -1.11717936E-02
   8.00000000       200.000000       3.41209993E-02   1.28956389       1.63694879E-03   1.26911563E-11  0.217304319      0.820537686      0.521338820      -3.29345744E-03   9.29242373E-02  -1.38036329E-02
   9.00000000       200.000000       3.41415480E-02   1.32373023       1.96729996E-03   1.48591538E-11  0.213516355      0.771806002      0.520201862      -3.79798119E-03  0.110684730      -1.67433731E-02
   10.0000000       200.000000       3.41642797E-02   1.35789859       2.36981851E-03   1.74492608E-11  0.208479106      0.729112864      0.516434014      -4.43711830E-03  0.128327906      -2.15066522E-02
   11.0000000       200.000000       3.41873281E-02   1.39207828       2.86317850E-03   2.05643991E-11  0.202543542      0.691315770      0.510360181      -5.26797213E-03  0.145776123      -2.78829634E-02
   2.00000000       200.000000       3.42125520E-02   1.42626679       3.46696260E-03   2.43040709E-11  0.195818335      0.657324314      0.501915216      -6.34433795E-03  0.162948117      -3.58220153E-02
   3.00000000       200.000000       3.42412032E-02   1.46045995       4.20282641E-03   2.87721444E-11  0.188614070      0.626672566      0.490149587      -7.72020407E-03  0.179732159      -4.52813022E-02
   4.00000000       200.000000       3.42717990E-02   1.49468386       5.09463530E-03   3.40781778E-11  0.181041017      0.598736048      0.474731773      -9.44678579E-03  0.196002170      -5.63625284E-02
   5.00000000       200.000000       3.43041234E-02   1.52902329       6.16679573E-03   4.03249240E-11  0.173373803      0.573173404      0.454973727      -1.15854545E-02  0.211610243      -6.93932176E-02
   6.00000000       200.000000       3.43400165E-02   1.56331646       7.44712958E-03   4.76280161E-11  0.165599987      0.549801350      0.430809528      -1.42103387E-02  0.226404414      -8.41399133E-02
   7.00000000       200.000000       3.43780145E-02   1.59766877       8.95657390E-03   5.60499737E-11  0.157847792      0.527923524      0.402336955      -1.73673574E-02  0.240236193     -0.101224661    
   8.00000000       400.000000       3.44163403E-02   1.63212323       1.07130455E-02   6.56291063E-11  0.150060043      0.507231772      0.372123659      -2.11740378E-02  0.253042936     -0.118785068    
   9.00000000       400.000000       3.44596468E-02   1.66651404       1.27158798E-02   7.62893221E-11  0.141536519      0.487930745      0.340646774      -2.55487468E-02  0.264781564     -0.136532500    
   10.0000000       400.000000       3.45019177E-02   1.70102203       1.49680516E-02   8.79809073E-11  0.133400679      0.470120609      0.310185820      -3.05894390E-02  0.275483757     -0.155715272    
   11.0000000       400.000000       3.45477760E-02   1.73553383       1.74688585E-02   1.00638088E-10  0.125517666      0.453630865      0.280608416      -3.63010056E-02  0.285178095     -0.175214782    
   12.0000000       400.000000       3.45973931E-02   1.77006423       2.02178378E-02   1.14200080E-10  0.117725484      0.438311070      0.250365525      -4.27046046E-02  0.293839902     -0.195091426    
   13.0000000       400.000000       3.46456654E-02   1.80469894       2.32139137E-02   1.28608471E-10  0.110016957      0.424022466      0.215873718      -4.98097576E-02  0.301319301     -0.215070024    
   2.00000000       400.000000       3.46989296E-02   1.83938944       2.64542308E-02   1.43797738E-10  0.102461681      0.410589933      0.173068926      -5.76188862E-02  0.307324678     -0.235026821    
   3.00000000       400.000000       3.47537622E-02   1.87406790       2.99351830E-02   1.59704389E-10   9.49976891E-02  0.398037791      0.119546793      -6.61333650E-02  0.311479241     -0.254848421    
   4.00000000       400.000000       3.48123796E-02   1.90886545       3.36531177E-02   1.76268555E-10   8.73448476E-02  0.386318445       5.57593778E-02  -7.53477216E-02  0.313420147     -0.274570525    
   5.00000000       400.000000       3.48717459E-02   1.94381344       3.76067236E-02   1.93446176E-10   7.97626004E-02  0.375332445      -1.50987068E-02  -8.52661058E-02  0.312894136     -0.294662446    
   6.00000000       400.000000       3.49331126E-02   1.97864985       4.17989120E-02   2.11218154E-10   7.24655688E-02  0.365028024      -8.58475044E-02  -9.59160179E-02  0.309895068     -0.315544873    
   7.00000000       400.000000       3.49960364E-02   2.01366401       4.62285466E-02   2.29546701E-10   6.56166002E-02  0.355323315     -0.145753160     -0.107331634      0.304793715     -0.337162733    
   8.00000000       400.000000       3.50628383E-02   2.04869795       5.08861281E-02   2.48353005E-10   5.94674796E-02  0.346077800     -0.183724120     -0.119537264      0.298352599     -0.358603179    
   9.00000000       400.000000       3.51311862E-02   2.08382654       5.57485037E-02   2.67502714E-10   5.37187569E-02  0.337202936     -0.194507614     -0.132502764      0.291519761     -0.378387988    
   10.0000000       400.000000       3.52015831E-02   2.11898565       6.07795268E-02   2.86802831E-10   4.83850650E-02  0.328764141     -0.186422855     -0.146149576      0.284956872     -0.395881623    
   11.0000000       400.000000       3.52728553E-02   2.15418029       6.59505650E-02   3.06113773E-10   4.38373201E-02  0.320696950     -0.175761655     -0.160402328      0.278757334     -0.412183851    
   12.0000000       400.000000       3.53475511E-02   2.18945503       7.12593049E-02   3.25420552E-10   3.98804583E-02  0.312931746     -0.171636760     -0.175258905      0.272690684     -0.429106563    
   13.0000000       400.000000       3.54251340E-02   2.22494793       7.67208636E-02   3.44789475E-10   3.65676060E-02  0.305456549     -0.170352697     -0.190771937      0.266655087     -0.447311491    
   2.00000000       400.000000       3.55066359E-02   2.26028228       8.23495835E-02   3.64278357E-10   3.35055962E-02  0.298281312     -0.165010735     -0.206987306      0.260797024     -0.466069221    
   3.00000000       400.000000       3.55888382E-02   2.29589605       8.81578997E-02   3.83933413E-10   3.06338035E-02  0.291365385     -0.150035903     -0.223906621      0.255457282     -0.484682769    
   4.00000000       400.000000       3.56727764E-02   2.33153582       9.41388831E-02   4.03716782E-10   2.79421005E-02  0.284708679     -0.124776408     -0.241524860      0.251006573     -0.503206491    
   5.00000000       400.000000       3.57585363E-02   2.36718988      0.100298196       4.23641983E-10   2.52819881E-02  0.278274506      -9.13138464E-02 -0.259849727      0.247741252     -0.522354841    
   6.00000000       400.000000       3.58451568E-02   2.40296197      0.106660552       4.43803772E-10   2.29569878E-02  0.272038639      -5.13265058E-02 -0.278928548      0.245901108     -0.543372631    
   7.00000000       400.000000       3.59365791E-02   2.43895650      0.113259301       4.64326716E-10   2.07330175E-02  0.265984505      -6.72429893E-03 -0.298855782      0.245659485     -0.567133963    
   8.00000000       400.000000       3.60317938E-02   2.47496963      0.120139301       4.85369800E-10   1.85580608E-02  0.260101020       3.90178971E-02 -0.319744110      0.247064903     -0.595237672    
   9.00000000       400.000000       3.61256152E-02   2.51087451      0.127364337       5.07167586E-10   1.62245929E-02  0.254363298       8.16740319E-02 -0.341806144      0.250016093     -0.628817737    
   10.0000000       400.000000       3.62243615E-02   2.54723430      0.134989604       5.29896238E-10   1.35769108E-02  0.248758793      0.114289008     -0.365239173      0.254156411     -0.665503442    
   11.0000000       400.000000       3.63236889E-02   2.58347154      0.143024206       5.53554202E-10   1.10896658E-02  0.243280232      0.130281046     -0.390087485      0.258888483     -0.703867018    
   12.0000000       400.000000       3.64281610E-02   2.61973166      0.151470616       5.78104065E-10   8.91280454E-03  0.237929732      0.129301757     -0.416446298      0.263598442     -0.745529354    
   13.0000000       400.000000       3.65312435E-02   2.65625191      0.160270452       6.03290362E-10   7.16000888E-03  0.232710555      0.114136726     -0.444480270      0.267768055     -0.790706396    
   2.00000000       400.000000       3.66381556E-02   2.69287086      0.169364586       6.28860852E-10   5.75808249E-03  0.227610722       8.92493874E-02 -0.474302381      0.271038532     -0.819596410    
   3.00000000       400.000000       3.67491208E-02   2.72951531      0.178592473       6.54209464E-10   4.58735134E-03  0.222644776       5.92727363E-02 -0.504628897      0.273216218     -0.803277016    
   4.00000000       400.000000       3.68596762E-02   2.76648116      0.187606409       6.78088308E-10   3.64188571E-03  0.217821673       2.57246699E-02 -0.533431947      0.274164498     -0.753719747    
   5.00000000       400.000000       3.69738303E-02   2.80324292      0.196283787       7.00108305E-10   2.83920323E-03  0.213163376      -1.25125106E-02 -0.560280859      0.273701847     -0.702885747    
   6.00000000       400.000000       3.70923392E-02   2.84031177      0.204553381       7.20093485E-10   2.03217007E-03  0.208677679      -5.26113212E-02 -0.585493147      0.271750629     -0.656408548    
   7.00000000       400.000000       3.72101963E-02   2.87746811      0.212377280       7.37982175E-10   1.22654764E-03  0.204358950      -8.64307359E-02 -0.609053254      0.268534333     -0.622568786    
   8.00000000       400.000000       3.73310633E-02   2.91468883      0.219858974       7.54211082E-10   4.02996899E-04  0.200200558     -0.100327909     -0.631899476      0.264788747     -0.613429785    
   9.00000000       400.000000       3.74547355E-02   2.95214677      0.227245122       7.69675823E-10  -3.27300106E-04  0.196190223      -8.69036540E-02 -0.654930353      0.261533618     -0.603149474    
   10.0000000       400.000000       3.75822932E-02   2.98967767      0.234206811       7.83298815E-10  -9.86628816E-04  0.192321286      -5.16108088E-02 -0.677158952      0.259594023     -0.558457077    
   11.0000000       400.000000       3.77115831E-02   3.02733731      0.240376592       7.93935195E-10  -1.50204753E-03  0.188588887      -5.01449639E-03 -0.696977794      0.259405315     -0.505401909    
   12.0000000       400.000000       3.78417671E-02   3.06507659      0.245616212       8.01242572E-10  -1.75890746E-03  0.184981257       3.59073505E-02 -0.715342283      0.260764152     -0.460996389    
   13.0000000       400.000000       3.79736088E-02   3.10296249      0.249951094       8.05422506E-10  -1.84149586E-03  0.181493774       5.59451021E-02 -0.731928706      0.262888581     -0.402044475    
   2.00000000       400.000000       3.81093584E-02   3.14102793      0.253291100       8.06301304E-10  -1.81583734E-03  0.178123966       5.06402999E-02 -0.745931864      0.264818251     -0.340597630    
   3.00000000       400.000000       3.82481478E-02   3.17926812      0.255729437       8.04287748E-10  -1.75230752E-03  0.174862593       2.78899893E-02 -0.757936180      0.265885115     -0.291994840    
   4.00000000       400.000000       3.83906849E-02   3.21746230      0.257494092       8.00192634E-10  -1.67091121E-03  0.171701565       1.20646984E-03 -0.768309832      0.265931636     -0.253607631    
   5.00000000       400.000000       3.85340862E-02   3.25593615      0.258777142       7.94680932E-10  -1.56741857E-03  0.168636143      -1.62776150E-02 -0.777442575      0.265304387     -0.222178400    
   6.00000000       400.000000       3.86794209E-02   3.29459786      0.259720623       7.88230814E-10  -1.44347665E-03  0.165662140      -1.93264503E-02 -0.785465479      0.264556587     -0.197433904    
   7.00000000       400.000000       3.88261117E-02   3.33332801      0.260400355       7.81106957E-10  -1.29364408E-03  0.162775874      -1.11471582E-02 -0.792746663      0.264123738     -0.181529880    
   8.00000000       400.000000       3.89781781E-02   3.37215042      0.260811657       7.73315467E-10  -1.13943394E-03  0.159974024       1.16580290E-04 -0.799589097      0.264128596     -0.175055832    
   9.00000000       400.000000       3.91310640E-02   3.41121101      0.260986090       7.64975250E-10  -9.93393944E-04  0.157251328       7.34923501E-03 -0.806419253      0.264416248     -0.181237936    
   10.0000000       400.000000       3.92854065E-02   3.45050335      0.261002839       7.56332219E-10  -8.54767801E-04  0.154602736       7.89687783E-03 -0.813801706      0.264726251     -0.198914364    
   11.0000000       400.000000       3.94439995E-02   3.48992372      0.260917932       7.47558238E-10  -7.25089689E-04  0.152023271       3.40352696E-03 -0.822079420      0.264860481     -0.220439106    
   12.0000000       400.000000       3.96043137E-02   3.52931929      0.260750383       7.38710870E-10  -6.08462433E-04  0.149507731      -1.65756210E-03 -0.831228018      0.264794648     -0.237177983    
   13.0000000       400.000000       3.97699885E-02   3.56905532      0.260495186       7.29784400E-10  -5.11047139E-04  0.147051513      -3.96294706E-03 -0.840905249      0.264637649     -0.244486719    
   2.00000000       400.000000       3.99327539E-02   3.60901117      0.260159433       7.20792592E-10  -4.35753551E-04  0.144651532      -3.16729001E-03 -0.850713551      0.264510989     -0.243170455    
   3.00000000       400.000000       4.01016437E-02   3.64905024      0.259750545       7.11769921E-10  -3.82282131E-04  0.142305598      -6.41108898E-04 -0.860369146      0.264485151     -0.237318203    
   4.00000000       400.000000       4.02740240E-02   3.68916464      0.259280592       7.02740255E-10  -3.47461057E-04  0.140011534       1.68018311E-03 -0.869787037      0.264552742     -0.230510116    
   5.00000000       400.000000       4.04453352E-02   3.72949243      0.258756787       6.93731794E-10  -3.29278759E-04  0.137768283       2.33185966E-03 -0.878974557      0.264647454     -0.224147707    
   6.00000000       400.000000       4.06209007E-02   3.77015471      0.258183479       6.84752199E-10  -3.25104251E-04  0.135573626       1.35715026E-03 -0.887958646      0.264702082     -0.218619913    
   7.00000000       400.000000       4.08019014E-02   3.81062984      0.257570893       6.75828449E-10  -3.33104137E-04  0.133426592      -5.16817090E-04 -0.896775365      0.264681280     -0.214106321    
   8.00000000       400.000000       4.09835242E-02   3.85157919      0.256934911       6.67003841E-10  -3.49047652E-04  0.131325364      -1.31970679E-03 -0.905471087      0.264627069     -0.210006893    
   9.00000000       400.000000       4.11677249E-02   3.89264297      0.256273001       6.58265886E-10  -3.72523587E-04  0.129268944      -9.48630041E-05 -0.914028406      0.264622986     -0.206655636    
   10.0000000       800.000000       4.13518026E-02   3.93391180      0.255606383       6.49667542E-10  -3.96078191E-04  0.127255812       1.41819450E-03 -0.922523618      0.264682114     -0.203984573    
   11.0000000       800.000000       4.15420607E-02   3.97551847      0.254927844       6.41186992E-10  -4.23502235E-04  0.125284240       1.50586769E-03 -0.930938125      0.264744312     -0.201161280    
   12.0000000       800.000000       4.17331755E-02   4.01692963      0.254238516       6.32824237E-10  -4.48979670E-04  0.123353757       2.60949979E-04 -0.939275742      0.264755458     -0.198937461    
   13.0000000       800.000000       4.19295840E-02   4.05884504      0.253551364       6.24610696E-10  -4.72024491E-04  0.121462740      -5.88017458E-04 -0.947582185      0.264730453     -0.197020277    
   2.00000000       800.000000       4.21275869E-02   4.10084629      0.252861559       6.16527551E-10  -4.90361883E-04  0.119610585      -2.51391932E-04 -0.955835462      0.264719605     -0.195136964    
   3.00000000       800.000000       4.23264094E-02   4.14324856      0.252173424       6.08584128E-10  -5.04798838E-04  0.117795438       6.90855595E-05 -0.964060843      0.264722914     -0.193257168    
   4.00000000       800.000000       4.25276794E-02   4.18554831      0.251481742       6.00762828E-10  -5.14135638E-04  0.116016977      -3.96257645E-04 -0.972236276      0.264706135     -0.191457152    
   5.00000000       800.000000       4.27326299E-02   4.22826385      0.250797629       5.93086247E-10  -5.19288064E-04  0.114273682      -6.10522344E-04 -0.980384767      0.264680028     -0.189802036    
   6.00000000       800.000000       4.29400988E-02   4.27117634      0.250113606       5.85537230E-10  -5.19246794E-04  0.112565249      -1.16032221E-04 -0.988493264      0.264675319     -0.188134149    
   7.00000000       800.000000       4.31519486E-02   4.31416321      0.249432862       5.78117498E-10  -5.15692751E-04  0.110890023       1.86053323E-04 -0.996583343      0.264682859     -0.186267838    
   8.00000000       800.000000       4.33655083E-02   4.35740662      0.248746499       5.70804015E-10  -5.08902827E-04  0.109247565      -1.41870667E-04  -1.00461113      0.264676809     -0.184315249    
   9.00000000       800.000000       4.35808785E-02   4.40067959      0.248061135       5.63607438E-10  -5.00152470E-04  0.107636854      -3.17400205E-04  -1.01260591      0.264662862     -0.182477131    
   10.0000000       800.000000       4.38009016E-02   4.44439697      0.247374728       5.56521551E-10  -4.89125901E-04  0.106057249      -1.09729677E-04  -1.02055669      0.264657944     -0.180722967    
   11.0000000       800.000000       4.40220647E-02   4.48833799      0.246692315       5.49557622E-10  -4.76402522E-04  0.104507588       6.66704145E-05  -1.02847886      0.264660835     -0.179177895    
   12.0000000       800.000000       4.42490242E-02   4.53246212      0.246013150       5.42708656E-10  -4.61698102E-04  0.102987498       7.36399306E-05  -1.03637326      0.264664173     -0.177816570    
   13.0000000       800.000000       4.44775447E-02   4.57707596      0.245343462       5.35984923E-10  -4.45402897E-04  0.101496458      -5.58489664E-05  -1.04425597      0.264661878     -0.176622525    
   2.00000000       800.000000       4.47068773E-02   4.62136841      0.244678319       5.29374211E-10  -4.27398074E-04  0.100032806      -2.20987597E-04  -1.05212390      0.264652133     -0.175307781    
   3.00000000       800.000000       4.49385233E-02   4.66624355      0.244016826       5.22872357E-10  -4.09193686E-04   9.85962898E-02  -1.36220726E-04  -1.05997133      0.264645815     -0.173693061    
   4.00000000       800.000000       4.51754220E-02   4.71121693      0.243353888       5.16464149E-10  -3.90823290E-04   9.71865654E-02   1.60103387E-04  -1.06777561      0.264653087     -0.172080874    
   5.00000000       800.000000       4.54156250E-02   4.75678205      0.242693916       5.10160414E-10  -3.72882554E-04   9.58024114E-02   3.45906650E-04  -1.07556057      0.264669180     -0.170605794    
   6.00000000       800.000000       4.56556603E-02   4.80203438      0.242035761       5.03951381E-10  -3.54331045E-04   9.44439322E-02   3.64527456E-04  -1.08331251      0.264685512     -0.169227690    
   7.00000000       800.000000       4.59001064E-02   4.84787893      0.241383895       4.97848041E-10  -3.35562479E-04   9.31099579E-02   1.72579632E-04  -1.09105539      0.264693409     -0.168126270    
   8.00000000       800.000000       4.61495221E-02   4.89382601      0.240740642       4.91852170E-10  -3.14935663E-04   9.17999372E-02  -1.09066728E-04  -1.09878933      0.264688343     -0.167652056    
   9.00000000       800.000000       4.64015417E-02   4.94037914      0.240117818       4.85986973E-10  -2.91254284E-04   9.05133560E-02  -7.65141085E-05  -1.10657215      0.264685065     -0.167618781    
   10.0000000       800.000000       4.66544069E-02   4.98703766      0.239509508       4.80231022E-10  -2.64798116E-04   8.92498642E-02   1.01515334E-05  -1.11438739      0.264685571     -0.166984126    
   11.0000000       800.000000       4.69110720E-02   5.03345490      0.238900274       4.74558393E-10  -2.38559631E-04   8.80089030E-02  -2.01099872E-04  -1.12219560      0.264675975     -0.165500835    
   12.0000000       800.000000       4.71705161E-02   5.08080530      0.238281354       4.68946604E-10  -2.14398126E-04   8.67897272E-02  -1.81657771E-04  -1.12995863      0.264667779     -0.163617730    
   13.0000000       800.000000       4.74330559E-02   5.12793064      0.237650722       4.63390742E-10  -1.92841588E-04   8.55916664E-02   1.93877117E-04  -1.13767231      0.264676005     -0.161570102    
   2.00000000       800.000000       4.76989783E-02   5.17558718      0.237004474       4.57883065E-10  -1.74522691E-04   8.44145194E-02   1.98146779E-04  -1.14532888      0.264686078     -0.159334019    
   3.00000000       800.000000       4.79672700E-02   5.22343826      0.236340553       4.52419158E-10  -1.60003532E-04   8.32578093E-02  -1.13898925E-04  -1.15291595      0.264680535     -0.156809464    
   4.00000000       800.000000       4.82396744E-02   5.27148342      0.235652879       4.46985920E-10  -1.49968677E-04   8.21206793E-02  -6.40478102E-05  -1.16041422      0.264677554     -0.154003322    
   5.00000000       800.000000       4.85143214E-02   5.32006216      0.234941080       4.41584297E-10  -1.45064419E-04   8.10028613E-02   7.78036192E-05  -1.16781712      0.264680982     -0.151087537    
   6.00000000       800.000000       4.87925000E-02   5.36836243      0.234206274       4.36213288E-10  -1.44504360E-04   7.99038932E-02  -3.27051339E-06  -1.17511714      0.264681280     -0.148403943    
   7.00000000       800.000000       4.90735136E-02   5.41723442      0.233455524       4.30888797E-10  -1.47680286E-04   7.88232684E-02  -4.73221880E-05  -1.18234122      0.264678925     -0.145973802    
   8.00000000       800.000000       4.93605398E-02   5.46674824      0.232690796       4.25608548E-10  -1.53286732E-04   7.77606890E-02   1.13554361E-05  -1.18948424      0.264678717     -0.143755287    
   9.00000000       800.000000       4.96459454E-02   5.51635075      0.231915817       4.20385643E-10  -1.61201751E-04   7.67156854E-02   4.62387652E-05  -1.19657326      0.264681667     -0.141717628    
   10.0000000       800.000000       4.99367975E-02   5.56616688      0.231130883       4.15214918E-10  -1.70297702E-04   7.56874904E-02  -2.04448606E-05  -1.20359874      0.264680594     -0.139869511    
   11.0000000       800.000000       5.02316244E-02   5.61612844      0.230342388       4.10107226E-10  -1.80213508E-04   7.46761933E-02  -7.33575289E-05  -1.21058440      0.264676929     -0.138236538    
   12.0000000       800.000000       5.05279116E-02   5.66623640      0.229549944       4.05063316E-10  -1.90055565E-04   7.36812577E-02  -3.60422346E-05  -1.21752739      0.264675021     -0.136776403    
   13.0000000       800.000000       5.08273505E-02   5.71697474      0.228758112       4.00088324E-10  -1.99379530E-04   7.27025270E-02   6.55816848E-07  -1.22444570      0.264675200     -0.135727346    
   2.00000000       800.000000       5.11321910E-02   5.76780939      0.227975041       3.95194155E-10  -2.06494427E-04   7.17391595E-02   3.86880638E-05  -1.23136556      0.264676869     -0.135201722    
   3.00000000       800.000000       5.14377542E-02   5.81939650      0.227206200       3.90389221E-10  -2.10530852E-04   7.07914233E-02   7.35101685E-06  -1.23831558      0.264677405     -0.135071114    
   4.00000000       800.000000       5.17485440E-02   5.87104797      0.226453125       3.85677407E-10  -2.10622602E-04   6.98584914E-02   1.42124791E-05  -1.24530196      0.264677972     -0.135113895    
   5.00000000       800.000000       5.20629622E-02   5.92277527      0.225718468       3.81056908E-10  -2.06878569E-04   6.89407364E-02   5.25853429E-05  -1.25234163      0.264680833     -0.135187894    
   6.00000000       800.000000       5.23787588E-02   5.97483015      0.224999532       3.76523118E-10  -1.99393093E-04   6.80371523E-02   1.87643200E-05  -1.25942373      0.264681667     -0.135147244    
   7.00000000       800.000000       5.26992045E-02   6.02751064      0.224293515       3.72069764E-10  -1.88878243E-04   6.71479777E-02   3.01657565E-05  -1.26654065      0.264683396     -0.134826839    
   8.00000000       800.000000       5.30240014E-02   6.08028364      0.223593280       3.67684716E-10  -1.76440997E-04   6.62728995E-02   4.17132578E-05  -1.27367413      0.264685452     -0.134079829    
   9.00000000       800.000000       5.33496812E-02   6.13364077      0.222895175       3.63357205E-10  -1.63233592E-04   6.54112250E-02   2.35242751E-05  -1.28080535      0.264686853     -0.132913589    
   10.0000000       800.000000       5.36804311E-02   6.18732548      0.222191036       3.59076963E-10  -1.50503736E-04   6.45628422E-02   1.50140556E-06  -1.28790116      0.264686912     -0.131320357    
   11.0000000       800.000000       5.40157408E-02   6.24103832      0.221477360       3.54835050E-10  -1.39194832E-04   6.37278035E-02  -6.70159307E-06  -1.29494715      0.264686555     -0.129381448    
   12.0000000       800.000000       5.43518029E-02   6.29508209      0.220749244       3.50626195E-10  -1.29961598E-04   6.29055351E-02  -1.88222275E-05  -1.30192256      0.264685661     -0.127290756    
   13.0000000       800.000000       5.46922497E-02   6.34962225      0.220008567       3.46448009E-10  -1.22875004E-04   6.20957017E-02  -2.28441731E-05  -1.30882704      0.264684498     -0.125237331    
   2.00000000       800.000000       5.50380871E-02   6.40445566      0.219254822       3.42303408E-10  -1.17772339E-04   6.12981059E-02  -1.69748637E-05  -1.31566584      0.264683664     -0.123195879    
   3.00000000       800.000000       5.53847216E-02   6.45976830      0.218488157       3.38190420E-10  -1.14788185E-04   6.05124906E-02  -2.04102944E-05  -1.32243204      0.264682323     -0.121107414    
   4.00000000       800.000000       5.57359010E-02   6.51546860      0.217707336       3.34108796E-10  -1.13918933E-04   5.97389936E-02  -1.36874742E-05  -1.32912374      0.264681607     -0.119011566    
   5.00000000       800.000000       5.60912378E-02   6.57112312      0.216913491       3.30057592E-10  -1.15046816E-04   5.89767806E-02  -2.22271751E-06  -1.33573866      0.264681071     -0.116965413    
   6.00000000       800.000000       5.64479530E-02   6.62756824      0.216107070       3.26039751E-10  -1.17936484E-04   5.82258813E-02   4.51264168E-06  -1.34228659      0.264681935     -0.114998773    
   7.00000000       800.000000       5.68098128E-02   6.68420267      0.215290770       3.22055826E-10  -1.22293408E-04   5.74860089E-02   1.29993687E-05  -1.34876490      0.264682323     -0.113097288    
   8.00000000       800.000000       5.71758151E-02   6.74102211      0.214463860       3.18107152E-10  -1.27894775E-04   5.67569472E-02   1.12936659E-05  -1.35517704      0.264683306     -0.111323595    
   9.00000000       800.000000       5.75454868E-02   6.79867172      0.213630527       3.14196474E-10  -1.34225047E-04   5.60386814E-02   1.12185244E-05  -1.36153567      0.264684051     -0.109769389    
   10.0000000       800.000000       5.79212233E-02   6.85620070      0.212793604       3.10330345E-10  -1.40604403E-04   5.53309321E-02   1.12438529E-05  -1.36785185      0.264684618     -0.108539447    
   11.0000000       800.000000       5.82982525E-02   6.91421032      0.211958900       3.06514730E-10  -1.46019054E-04   5.46331853E-02   5.83974042E-07  -1.37415135      0.264684558     -0.107774645    
   12.0000000       800.000000       5.86755127E-02   6.97270107      0.211132973       3.02760123E-10  -1.49239699E-04   5.39456680E-02  -3.76704020E-06  -1.38045883      0.264684051     -0.107542545    
   13.0000000       800.000000       5.90622984E-02   7.03143930      0.210322931       2.99073349E-10  -1.49107073E-04   5.32678775E-02  -1.37478992E-05  -1.38681173      0.264683425     -0.107796542    
   2.00000000       800.000000       5.94485030E-02   7.09108067      0.209533930       2.95461849E-10  -1.44691381E-04   5.26001938E-02  -1.24135031E-05  -1.39323521      0.264682889     -0.108343661    
   3.00000000       800.000000       5.98436110E-02   7.15043688      0.208766863       2.91924512E-10  -1.35789858E-04   5.19416705E-02  -7.21302695E-06  -1.39973569      0.264682084     -0.108882956    
   4.00000000       800.000000       6.02373928E-02   7.21079636      0.208017960       2.88455537E-10  -1.23085527E-04   5.12929037E-02  -3.51146491E-06  -1.40630805      0.264682263     -0.108996876    
   5.00000000       800.000000       6.06374219E-02   7.27131176      0.207276598       2.85038382E-10  -1.08410059E-04   5.06533012E-02   4.56289035E-06  -1.41291273      0.264682263     -0.108173147    
   6.00000000       800.000000       6.10392392E-02   7.33202028      0.206528202       2.81652313E-10  -9.44245985E-05   5.00226580E-02   4.29565807E-06  -1.41947043      0.264682621     -0.106256947    
   7.00000000       800.000000       6.14471473E-02   7.39313030      0.205760688       2.78280898E-10  -8.33366794E-05   4.94012050E-02   5.59125147E-06  -1.42592549      0.264682561     -0.103631146    
   8.00000000       800.000000       6.18590638E-02   7.45494413      0.204968855       2.74918088E-10  -7.62240088E-05   4.87884618E-02  -1.47801200E-06  -1.43224835      0.264682770     -0.100719526    
   9.00000000       800.000000       6.22721761E-02   7.51700449      0.204150558       2.71558914E-10  -7.33419656E-05   4.81842458E-02  -3.54927124E-06  -1.43842852      0.264682233      -9.77664962E-02
   10.0000000       800.000000       6.26941621E-02   7.57950735      0.203308538       2.68210010E-10  -7.43604469E-05   4.75884452E-02  -5.67082543E-06  -1.44446743      0.264681935      -9.50368419E-02
   11.0000000       800.000000       6.31151870E-02   7.64244461      0.202447653       2.64875899E-10  -7.83826326E-05   4.70005758E-02  -4.90412594E-06  -1.45038378      0.264681488      -9.26989317E-02
   12.0000000       800.000000       6.35424033E-02   7.70559978      0.201573223       2.61564936E-10  -8.44767419E-05   4.64211367E-02  -4.30662021E-06  -1.45620763      0.264681607      -9.07261074E-02
   13.0000000       800.000000       6.39760271E-02   7.76949692      0.200690374       2.58281785E-10  -9.17650395E-05   4.58496213E-02  -2.89430932E-06  -1.46195281      0.264681488      -8.90599340E-02
   2.00000000       800.000000       6.44085407E-02   7.83382225      0.199802056       2.55031107E-10  -9.95096852E-05   4.52857465E-02  -1.85824604E-06  -1.46764386      0.264681458      -8.77465010E-02
   3.00000000       800.000000       6.48498610E-02   7.89831066      0.198914468       2.51820925E-10  -1.06645224E-04   4.47295234E-02  -5.18384127E-08  -1.47329521      0.264681429      -8.69312361E-02
   4.00000000       800.000000       6.52926117E-02   7.96304750      0.198036417       2.48660426E-10  -1.11739857E-04   4.41810004E-02  -9.83641030E-07  -1.47895658      0.264681220      -8.68036821E-02
   5.00000000       800.000000       6.57397360E-02   8.02879810      0.197175816       2.45560239E-10  -1.13086156E-04   4.36401069E-02  -2.41290280E-07  -1.48466980      0.264681488      -8.74303654E-02
   6.00000000       800.000000       6.61928579E-02   8.09504509      0.196342424       2.42529191E-10  -1.09292814E-04   4.31064293E-02  -1.05850052E-06  -1.49049115      0.264681607      -8.84822309E-02
   7.00000000       800.000000       6.66503683E-02   8.16145802      0.195535704       2.39566644E-10  -1.00185884E-04   4.25798409E-02   1.22970812E-06  -1.49642754      0.264680803      -8.93644169E-02
   8.00000000       800.000000       6.71091229E-02   8.22835445      0.194747403       2.36661718E-10  -8.71384109E-05   4.20603603E-02   3.03639808E-06  -1.50244308      0.264681399      -8.94187614E-02
   9.00000000       800.000000       6.75772652E-02   8.29508305      0.193962336       2.33793901E-10  -7.28798841E-05   4.15478833E-02   3.81801237E-06  -1.50846660      0.264681876      -8.81217271E-02
   10.0000000       800.000000       6.80434331E-02   8.36327362      0.193161622       2.30941113E-10  -6.07500260E-05   4.10423651E-02   5.64076481E-06  -1.51439452      0.264682293      -8.55266228E-02
   11.0000000       800.000000       6.85164854E-02   8.43160915      0.192333534       2.28088826E-10  -5.29870777E-05   4.05435599E-02   4.55212921E-06  -1.52015018      0.264682323      -8.22819695E-02
   12.0000000       800.000000       6.89990669E-02   8.50011826      0.191476047       2.25234775E-10  -5.01577342E-05   4.00517359E-02   2.24756764E-06  -1.52571106      0.264682502      -7.90143237E-02
   13.0000000       800.000000       6.94770738E-02   8.56972027      0.190592036       2.22383473E-10  -5.16912587E-05   3.95660363E-02   2.74171430E-06  -1.53109145      0.264682889      -7.61036724E-02
   2.00000000       800.000000       6.99650571E-02   8.63913631      0.189688340       2.19543481E-10  -5.63335088E-05   3.90867181E-02   1.11552914E-07  -1.53632128      0.264682978      -7.37366304E-02
   3.00000000       800.000000       7.04544336E-02   8.70913506      0.188772947       2.16722335E-10  -6.27348709E-05   3.86138484E-02   4.49973271E-07  -1.54144251      0.264682591      -7.19209835E-02
   4.00000000       800.000000       7.09533468E-02   8.77987480      0.187851846       2.13927875E-10  -6.95919152E-05   3.81472483E-02   3.36803254E-07  -1.54649234      0.264682442      -7.06309751E-02
   5.00000000       800.000000       7.14557767E-02   8.85152435      0.186932862       2.11169152E-10  -7.56004520E-05   3.76869850E-02  -3.80559527E-07  -1.55150127      0.264682710      -6.99441880E-02
   6.00000000       800.000000       7.19595850E-02   8.92326069      0.186024725       2.08454989E-10  -7.92540668E-05   3.72320190E-02   6.11706071E-07  -1.55652487      0.264682114      -6.99845329E-02
   7.00000000       800.000000       7.24673644E-02   8.99552822      0.185136333       2.05793466E-10  -7.89718761E-05   3.67834084E-02   1.51970227E-07  -1.56160808      0.264682829      -7.06328899E-02
   8.00000000       800.000000       7.29827210E-02   9.06822109      0.184271112       2.03189257E-10  -7.39160096E-05   3.63406390E-02  -7.06203664E-08  -1.56679916      0.264682770      -7.14165568E-02
   9.00000000       800.000000       7.35015273E-02   9.14107132      0.183425680       2.00636383E-10  -6.47796915E-05   3.59034762E-02  -2.84691225E-07  -1.57207215      0.264682740      -7.16156587E-02
   10.0000000       800.000000       7.40236938E-02   9.21487141      0.182586670       1.98119784E-10  -5.37977357E-05   3.54722813E-02  -6.45180762E-07  -1.57736230      0.264682710      -7.06735402E-02
   11.0000000       800.000000       7.45541826E-02   9.28909588      0.181737810       1.95621852E-10  -4.39275718E-05   3.50463688E-02  -4.99750684E-07  -1.58257091      0.264682502      -6.85226768E-02
   12.0000000       800.000000       7.50876293E-02   9.36382198      0.180866674       1.93128583E-10  -3.75691525E-05   3.46261226E-02  -6.10543282E-07  -1.58761358      0.264682949      -6.55626059E-02
   13.0000000       800.000000       7.56227747E-02   9.43945217      0.179969072       1.90636062E-10  -3.57317840E-05   3.42114829E-02  -9.09264486E-08  -1.59245265      0.264682621      -6.24465272E-02
   2.00000000       800.000000       7.61684179E-02   9.51551723      0.179047674       1.88147220E-10  -3.79027879E-05   3.38018052E-02   2.12274259E-07  -1.59709454      0.264682502      -5.97485825E-02
   3.00000000       800.000000       7.67170042E-02   9.59179592      0.178110704       1.85671145E-10  -4.26777660E-05   3.33974436E-02   4.03100728E-07  -1.60158801      0.264682710      -5.76860756E-02
   4.00000000       800.000000       7.72694573E-02   9.66848755      0.177166298       1.83216414E-10  -4.84344964E-05   3.29985097E-02   7.50407423E-07  -1.60597837      0.264682770      -5.62829785E-02
   5.00000000       800.000000       7.78230131E-02   9.74612713      0.176223472       1.80791285E-10  -5.35856889E-05   3.26040909E-02   5.59244313E-07  -1.61031604      0.264682680      -5.55830300E-02
   6.00000000       800.000000       7.83851892E-02   9.82425022      0.175291032       1.78404402E-10  -5.66037997E-05   3.22149135E-02   1.90726865E-07  -1.61466110      0.264682919      -5.55120893E-02
   7.00000000       800.000000       7.89523125E-02   9.90284920      0.174374670       1.76062026E-10  -5.62323221E-05   3.18309404E-02  -2.89587092E-08  -1.61904883      0.264682889      -5.58742918E-02
   8.00000000       800.000000       7.95280412E-02   9.98241329      0.173477054       1.73765460E-10  -5.19660171E-05   3.14514190E-02  -4.02157696E-07  -1.62351453      0.264682710      -5.62532917E-02
   9.00000000       800.000000       8.01055804E-02   10.0623922      0.172593445       1.71508946E-10  -4.45594160E-05   3.10768839E-02  -5.80158996E-07  -1.62802899      0.264682859      -5.60217239E-02
   10.0000000       800.000000       8.06882754E-02   10.1425762      0.171710938       1.69279438E-10  -3.61954371E-05   3.07068359E-02  -9.16132933E-07  -1.63252246      0.264682621      -5.47149777E-02
   11.0000000       800.000000       8.12722519E-02   10.2231703      0.170815617       1.67062919E-10  -2.95258487E-05   3.03419214E-02  -9.14461395E-07  -1.63689113      0.264682680      -5.23535199E-02
   12.0000000       800.000000       8.18665698E-02   10.3048105      0.169897854       1.64850009E-10  -2.64532046E-05   2.99811810E-02  -9.60654688E-07  -1.64106202      0.264682651      -4.94392999E-02
   13.0000000       800.000000       8.24698508E-02   10.3871059      0.168956235       1.62639846E-10  -2.73417972E-05   2.96252295E-02  -7.72165265E-07  -1.64501643      0.264682204      -4.66635749E-02
   2.00000000       800.000000       8.30690786E-02   10.4702911      0.167997524       1.60438302E-10  -3.11255098E-05   2.92736720E-02  -8.17152568E-07  -1.64878893      0.264682442      -4.44758087E-02
   3.00000000       800.000000       8.36792067E-02   10.5531397      0.167030379       1.58254701E-10  -3.60502963E-05   2.89262570E-02  -6.91549758E-07  -1.65243506      0.264682084      -4.31071632E-02
   4.00000000       800.000000       8.42924491E-02   10.6371202      0.166066810       1.56099356E-10  -4.00518074E-05   2.85833683E-02  -3.51419970E-07  -1.65602958      0.264682621      -4.26082425E-02
   5.00000000       800.000000       8.49149227E-02   10.7222576      0.165115416       1.53980592E-10  -4.14103815E-05   2.82447170E-02  -2.97117595E-07  -1.65964293      0.264681697      -4.27205116E-02
   6.00000000       800.000000       8.55400413E-02   10.8070173      0.164180934       1.51901380E-10  -3.92675429E-05   2.79100630E-02  -6.18058422E-08  -1.66331100      0.264682084      -4.29921970E-02
   7.00000000       800.000000       8.61672983E-02   10.8929453      0.163260058       1.49859042E-10  -3.40074512E-05   2.75799502E-02  -9.59274757E-08  -1.66702414      0.264682442      -4.28302623E-02
   8.00000000       800.000000       8.68062824E-02   10.9799843      0.162342831       1.47843432E-10  -2.74894483E-05   2.72535048E-02   3.14000488E-08  -1.67072070      0.264682651      -4.17014286E-02
   9.00000000       800.000000       8.74475688E-02   11.0664978      0.161415711       1.45841395E-10  -2.22253530E-05   2.69315802E-02  -1.39845028E-07  -1.67429221      0.264682353      -3.95720042E-02
   10.0000000       800.000000       8.80924463E-02   11.1543617      0.160469681       1.43845963E-10  -1.99592432E-05   2.66129617E-02  -1.83510593E-07  -1.67766535      0.264682204      -3.69894579E-02
   11.0000000       800.000000       8.87458175E-02   11.2425718      0.159504652       1.41856610E-10  -2.09377431E-05   2.62989271E-02  -1.13651581E-07  -1.68083501      0.264682055      -3.45812924E-02
   12.0000000       800.000000       8.94047245E-02   11.3320246      0.158527553       1.39879192E-10  -2.40253776E-05   2.59883571E-02  -1.53352232E-07  -1.68382633      0.264682233      -3.27927545E-02
   13.0000000       800.000000       9.00711343E-02   11.4218473      0.157547146       1.37921646E-10  -2.74155191E-05   2.56816819E-02  -1.85309034E-07  -1.68671715      0.264682382      -3.18043977E-02
   2.00000000       800.000000       9.07422155E-02   11.5118284      0.156572953       1.35992689E-10  -2.93008561E-05   2.53789704E-02  -2.08870745E-07  -1.68957841      0.264682174      -3.14923562E-02
   3.00000000       800.000000       9.14164707E-02   11.6033077      0.155611619       1.34096831E-10  -2.85862461E-05   2.50794496E-02  -1.19126149E-07  -1.69245315      0.264681995      -3.14585529E-02
   4.00000000       800.000000       9.20993984E-02   11.6952047      0.154661596       1.32232197E-10  -2.52842274E-05   2.47840174E-02  -6.05305033E-08  -1.69535160      0.264682055      -3.11832447E-02
   5.00000000       800.000000       9.27866399E-02   11.7873383      0.153715953       1.30393085E-10  -2.05883825E-05   2.44920328E-02   1.79944536E-07  -1.69821775      0.264682382      -3.02601010E-02
   6.00000000       800.000000       9.34779644E-02   11.8806105      0.152765319       1.28571168E-10  -1.63423192E-05   2.42038015E-02   3.21908715E-07  -1.70098794      0.264682025      -2.85898484E-02
   7.00000000       800.000000       9.41774696E-02   11.9743528      0.151802301       1.26759422E-10  -1.40021739E-05   2.39186101E-02   3.06669307E-07  -1.70358670      0.264682114      -2.64891163E-02
   8.00000000       800.000000       9.48819369E-02   12.0688763      0.150825769       1.24957614E-10  -1.39742988E-05   2.36374326E-02   3.07520850E-07  -1.70599508      0.264682412      -2.44382154E-02
   9.00000000       800.000000       9.55979601E-02   12.1640635      0.149839759       1.23168573E-10  -1.55323942E-05   2.33599339E-02   3.02929266E-07  -1.70823801      0.264682114      -2.28210986E-02
   10.0000000       800.000000       9.63135287E-02   12.2600622      0.148850992       1.21398155E-10  -1.72924865E-05   2.30853204E-02   2.08535042E-07  -1.71037483      0.264682263      -2.18256507E-02
   11.0000000       800.000000       9.70358253E-02   12.3568468      0.147866860       1.19652219E-10  -1.78910359E-05   2.28135474E-02   2.06313061E-07  -1.71245968      0.264682382      -2.12941915E-02
   12.0000000       800.000000       9.77677032E-02   12.4544106      0.146890312       1.17932650E-10  -1.67413855E-05   2.25450881E-02   2.39855467E-07  -1.71452248      0.264682442      -2.08005011E-02
   13.0000000       800.000000       9.85076427E-02   12.5523767      0.145918205       1.16235736E-10  -1.42864674E-05   2.22810134E-02   2.40400624E-07  -1.71654165      0.264682651      -1.99984126E-02
   2.00000000       800.000000       9.92456749E-02   12.6510534      0.144945219       1.14558377E-10  -1.15282437E-05   2.20186394E-02   3.06922516E-07  -1.71847987      0.264682472      -1.87530834E-02
   3.00000000       800.000000       9.99961421E-02   12.7503929      0.143966600       1.12895922E-10  -9.55625183E-06   2.17604451E-02   3.51858517E-07  -1.72027957      0.264682472      -1.71237644E-02
   4.00000000       800.000000      0.100751281       12.8514633      0.142978713       1.11245582E-10  -8.95615813E-06   2.15054397E-02   3.21545741E-07  -1.72191536      0.264682323      -1.54119553E-02
   5.00000000       800.000000      0.101513669       12.9527330      0.141984046       1.09608995E-10  -9.38878293E-06   2.12524701E-02   3.14476722E-07  -1.72339523      0.264682263      -1.39856860E-02
   6.00000000       800.000000      0.102282949       13.0543804      0.140987635       1.07990221E-10  -9.92929836E-06   2.10037064E-02   2.36365310E-07  -1.72476649      0.264682829      -1.29560623E-02
   7.00000000       800.000000      0.103057869       13.1565609      0.139993191       1.06391798E-10  -9.72366433E-06   2.07572505E-02   1.56022665E-07  -1.72605741      0.264682531      -1.21897887E-02
   8.00000000       800.000000      0.103839546       13.2604132      0.139002547       1.04814879E-10  -8.49783828E-06   2.05145888E-02   1.00281234E-07  -1.72728682      0.264682382      -1.14156129E-02
   9.00000000       800.000000      0.104626514       13.3645535      0.138013139       1.03257139E-10  -6.67186760E-06   2.02742144E-02   5.06863778E-08  -1.72843647      0.264682531      -1.03853876E-02
   10.0000000       800.000000      0.105420068       13.4691267      0.137021035       1.01715497E-10  -5.04117406E-06   2.00356208E-02   3.96757720E-08  -1.72947049      0.264682472      -9.04788636E-03
   11.0000000       800.000000      0.106228657       13.5754204      0.136023507       1.00187747E-10  -4.23215215E-06   1.98018532E-02   5.68631080E-08  -1.73034990      0.264682323      -7.55331106E-03
   12.0000000       800.000000      0.107034281       13.6821260      0.135019988       9.86735554E-11  -4.29991815E-06   1.95694119E-02   7.52218554E-08  -1.73108041      0.264682710      -6.15375023E-03
   13.0000000       800.000000      0.107849084       13.7891541      0.134013638       9.71749417E-11  -4.75394563E-06   1.93404965E-02   7.42249284E-08  -1.73167419      0.264682829      -5.00670448E-03
   2.00000000       800.000000      0.108672515       13.8981247      0.133007497       9.56944940E-11  -4.93354491E-06   1.91144478E-02   4.90305290E-08  -1.73216438      0.264682651      -4.10012249E-03
   3.00000000       800.000000      0.109497771       14.0066690      0.132003963       9.42325593E-11  -4.43604949E-06   1.88903566E-02   6.51845333E-09  -1.73256397      0.264683038      -3.27745173E-03
   4.00000000       800.000000      0.110339761       14.1170921      0.131001979       9.27890542E-11  -3.36174230E-06   1.86691284E-02  -3.70954112E-08  -1.73288441      0.264682949      -2.33651511E-03
   5.00000000       800.000000      0.111177742       14.2269335      0.129999012       9.13621331E-11  -2.17995716E-06   1.84510723E-02  -6.02938997E-08  -1.73308432      0.264683008      -1.20980991E-03
   6.00000000       800.000000      0.112030037       14.3394938      0.128994331       8.99500474E-11  -1.28441889E-06   1.82343554E-02  -6.20932568E-08  -1.73315465      0.264682978       7.97594294E-06
   7.00000000       800.000000      0.112885214       14.4517355      0.127986446       8.85527554E-11  -7.27871111E-07   1.80210918E-02  -4.78644004E-08  -1.73308313      0.264682859       1.18581136E-03
   8.00000000       800.000000      0.113750286       14.5650282      0.126977712       8.71712147E-11  -2.56405571E-07   1.78108029E-02  -2.82101968E-08  -1.73288488      0.264682561       2.23234599E-03
   9.00000000       800.000000      0.114624061       14.6793976      0.125968829       8.58065702E-11   4.62563037E-07   1.76019464E-02  -2.51178207E-08  -1.73257589      0.264682412       3.17221950E-03
   10.0000000       800.000000      0.115506783       14.7940674      0.124961570       8.44578088E-11   1.52879181E-06   1.73960794E-02  -4.84971281E-08  -1.73215234      0.264682204       4.12218925E-03
   11.0000000       800.000000      0.116393380       14.9101496      0.123953462       8.31252289E-11   2.77072718E-06   1.71928946E-02  -7.27741494E-08  -1.73161340      0.264682621       5.15363319E-03
   12.0000000       800.000000      0.117281690       15.0272551      0.122944735       8.18073595E-11   3.93031178E-06   1.69917531E-02  -9.64566880E-08  -1.73095131      0.264682710       6.27005007E-03
   13.0000000       800.000000      0.118191823       15.1445360      0.121932976       8.05038397E-11   4.82283667E-06   1.67932529E-02  -1.09979467E-07  -1.73014259      0.264682680       7.42321275E-03
   2.00000000       800.000000      0.119099334       15.2630339      0.120920509       7.92143712E-11   5.45856847E-06   1.65975951E-02  -1.13663532E-07  -1.72919285      0.264682949       8.53227358E-03
   3.00000000       800.000000      0.120015435       15.3828135      0.119905762       7.79398560E-11   6.01486681E-06   1.64031982E-02  -1.03595688E-07  -1.72810006      0.264682889       9.56110749E-03
   4.00000000       800.000000      0.120940529       15.5036430      0.118892029       7.66796973E-11   6.64240497E-06   1.62121486E-02  -9.87139259E-08  -1.72688138      0.264682531       1.05438707E-02
   5.00000000       800.000000      0.121867239       15.6249332      0.117877923       7.54354426E-11   7.37033542E-06   1.60219017E-02  -9.73743823E-08  -1.72553575      0.264682204       1.15275448E-02
   6.00000000       800.000000      0.122810721       15.7464323      0.116863690       7.42046702E-11   8.13769566E-06   1.58348139E-02  -9.99815839E-08  -1.72405744      0.264682114       1.25275766E-02
   7.00000000       800.000000      0.123757191       15.8707790      0.115848467       7.29888996E-11   8.87707210E-06   1.56504102E-02  -9.88834472E-08  -1.72244775      0.264682412       1.35376500E-02
   8.00000000       800.000000      0.124716990       15.9948425      0.114832796       7.17871804E-11   9.57286011E-06   1.54674733E-02  -9.15427592E-08  -1.72069633      0.264682382       1.45392548E-02
   9.00000000       800.000000      0.125679165       16.1200333      0.113817155       7.05997413E-11   1.02435979E-05   1.52863124E-02  -7.98882098E-08  -1.71880984      0.264682531       1.55208344E-02
   10.0000000       800.000000      0.126648560       16.2460766      0.112801440       6.94262287E-11   1.09143348E-05   1.51075749E-02  -6.90323674E-08  -1.71679294      0.264682770       1.64889526E-02
   11.0000000       800.000000      0.127627030       16.3736973      0.111786038       6.82669685E-11   1.15744160E-05   1.49310036E-02  -6.07566264E-08  -1.71461535      0.264682651       1.74557380E-02
   12.0000000       800.000000      0.128622070       16.5009899      0.110769555       6.71210240E-11   1.21962948E-05   1.47568909E-02  -5.49253905E-08  -1.71230888      0.264682710       1.84182525E-02
   13.0000000       800.000000      0.129615709       16.6299458      0.109753326       6.59888325E-11   1.27941739E-05   1.45846549E-02  -4.87462195E-08  -1.70985973      0.264682382       1.93569362E-02
   2.00000000       800.000000      0.130617574       16.7607040      0.108738326       6.48706575E-11   1.34199854E-05   1.44145098E-02  -4.06218668E-08  -1.70726657      0.264682442       2.02623885E-02
   3.00000000       800.000000      0.131631613       16.8909397      0.107722983       6.37664435E-11   1.41284681E-05   1.42464666E-02  -3.11755031E-08  -1.70454943      0.264682233       2.11452655E-02
   4.00000000       800.000000      0.132658064       17.0234966      0.106709018       6.26757882E-11   1.49276248E-05   1.40799573E-02  -2.01607424E-08  -1.70168459      0.264682263       2.20260005E-02
   5.00000000       800.000000      0.133689612       17.1564980      0.105695270       6.15986429E-11   1.57697032E-05   1.39156664E-02  -1.08266649E-08  -1.69868398      0.264682353       2.29141973E-02
   6.00000000       800.000000      0.134727374       17.2917385      0.104682401       6.05347369E-11   1.66069931E-05   1.37523236E-02  -3.37483619E-09  -1.69553959      0.264682382       2.38047987E-02
   7.00000000       800.000000      0.135772675       17.4260139      0.103669517       5.94837166E-11   1.74217221E-05   1.35918362E-02   2.70615996E-09  -1.69225323      0.264682293       2.46846974E-02
   8.00000000       800.000000      0.136831790       17.5625153      0.102658436       5.84457066E-11   1.82317908E-05   1.34332925E-02   8.80307649E-09  -1.68881500      0.264682263       2.55431626E-02
   9.00000000       800.000000      0.137887821       17.6995029      0.101646237       5.74212310E-11   1.90678966E-05   1.32763684E-02   1.40455718E-08  -1.68521953      0.264682293       2.63805389E-02
   10.0000000       800.000000      0.138969555       17.8388729      0.100636885       5.64100225E-11   1.99429069E-05   1.31213712E-02   1.91692777E-08  -1.68150425      0.264682382       2.72083413E-02
   11.0000000       800.000000      0.140046909       17.9775219       9.96283665E-02   5.54110438E-11   2.08353576E-05   1.29684033E-02   2.32970390E-08  -1.67763627      0.264682412       2.80372668E-02
   12.0000000       800.000000      0.141143247       18.1181393       9.86206234E-02   5.44248778E-11   2.17029574E-05   1.28170513E-02   2.68075020E-08  -1.67361128      0.264682561       2.88713779E-02
   13.0000000       800.000000      0.142242312       18.2606220       9.76137221E-02   5.34508340E-11   2.25028198E-05   1.26670804E-02   2.96722060E-08  -1.66945088      0.264682561       2.97024157E-02
   2.00000000       800.000000      0.143348306       18.4025784       9.66076851E-02   5.24896307E-11   2.32275979E-05   1.25194499E-02   3.27399015E-08  -1.66513634      0.264682472       3.05158012E-02
   3.00000000       800.000000      0.144470185       18.5468769       9.56024751E-02   5.15402929E-11   2.38968460E-05   1.23732137E-02   3.58147290E-08  -1.66067111      0.264682561       3.13134417E-02
   4.00000000       800.000000      0.145599216       18.6916237       9.45982262E-02   5.06033618E-11   2.45203646E-05   1.22283399E-02   3.82234937E-08  -1.65606427      0.264682502       3.20958532E-02
   5.00000000       800.000000      0.146730632       18.8387299       9.35953483E-02   4.96785182E-11   2.51125894E-05   1.20852822E-02   3.96275901E-08  -1.65128696      0.264682829       3.28609049E-02
   6.00000000       800.000000      0.147886083       18.9852219       9.25939828E-02   4.87658976E-11   2.56955846E-05   1.19441384E-02   3.96473077E-08  -1.64637971      0.264682442       3.36050987E-02
   7.00000000       800.000000      0.149040878       19.1336536       9.15950835E-02   4.78656455E-11   2.63008915E-05   1.18047921E-02   3.82152301E-08  -1.64130187      0.264682502       3.43248919E-02
   8.00000000       800.000000      0.150206983       19.2841053       9.05975923E-02   4.69765997E-11   2.69553038E-05   1.16669983E-02   3.58383510E-08  -1.63611555      0.264682710       3.50255445E-02
   9.00000000       800.000000      0.151375279       19.4338169       8.96025077E-02   4.61005401E-11   2.76705432E-05   1.15304226E-02   3.30929595E-08  -1.63075972      0.264682502       3.57103907E-02
   10.0000000       800.000000      0.152559474       19.5859928       8.86090919E-02   4.52358255E-11   2.84478792E-05   1.13960188E-02   3.06467207E-08  -1.62524641      0.264682233       3.63806039E-02
   11.0000000       800.000000      0.153755501       19.7391071       8.76183435E-02   4.43827197E-11   2.92767036E-05   1.12627652E-02   2.82983823E-08  -1.61960340      0.264682233       3.70426215E-02
   12.0000000       800.000000      0.154966682       19.8943138       8.66297334E-02   4.35413025E-11   3.01342607E-05   1.11312578E-02   2.60324136E-08  -1.61380208      0.264682204       3.76967490E-02
   13.0000000       800.000000      0.156182289       20.0499210       8.56432691E-02   4.27114732E-11   3.10014402E-05   1.10012749E-02   2.43055744E-08  -1.60787618      0.264682114       3.83426696E-02
   2.00000000       800.000000      0.157407701       20.2067699       8.46588463E-02   4.18931417E-11   3.18564562E-05   1.08722448E-02   2.32878925E-08  -1.60178578      0.264682174       3.89808752E-02
   3.00000000       800.000000      0.158632427       20.3635406       8.36774930E-02   4.10859784E-11   3.26916197E-05   1.07456231E-02   2.20262137E-08  -1.59555888      0.264682204       3.95985916E-02
   4.00000000       800.000000      0.159881696       20.5234394       8.26974958E-02   4.02901081E-11   3.35210643E-05   1.06200203E-02   2.08027338E-08  -1.58917582      0.264682114       4.01991867E-02
   5.00000000       800.000000      0.161134437       20.6836548       8.17208588E-02   3.95050659E-11   3.43358406E-05   1.04960185E-02   1.92019716E-08  -1.58265460      0.264682382       4.07895036E-02
   6.00000000       800.000000      0.162408039       20.8466339       8.07467774E-02   3.87311953E-11   3.51269809E-05   1.03728799E-02   1.69030105E-08  -1.57597792      0.264682412       4.13614735E-02
   7.00000000       800.000000      0.163673609       21.0080662       7.97759965E-02   3.79690307E-11   3.59012520E-05   1.02519058E-02   1.40052032E-08  -1.56917071      0.264682442       4.19178382E-02
   8.00000000       800.000000      0.164970547       21.1726456       7.88081586E-02   3.72169726E-11   3.66564127E-05   1.01318378E-02   1.10546061E-08  -1.56218779      0.264682442       4.24599871E-02
   9.00000000       800.000000      0.166260168       21.3390827       7.78431296E-02   3.64758501E-11   3.73918774E-05   1.00135533E-02   7.43199413E-09  -1.55511069      0.264682591       4.29839566E-02
   10.0000000       800.000000      0.167571649       21.5048828       7.68809021E-02   3.57456079E-11   3.81203390E-05   9.89671983E-03   4.07488088E-09  -1.54784894      0.264682561       4.34865728E-02
   11.0000000       800.000000      0.168884769       21.6747990       7.59221986E-02   3.50258503E-11   3.88580775E-05   9.78078227E-03   1.22690968E-09  -1.54047036      0.264682591       4.39678356E-02
   12.0000000       800.000000      0.170220941       21.8437004       7.49677047E-02   3.43166051E-11   3.96172763E-05   9.66634415E-03  -1.36454115E-09  -1.53294039      0.264682591       4.44314256E-02
   13.0000000       800.000000      0.171562597       22.0148487       7.40157813E-02   3.36182852E-11   4.03968406E-05   9.55340359E-03  -3.49669849E-09  -1.52528143      0.264682502       4.48804051E-02
   2.00000000       800.000000      0.172911152       22.1867790       7.30683804E-02   3.29301517E-11   4.11923611E-05   9.44137480E-03  -5.08864328E-09  -1.51747751      0.264682442       4.53133099E-02
   3.00000000       800.000000      0.174262822       22.3595982       7.21246675E-02   3.22522946E-11   4.20023498E-05   9.33077559E-03  -6.33049080E-09  -1.50955725      0.264682531       4.57314849E-02
   4.00000000       800.000000      0.175636902       22.5350342       7.11845383E-02   3.15847765E-11   4.28119711E-05   9.22191981E-03  -7.32415106E-09  -1.50148034      0.264682382       4.61370759E-02
   5.00000000       800.000000      0.177029908       22.7109966       7.02486485E-02   3.09276806E-11   4.36155751E-05   9.11373086E-03  -8.15029910E-09  -1.49326873      0.264682442       4.65237163E-02
   6.00000000       800.000000      0.178427994       22.8897495       6.93165660E-02   3.02805211E-11   4.44137841E-05   9.00699757E-03  -8.85589291E-09  -1.48492754      0.264682472       4.68967184E-02
   7.00000000       800.000000      0.179832757       23.0675335       6.83887824E-02   2.96431074E-11   4.51859451E-05   8.90162494E-03  -9.64859748E-09  -1.47648001      0.264682233       4.72595058E-02
   8.00000000       800.000000      0.181247130       23.2492962       6.74653351E-02   2.90156597E-11   4.59170406E-05   8.79801344E-03  -1.04059161E-08  -1.46787238      0.264682114       4.76054475E-02
   9.00000000       800.000000      0.182678327       23.4303741       6.65463507E-02   2.83980027E-11   4.66158926E-05   8.69501382E-03  -1.09019842E-08  -1.45915294      0.264682114       4.79297601E-02
   10.0000000       800.000000      0.184120178       23.6137962       6.56311363E-02   2.77899700E-11   4.73066757E-05   8.59264098E-03  -1.11610436E-08  -1.45029926      0.264682174       4.82287146E-02
   11.0000000       800.000000      0.185574606       23.7995758       6.47211000E-02   2.71920108E-11   4.80209346E-05   8.49200226E-03  -1.13340031E-08  -1.44131434      0.264682204       4.85023335E-02
   12.0000000       800.000000      0.187039450       23.9845982       6.38158396E-02   2.66032300E-11   4.87742182E-05   8.39253608E-03  -1.11549827E-08  -1.43223631      0.264682144       4.87595573E-02
   13.0000000       800.000000      0.188515589       24.1725788       6.29158095E-02   2.60244448E-11   4.95600398E-05   8.29458889E-03  -1.08408642E-08  -1.42300785      0.264682055       4.90017235E-02
   2.00000000       800.000000      0.190003842       24.3626595       6.20204732E-02   2.54545465E-11   5.03745214E-05   8.19762889E-03  -1.05623199E-08  -1.41367400      0.264682055       4.92241308E-02
   3.00000000       800.000000      0.191507503       24.5538692       6.11306876E-02   2.48944476E-11   5.12205843E-05   8.10110383E-03  -1.01859126E-08  -1.40423346      0.264682174       4.94288728E-02
   4.00000000       800.000000      0.193027228       24.7454605       6.02458641E-02   2.43434942E-11   5.20845606E-05   8.00653547E-03  -9.75329506E-09  -1.39467430      0.264682204       4.96220961E-02
   5.00000000       800.000000      0.194553345       24.9383144       5.93652800E-02   2.38017921E-11   5.29301979E-05   7.91294407E-03  -9.24819421E-09  -1.38499057      0.264682293       4.98078018E-02
   6.00000000       800.000000      0.196085945       25.1336231       5.84917404E-02   2.32688348E-11   5.37204141E-05   7.82008190E-03  -8.63363425E-09  -1.37520766      0.264682263       4.99824062E-02
   7.00000000       800.000000      0.197636858       25.3313236       5.76224253E-02   2.27450610E-11   5.44399809E-05   7.72844302E-03  -8.06837352E-09  -1.36532581      0.264682293       5.01394793E-02
   8.00000000       800.000000      0.199212298       25.5304661       5.67582361E-02   2.22299176E-11   5.51045086E-05   7.63755664E-03  -7.38944550E-09  -1.35532343      0.264682263       5.02707809E-02
   9.00000000       800.000000      0.200781316       25.7297115       5.59002683E-02   2.17235136E-11   5.57565727E-05   7.54801743E-03  -6.70515155E-09  -1.34520364      0.264682323       5.03720902E-02
   10.0000000       800.000000      0.202371761       25.9304714       5.50481975E-02   2.12261424E-11   5.64328984E-05   7.45964097E-03  -5.97144689E-09  -1.33499491      0.264682472       5.04519008E-02
   11.0000000       800.000000      0.203978211       26.1335907       5.42019196E-02   2.07373597E-11   5.71404489E-05   7.37203984E-03  -5.06525266E-09  -1.32470405      0.264682442       5.05143441E-02
   12.0000000       800.000000      0.205590189       26.3390236       5.33618666E-02   2.02574520E-11   5.78888321E-05   7.28593394E-03  -4.26265290E-09  -1.31431639      0.264682502       5.05547747E-02
   13.0000000       800.000000      0.207215562       26.5462608       5.25288992E-02   1.97858275E-11   5.86937167E-05   7.20024994E-03  -3.39153172E-09  -1.30384648      0.264682502       5.05748652E-02
   2.00000000       800.000000      0.208862230       26.7531796       5.17008007E-02   1.93228454E-11   5.95422935E-05   7.11614080E-03  -2.56358446E-09  -1.29326940      0.264682502       5.05838096E-02
   3.00000000       800.000000      0.210511744       26.9634609       5.08796982E-02   1.88681501E-11   6.03844674E-05   7.03239581E-03  -1.84609217E-09  -1.28263700      0.264682591       5.05902767E-02
   4.00000000       800.000000      0.212182373       27.1744270       5.00651561E-02   1.84212628E-11   6.11614814E-05   6.95019728E-03  -1.25121213E-09  -1.27190125      0.264682591       5.05884178E-02
   5.00000000       800.000000      0.213867262       27.3881035       4.92565297E-02   1.79830994E-11   6.18509366E-05   6.86836476E-03  -7.82409360E-10  -1.26105964      0.264682591       5.05694486E-02
   6.00000000       800.000000      0.215570495       27.6017551       4.84544151E-02   1.75525740E-11   6.24663007E-05   6.78806938E-03  -3.72903125E-10  -1.25018013      0.264682591       5.05270250E-02
   7.00000000       800.000000      0.217280358       27.8196926       4.76594046E-02   1.71301237E-11   6.30527502E-05   6.70814747E-03  -1.94866154E-11  -1.23920250      0.264682591       5.04563153E-02
   8.00000000       800.000000      0.218995273       28.0367794       4.68702912E-02   1.67153669E-11   6.36675977E-05   6.62975106E-03   2.78424894E-10  -1.22816360      0.264682561       5.03588803E-02
   9.00000000       800.000000      0.220740929       28.2576332       4.60888073E-02   1.63088501E-11   6.43473832E-05   6.55173091E-03   5.97658756E-10  -1.21705902      0.264682591       5.02404533E-02
   10.0000000       800.000000      0.222490728       28.4788132       4.53140959E-02   1.59099383E-11   6.51024748E-05   6.47481019E-03   9.36547395E-10  -1.20588708      0.264682621       5.01069129E-02
   11.0000000       800.000000      0.224248633       28.7025547       4.45468090E-02   1.55188067E-11   6.59138677E-05   6.39896514E-03   1.27402355E-09  -1.19466090      0.264682502       4.99640852E-02
   12.0000000       800.000000      0.226034790       28.9273281       4.37871590E-02   1.51351674E-11   6.67285785E-05   6.32361742E-03   1.56862034E-09  -1.18338895      0.264682502       4.98172268E-02
   13.0000000       800.000000      0.227838799       29.1540203       4.30336595E-02   1.47590551E-11   6.74890616E-05   6.24956470E-03   1.84047777E-09  -1.17206872      0.264682502       4.96616252E-02
   2.00000000       800.000000      0.229636580       29.3828106       4.22874056E-02   1.43903838E-11   6.81766978E-05   6.17599487E-03   2.09813433E-09  -1.16066158      0.264682502       4.94907834E-02
   3.00000000       800.000000      0.231463313       29.6143074       4.15487662E-02   1.40290965E-11   6.88038708E-05   6.10351237E-03   2.32151809E-09  -1.14923465      0.264682442       4.93005887E-02
   4.00000000       800.000000      0.233298600       29.8444633       4.08172011E-02   1.36744348E-11   6.94049450E-05   6.03182940E-03   2.51821186E-09  -1.13775861      0.264682442       4.90879975E-02
   5.00000000       800.000000      0.235164225       30.0788250       4.00932431E-02   1.33273956E-11   7.00179444E-05   5.96110476E-03   2.69951239E-09  -1.12624288      0.264682502       4.88552749E-02
   6.00000000       800.000000      0.237021416       30.3152733       3.93767841E-02   1.29875451E-11   7.06662540E-05   5.89094684E-03   2.83326784E-09  -1.11470056      0.264682442       4.86052185E-02
   7.00000000       800.000000      0.238909259       30.5545444       3.86682190E-02   1.26540080E-11   7.13495247E-05   5.82188368E-03   2.95682634E-09  -1.10310912      0.264682323       4.83429208E-02
   8.00000000       800.000000      0.240805298       30.7942753       3.79666835E-02   1.23280171E-11   7.20383905E-05   5.75339422E-03   3.05877923E-09  -1.09149802      0.264682263       4.80735786E-02
   9.00000000       800.000000      0.242732763       31.0363560       3.72731686E-02   1.20085972E-11   7.26897924E-05   5.68579370E-03   3.09887427E-09  -1.07986748      0.264682233       4.77976874E-02
   10.0000000       800.000000      0.244650185       31.2805672       3.65879610E-02   1.16956956E-11   7.32792832E-05   5.61900577E-03   3.10411674E-09  -1.06822145      0.264682293       4.75082919E-02
   11.0000000       800.000000      0.246601894       31.5240726       3.59092467E-02   1.13894822E-11   7.38310337E-05   5.55300480E-03   3.04607961E-09  -1.05653179      0.264682233       4.71984707E-02
   12.0000000       800.000000      0.248575494       31.7732716       3.52386795E-02   1.10899510E-11   7.43937417E-05   5.48749138E-03   2.93618307E-09  -1.04483294      0.264682293       4.68695126E-02
   13.0000000       800.000000      0.250549018       32.0229034       3.45766284E-02   1.07964826E-11   7.49932151E-05   5.42329857E-03   2.75491430E-09  -1.03312707      0.264682293       4.65262756E-02
   2.00000000       800.000000      0.252544135       32.2734489       3.39222662E-02   1.05098638E-11   7.56308509E-05   5.35949133E-03   2.54930632E-09  -1.02141297      0.264682263       4.61715385E-02
   3.00000000       800.000000      0.254557490       32.5260506       3.32759023E-02   1.02292289E-11   7.62904310E-05   5.29651251E-03   2.32108843E-09  -1.00972033      0.264682233       4.58093323E-02
   4.00000000       800.000000      0.256586730       32.7818604       3.26375291E-02   9.95472281E-12   7.69378239E-05   5.23396395E-03   2.09233786E-09 -0.998007596      0.264682263       4.54401039E-02
   5.00000000       800.000000      0.258610994       33.0395813       3.20075415E-02   9.68642267E-12   7.75559383E-05   5.17267967E-03   1.87233673E-09 -0.986311257      0.264682263       4.50606123E-02
   6.00000000       800.000000      0.260681123       33.2992859       3.13843936E-02   9.42389743E-12   7.81460913E-05   5.11169806E-03   1.66279990E-09 -0.974639952      0.264682293       4.46692444E-02
   7.00000000       800.000000      0.262756377       33.5623474       3.07710655E-02   9.16760504E-12   7.87175886E-05   5.05161565E-03   1.47753487E-09 -0.962932289      0.264682293       4.42658961E-02
   8.00000000       800.000000      0.264846563       33.8261070       3.01654860E-02   8.91690541E-12   7.92767169E-05   4.99242125E-03   1.31038613E-09 -0.951251030      0.264682233       4.38532420E-02
   9.00000000       800.000000      0.266964108       34.0918350       2.95663178E-02   8.67187225E-12   7.98104447E-05   4.93341405E-03   1.14474852E-09 -0.939619780      0.264682263       4.34334353E-02
   10.0000000       800.000000      0.269089431       34.3593788       2.89768558E-02   8.43237632E-12   8.03033909E-05   4.87539219E-03   9.94476723E-10 -0.927980781      0.264682263       4.30053771E-02
   11.0000000       800.000000      0.271236569       34.6304741       2.83945538E-02   8.19875678E-12   8.07576362E-05   4.81805205E-03   8.62476868E-10 -0.916380227      0.264682233       4.25668247E-02
   12.0000000       800.000000      0.273390830       34.9008446       2.78208796E-02   7.97045763E-12   8.11917489E-05   4.76163207E-03   7.43128281E-10 -0.904798031      0.264682204       4.21164408E-02
   13.0000000       800.000000      0.275573671       35.1773834       2.72552613E-02   7.74737132E-12   8.16337633E-05   4.70544118E-03   6.37192299E-10 -0.893266618      0.264682263       4.16546948E-02
   2.00000000       800.000000      0.277770936       35.4531212       2.66977008E-02   7.52973812E-12   8.21024951E-05   4.65011690E-03   5.45913870E-10 -0.881754398      0.264682263       4.11840938E-02
   3.00000000       800.000000      0.279982239       35.7325478       2.61490624E-02   7.31740103E-12   8.26002797E-05   4.59553488E-03   4.59908417E-10 -0.870288789      0.264682293       4.07073349E-02
   4.00000000       800.000000      0.282222867       36.0137329       2.56084539E-02   7.11004346E-12   8.31162324E-05   4.54139616E-03   3.77813170E-10 -0.858866215      0.264682293       4.02254760E-02
   5.00000000       800.000000      0.284471065       36.2968369       2.50760727E-02   6.90788095E-12   8.36375038E-05   4.48798668E-03   3.17385451E-10 -0.847483993      0.264682263       3.97396050E-02
   6.00000000       800.000000      0.286742091       36.5804558       2.45508924E-02   6.71064810E-12   8.41426372E-05   4.43526683E-03   2.58470356E-10 -0.836157560      0.264682263       3.92501056E-02
   7.00000000       800.000000      0.289016098       36.8690605       2.40342915E-02   6.51796412E-12   8.46192925E-05   4.38306853E-03   1.92200200E-10 -0.824892402      0.264682263       3.87557410E-02
   8.00000000       800.000000      0.291324228       37.1585426       2.35263333E-02   6.33042230E-12   8.50678553E-05   4.33151890E-03   1.30021854E-10 -0.813667238      0.264682263       3.82561758E-02
   9.00000000       800.000000      0.293644518       37.4530144       2.30256319E-02   6.14738946E-12   8.54814934E-05   4.28033061E-03   7.07296027E-11 -0.802497387      0.264682263       3.77531052E-02
   10.0000000       800.000000      0.296003997       37.7481918       2.25334354E-02   5.96884304E-12   8.58567873E-05   4.23020218E-03   7.41463922E-12 -0.791408539      0.264682293       3.72453146E-02
   11.0000000       800.000000      0.298353791       38.0451622       2.20488254E-02   5.79495783E-12   8.61969456E-05   4.18020040E-03  -5.75061179E-11 -0.780381203      0.264682323       3.67334262E-02
   12.0000000       800.000000      0.300734103       38.3437805       2.15724837E-02   5.62540596E-12   8.65057373E-05   4.13124124E-03  -1.15431685E-10 -0.769403219      0.264682293       3.62175927E-02
   13.0000000       800.000000      0.303147912       38.6467476       2.11041700E-02   5.46023036E-12   8.68013085E-05   4.08260617E-03  -1.65545522E-10 -0.758495927      0.264682293       3.56954746E-02
   2.00000000       800.000000      0.305555582       38.9513550       2.06435155E-02   5.29942236E-12   8.71132506E-05   4.03434224E-03  -2.01887798E-10 -0.747675240      0.264682293       3.51687558E-02
   3.00000000       800.000000      0.307996303       39.2577019       2.01909281E-02   5.14266494E-12   8.74530670E-05   3.98705341E-03  -2.31183656E-10 -0.736924171      0.264682263       3.46402116E-02
   4.00000000       800.000000      0.310469896       39.5681572       1.97462253E-02   4.99012854E-12   8.78137143E-05   3.93994618E-03  -2.50922394E-10 -0.726248264      0.264682263       3.41111794E-02
   5.00000000       800.000000      0.312931180       39.8770142       1.93093587E-02   4.84155077E-12   8.81827655E-05   3.89378611E-03  -2.66245970E-10 -0.715661764      0.264682263       3.35821323E-02
   6.00000000       800.000000      0.315432847       40.1933212       1.88800655E-02   4.69694075E-12   8.85366535E-05   3.84799438E-03  -2.78311374E-10 -0.705148757      0.264682233       3.30549292E-02
   7.00000000       800.000000      0.317947745       40.5082169       1.84585955E-02   4.55615797E-12   8.88533032E-05   3.80255445E-03  -2.94426317E-10 -0.694719017      0.264682204       3.25285383E-02
   8.00000000       800.000000      0.320495814       40.8281288       1.80446822E-02   4.41916469E-12   8.91263480E-05   3.75779369E-03  -3.12967541E-10 -0.684375465      0.264682233       3.20019871E-02
   9.00000000       800.000000      0.323059022       41.1489258       1.76381283E-02   4.28584815E-12   8.93607939E-05   3.71360779E-03  -3.32701283E-10 -0.674123049      0.264682263       3.14748697E-02
   10.0000000       800.000000      0.325634599       41.4749947       1.72392279E-02   4.15614765E-12   8.95683988E-05   3.66980908E-03  -3.51017576E-10 -0.663960218      0.264682263       3.09465509E-02
   11.0000000       800.000000      0.328246117       41.8027420       1.68477055E-02   4.02999335E-12   8.97652935E-05   3.62680177E-03  -3.65446562E-10 -0.653889000      0.264682263       3.04182861E-02
   12.0000000       800.000000      0.330868602       42.1312904       1.64636616E-02   3.90729723E-12   8.99617662E-05   3.58397490E-03  -3.72502917E-10 -0.643910587      0.264682263       2.98904721E-02
   13.0000000       800.000000      0.333499759       42.4624519       1.60867535E-02   3.78801547E-12   9.01642634E-05   3.54192709E-03  -3.71406517E-10 -0.634030700      0.264682263       2.93640699E-02
   2.00000000       800.000000      0.336178690       42.7972488       1.57171730E-02   3.67202709E-12   9.03716791E-05   3.50007019E-03  -3.61763869E-10 -0.624246180      0.264682323       2.88405046E-02
   3.00000000       800.000000      0.338866234       43.1343956       1.53548047E-02   3.55931669E-12   9.05717898E-05   3.45897698E-03  -3.47275403E-10 -0.614560723      0.264682323       2.83201095E-02
   4.00000000       800.000000      0.341564178       43.4764404       1.49995647E-02   3.44974006E-12   9.07587237E-05   3.41826538E-03  -3.29628935E-10 -0.604978085      0.264682353       2.78023612E-02
   5.00000000       800.000000      0.344298780       43.8198090       1.46513097E-02   3.34326967E-12   9.09285081E-05   3.37798637E-03  -3.09432840E-10 -0.595493674      0.264682323       2.72879098E-02
   6.00000000       800.000000      0.347046673       44.1641579       1.43099241E-02   3.23982529E-12   9.10794042E-05   3.33823613E-03  -2.90800384E-10 -0.586110711      0.264682323       2.67769471E-02
   7.00000000       800.000000      0.349838823       44.5138283       1.39754405E-02   3.13930609E-12   9.12056930E-05   3.29904864E-03  -2.74196360E-10 -0.576832533      0.264682382       2.62694303E-02
   8.00000000       800.000000      0.352615893       44.8651733       1.36477035E-02   3.04169493E-12   9.13099939E-05   3.26022855E-03  -2.58071509E-10 -0.567658246      0.264682382       2.57649086E-02
   9.00000000       800.000000      0.355454803       45.2186356       1.33265788E-02   2.94688276E-12   9.14028496E-05   3.22182686E-03  -2.43133763E-10 -0.558590949      0.264682382       2.52640434E-02
   10.0000000       800.000000      0.358279139       45.5763397       1.30122658E-02   2.85482749E-12   9.14894335E-05   3.18393833E-03  -2.29449515E-10 -0.549625635      0.264682382       2.47668512E-02
   11.0000000       800.000000      0.361149102       45.9357567       1.27042150E-02   2.76541073E-12   9.15646524E-05   3.14647937E-03  -2.18445595E-10 -0.540770948      0.264682323       2.42755972E-02
   12.0000000       800.000000      0.364027262       46.2968864       1.24027375E-02   2.67869732E-12   9.16266363E-05   3.10938200E-03  -2.09212300E-10 -0.532022834      0.264682323       2.37881858E-02
   13.0000000       800.000000      0.366944253       46.6631355       1.21077662E-02   2.59444397E-12   9.16758290E-05   3.07276309E-03  -2.01634875E-10 -0.523383021      0.264682323       2.33055092E-02
   2.00000000       800.000000      0.369876415       47.0312233       1.18187647E-02   2.51270055E-12   9.17207508E-05   3.03658401E-03  -1.94673375E-10 -0.514852047      0.264682323       2.28276160E-02
   3.00000000       800.000000      0.372847915       47.4044495       1.15360906E-02   2.43339268E-12   9.17607031E-05   3.00089014E-03  -1.85952934E-10 -0.506429434      0.264682323       2.23553292E-02
   4.00000000       800.000000      0.375840873       47.7758026       1.12593574E-02   2.35642582E-12   9.17924117E-05   2.96558533E-03  -1.74902384E-10 -0.498116672      0.264682353       2.18889974E-02
   5.00000000       800.000000      0.378836393       48.1548996       1.09887607E-02   2.28176831E-12   9.18119185E-05   2.93066306E-03  -1.61149122E-10 -0.489910245      0.264682353       2.14276835E-02
   6.00000000       800.000000      0.381849557       48.5329056       1.07241124E-02   2.20934967E-12   9.18203659E-05   2.89628794E-03  -1.45264689E-10 -0.481811821      0.264682353       2.09726375E-02
   7.00000000       800.000000      0.384928495       48.9166336       1.04651442E-02   2.13910378E-12   9.18188889E-05   2.86208093E-03  -1.28876076E-10 -0.473828167      0.264682353       2.05235090E-02
   8.00000000       800.000000      0.388007849       49.3037720       1.02118999E-02   2.07097881E-12   9.18009173E-05   2.82856962E-03  -1.13280552E-10 -0.465947628      0.264682353       2.00806279E-02
   9.00000000       800.000000      0.391112477       49.6939621       9.96429473E-03   2.00492270E-12   9.17667567E-05   2.79521779E-03  -1.00722590E-10 -0.458184689      0.264682382       1.96436066E-02
   10.0000000       800.000000      0.394236952       50.0870171       9.72222351E-03   1.94087801E-12   9.17255966E-05   2.76230089E-03  -9.05399991E-11 -0.450523466      0.264682382       1.92124154E-02
   11.0000000       800.000000      0.397388846       50.4830971       9.48558468E-03   1.87879530E-12   9.16792778E-05   2.72985804E-03  -8.31718791E-11 -0.442973703      0.264682353       1.87876895E-02
   12.0000000       800.000000      0.400564700       50.8813133       9.25426837E-03   1.81859443E-12   9.16192221E-05   2.69758957E-03  -7.84330725E-11 -0.435531467      0.264682353       1.83703136E-02
   13.0000000       800.000000      0.403795749       51.2825050       9.02815163E-03   1.76025384E-12   9.15376440E-05   2.66598910E-03  -7.44217951E-11 -0.428197592      0.264682353       1.79594439E-02
   2.00000000       800.000000      0.406995207       51.6878319       8.80719628E-03   1.70372397E-12   9.14373304E-05   2.63453252E-03  -7.17040941E-11 -0.420970082      0.264682353       1.75551325E-02
   3.00000000       800.000000      0.410275906       52.0953789       8.59136041E-03   1.64890725E-12   9.13273980E-05   2.60353717E-03  -6.88356108E-11 -0.413847744      0.264682353       1.71566624E-02
   4.00000000       800.000000      0.413564175       52.5095062       8.38046707E-03   1.59581745E-12   9.12144969E-05   2.57298863E-03  -6.47092796E-11 -0.406835824      0.264682353       1.67646222E-02
   5.00000000       800.000000      0.416869521       52.9231834       8.17442406E-03   1.54437379E-12   9.11043680E-05   2.54259584E-03  -5.96355257E-11 -0.399927586      0.264682353       1.63794253E-02
   6.00000000       800.000000      0.420203984       53.3436661       7.97317736E-03   1.49452217E-12   9.09912487E-05   2.51281238E-03  -5.38709008E-11 -0.393122524      0.264682353       1.60016902E-02
   7.00000000       800.000000      0.423574746       53.7655487       7.77660822E-03   1.44624905E-12   9.08667716E-05   2.48324638E-03  -4.74896719E-11 -0.386424571      0.264682353       1.56306196E-02
   8.00000000       800.000000      0.426962882       54.1887779       7.58470222E-03   1.39947667E-12   9.07274152E-05   2.45390320E-03  -4.14766763E-11 -0.379828036      0.264682353       1.52664278E-02
   9.00000000       800.000000      0.430381179       54.6191368       7.39718042E-03   1.35417957E-12   9.05784400E-05   2.42509530E-03  -3.63116030E-11 -0.373337328      0.264682353       1.49089303E-02
   10.0000000       800.000000      0.433835030       55.0515404       7.21415598E-03   1.31029812E-12   9.04245899E-05   2.39657541E-03  -3.21449117E-11 -0.366948277      0.264682353       1.45578813E-02
   11.0000000       800.000000      0.437294513       55.4855461       7.03542773E-03   1.26781962E-12   9.02698230E-05   2.36834958E-03  -2.86370389E-11 -0.360654473      0.264682353       1.42136235E-02
   12.0000000       800.000000      0.440796643       55.9234009       6.86096260E-03   1.22667133E-12   9.01109597E-05   2.34042038E-03  -2.54219788E-11 -0.354466707      0.264682353       1.38763608E-02
   13.0000000       800.000000      0.444335788       56.3692284       6.69063441E-03   1.18682234E-12   8.99460138E-05   2.31300015E-03  -2.24719861E-11 -0.348374933      0.264682353       1.35459388E-02
   2.00000000       800.000000      0.447884768       56.8128738       6.52437098E-03   1.14824599E-12   8.97742939E-05   2.28561298E-03  -1.94775428E-11 -0.342380583      0.264682353       1.32220155E-02
   3.00000000       800.000000      0.451492101       57.2652702       6.36206288E-03   1.11089198E-12   8.95952617E-05   2.25877785E-03  -1.65231544E-11 -0.336481988      0.264682353       1.29050156E-02
   4.00000000       800.000000      0.455087274       57.7184486       6.20365469E-03   1.07472885E-12   8.94096302E-05   2.23212875E-03  -1.39181210E-11 -0.330680281      0.264682353       1.25944214E-02
   5.00000000       800.000000      0.458740443       58.1730003       6.04909658E-03   1.03971389E-12   8.92212774E-05   2.20587640E-03  -1.18849462E-11 -0.324973196      0.264682353       1.22902729E-02
   6.00000000       800.000000      0.462410837       58.6358948       5.89826657E-03   1.00582281E-12   8.90332449E-05   2.17998796E-03  -1.04775008E-11 -0.319358468      0.264682353       1.19925691E-02
   7.00000000       800.000000      0.466109008       59.0983734       5.75106684E-03   9.73013553E-13   8.88477371E-05   2.15433748E-03  -9.79925082E-12 -0.313837141      0.264682353       1.17012709E-02
   8.00000000       800.000000      0.469850868       59.5668716       5.60742896E-03   9.41255971E-13   8.86656853E-05   2.12896359E-03  -9.64047939E-12 -0.308406532      0.264682353       1.14163980E-02
   9.00000000       800.000000      0.473630607       60.0369263       5.46726352E-03   9.10528705E-13   8.84829496E-05   2.10381509E-03  -9.71130468E-12 -0.303065747      0.264682353       1.11380601E-02
   10.0000000       800.000000      0.477417022       60.5153427       5.33051509E-03   8.80776463E-13   8.82917229E-05   2.07904098E-03  -9.74503117E-12 -0.297813892      0.264682353       1.08661829E-02
   11.0000000       800.000000      0.481236160       60.9947357       5.19708125E-03   8.51976801E-13   8.80914231E-05   2.05466058E-03  -9.71900858E-12 -0.292647630      0.264682353       1.06003666E-02
   12.0000000       800.000000      0.485106736       61.4788399       5.06690703E-03   8.24109173E-13   8.78874198E-05   2.03038193E-03  -9.44643756E-12 -0.287570059      0.264682353       1.03404643E-02
   13.0000000       800.000000      0.489003509       61.9645309       4.93990304E-03   7.97137692E-13   8.76823760E-05   2.00652867E-03  -8.75732126E-12 -0.282576293      0.264682353       1.00865820E-02
   2.00000000       800.000000      0.492917389       62.4534645       4.81601013E-03   7.71035904E-13   8.74804755E-05   1.98283978E-03  -7.77114744E-12 -0.277666330      0.264682353       9.83854011E-03
   3.00000000       800.000000      0.496857613       62.9518318       4.69515985E-03   7.45769494E-13   8.72801829E-05   1.95947802E-03  -6.58193075E-12 -0.272838265      0.264682353       9.59635340E-03
   4.00000000       800.000000      0.500846684       63.4490204       4.57723485E-03   7.21328325E-13   8.70827134E-05   1.93643582E-03  -5.37917757E-12 -0.268091917      0.264682353       9.35991574E-03
   5.00000000       800.000000      0.504872501       63.9528084       4.46221652E-03   6.97678948E-13   8.68886709E-05   1.91358093E-03  -4.35064831E-12 -0.263425708      0.264682353       9.12920944E-03
   6.00000000       800.000000      0.508909047       64.4573593       4.35001543E-03   6.74782658E-13   8.66984919E-05   1.89112581E-03  -3.57975715E-12 -0.258838981      0.264682353       8.90415814E-03
   7.00000000       800.000000      0.512971818       64.9687729       4.24057525E-03   6.52638100E-13   8.65071343E-05   1.86875882E-03  -3.15343476E-12 -0.254327446      0.264682353       8.68466403E-03
   8.00000000       800.000000      0.517089903       65.4843674       4.13380610E-03   6.31198869E-13   8.63154855E-05   1.84678973E-03  -3.11668681E-12 -0.249890670      0.264682353       8.47067684E-03
   9.00000000       800.000000      0.521240056       66.0012741       4.02963441E-03   6.10456889E-13   8.61240551E-05   1.82499504E-03  -3.44784769E-12 -0.245532244      0.264682353       8.26183613E-03
   10.0000000       800.000000      0.525399923       66.5273361       3.92807368E-03   5.90382452E-13   8.59381544E-05   1.80344004E-03  -3.92187021E-12 -0.241243780      0.264682353       8.05812608E-03
   11.0000000       800.000000      0.529633105       67.0519409       3.82895814E-03   5.70960163E-13   8.57598352E-05   1.78226118E-03  -4.25757042E-12 -0.237028763      0.264682353       7.85972085E-03
   12.0000000       800.000000      0.533852458       67.5886993       3.73226684E-03   5.52166331E-13   8.55871622E-05   1.76126452E-03  -4.20177304E-12 -0.232885376      0.264682353       7.66626280E-03
   13.0000000       800.000000      0.538169861       68.1238251       3.63797229E-03   5.33979274E-13   8.54208338E-05   1.74045574E-03  -3.71980788E-12 -0.228810266      0.264682353       7.47788232E-03
   2.00000000       800.000000      0.542478204       68.6609192       3.54597252E-03   5.16380667E-13   8.52632511E-05   1.71995047E-03  -2.84058931E-12 -0.224805221      0.264682353       7.29420176E-03
   3.00000000       800.000000      0.546837091       69.2043610       3.45621654E-03   4.99348664E-13   8.51236109E-05   1.69962586E-03  -1.71816944E-12 -0.220866293      0.264682353       7.11510610E-03
   4.00000000       800.000000      0.551184714       69.7545853       3.36866453E-03   4.82867761E-13   8.50085198E-05   1.67957437E-03  -6.66938130E-13 -0.216992125      0.264682353       6.94070989E-03
   5.00000000       800.000000      0.555633724       70.3113556       3.28324037E-03   4.66919147E-13   8.49147036E-05   1.65983115E-03   1.06178622E-13 -0.213181973      0.264682353       6.77105784E-03
   6.00000000       800.000000      0.560065687       70.8701859       3.19993123E-03   4.51485637E-13   8.48325362E-05   1.64017442E-03   4.08026504E-13 -0.209439263      0.264682353       6.60612993E-03
   7.00000000       800.000000      0.564574599       71.4266510       3.11857508E-03   4.36551755E-13   8.47602860E-05   1.62080687E-03   2.87438286E-13 -0.205752239      0.264682353       6.44560484E-03
   8.00000000       800.000000      0.569091976       71.9988251       3.03927553E-03   4.22095627E-13   8.46999319E-05   1.60169648E-03  -1.01528452E-13 -0.202131137      0.264682353       6.28950167E-03
   9.00000000       800.000000      0.573642910       72.5662689       2.96186772E-03   4.08104648E-13   8.46530893E-05   1.58278516E-03  -5.59890296E-13 -0.198566079      0.264682353       6.13758806E-03
   10.0000000       800.000000      0.578249216       73.1417236       2.88635073E-03   3.94564481E-13   8.46190378E-05   1.56406488E-03  -8.82616029E-13 -0.195060655      0.264682353       5.98997762E-03
   11.0000000       800.000000      0.582887828       73.7225037       2.81259185E-03   3.81460488E-13   8.45932082E-05   1.54562283E-03  -9.82581746E-13 -0.191612124      0.264682353       5.84660191E-03
   12.0000000       800.000000      0.587557673       74.3115692       2.74067628E-03   3.68780961E-13   8.45791874E-05   1.52732176E-03  -8.82393496E-13 -0.188217282      0.264682353       5.70714194E-03
   13.0000000       800.000000      0.592285097       74.9019089       2.67044129E-03   3.56496191E-13   8.45851318E-05   1.50924234E-03  -6.29671445E-13 -0.184876889      0.264682353       5.57159539E-03
   2.00000000       800.000000      0.597044110       75.4963303       2.60191038E-03   3.44612197E-13   8.46192124E-05   1.49150402E-03  -3.14686618E-13 -0.181589276      0.264682353       5.43982582E-03
   3.00000000       800.000000      0.601813197       76.0937424       2.53501139E-03   3.33105234E-13   8.46864496E-05   1.47386233E-03  -1.89639886E-14 -0.178354904      0.264682353       5.31188771E-03
   4.00000000       800.000000      0.606662095       76.6995621       2.46971031E-03   3.21968824E-13   8.47885312E-05   1.45642716E-03   2.12332078E-13 -0.175171524      0.264682353       5.18785976E-03
   5.00000000       800.000000      0.611538589       77.3089294       2.40592961E-03   3.11185756E-13   8.49202843E-05   1.43913680E-03   3.40829551E-13 -0.172036394      0.264682353       5.06755849E-03
   6.00000000       800.000000      0.616429627       77.9216690       2.34368839E-03   3.00744455E-13   8.50906363E-05   1.42214145E-03   3.45558407E-13 -0.168949008      0.264682353       4.95114177E-03
   7.00000000       800.000000      0.621346176       78.5425873       2.28289212E-03   2.90635002E-13   8.52901430E-05   1.40525331E-03   2.27489170E-13 -0.165908247      0.264682353       4.83823940E-03
   8.00000000       800.000000      0.626343310       79.1605453       2.22352683E-03   2.80848966E-13   8.55259423E-05   1.38860627E-03   1.35714406E-14 -0.162912682      0.264682353       4.72921552E-03
   9.00000000       800.000000      0.631355822       79.7936478       2.16554408E-03   2.71367808E-13   8.57989216E-05   1.37216260E-03  -2.36671224E-13 -0.159959972      0.264682353       4.62357001E-03
   10.0000000       800.000000      0.636449695       80.4251099       2.10890942E-03   2.62187868E-13   8.61128501E-05   1.35590509E-03  -4.77030037E-13 -0.157050788      0.264682353       4.52187378E-03
   11.0000000       800.000000      0.641569495       81.0633545       2.05358258E-03   2.53295486E-13   8.64633257E-05   1.33989891E-03  -6.66918831E-13 -0.154181197      0.264682353       4.42346931E-03
   12.0000000       800.000000      0.646703839       81.7070923       1.99950370E-03   2.44684427E-13   8.68563584E-05   1.32395036E-03  -7.35046193E-13 -0.151352257      0.264682353       4.32923716E-03
   13.0000000       800.000000      0.651862979       82.3593216       1.94669690E-03   2.36342901E-13   8.72937744E-05   1.30824267E-03  -7.01701338E-13 -0.148558170      0.264682353       4.23776451E-03
   2.00000000       800.000000      0.657104909       83.0148392       1.89507823E-03   2.28265405E-13   8.77923085E-05   1.29271788E-03  -5.84206186E-13 -0.145804763      0.264682353       4.15104860E-03
   3.00000000       800.000000      0.662361264       83.6720734       1.84464233E-03   2.20439755E-13   8.83432149E-05   1.27741846E-03  -3.98128443E-13 -0.143081665      0.264682353       4.06681187E-03
   4.00000000       800.000000      0.667716920       84.3404617       1.79538282E-03   2.12852590E-13   8.89630392E-05   1.26220006E-03  -1.81139107E-13 -0.140394986      0.264682353       3.98835214E-03
   5.00000000       800.000000      0.673070669       85.0116577       1.74721575E-03   2.05512175E-13   8.96350030E-05   1.24718354E-03   3.56493535E-14 -0.137734845      0.264682353       3.91144725E-03
   6.00000000       800.000000      0.678464949       85.6865540       1.70010945E-03   1.98396719E-13   9.03902837E-05   1.23238890E-03   2.11738762E-13 -0.135110155      0.264682353       3.84234963E-03
   7.00000000       800.000000      0.683868349       86.3630829       1.65408407E-03   1.91497304E-13   9.11893949E-05   1.21778087E-03   3.12786906E-13 -0.132499278      0.264682353       3.77310393E-03
   8.00000000       800.000000      0.689361989       87.0500107       1.60910084E-03   1.84824134E-13   9.20925813E-05   1.20329519E-03   3.10641730E-13 -0.129926905      0.264682353       3.71518731E-03
   9.00000000       800.000000      0.694936693       87.7468338       1.56516302E-03   1.78359145E-13   9.30300885E-05   1.18898100E-03   2.38669815E-13 -0.127359167      0.264682353       3.65364086E-03
   10.0000000       800.000000      0.700467765       88.4404068       1.52222114E-03   1.72097132E-13   9.41125982E-05   1.17486320E-03   1.26105235E-13 -0.124830127      0.264682353       3.61013575E-03
   11.0000000       800.000000      0.706084132       89.1438522       1.48026715E-03   1.66030425E-13   9.51922339E-05   1.16085995E-03   1.96566595E-15 -0.122276120      0.264682353       3.55647504E-03
   12.0000000       800.000000      0.711785257       89.8559036       1.43929478E-03   1.60165921E-13   9.64734936E-05   1.14704587E-03  -9.80878722E-14 -0.119788103      0.264682353       3.53303505E-03
   13.0000000       800.000000      0.717506111       90.5660553       1.39932567E-03   1.54486490E-13   9.76829106E-05   1.13344181E-03  -1.54886710E-13 -0.117232025      0.264682353       3.48639814E-03
   2.00000000       800.000000      0.723254204       91.2924652       1.36033818E-03   1.48997785E-13   9.92283312E-05   1.12003379E-03  -1.64894818E-13 -0.114763610      0.264682353       3.49352392E-03
   3.00000000       800.000000      0.729030788       92.0148239       1.32235559E-03   1.43692675E-13   1.00535406E-04   1.10673544E-03  -1.28702889E-13 -0.112151928      0.264682353       3.45063745E-03
   4.00000000       800.000000      0.734885931       92.7492523       1.28540106E-03   1.38575647E-13   1.02425714E-04   1.09364314E-03  -8.32021016E-14 -0.109709755      0.264682353       3.50712915E-03
   5.00000000       800.000000      0.740812361       93.4854507       1.24948251E-03   1.33640264E-13   1.03735816E-04   1.08074781E-03  -2.26750313E-14 -0.106981687      0.264682353       3.46005685E-03
   6.00000000       800.000000      0.746736884       94.2303009       1.21467421E-03   1.28893790E-13   1.06051382E-04   1.06811512E-03   4.42421978E-14 -0.104562975      0.264682353       3.60125629E-03
   7.00000000       800.000000      0.752711892       94.9802017       1.18104019E-03   1.24334042E-13   1.07122542E-04   1.05549779E-03   7.30826464E-14 -0.101580843      0.264682353       3.52824526E-03
   8.00000000       800.000000      0.758787692       95.7357407       1.14862714E-03   1.19960072E-13   1.10046822E-04   1.04339491E-03   8.49009719E-14  -9.92329195E-02  0.264682353       3.82539839E-03
   9.00000000       800.000000      0.764886141       96.4991150       1.11746916E-03   1.15795665E-13   1.10922396E-04   1.03121204E-03  -5.45893761E-15  -9.57506374E-02  0.264682353       3.66756157E-03
   10.0000000       800.000000      0.770997465       97.2638321       1.08782109E-03   1.11826428E-13   1.14384333E-04   1.01977855E-03  -9.47532322E-14  -9.36005488E-02  0.264682353       4.36974969E-03
   11.0000000       800.000000      0.777200460       98.0346756       1.06002309E-03   1.08113036E-13   1.32009649E-04   1.00797066E-03  -2.22562935E-13  -8.89859498E-02  0.264682353       3.81319458E-03
   12.0000000       800.000000      0.783445537       98.8157425       1.02573493E-03   1.03787977E-13   5.97644139E-05   9.97542171E-04  -9.55017580E-22  -8.76484811E-02  0.264682353      -2.60586082E-03
   13.0000000       800.000000      0.789714217       99.6048737       1.00181869E-03   1.00566528E-13   5.95351048E-05   9.85702733E-04   8.32496702E-22  -9.30820704E-02  0.264682353      -6.88535441E-03
