   0.00000000       190.000000       3.40428352E-02   1.01702809       6.36101933E-04   6.25316162E-12  -8.21648240E-02   1.67559159       1.42123240E-11  -1.43750943E-03   4.83838338E-13  -8.78969766E-03
   1.00000000       197.000000       3.40447091E-02   1.05104125       6.25715766E-04   5.95182020E-12  -7.50884414E-02   1.56010187       5.59985086E-15  -1.73674233E-03   4.84029592E-13   2.10184627E-03
   2.00000000       200.000000       3.40499915E-02   1.08514261       6.15821045E-04   5.67390232E-12   3.41039337E-02   1.30749154      0.169228807      -1.29438087E-03   5.76224690E-03   2.89605086E-04
   3.00000000       200.000000       3.40571664E-02   1.11914527       7.55738991E-04   6.75121287E-12  0.150437087       1.20737445      0.381734133      -1.71701808E-03   1.87628213E-02  -1.40682971E-02
   4.00000000       200.000000       3.40652503E-02   1.15326166       9.54771182E-04   8.27738399E-12  0.200076520       1.11851978      0.542274237      -2.25274521E-03   3.72355990E-02  -1.53945517E-02
   5.00000000       200.000000       3.40752266E-02   1.18727005       1.18386687E-03   9.96905683E-12  0.224910244       1.03793478      0.652132154      -2.76602898E-03   5.94578646E-02  -1.63856056E-02
   6.00000000       200.000000       3.40886116E-02   1.22141874       1.46233744E-03   1.19704672E-11  0.235826328      0.964875460      0.736414731      -3.36967409E-03   8.45617801E-02  -1.46720260E-02
   7.00000000       200.000000       3.41038704E-02   1.25543642       1.74627954E-03   1.39066337E-11  0.239374921      0.899633884      0.735259354      -3.76657350E-03  0.109637566      -1.51266176E-02
   8.00000000       200.000000       3.41209993E-02   1.28956389       2.10514199E-03   1.63209966E-11  0.238523901      0.842379332      0.742897391      -4.40170849E-03  0.134986743      -1.99659243E-02
   9.00000000       200.000000       3.41415480E-02   1.32373023       2.54087732E-03   1.91913950E-11  0.235099554      0.792143643      0.742226303      -5.12951985E-03  0.160327449      -2.32185218E-02
   10.0000000       200.000000       3.41642797E-02   1.35789859       3.06894863E-03   2.25970232E-11  0.229957953      0.747602701      0.733849943      -5.98765584E-03  0.185398176      -2.82766949E-02
   11.0000000       200.000000       3.41873281E-02   1.39207828       3.71465203E-03   2.66800505E-11  0.223857298      0.708073914      0.721582353      -7.06225773E-03  0.210067511      -3.57767753E-02
   2.00000000       200.000000       3.42125520E-02   1.42626679       4.50411346E-03   3.15745381E-11  0.217104435      0.672781229      0.706345558      -8.43483675E-03  0.234233707      -4.55942042E-02
   3.00000000       200.000000       3.42412032E-02   1.46045995       5.46697667E-03   3.74264543E-11  0.209866285      0.640724659      0.688024521      -1.01834517E-02  0.257793427      -5.78631610E-02
   4.00000000       200.000000       3.42717990E-02   1.49468386       6.63644215E-03   4.43913517E-11  0.202355102      0.611596286      0.665841103      -1.23993196E-02  0.280613810      -7.27815256E-02
   5.00000000       200.000000       3.43041234E-02   1.52902329       8.05154536E-03   5.26494161E-11  0.194687009      0.584957302      0.637682915      -1.51746683E-02  0.302489609      -9.06000584E-02
   6.00000000       200.000000       3.43400165E-02   1.56331646       9.75345075E-03   6.23781096E-11  0.186895162      0.560572982      0.601457715      -1.86186209E-02  0.323144019     -0.111042880    
   7.00000000       200.000000       3.43780145E-02   1.59766877       1.17730228E-02   7.36752881E-11  0.179280862      0.537796378      0.556379020      -2.28053201E-02  0.342271000     -0.135063335    
   8.00000000       400.000000       3.44163403E-02   1.63212323       1.41394092E-02   8.66193298E-11  0.171893045      0.516529322      0.507335842      -2.79102046E-02  0.359732151     -0.159808815    
   9.00000000       400.000000       3.44596468E-02   1.66651404       1.68522242E-02   1.01105332E-10  0.163552910      0.496609181      0.455631882      -3.38122137E-02  0.375432074     -0.184889257    
   10.0000000       400.000000       3.45019177E-02   1.70102203       1.99217144E-02   1.17098095E-10  0.155363783      0.478217125      0.405428439      -4.06603329E-02  0.389419913     -0.212265640    
   11.0000000       400.000000       3.45477760E-02   1.73553383       2.33538467E-02   1.34541392E-10  0.147434443      0.461170465      0.357119918      -4.84693311E-02  0.401757896     -0.240246639    
   12.0000000       400.000000       3.45973931E-02   1.77006423       2.71519441E-02   1.53367347E-10  0.139500543      0.445325315      0.310138434      -5.72720170E-02  0.412488133     -0.268577695    
   13.0000000       400.000000       3.46456654E-02   1.80469894       3.13025638E-02   1.73420472E-10  0.131552354      0.430518568      0.262554407      -6.70665205E-02  0.421584994     -0.295789868    
   2.00000000       400.000000       3.46989296E-02   1.83938944       3.57692838E-02   1.94431943E-10  0.123687483      0.416677028      0.210368320      -7.77839273E-02  0.428884774     -0.321002841    
   3.00000000       400.000000       3.47537622E-02   1.87406790       4.05121446E-02   2.16132473E-10  0.115694396      0.403715521      0.148080572      -8.93613920E-02  0.434031218     -0.344710082    
   4.00000000       400.000000       3.48123796E-02   1.90886545       4.55162749E-02   2.38405323E-10  0.107398182      0.391499460       7.14791268E-02 -0.101764254      0.436518759     -0.368325263    
   5.00000000       400.000000       3.48717459E-02   1.94381344       5.07959984E-02   2.61291266E-10   9.91840139E-02  0.379959464      -1.81973539E-02 -0.115027219      0.435884833     -0.393211097    
   6.00000000       400.000000       3.49331126E-02   1.97864985       5.63756861E-02   2.84877816E-10   9.11465287E-02  0.369057059     -0.113963030     -0.129211545      0.431903392     -0.419721484    
   7.00000000       400.000000       3.49960364E-02   2.01366401       6.22664280E-02   3.09181264E-10   8.31763074E-02  0.358776212     -0.202087179     -0.144377783      0.424830943     -0.448120028    
   8.00000000       400.000000       3.50628383E-02   2.04869795       6.84773028E-02   3.34207800E-10   7.54376426E-02  0.349052727     -0.265403658     -0.160605863      0.415525973     -0.477599978    
   9.00000000       400.000000       3.51311862E-02   2.08382654       7.49902576E-02   3.59830943E-10   6.80052042E-02  0.339815348     -0.291294545     -0.177901730      0.405292690     -0.506232917    
   10.0000000       400.000000       3.52015831E-02   2.11898565       8.17719251E-02   3.85860177E-10   6.10723980E-02  0.330968171     -0.282608896     -0.196210146      0.395344108     -0.533430934    
   11.0000000       400.000000       3.52728553E-02   2.15418029       8.88046846E-02   4.12191531E-10   5.50217740E-02  0.322454542     -0.255604863     -0.215494916      0.386328220     -0.559698701    
   12.0000000       400.000000       3.53475511E-02   2.18945503       9.60756466E-02   4.38749481E-10   4.93474342E-02  0.314294994     -0.229501083     -0.235737219      0.378215611     -0.585268021    
   13.0000000       400.000000       3.54251340E-02   2.22494793      0.103584170       4.65514016E-10   4.40787598E-02  0.306493759     -0.213184506     -0.256917506      0.370663613     -0.611080289    
   2.00000000       400.000000       3.55066359E-02   2.26028228      0.111330241       4.92475838E-10   3.93492728E-02  0.298994899     -0.202578023     -0.279082179      0.363470376     -0.638118625    
   3.00000000       400.000000       3.55888382E-02   2.29589605      0.119345114       5.19756460E-10   3.50004286E-02  0.291804314     -0.189169899     -0.302282840      0.356738895     -0.667166889    
   4.00000000       400.000000       3.56727764E-02   2.33153582      0.127668276       5.47509815E-10   3.10042780E-02  0.284899831     -0.164448157     -0.326623529      0.350872636     -0.698631108    
   5.00000000       400.000000       3.57585363E-02   2.36718988      0.136356071       5.75944348E-10   2.72709709E-02  0.278241456     -0.124798916     -0.352185309      0.346410453     -0.731463790    
   6.00000000       400.000000       3.58451568E-02   2.40296197      0.145435646       6.05142714E-10   2.37646531E-02  0.271834701      -7.09074587E-02 -0.378999501      0.343868256     -0.766735673    
   7.00000000       400.000000       3.59365791E-02   2.43895650      0.154967636       6.35316244E-10   2.04463750E-02  0.265662611      -6.54086005E-03 -0.407224357      0.343633175     -0.806827247    
   8.00000000       400.000000       3.60317938E-02   2.47496963      0.165008172       6.66642852E-10   1.71392020E-02  0.259691387       6.34629652E-02 -0.437065840      0.345919758     -0.852980196    
   9.00000000       400.000000       3.61256152E-02   2.51087451      0.175613552       6.99295621E-10   1.40539808E-02  0.253916085      0.132037476     -0.468773693      0.350689828     -0.906857967    
   10.0000000       400.000000       3.62243615E-02   2.54723430      0.186874375       7.33568317E-10   1.12016536E-02  0.248334616      0.185818344     -0.502677679      0.357421190     -0.968663275    
   11.0000000       400.000000       3.63236889E-02   2.58347154      0.198820576       7.69505348E-10   8.59921612E-03  0.242913559      0.211026445     -0.539048672      0.365086377      -1.03927672    
   12.0000000       400.000000       3.64281610E-02   2.61973166      0.211241469       8.06226252E-10   6.49432000E-03  0.237592250      0.206774592     -0.578285635      0.372618765      -1.09706485    
   13.0000000       400.000000       3.65312435E-02   2.65625191      0.223737463       8.42192927E-10   5.28881187E-03  0.232367471      0.174117476     -0.619090140      0.378979623      -1.09387040    
   2.00000000       400.000000       3.66381556E-02   2.69287086      0.235975951       8.76190731E-10   4.39831568E-03  0.227287337      0.112653106     -0.658325672      0.383106858      -1.03723526    
   3.00000000       400.000000       3.67491208E-02   2.72951531      0.247834697       9.07854791E-10   3.60650360E-03  0.222359464       3.36332135E-02 -0.695209086      0.384342581     -0.968713760    
   4.00000000       400.000000       3.68596762E-02   2.76648116      0.259162217       9.36720479E-10   2.89448746E-03  0.217589110      -4.22630273E-02 -0.729631364      0.382784754     -0.901011229    
   5.00000000       400.000000       3.69738303E-02   2.80324292      0.269810379       9.62366631E-10   2.13226164E-03  0.212983832      -9.82913524E-02 -0.761735499      0.379151076     -0.844081700    
   6.00000000       400.000000       3.70923392E-02   2.84031177      0.279979050       9.85611814E-10   1.40090892E-03  0.208549172     -0.124576375     -0.792150855      0.374530405     -0.800413668    
   7.00000000       400.000000       3.72101963E-02   2.87746811      0.289587557       1.00627751E-09   7.26752274E-04  0.204275861     -0.121809915     -0.821208239      0.369997352     -0.770462155    
   8.00000000       400.000000       3.73310633E-02   2.91468883      0.298597932       1.02432096E-09  -7.93046274E-05  0.200155646      -9.54768881E-02 -0.849582613      0.366432726     -0.750624835    
   9.00000000       400.000000       3.74547355E-02   2.95214677      0.306997478       1.03979469E-09  -8.61644279E-04  0.196180701      -5.32066487E-02 -0.877344966      0.364440352     -0.727616072    
   10.0000000       400.000000       3.75822932E-02   2.98967767      0.314702779       1.05251496E-09  -1.41127524E-03  0.192340702      -6.01306977E-03 -0.904180527      0.364214510     -0.705400705    
   11.0000000       400.000000       3.77115831E-02   3.02733731      0.321557343       1.06206488E-09  -1.69826637E-03  0.188621953       3.40565965E-02 -0.930458188      0.365498453     -0.623805761    
   12.0000000       400.000000       3.78417671E-02   3.06507659      0.327100664       1.06706033E-09  -1.71637442E-03  0.185027346       5.29720113E-02 -0.951311290      0.367502958     -0.498999715    
   13.0000000       400.000000       3.79736088E-02   3.10296249      0.331264168       1.06744003E-09  -1.64052483E-03  0.181554526       4.80011888E-02 -0.968290389      0.369325846     -0.424596399    
   2.00000000       400.000000       3.81093584E-02   3.14102793      0.334534109       1.06492304E-09  -1.52936089E-03  0.178195611       2.99910512E-02 -0.983615816      0.370469064     -0.378527492    
   3.00000000       400.000000       3.82481478E-02   3.17926812      0.337112963       1.06024511E-09  -1.39217277E-03  0.174942836       8.85326136E-03 -0.997193694      0.370807827     -0.325282544    
   4.00000000       400.000000       3.83906849E-02   3.21746230      0.338901699       1.05317666E-09  -1.27697259E-03  0.171791509      -7.50797521E-03  -1.00854623      0.370519161     -0.278005421    
   5.00000000       400.000000       3.85340862E-02   3.25593615      0.340162933       1.04460784E-09  -1.16908143E-03  0.168736592      -1.53221572E-02  -1.01857984      0.369928211     -0.247918010    
   6.00000000       400.000000       3.86794209E-02   3.29459786      0.341026604       1.03499009E-09  -1.05563400E-03  0.165773794      -1.33824255E-02  -1.02768755      0.369411588     -0.231503248    
   7.00000000       400.000000       3.88261117E-02   3.33332801      0.341557294       1.02454956E-09  -9.48556815E-04  0.162898138      -5.47959562E-03  -1.03652179      0.369198769     -0.234696791    
   8.00000000       400.000000       3.89781781E-02   3.37215042      0.341861069       1.01363051E-09  -8.46293115E-04  0.160104781       2.49771657E-03  -1.04594779      0.369295657     -0.255613208    
   9.00000000       400.000000       3.91310640E-02   3.41121101      0.341977268       1.00236897E-09  -7.53163593E-04  0.157387659       6.11572666E-03  -1.05648851      0.369535089     -0.284429640    
   10.0000000       400.000000       3.92854065E-02   3.45050335      0.341964036       9.90941107E-10  -6.75513584E-04  0.154740527       5.10548428E-03  -1.06825173      0.369735390     -0.309598714    
   11.0000000       400.000000       3.94439995E-02   3.48992372      0.341823906       9.79361037E-10  -6.12520438E-04  0.152159214       1.54806802E-03  -1.08086371      0.369796991     -0.323995829    
   12.0000000       400.000000       3.96043137E-02   3.52931929      0.341575265       9.67688707E-10  -5.65649767E-04  0.149638340      -2.19723093E-03  -1.09386194      0.369710088     -0.327681750    
   13.0000000       400.000000       3.97699885E-02   3.56905532      0.341235816       9.55978186E-10  -5.32980077E-04  0.147176459      -4.29904088E-03  -1.10687244      0.369538993     -0.324099123    
   2.00000000       400.000000       3.99327539E-02   3.60901117      0.340824604       9.44281986E-10  -5.12255647E-04  0.144770637      -3.57328984E-03  -1.11969483      0.369396210     -0.317705005    
   3.00000000       400.000000       4.01016437E-02   3.64905024      0.340350062       9.32626643E-10  -4.98850190E-04  0.142418623      -2.11901192E-04  -1.13229990      0.369387805     -0.311194062    
   4.00000000       400.000000       4.02740240E-02   3.68916464      0.339813262       9.21013432E-10  -4.93475411E-04  0.140120223       3.65115353E-03  -1.14470708      0.369534642     -0.304964185    
   5.00000000       400.000000       4.04453352E-02   3.72949243      0.339207977       9.09422704E-10  -4.94283915E-04  0.137871861       4.74958541E-03  -1.15691650      0.369726926     -0.299047887    
   6.00000000       400.000000       4.06209007E-02   3.77015471      0.338542223       8.97878716E-10  -5.00299269E-04  0.135673314       1.80190627E-03  -1.16895056      0.369800329     -0.293221891    
   7.00000000       400.000000       4.08019014E-02   3.81062984      0.337824315       8.86401397E-10  -5.10109123E-04  0.133522063      -2.03682994E-03  -1.18078971      0.369716793     -0.287913024    
   8.00000000       400.000000       4.09835242E-02   3.85157919      0.337076664       8.75052142E-10  -5.20600297E-04  0.131416529      -2.94138072E-03  -1.19249737      0.369596511     -0.283120453    
   9.00000000       400.000000       4.11677249E-02   3.89264297      0.336302608       8.63829286E-10  -5.32094855E-04  0.129356340      -1.03071018E-03  -1.20404899      0.369553953     -0.279291809    
   10.0000000       800.000000       4.13518026E-02   3.93391180      0.335531056       8.52810988E-10  -5.38418652E-04  0.127339050       9.43459512E-04  -1.21554518      0.369593143     -0.276335686    
   11.0000000       800.000000       4.15420607E-02   3.97551847      0.334755033       8.41967163E-10  -5.44082141E-04  0.125364169       1.21823058E-03  -1.22695649      0.369643927     -0.273634195    
   12.0000000       800.000000       4.17331755E-02   4.01692963      0.333988577       8.31331337E-10  -5.45025163E-04  0.123430185       4.65581659E-04  -1.23833263      0.369663298     -0.271783322    
   13.0000000       800.000000       4.19295840E-02   4.05884504      0.333238453       8.20915280E-10  -5.41804300E-04  0.121535815       4.14162878E-06  -1.24969316      0.369663328     -0.270079046    
   2.00000000       800.000000       4.21275869E-02   4.10084629      0.332500726       8.10704726E-10  -5.34671475E-04  0.119680345       1.01615115E-06  -1.26103234      0.369663060     -0.268285990    
   3.00000000       800.000000       4.23264094E-02   4.14324856      0.331772923       8.00686017E-10  -5.24101604E-04  0.117862821      -1.60777534E-04  -1.27235222      0.369656503     -0.266654879    
   4.00000000       800.000000       4.25276794E-02   4.18554831      0.331058145       7.90860377E-10  -5.10992657E-04  0.116081603      -6.41764083E-04  -1.28365993      0.369628787     -0.265258312    
   5.00000000       800.000000       4.27326299E-02   4.22826385      0.330355197       7.81227361E-10  -4.95461049E-04  0.114336200      -6.74088486E-04  -1.29496717      0.369600385     -0.264083534    
   6.00000000       800.000000       4.29400988E-02   4.27117634      0.329667836       7.71781583E-10  -4.77984227E-04  0.112625532      -9.59507306E-05  -1.30628681      0.369596153     -0.262900770    
   7.00000000       800.000000       4.31519486E-02   4.31416321      0.328990519       7.62509611E-10  -4.59100120E-04  0.110948414       3.80547252E-04  -1.31760299      0.369612455     -0.261612982    
   8.00000000       800.000000       4.33655083E-02   4.35740662      0.328323156       7.53409057E-10  -4.39724536E-04  0.109304108       2.53615290E-04  -1.32892072      0.369624108     -0.260199040    
   9.00000000       800.000000       4.35808785E-02   4.40067959      0.327660501       7.44460438E-10  -4.20323835E-04  0.107692100      -6.02212494E-05  -1.34022701      0.369620651     -0.258671701    
   10.0000000       800.000000       4.38009016E-02   4.44439697      0.327000916       7.35660699E-10  -4.01646015E-04  0.106111281       3.15548277E-05  -1.35152400      0.369622260     -0.256909311    
   11.0000000       800.000000       4.40220647E-02   4.48833799      0.326337665       7.26983418E-10  -3.84439219E-04  0.104560621       2.86556227E-04  -1.36278844      0.369635016     -0.254894823    
   12.0000000       800.000000       4.42490242E-02   4.53246212      0.325669438       7.18431759E-10  -3.69048124E-04  0.103039578       2.38311812E-04  -1.37402391      0.369645417     -0.252972007    
   13.0000000       800.000000       4.44775447E-02   4.57707596      0.324998766       7.10002779E-10  -3.54901422E-04  0.101547159      -5.71101809E-05  -1.38523340      0.369643271     -0.251269877    
   2.00000000       800.000000       4.47068773E-02   4.62136841      0.324329078       7.01702807E-10  -3.41445935E-04  0.100082897      -3.78511148E-04  -1.39643133      0.369625777     -0.249758884    
   3.00000000       800.000000       4.49385233E-02   4.66624355      0.323659718       6.93529068E-10  -3.28323513E-04   9.86458361E-02  -4.89926373E-04  -1.40762222      0.369603872     -0.248394251    
   4.00000000       800.000000       4.51754220E-02   4.71121693      0.322996020       6.85487278E-10  -3.15519079E-04   9.72353220E-02  -1.61776697E-04  -1.41881740      0.369596928     -0.247014344    
   5.00000000       800.000000       4.54156250E-02   4.75678205      0.322333246       6.77568002E-10  -3.02490022E-04   9.58508402E-02   3.22834007E-04  -1.42999887      0.369611561     -0.245812476    
   6.00000000       800.000000       4.56556603E-02   4.80203438      0.321681291       6.69784894E-10  -2.89117947E-04   9.44916606E-02   4.25287522E-04  -1.44120216      0.369631141     -0.244947553    
   7.00000000       800.000000       4.59001064E-02   4.84787893      0.321038276       6.62134347E-10  -2.74220365E-04   9.31571648E-02   1.46463310E-04  -1.45242524      0.369637609     -0.244175002    
   8.00000000       800.000000       4.61495221E-02   4.89382601      0.320400566       6.54603649E-10  -2.59269989E-04   9.18465704E-02  -7.23428966E-05  -1.46367991      0.369634718     -0.242871195    
   9.00000000       800.000000       4.64015417E-02   4.94037914      0.319753081       6.47161325E-10  -2.44853232E-04   9.05599669E-02   7.23850753E-05  -1.47490466      0.369637579     -0.241038129    
   10.0000000       800.000000       4.66544069E-02   4.98703766      0.319095045       6.39805653E-10  -2.32652004E-04   8.92958567E-02   7.23774501E-05  -1.48610926      0.369641185     -0.238879293    
   11.0000000       800.000000       4.69110720E-02   5.03345490      0.318419605       6.32516484E-10  -2.22046758E-04   8.80541205E-02  -2.88311276E-04  -1.49725580      0.369627714     -0.236707032    
   12.0000000       800.000000       4.71705161E-02   5.08080530      0.317733616       6.25310470E-10  -2.13696811E-04   8.68340656E-02  -1.24092228E-04  -1.50837839      0.369621187     -0.234636679    
   13.0000000       800.000000       4.74330559E-02   5.12793064      0.317034453       6.18178786E-10  -2.06635552E-04   8.56354088E-02   3.17975704E-04  -1.51945341      0.369636595     -0.232497066    
   2.00000000       800.000000       4.76989783E-02   5.17558718      0.316325486       6.11129147E-10  -2.01511342E-04   8.44575837E-02   7.41569966E-05  -1.53049564      0.369639814     -0.230308235    
   3.00000000       800.000000       4.79672700E-02   5.22343826      0.315602690       6.04147843E-10  -1.97795191E-04   8.32998678E-02  -1.60599782E-04  -1.54148459      0.369632244     -0.228141740    
   4.00000000       800.000000       4.82396744E-02   5.27148342      0.314872384       5.97249361E-10  -1.95716973E-04   8.21619481E-02   7.63885764E-05  -1.55244529      0.369636238     -0.226008773    
   5.00000000       800.000000       4.85143214E-02   5.32006216      0.314128995       5.90421434E-10  -1.94800959E-04   8.10432136E-02   5.57797648E-05  -1.56335568      0.369638950     -0.223884150    
   6.00000000       800.000000       4.87925000E-02   5.36836243      0.313378334       5.83672721E-10  -1.95011322E-04   7.99433663E-02  -1.31628753E-04  -1.57423031      0.369632483     -0.221863896    
   7.00000000       800.000000       4.90735136E-02   5.41723442      0.312618196       5.76996451E-10  -1.96082139E-04   7.88618252E-02  -3.51968811E-05  -1.58506560      0.369630218     -0.219789341    
   8.00000000       800.000000       4.93605398E-02   5.46674824      0.311849207       5.70396341E-10  -1.97898407E-04   7.77986124E-02   9.35897042E-05  -1.59586382      0.369634897     -0.217801005    
   9.00000000       800.000000       4.96459454E-02   5.51635075      0.311072558       5.63868618E-10  -2.00249371E-04   7.67525434E-02   2.31155427E-05  -1.60662806      0.369636238     -0.215976864    
   10.0000000       800.000000       4.99367975E-02   5.56616688      0.310291857       5.57422219E-10  -2.02425625E-04   7.57236555E-02  -4.83443146E-05  -1.61737156      0.369634062     -0.214428082    
   11.0000000       800.000000       5.02316244E-02   5.61612844      0.309510410       5.51060420E-10  -2.04039854E-04   7.47118443E-02   1.66117243E-05  -1.62810671      0.369634926     -0.213164911    
   12.0000000       800.000000       5.05279116E-02   5.66623640      0.308733553       5.44790379E-10  -2.04452677E-04   7.37165213E-02   1.80414609E-05  -1.63885105      0.369635999     -0.212202743    
   13.0000000       800.000000       5.08273505E-02   5.71697474      0.307964265       5.38615819E-10  -2.03083575E-04   7.27370903E-02  -2.80049535E-05  -1.64961588      0.369634449     -0.211637735    
   2.00000000       800.000000       5.11321910E-02   5.76780939      0.307208806       5.32545619E-10  -1.99459435E-04   7.17735067E-02  -8.08195909E-06  -1.66042793      0.369634181     -0.211308509    
   3.00000000       800.000000       5.14377542E-02   5.81939650      0.306465000       5.26574062E-10  -1.93524713E-04   7.08254054E-02  -2.68647200E-05  -1.67128944      0.369632572     -0.210757419    
   4.00000000       800.000000       5.17485440E-02   5.87104797      0.305726320       5.20688714E-10  -1.86160920E-04   6.98922873E-02  -1.70978237E-05  -1.68217885      0.369631916     -0.209645808    
   5.00000000       800.000000       5.20629622E-02   5.92277527      0.304983467       5.14870535E-10  -1.78826784E-04   6.89741224E-02   1.12015268E-05  -1.69305503      0.369632006     -0.207902685    
   6.00000000       800.000000       5.23787588E-02   5.97483015      0.304231435       5.09112641E-10  -1.72246699E-04   6.80706054E-02  -3.13123815E-06  -1.70389128      0.369631886     -0.205931500    
   7.00000000       800.000000       5.26992045E-02   6.02751064      0.303471774       5.03415143E-10  -1.66314887E-04   6.71810508E-02  -1.77790321E-06  -1.71469188      0.369632363     -0.204244748    
   8.00000000       800.000000       5.30240014E-02   6.08028364      0.302710116       4.97786590E-10  -1.60247640E-04   6.63056448E-02   1.53484016E-05  -1.72548711      0.369632691     -0.202877626    
   9.00000000       800.000000       5.33496812E-02   6.13364077      0.301947296       4.92226704E-10  -1.53935383E-04   6.54431954E-02   2.50549692E-05  -1.73627293      0.369634449     -0.201445043    
   10.0000000       800.000000       5.36804311E-02   6.18732548      0.301179290       4.86726937E-10  -1.47803003E-04   6.45949021E-02   2.29766574E-05  -1.74704814      0.369635344     -0.199608222    
   11.0000000       800.000000       5.40157408E-02   6.24103832      0.300397366       4.81276075E-10  -1.42822566E-04   6.37590736E-02   1.08954036E-05  -1.75777018      0.369635344     -0.197304592    
   12.0000000       800.000000       5.43518029E-02   6.29508209      0.299598694       4.75863959E-10  -1.39550859E-04   6.29361942E-02   3.75436207E-06  -1.76842594      0.369636595     -0.194746569    
   13.0000000       800.000000       5.46922497E-02   6.34962225      0.298781276       4.70492756E-10  -1.38082571E-04   6.21257871E-02  -7.63503158E-06  -1.77900624      0.369636476     -0.192236617    
   2.00000000       800.000000       5.50380871E-02   6.40445566      0.297950447       4.65163574E-10  -1.37983487E-04   6.13275394E-02  -5.20487765E-06  -1.78952360      0.369635612     -0.189996988    
   3.00000000       800.000000       5.53847216E-02   6.45976830      0.297108650       4.59885463E-10  -1.38575211E-04   6.05420023E-02   1.08636065E-07  -1.79998732      0.369635224     -0.188073814    
   4.00000000       800.000000       5.57359010E-02   6.51546860      0.296260327       4.54661753E-10  -1.39374402E-04   5.97673170E-02  -6.24973063E-06  -1.81041801      0.369635791     -0.186310053    
   5.00000000       800.000000       5.60912378E-02   6.57112312      0.295406193       4.49492582E-10  -1.40165968E-04   5.90045638E-02  -8.31171178E-07  -1.82081819      0.369634658     -0.184614986    
   6.00000000       800.000000       5.64479530E-02   6.62756824      0.294546843       4.44380782E-10  -1.40755539E-04   5.82528189E-02   1.65884444E-06  -1.83119500      0.369635403     -0.182982504    
   7.00000000       800.000000       5.68098128E-02   6.68420267      0.293683797       4.39324188E-10  -1.41036988E-04   5.75127974E-02  -3.39356552E-06  -1.84154725      0.369634718     -0.181404844    
   8.00000000       800.000000       5.71758151E-02   6.74102211      0.292816877       4.34324826E-10  -1.40809920E-04   5.67832403E-02   2.47108619E-06  -1.85187268      0.369635046     -0.179952398    
   9.00000000       800.000000       5.75454868E-02   6.79867172      0.291949958       4.29384611E-10  -1.39829368E-04   5.60645349E-02  -2.06277468E-06  -1.86219049      0.369634897     -0.178671882    
   10.0000000       800.000000       5.79212233E-02   6.85620070      0.291084826       4.24506791E-10  -1.37718860E-04   5.53557910E-02  -1.60856018E-07  -1.87250543      0.369634926     -0.177572161    
   11.0000000       800.000000       5.82982525E-02   6.91421032      0.290223718       4.19694640E-10  -1.34218149E-04   5.46579845E-02   1.51786116E-06  -1.88282728      0.369635224     -0.176565513    
   12.0000000       800.000000       5.86755127E-02   6.97270107      0.289365113       4.14943385E-10  -1.29409556E-04   5.39699085E-02  -3.04558353E-06  -1.89315939      0.369635135     -0.175387740    
   13.0000000       800.000000       5.90622984E-02   7.03143930      0.288504481       4.10245365E-10  -1.23913982E-04   5.32920137E-02   5.11676490E-06  -1.90348077      0.369634956     -0.173695803    
   2.00000000       800.000000       5.94485030E-02   7.09108067      0.287633598       4.05590173E-10  -1.18839162E-04   5.26239946E-02   5.96359996E-06  -1.91374409      0.369635493     -0.171466514    
   3.00000000       800.000000       5.98436110E-02   7.15043688      0.286747694       4.00967426E-10  -1.14745584E-04   5.19652665E-02   1.14321965E-05  -1.92393470      0.369636506     -0.169009179    
   4.00000000       800.000000       6.02373928E-02   7.21079636      0.285846382       3.96378735E-10  -1.11779264E-04   5.13158068E-02   4.76013383E-06  -1.93403530      0.369636476     -0.166560635    
   5.00000000       800.000000       6.06374219E-02   7.27131176      0.284931242       3.91825933E-10  -1.09645625E-04   5.06756343E-02   2.95626160E-06  -1.94406450      0.369636267     -0.164304674    
   6.00000000       800.000000       6.10392392E-02   7.33202028      0.284005642       3.87312821E-10  -1.07927772E-04   5.00447527E-02   2.85661713E-06  -1.95403016      0.369636714     -0.162233070    
   7.00000000       800.000000       6.14471473E-02   7.39313030      0.283070922       3.82839732E-10  -1.06484622E-04   4.94223125E-02   2.80378322E-06  -1.96393883      0.369637072     -0.160146326    
   8.00000000       800.000000       6.18590638E-02   7.45494413      0.282127082       3.78407250E-10  -1.05355808E-04   4.88090478E-02   3.12421957E-06  -1.97377658      0.369637072     -0.158001706    
   9.00000000       800.000000       6.22721761E-02   7.51700449      0.281171978       3.74012571E-10  -1.04583116E-04   4.82038893E-02   2.59695270E-07  -1.98354781      0.369636804     -0.155829668    
   10.0000000       800.000000       6.26941621E-02   7.57950735      0.280206650       3.69655057E-10  -1.04177059E-04   4.76074517E-02   1.85481986E-06  -1.99324906      0.369637519     -0.153658688    
   11.0000000       800.000000       6.31151870E-02   7.64244461      0.279231608       3.65338038E-10  -1.03955826E-04   4.70193587E-02   7.16560919E-07  -2.00287819      0.369637609     -0.151563570    
   12.0000000       800.000000       6.35424033E-02   7.70559978      0.278248727       3.61060182E-10  -1.03690705E-04   4.64391895E-02   3.06715577E-07  -2.01244736      0.369637370     -0.149640679    
   13.0000000       800.000000       6.39760271E-02   7.76949692      0.277262121       3.56826596E-10  -1.02980215E-04   4.58669029E-02  -1.59593890E-06  -2.02196217      0.369637698     -0.147936583    
   2.00000000       800.000000       6.44085407E-02   7.83382225      0.276272893       3.52640583E-10  -1.01398189E-04   4.53025624E-02  -2.42184933E-06  -2.03143835      0.369637132     -0.146418020    
   3.00000000       800.000000       6.48498610E-02   7.89831066      0.275285453       3.48504947E-10  -9.85718943E-05   4.47458886E-02  -2.58704154E-06  -2.04088616      0.369636923     -0.145198554    
   4.00000000       800.000000       6.52926117E-02   7.96304750      0.274302781       3.44422352E-10  -9.40951431E-05   4.41969894E-02  -5.64350557E-06  -2.05033660      0.369636387     -0.144126847    
   5.00000000       800.000000       6.57397360E-02   8.02879810      0.273321658       3.40390605E-10  -8.80769803E-05   4.36555035E-02  -3.82108192E-06  -2.05977249      0.369636059     -0.142645389    
   6.00000000       800.000000       6.61928579E-02   8.09504509      0.272333831       3.36396466E-10  -8.17253022E-05   4.31212448E-02  -2.67018322E-06  -2.06915617      0.369636565     -0.140327707    
   7.00000000       800.000000       6.66503683E-02   8.16145802      0.271326989       3.32424893E-10  -7.64870201E-05   4.25942652E-02   1.98222688E-06  -2.07841802      0.369636506     -0.137222514    
   8.00000000       800.000000       6.71091229E-02   8.22835445      0.270295352       3.28469169E-10  -7.32783228E-05   4.20743190E-02   1.71289071E-06  -2.08751035      0.369636238     -0.133764997    
   9.00000000       800.000000       6.75772652E-02   8.29508305      0.269238681       3.24528321E-10  -7.21468532E-05   4.15613167E-02   2.66862480E-06  -2.09643316      0.369636953     -0.130463406    
   10.0000000       800.000000       6.80434331E-02   8.36327362      0.268162340       3.20610372E-10  -7.24516140E-05   4.10551913E-02   1.72459181E-06  -2.10520458      0.369636774     -0.127534360    
   11.0000000       800.000000       6.85164854E-02   8.43160915      0.267070115       3.16719401E-10  -7.36030852E-05   4.05560471E-02   1.94000268E-06  -2.11384797      0.369636714     -0.124872454    
   12.0000000       800.000000       6.89990669E-02   8.50011826      0.265965909       3.12858156E-10  -7.51181724E-05   4.00629640E-02   6.66091069E-07  -2.12237787      0.369637072     -0.122445762    
   13.0000000       800.000000       6.94770738E-02   8.56972027      0.264852285       3.09031190E-10  -7.65164223E-05   3.95768285E-02   2.16159293E-07  -2.13080621      0.369636774     -0.120291419    
   2.00000000       800.000000       6.99650571E-02   8.63913631      0.263733655       3.05242054E-10  -7.73295978E-05   3.90971005E-02   3.73403140E-07  -2.13914967      0.369637400     -0.118413903    
   3.00000000       800.000000       7.04544336E-02   8.70913506      0.262612730       3.01494885E-10  -7.71139894E-05   3.86235043E-02  -9.84010285E-07  -2.14743233      0.369637460     -0.116791725    
   4.00000000       800.000000       7.09533468E-02   8.77987480      0.261494398       2.97793123E-10  -7.54689536E-05   3.81560624E-02  -1.18929989E-07  -2.15566683      0.369636774     -0.115396038    
   5.00000000       800.000000       7.14557767E-02   8.85152435      0.260379195       2.94138269E-10  -7.20384996E-05   3.76950502E-02  -5.41790484E-07  -2.16386580      0.369636834     -0.114169762    
   6.00000000       800.000000       7.19595850E-02   8.92326069      0.259267867       2.90529045E-10  -6.68341308E-05   3.72397602E-02  -4.71088697E-07  -2.17204237      0.369637251     -0.112727858    
   7.00000000       800.000000       7.24673644E-02   8.99552822      0.258153081       2.86957375E-10  -6.07518487E-05   3.67906429E-02  -1.96827457E-07  -2.18014455      0.369637161     -0.110513926    
   8.00000000       800.000000       7.29827210E-02   9.06822109      0.257021755       2.83409018E-10  -5.53278078E-05   3.63472998E-02  -3.79399552E-07  -2.18811178      0.369636774     -0.107374407    
   9.00000000       800.000000       7.35015273E-02   9.14107132      0.255866289       2.79874096E-10  -5.17464614E-05   3.59095186E-02  -1.01918306E-06  -2.19587398      0.369636267     -0.103717476    
   10.0000000       800.000000       7.40236938E-02   9.21487141      0.254684210       2.76351414E-10  -5.02054645E-05   3.54778431E-02  -1.12207704E-06  -2.20341396      0.369636625     -0.100171275    
   11.0000000       800.000000       7.45541826E-02   9.28909588      0.253481865       2.72846801E-10  -5.02528164E-05   3.50514948E-02  -9.48257764E-07  -2.21075797      0.369637340      -9.69289616E-02
   12.0000000       800.000000       7.50876293E-02   9.36382198      0.252261341       2.69363559E-10  -5.13445593E-05   3.46305370E-02  -4.11329466E-07  -2.21791673      0.369636625      -9.39173475E-02
   13.0000000       800.000000       7.56227747E-02   9.43945217      0.251025736       2.65904465E-10  -5.30008219E-05   3.42147164E-02  -3.80061152E-07  -2.22491336      0.369636357      -9.11700353E-02
   2.00000000       800.000000       7.61684179E-02   9.51551723      0.249779761       2.62473848E-10  -5.46530173E-05   3.38043831E-02   2.92479655E-07  -2.23175931      0.369636595      -8.87746587E-02
   3.00000000       800.000000       7.67170042E-02   9.59179592      0.248528302       2.59077954E-10  -5.56647647E-05   3.33993137E-02   1.01926344E-06  -2.23848534      0.369636804      -8.67962837E-02
   4.00000000       800.000000       7.72694573E-02   9.66848755      0.247277126       2.55720833E-10  -5.53839891E-05   3.29999477E-02   9.91956313E-07  -2.24512005      0.369636685      -8.51752087E-02
   5.00000000       800.000000       7.78230131E-02   9.74612713      0.246029153       2.52405791E-10  -5.32403537E-05   3.26048434E-02   1.57595150E-06  -2.25169659      0.369636714      -8.37880895E-02
   6.00000000       800.000000       7.83851892E-02   9.82425022      0.244785845       2.49133991E-10  -4.89734812E-05   3.22151780E-02   1.20017091E-06  -2.25820923      0.369636953      -8.24126750E-02
   7.00000000       800.000000       7.89523125E-02   9.90284920      0.243543342       2.45899912E-10  -4.31361150E-05   3.18304934E-02   9.25997256E-07  -2.26466155      0.369636923      -8.04392919E-02
   8.00000000       800.000000       7.95280412E-02   9.98241329      0.242288262       2.42691228E-10  -3.73473995E-05   3.14506702E-02   2.15340563E-07  -2.27095866      0.369636923      -7.72972554E-02
   9.00000000       800.000000       8.01055804E-02   10.0623922      0.241007835       2.39493536E-10  -3.32411983E-05   3.10753938E-02   8.24727664E-08  -2.27700019      0.369636506      -7.34361857E-02
   10.0000000       800.000000       8.06882754E-02   10.1425762      0.239699870       2.36306391E-10  -3.12893571E-05   3.07049379E-02  -4.80239464E-07  -2.28276753      0.369636893      -6.95921704E-02
   11.0000000       800.000000       8.12722519E-02   10.2231703      0.238368362       2.33131542E-10  -3.11843833E-05   3.03391591E-02  -4.30675613E-07  -2.28827262      0.369637460      -6.60197213E-02
   12.0000000       800.000000       8.18665698E-02   10.3048105      0.237017542       2.29976219E-10  -3.22265914E-05   2.99779307E-02  -5.61734680E-07  -2.29353690      0.369636893      -6.28686622E-02
   13.0000000       800.000000       8.24698508E-02   10.3871059      0.235653505       2.26843766E-10  -3.35228942E-05   2.96213627E-02  -4.74395819E-07  -2.29860353      0.369636387      -6.02593906E-02
   2.00000000       800.000000       8.30690786E-02   10.4702911      0.234284237       2.23742871E-10  -3.42338826E-05   2.92689037E-02  -2.24939583E-07  -2.30351281      0.369636834      -5.81322461E-02
   3.00000000       800.000000       8.36792067E-02   10.5531397      0.232913092       2.20676019E-10  -3.38178543E-05   2.89213732E-02  -9.96991290E-08  -2.30829906      0.369636834      -5.62142879E-02
   4.00000000       800.000000       8.42924491E-02   10.6371202      0.231541082       2.17643403E-10  -3.20544714E-05   2.85779107E-02   2.87345216E-07  -2.31295681      0.369637340      -5.43084554E-02
   5.00000000       800.000000       8.49149227E-02   10.7222576      0.230166301       2.14644427E-10  -2.90806365E-05   2.82380823E-02   3.92610957E-07  -2.31748676      0.369637340      -5.22487424E-02
   6.00000000       800.000000       8.55400413E-02   10.8070173      0.228786051       2.11674567E-10  -2.55174018E-05   2.79029906E-02   4.90576326E-07  -2.32186127      0.369636953      -4.96718325E-02
   7.00000000       800.000000       8.61672983E-02   10.8929453      0.227391213       2.08725814E-10  -2.23208990E-05   2.75724288E-02   2.78805260E-07  -2.32601142      0.369636685      -4.65544686E-02
   8.00000000       800.000000       8.68062824E-02   10.9799843      0.225978255       2.05794978E-10  -2.00977011E-05   2.72455215E-02   3.68429625E-07  -2.32991505      0.369636953      -4.32637483E-02
   9.00000000       800.000000       8.74475688E-02   11.0664978      0.224548012       2.02882294E-10  -1.88553386E-05   2.69230679E-02   1.58171872E-07  -2.33355379      0.369637072      -4.00554314E-02
   10.0000000       800.000000       8.80924463E-02   11.1543617      0.223102167       1.99990177E-10  -1.83036627E-05   2.66039446E-02   1.07060345E-07  -2.33694482      0.369636953      -3.70454416E-02
   11.0000000       800.000000       8.87458175E-02   11.2425718      0.221644223       1.97120473E-10  -1.80073403E-05   2.62894537E-02  -2.17225526E-08  -2.34010458      0.369636476      -3.43104154E-02
   12.0000000       800.000000       8.94047245E-02   11.3320246      0.220177978       1.94277205E-10  -1.75032237E-05   2.59780530E-02  -3.35805659E-08  -2.34305692      0.369637012      -3.18296365E-02
   13.0000000       800.000000       9.00711343E-02   11.4218473      0.218704611       1.91461402E-10  -1.65284382E-05   2.56711803E-02  -2.06678692E-07  -2.34581637      0.369636774      -2.94011869E-02
   2.00000000       800.000000       9.07422155E-02   11.5118284      0.217224583       1.88672161E-10  -1.51380818E-05   2.53675096E-02  -1.82665104E-07  -2.34837437      0.369637400      -2.68930160E-02
   3.00000000       800.000000       9.14164707E-02   11.6033077      0.215735480       1.85908469E-10  -1.35140035E-05   2.50678640E-02  -2.17515122E-07  -2.35071230      0.369636893      -2.42720675E-02
   4.00000000       800.000000       9.20993984E-02   11.6952047      0.214236468       1.83168078E-10  -1.18859170E-05   2.47719008E-02  -1.80729415E-07  -2.35282969      0.369636893      -2.15134025E-02
   5.00000000       800.000000       9.27866399E-02   11.7873383      0.212725878       1.80450210E-10  -1.04661176E-05   2.44788229E-02  -5.58849571E-08  -2.35469198      0.369636714      -1.86787397E-02
   6.00000000       800.000000       9.34779644E-02   11.8806105      0.211204186       1.77754922E-10  -9.24215510E-06   2.41900347E-02   2.30491235E-08  -2.35630512      0.369636565      -1.59109514E-02
   7.00000000       800.000000       9.41774696E-02   11.9743528      0.209672481       1.75082657E-10  -8.03228613E-06   2.39044596E-02   5.63822979E-08  -2.35768056      0.369636685      -1.32739237E-02
   8.00000000       800.000000       9.48819369E-02   12.0688763      0.208132237       1.72435594E-10  -6.68039365E-06   2.36226860E-02   8.03446056E-08  -2.35881877      0.369636685      -1.06883198E-02
   9.00000000       800.000000       9.55979601E-02   12.1640635      0.206583560       1.69812206E-10  -5.15835563E-06   2.33444907E-02  -9.94808236E-09  -2.35971761      0.369637519      -8.09234660E-03
   10.0000000       800.000000       9.63135287E-02   12.2600622      0.205026060       1.67212966E-10  -3.55895145E-06   2.30688304E-02  -4.98212565E-08  -2.36036587      0.369637370      -5.43119805E-03
   11.0000000       800.000000       9.70358253E-02   12.3568468      0.203458190       1.64636027E-10  -2.10134135E-06   2.27967445E-02  -1.03967324E-07  -2.36076474      0.369637161      -2.61629792E-03
   12.0000000       800.000000       9.77677032E-02   12.4544106      0.201878160       1.62079822E-10  -1.00225213E-06   2.25290637E-02  -1.07863208E-07  -2.36088014      0.369637251       2.44060881E-04
   13.0000000       800.000000       9.85076427E-02   12.5523767      0.200287431       1.59545405E-10  -1.96940036E-07   2.22627670E-02  -1.25622975E-07  -2.36072111      0.369636923       2.97796912E-03
   2.00000000       800.000000       9.92456749E-02   12.6510534      0.198687822       1.57034052E-10   5.60864748E-07   2.20011473E-02  -7.74795694E-08  -2.36029363      0.369636714       5.55518549E-03
   3.00000000       800.000000       9.99961421E-02   12.7503929      0.197080851       1.54546848E-10   1.50615244E-06   2.17424799E-02  -7.69829427E-08  -2.35961175      0.369636595       8.00113194E-03
   4.00000000       800.000000      0.100751281       12.8514633      0.195467308       1.52084831E-10   2.77779782E-06   2.14864016E-02  -2.36334752E-09  -2.35868692      0.369636953       1.03920000E-02
   5.00000000       800.000000      0.101513669       12.9527330      0.193848059       1.49647281E-10   4.34833191E-06   2.12329458E-02  -3.05048928E-08  -2.35750890      0.369636893       1.28261112E-02
   6.00000000       800.000000      0.102282949       13.0543804      0.192221239       1.47233156E-10   5.95880601E-06   2.09840816E-02   5.91188876E-09  -2.35607457      0.369637519       1.54347112E-02
   7.00000000       800.000000      0.103057869       13.1565609      0.190583900       1.44839751E-10   7.22083951E-06   2.07367018E-02  -3.40461215E-09  -2.35433626      0.369637787       1.82174072E-02
   8.00000000       800.000000      0.103839546       13.2604132      0.188935950       1.42466802E-10   7.94617608E-06   2.04926841E-02  -1.11343983E-10  -2.35230136      0.369637281       2.09910125E-02
   9.00000000       800.000000      0.104626514       13.3645535      0.187277630       1.40115225E-10   8.25224106E-06   2.02522073E-02   4.48766890E-08  -2.34996176      0.369637221       2.36234181E-02
   10.0000000       800.000000      0.105420068       13.4691267      0.185612097       1.37786324E-10   8.46512285E-06   2.00147294E-02   7.44030970E-08  -2.34733319      0.369637042       2.60101147E-02
   11.0000000       800.000000      0.106228657       13.5754204      0.183942929       1.35482764E-10   9.07242156E-06   1.97791550E-02   1.05786427E-07  -2.34446073      0.369637281       2.81073321E-02
   12.0000000       800.000000      0.107034281       13.6821260      0.182272628       1.33206016E-10   1.04181709E-05   1.95464995E-02   1.22032404E-07  -2.34134817      0.369637132       3.00940610E-02
   13.0000000       800.000000      0.107849084       13.7891541      0.180599928       1.30955871E-10   1.24212902E-05   1.93173848E-02   1.20767936E-07  -2.33798695      0.369637400       3.21902893E-02
   2.00000000       800.000000      0.108672515       13.8981247      0.178922832       1.28729097E-10   1.47030960E-05   1.90896671E-02   7.46047562E-08  -2.33437610      0.369637460       3.44965048E-02
   3.00000000       800.000000      0.109497771       14.0066690      0.177239195       1.26524180E-10   1.67766466E-05   1.88665036E-02   2.48509480E-08  -2.33046198      0.369637340       3.70144024E-02
   4.00000000       800.000000      0.110339761       14.1170921      0.175545856       1.24339913E-10   1.83077118E-05   1.86451543E-02  -2.90596702E-08  -2.32624054      0.369637161       3.96046154E-02
   5.00000000       800.000000      0.111177742       14.2269335      0.173844427       1.22175797E-10   1.93269225E-05   1.84252039E-02  -6.53666277E-08  -2.32168937      0.369636804       4.20682281E-02
   6.00000000       800.000000      0.112030037       14.3394938      0.172136113       1.20034038E-10   2.01637849E-05   1.82102248E-02  -5.33835376E-08  -2.31685638      0.369636297       4.42916155E-02
   7.00000000       800.000000      0.112885214       14.4517355      0.170425788       1.17916593E-10   2.11952956E-05   1.79965775E-02  -3.51349527E-08  -2.31173325      0.369636446       4.63235863E-02
   8.00000000       800.000000      0.113750286       14.5650282      0.168713078       1.15823212E-10   2.25723215E-05   1.77842453E-02  -4.12546802E-10  -2.30635309      0.369636387       4.83102016E-02
   9.00000000       800.000000      0.114624061       14.6793976      0.166997537       1.13753847E-10   2.41884936E-05   1.75762828E-02   2.81670172E-08  -2.30069757      0.369636714       5.03492579E-02
   10.0000000       800.000000      0.115506783       14.7940674      0.165278107       1.11706935E-10   2.58140681E-05   1.73693337E-02   3.99975235E-08  -2.29475951      0.369636774       5.24731651E-02
   11.0000000       800.000000      0.116393380       14.9101496      0.163554385       1.09682416E-10   2.72259658E-05   1.71661191E-02   5.10021039E-08  -2.28852177      0.369636834       5.46537489E-02
   12.0000000       800.000000      0.117281690       15.0272551      0.161825836       1.07679275E-10   2.83278150E-05   1.69643816E-02   5.80107979E-08  -2.28199553      0.369637072       5.68061918E-02
   13.0000000       800.000000      0.118191823       15.1445360      0.160093248       1.05697950E-10   2.91987453E-05   1.67656131E-02   6.60442296E-08  -2.27514696      0.369637221       5.88462017E-02
   2.00000000       800.000000      0.119099334       15.2630339      0.158358231       1.03740051E-10   3.00097508E-05   1.65698212E-02   6.40781224E-08  -2.26802611      0.369637072       6.07599542E-02
   3.00000000       800.000000      0.120015435       15.3828135      0.156621739       1.01804808E-10   3.08805211E-05   1.63753238E-02   6.16107698E-08  -2.26061368      0.369636923       6.25941828E-02
   4.00000000       800.000000      0.120940529       15.5036430      0.154884100       9.98927607E-11   3.18426355E-05   1.61828902E-02   5.43164660E-08  -2.25295138      0.369636804       6.43787459E-02
   5.00000000       800.000000      0.121867239       15.6249332      0.153145373       9.80047224E-11   3.28784772E-05   1.59937683E-02   3.81474230E-08  -2.24498963      0.369636625       6.61375970E-02
   6.00000000       800.000000      0.122810721       15.7464323      0.151406348       9.61390204E-11   3.39317303E-05   1.58059429E-02   2.41492533E-08  -2.23676372      0.369636476       6.78782091E-02
   7.00000000       800.000000      0.123757191       15.8707790      0.149667099       9.42960432E-11   3.49751972E-05   1.56209208E-02   9.15887632E-09  -2.22825456      0.369636714       6.95800558E-02
   8.00000000       800.000000      0.124716990       15.9948425      0.147927821       9.24763530E-11   3.60128797E-05   1.54378125E-02   1.10190501E-09  -2.21947837      0.369636804       7.12320954E-02
   9.00000000       800.000000      0.125679165       16.1200333      0.146188766       9.06792280E-11   3.70507296E-05   1.52569590E-02  -4.61257699E-09  -2.21041322      0.369636923       7.28302374E-02
   10.0000000       800.000000      0.126648560       16.2460766      0.144450679       8.89054663E-11   3.80998463E-05   1.50781889E-02  -5.69294833E-09  -2.20109272      0.369637012       7.43756294E-02
   11.0000000       800.000000      0.127627030       16.3736973      0.142713547       8.71537495E-11   3.91687863E-05   1.49011901E-02  -5.46609691E-09  -2.19151306      0.369637161       7.58684501E-02
   12.0000000       800.000000      0.128622070       16.5009899      0.140977725       8.54254723E-11   4.02641490E-05   1.47271436E-02  -4.36581038E-09  -2.18163967      0.369637161       7.73097873E-02
   13.0000000       800.000000      0.129615709       16.6299458      0.139244646       8.37201697E-11   4.13808957E-05   1.45540871E-02  -5.60167779E-09  -2.17155266      0.369637251       7.87064955E-02
   2.00000000       800.000000      0.130617574       16.7607040      0.137513727       8.20375018E-11   4.25067701E-05   1.43838171E-02  -8.25753688E-09  -2.16117454      0.369637281       8.00588354E-02
   3.00000000       800.000000      0.131631613       16.8909397      0.135784879       8.03774061E-11   4.36377886E-05   1.42148975E-02  -1.32823601E-08  -2.15056014      0.369637161       8.13575536E-02
   4.00000000       800.000000      0.132658064       17.0234966      0.134059533       7.87401394E-11   4.47890743E-05   1.40489526E-02  -1.81515833E-08  -2.13967633      0.369637072       8.25954825E-02
   5.00000000       800.000000      0.133689612       17.1564980      0.132338464       7.71255976E-11   4.59885850E-05   1.38840983E-02  -2.00523456E-08  -2.12856293      0.369636923       8.37711096E-02
   6.00000000       800.000000      0.134727374       17.2917385      0.130620137       7.55339888E-11   4.72488864E-05   1.37214279E-02  -1.91031404E-08  -2.11717129      0.369637012       8.48942846E-02
   7.00000000       800.000000      0.135772675       17.4260139      0.128907323       7.39651049E-11   4.85486598E-05   1.35609116E-02  -1.54061244E-08  -2.10557103      0.369636923       8.59804675E-02
   8.00000000       800.000000      0.136831790       17.5625153      0.127198935       7.24181617E-11   4.98447553E-05   1.34015577E-02  -1.05912275E-08  -2.09372950      0.369636714       8.70355666E-02
   9.00000000       800.000000      0.137887821       17.6995029      0.125494480       7.08938047E-11   5.11042490E-05   1.32446298E-02  -7.39725392E-09  -2.08167410      0.369636714       8.80476460E-02
   10.0000000       800.000000      0.138969555       17.8388729      0.123796724       6.93914440E-11   5.23140734E-05   1.30896559E-02  -7.27097582E-09  -2.06936789      0.369636804       8.90074968E-02
   11.0000000       800.000000      0.140046909       17.9775219      0.122103818       6.79109963E-11   5.34701794E-05   1.29361944E-02  -9.59502966E-09  -2.05684185      0.369636923       8.99165571E-02
   12.0000000       800.000000      0.141143247       18.1181393      0.120416261       6.64531138E-11   5.45685944E-05   1.27852494E-02  -1.45430983E-08  -2.04408717      0.369636595       9.07780677E-02
   13.0000000       800.000000      0.142242312       18.2606220      0.118734784       6.50167697E-11   5.55994811E-05   1.26354601E-02  -1.94878513E-08  -2.03111959      0.369636804       9.15877149E-02
   2.00000000       800.000000      0.143348306       18.4025784      0.117060483       6.36021028E-11   5.65655719E-05   1.24876061E-02  -2.25264625E-08  -2.01794934      0.369636893       9.23391655E-02
   3.00000000       800.000000      0.144470185       18.5468769      0.115391478       6.22092586E-11   5.74816477E-05   1.23406574E-02  -2.26303136E-08  -2.00454426      0.369637042       9.30291265E-02
   4.00000000       800.000000      0.145599216       18.6916237      0.113732249       6.08390491E-11   5.83779911E-05   1.21967923E-02  -1.94791170E-08  -1.99095428      0.369637340       9.36505198E-02
   5.00000000       800.000000      0.146730632       18.8387299      0.112079874       5.94898020E-11   5.92869073E-05   1.20540215E-02  -1.51542849E-08  -1.97712529      0.369637340       9.42094401E-02
   6.00000000       800.000000      0.147886083       18.9852219      0.110437483       5.81627316E-11   6.02139589E-05   1.19128721E-02  -1.02701838E-08  -1.96320236      0.369637042       9.47196037E-02
   7.00000000       800.000000      0.149040878       19.1336536      0.108799040       5.68573799E-11   6.11398937E-05   1.17733190E-02  -5.84284754E-09  -1.94906068      0.369636953       9.51869190E-02
   8.00000000       800.000000      0.150206983       19.2841053      0.107174814       5.55718180E-11   6.20424471E-05   1.16348658E-02  -2.67909117E-09  -1.93468916      0.369637161       9.56048146E-02
   9.00000000       800.000000      0.151375279       19.4338169      0.105557427       5.43095569E-11   6.29234855E-05   1.14989532E-02  -8.64109728E-10  -1.92023003      0.369637161       9.59671959E-02
   10.0000000       800.000000      0.152559474       19.5859928      0.103948653       5.30664679E-11   6.37902922E-05   1.13640046E-02  -4.30748825E-10  -1.90556538      0.369637400       9.62756276E-02
   11.0000000       800.000000      0.153755501       19.7391071      0.102352276       5.18462565E-11   6.46616754E-05   1.12309391E-02  -5.29273181E-10  -1.89068520      0.369637460       9.65237617E-02
   12.0000000       800.000000      0.154966682       19.8943138      0.100765415       5.06465252E-11   6.55633994E-05   1.11000556E-02  -9.52485868E-10  -1.87574530      0.369637400       9.67102572E-02
   13.0000000       800.000000      0.156182289       20.0499210       9.91921723E-02   4.94675793E-11   6.65148036E-05   1.09695550E-02  -7.24246996E-10  -1.86062026      0.369637281       9.68403742E-02
   2.00000000       800.000000      0.157407701       20.2067699       9.76256728E-02   4.83102933E-11   6.75335323E-05   1.08413389E-02  -2.97467828E-10  -1.84538853      0.369637072       9.69211087E-02
   3.00000000       800.000000      0.158632427       20.3635406       9.60745439E-02   4.71732133E-11   6.86152489E-05   1.07141491E-02  -4.43047904E-10  -1.82998717      0.369637221       9.69569683E-02
   4.00000000       800.000000      0.159881696       20.5234394       9.45329070E-02   4.60561068E-11   6.97395371E-05   1.05891256E-02  -1.39685119E-09  -1.81449139      0.369637161       9.69533250E-02
   5.00000000       800.000000      0.161134437       20.6836548       9.30049717E-02   4.49595153E-11   7.08860171E-05   1.04651423E-02  -2.69889222E-09  -1.79886544      0.369637161       9.69108045E-02
   6.00000000       800.000000      0.162408039       20.8466339       9.14873555E-02   4.38837716E-11   7.20237877E-05   1.03420932E-02  -3.67482667E-09  -1.78314435      0.369637161       9.68344733E-02
   7.00000000       800.000000      0.163673609       21.0080662       8.99847224E-02   4.28271377E-11   7.31122054E-05   1.02213835E-02  -3.83184728E-09  -1.76730192      0.369637251       9.67264324E-02
   8.00000000       800.000000      0.164970547       21.1726456       8.84918720E-02   4.17900749E-11   7.41063632E-05   1.01013575E-02  -2.86945157E-09  -1.75133729      0.369637251       9.65901315E-02
   9.00000000       800.000000      0.166260168       21.3390827       8.70123729E-02   4.07728053E-11   7.49650426E-05   9.98308882E-03  -1.18695487E-09  -1.73530805      0.369637340       9.64178592E-02
   10.0000000       800.000000      0.167571649       21.5048828       8.55458751E-02   3.97737364E-11   7.56842928E-05   9.86660924E-03   1.06072851E-09  -1.71916568      0.369637400       9.61967781E-02
   11.0000000       800.000000      0.168884769       21.6747990       8.40925872E-02   3.87952656E-11   7.62849668E-05   9.75075644E-03   2.81397994E-09  -1.70291972      0.369637251       9.59261581E-02
   12.0000000       800.000000      0.170220941       21.8437004       8.26530457E-02   3.78347388E-11   7.68027094E-05   9.63702146E-03   3.84196230E-09  -1.68665028      0.369637251       9.55981761E-02
   13.0000000       800.000000      0.171562597       22.0148487       8.12257901E-02   3.68929366E-11   7.72979402E-05   9.52379033E-03   4.17164259E-09  -1.67025018      0.369637221       9.52113718E-02
   2.00000000       800.000000      0.172911152       22.1867790       7.98145756E-02   3.59707160E-11   7.78177491E-05   9.41263326E-03   4.08750278E-09  -1.65384007      0.369637072       9.47777331E-02
   3.00000000       800.000000      0.174262822       22.3595982       7.84181729E-02   3.50668557E-11   7.83800788E-05   9.30213928E-03   3.79469123E-09  -1.63734818      0.369637161       9.43044424E-02
   4.00000000       800.000000      0.175636902       22.5350342       7.70346746E-02   3.41804328E-11   7.89951519E-05   9.19338781E-03   3.38250139E-09  -1.62081885      0.369637132       9.37921852E-02
   5.00000000       800.000000      0.177029908       22.7109966       7.56678134E-02   3.33129670E-11   7.96756140E-05   9.08604451E-03   3.36303096E-09  -1.60428691      0.369636923       9.32402164E-02
   6.00000000       800.000000      0.178427994       22.8897495       7.43145868E-02   3.24640419E-11   8.04290903E-05   8.97964649E-03   3.34015526E-09  -1.58771122      0.369636893       9.26555768E-02
   7.00000000       800.000000      0.179832757       23.0675335       7.29787126E-02   3.16323565E-11   8.12440339E-05   8.87440611E-03   3.20491567E-09  -1.57109380      0.369636804       9.20438841E-02
   8.00000000       800.000000      0.181247130       23.2492962       7.16554224E-02   3.08180252E-11   8.21088615E-05   8.77009798E-03   3.07015213E-09  -1.55446649      0.369636893       9.14036185E-02
   9.00000000       800.000000      0.182678327       23.4303741       7.03508779E-02   3.00213535E-11   8.30025456E-05   8.66744015E-03   3.19102744E-09  -1.53781724      0.369637132       9.07421038E-02
   10.0000000       800.000000      0.184120178       23.6137962       6.90585971E-02   2.92417722E-11   8.38900596E-05   8.56598746E-03   3.09722425E-09  -1.52116311      0.369637132       9.00602415E-02
   11.0000000       800.000000      0.185574606       23.7995758       6.77836016E-02   2.84784939E-11   8.47421907E-05   8.46612267E-03   2.86689716E-09  -1.50451028      0.369637161       8.93573090E-02
   12.0000000       800.000000      0.187039450       23.9845982       6.65232018E-02   2.77319452E-11   8.55245089E-05   8.36695917E-03   2.51576537E-09  -1.48786294      0.369637251       8.86357352E-02
   13.0000000       800.000000      0.188515589       24.1725788       6.52790442E-02   2.70019927E-11   8.62079032E-05   8.26881547E-03   2.02961004E-09  -1.47122645      0.369637281       8.78932625E-02
   2.00000000       800.000000      0.190003842       24.3626595       6.40493557E-02   2.62875052E-11   8.67772687E-05   8.17236491E-03   1.35753664E-09  -1.45459747      0.369637281       8.71286094E-02
   3.00000000       800.000000      0.191507503       24.5538692       6.28361478E-02   2.55891072E-11   8.72314049E-05   8.07621609E-03   7.25916383E-10  -1.43798566      0.369637042       8.63363072E-02
   4.00000000       800.000000      0.193027228       24.7454605       6.16386123E-02   2.49061709E-11   8.76091144E-05   7.98209477E-03   2.19666313E-10  -1.42139959      0.369637161       8.55060294E-02
   5.00000000       800.000000      0.194553345       24.9383144       6.04567043E-02   2.42390396E-11   8.79732979E-05   7.88863469E-03   2.06304931E-10  -1.40484655      0.369637251       8.46406221E-02
   6.00000000       800.000000      0.196085945       25.1336231       5.92909046E-02   2.35868946E-11   8.83624089E-05   7.79594295E-03   2.51302174E-10  -1.38833988      0.369637161       8.37497041E-02
   7.00000000       800.000000      0.197636858       25.3313236       5.81422560E-02   2.29499215E-11   8.87936330E-05   7.70502863E-03   4.31014779E-10  -1.37188804      0.369637161       8.28391612E-02
   8.00000000       800.000000      0.199212298       25.5304661       5.70090264E-02   2.23279225E-11   8.92676399E-05   7.61463400E-03   8.42981907E-10  -1.35547817      0.369637221       8.19141418E-02
   9.00000000       800.000000      0.200781316       25.7297115       5.58925085E-02   2.17204466E-11   8.97818973E-05   7.52572203E-03   1.08831488E-09  -1.33911037      0.369637132       8.09720308E-02
   10.0000000       800.000000      0.202371761       25.9304714       5.47921658E-02   2.11276465E-11   9.03524342E-05   7.43729714E-03   1.15842402E-09  -1.32283819      0.369637072       8.00095722E-02
   11.0000000       800.000000      0.203978211       26.1335907       5.37084900E-02   2.05485923E-11   9.09832888E-05   7.35040335E-03   1.08711373E-09  -1.30659020      0.369637132       7.90386274E-02
   12.0000000       800.000000      0.205590189       26.3390236       5.26411682E-02   1.99834645E-11   9.16251447E-05   7.26442412E-03   7.85849275E-10  -1.29044545      0.369637072       7.80725181E-02
   13.0000000       800.000000      0.207215562       26.5462608       5.15894555E-02   1.94319196E-11   9.21943065E-05   7.17926025E-03   4.98261654E-10  -1.27438188      0.369637132       7.71111771E-02
   2.00000000       800.000000      0.208862230       26.7531796       5.05526587E-02   1.88935152E-11   9.26378052E-05   7.09532620E-03   6.20131377E-11  -1.25837731      0.369637221       7.61440098E-02
   3.00000000       800.000000      0.210511744       26.9634609       4.95323688E-02   1.83682635E-11   9.29480884E-05   7.01209623E-03  -3.09151621E-10  -1.24245405      0.369637251       7.51662478E-02
   4.00000000       800.000000      0.212182373       27.1744270       4.85282131E-02   1.78557516E-11   9.31411705E-05   6.93008536E-03  -4.85072371E-10  -1.22658932      0.369637251       7.41743892E-02
   5.00000000       800.000000      0.213867262       27.3881035       4.75392677E-02   1.73560142E-11   9.32644689E-05   6.84914645E-03  -4.65259747E-10  -1.21083987      0.369637221       7.31621087E-02
   6.00000000       800.000000      0.215570495       27.6017551       4.65668440E-02   1.68686783E-11   9.33946940E-05   6.76902756E-03  -4.04628886E-10  -1.19517696      0.369637221       7.21276924E-02
   7.00000000       800.000000      0.217280358       27.8196926       4.56101224E-02   1.63936243E-11   9.36052675E-05   6.68964442E-03  -2.19528826E-10  -1.17962551      0.369637221       7.10793883E-02
   8.00000000       800.000000      0.218995273       28.0367794       4.46694121E-02   1.59305086E-11   9.39316815E-05   6.61140261E-03  -2.18898701E-11  -1.16416872      0.369637221       7.00250790E-02
   9.00000000       800.000000      0.220740929       28.2576332       4.37445417E-02   1.54793418E-11   9.43728592E-05   6.53395103E-03   6.93518507E-11  -1.14882743      0.369637161       6.89712092E-02
   10.0000000       800.000000      0.222490728       28.4788132       4.28354964E-02   1.50397455E-11   9.48963861E-05   6.45753182E-03   2.04840940E-12  -1.13361013      0.369637132       6.79246709E-02
   11.0000000       800.000000      0.224248633       28.7025547       4.19417098E-02   1.46112757E-11   9.54374773E-05   6.38197595E-03  -1.40646689E-10  -1.11848426      0.369637132       6.68899044E-02
   12.0000000       800.000000      0.226034790       28.9273281       4.10634577E-02   1.41940149E-11   9.59198878E-05   6.30740356E-03  -3.52921609E-10  -1.10347903      0.369637161       6.58690259E-02
   13.0000000       800.000000      0.227838799       29.1540203       4.02000025E-02   1.37874469E-11   9.62727790E-05   6.23325584E-03  -6.83213264E-10  -1.08858371      0.369637251       6.48582578E-02
   2.00000000       800.000000      0.229636580       29.3828106       3.93513143E-02   1.33911059E-11   9.64597129E-05   6.16057077E-03  -9.70460379E-10  -1.07380617      0.369637221       6.38497695E-02
   3.00000000       800.000000      0.231463313       29.6143074       3.85174379E-02   1.30053537E-11   9.65064100E-05   6.08826010E-03  -1.14920318E-09  -1.05913854      0.369637251       6.28316924E-02
   4.00000000       800.000000      0.233298600       29.8444633       3.76980677E-02   1.26295962E-11   9.64921710E-05   6.01700833E-03  -1.28612965E-09  -1.04459929      0.369637251       6.18016273E-02
   5.00000000       800.000000      0.235164225       30.0788250       3.68932933E-02   1.22637950E-11   9.64843857E-05   5.94689837E-03  -1.32372835E-09  -1.03017652      0.369637221       6.07679971E-02
   6.00000000       800.000000      0.237021416       30.3152733       3.61031964E-02   1.19077248E-11   9.65190411E-05   5.87719027E-03  -1.31562405E-09  -1.01590669      0.369637161       5.97350560E-02
   7.00000000       800.000000      0.238909259       30.5545444       3.53281908E-02   1.15614081E-11   9.66243460E-05   5.80808194E-03  -1.30370637E-09  -1.00175738      0.369637042       5.87033555E-02
   8.00000000       800.000000      0.240805298       30.7942753       3.45677845E-02   1.12241093E-11   9.68193926E-05   5.74024441E-03  -1.24239996E-09 -0.987739742      0.369636953       5.76758459E-02
   9.00000000       800.000000      0.242732763       31.0363560       3.38211544E-02   1.08962336E-11   9.70918263E-05   5.67316962E-03  -1.16178656E-09 -0.973878026      0.369637221       5.66602685E-02
   10.0000000       800.000000      0.244650185       31.2805672       3.30887772E-02   1.05772162E-11   9.73746355E-05   5.60669834E-03  -1.08560105E-09 -0.960135281      0.369637221       5.56630902E-02
   11.0000000       800.000000      0.246601894       31.5240726       3.23699638E-02   1.02669305E-11   9.75947114E-05   5.54090180E-03  -9.57528168E-10 -0.946526706      0.369637251       5.46822511E-02
   12.0000000       800.000000      0.248575494       31.7732716       3.16643305E-02   9.96486921E-12   9.77047748E-05   5.47605241E-03  -8.39542880E-10 -0.933055341      0.369637161       5.37126400E-02
   13.0000000       800.000000      0.250549018       32.0229034       3.09725180E-02   9.67117879E-12   9.77026648E-05   5.41211432E-03  -6.90405844E-10 -0.919720709      0.369637161       5.27471378E-02
   2.00000000       800.000000      0.252544135       32.2734489       3.02935671E-02   9.38554096E-12   9.76379742E-05   5.34892222E-03  -5.56640789E-10 -0.906520247      0.369637161       5.17810509E-02
   3.00000000       800.000000      0.254557490       32.5260506       2.96279397E-02   9.10779698E-12   9.75748771E-05   5.28620230E-03  -4.63358935E-10 -0.893459618      0.369637251       5.08162342E-02
   4.00000000       800.000000      0.256586730       32.7818604       2.89756116E-02   8.83774390E-12   9.75584699E-05   5.22422837E-03  -3.97699901E-10 -0.880551279      0.369637221       4.98571359E-02
   5.00000000       800.000000      0.258610994       33.0395813       2.83358097E-02   8.57521953E-12   9.76087249E-05   5.16317738E-03  -3.72146897E-10 -0.867782116      0.369637221       4.89061177E-02
   6.00000000       800.000000      0.260681123       33.2992859       2.77089458E-02   8.32017701E-12   9.77260788E-05   5.10286214E-03  -3.44263645E-10 -0.855145276      0.369637221       4.79668155E-02
   7.00000000       800.000000      0.262756377       33.5623474       2.70951334E-02   8.07241600E-12   9.78701792E-05   5.04300417E-03  -2.80272444E-10 -0.842662692      0.369637221       4.70467620E-02
   8.00000000       800.000000      0.264846563       33.8261070       2.64927298E-02   7.83135189E-12   9.79566175E-05   4.98390058E-03  -2.18526211E-10 -0.830328941      0.369637161       4.61476780E-02
   9.00000000       800.000000      0.266964108       34.0918350       2.59027500E-02   7.59726830E-12   9.79248216E-05   4.92566638E-03  -1.30306085E-10 -0.818125486      0.369637132       4.52624783E-02
   10.0000000       800.000000      0.269089431       34.3593788       2.53243484E-02   7.36968646E-12   9.77817472E-05   4.86776186E-03  -3.04760106E-11 -0.806066334      0.369637132       4.43837792E-02
   11.0000000       800.000000      0.271236569       34.6304741       2.47577950E-02   7.14859205E-12   9.75894509E-05   4.81102709E-03   4.29256491E-11 -0.794145823      0.369637072       4.35066409E-02
   12.0000000       800.000000      0.273390830       34.9008446       2.42027994E-02   6.93377864E-12   9.74291033E-05   4.75445716E-03   9.25505297E-11 -0.782370090      0.369637072       4.26331311E-02
   13.0000000       800.000000      0.275573671       35.1773834       2.36593857E-02   6.72522584E-12   9.73458373E-05   4.69877012E-03   1.33670963E-10 -0.770737290      0.369637072       4.17692550E-02
   2.00000000       800.000000      0.277770936       35.4531212       2.31272578E-02   6.52261752E-12   9.73427959E-05   4.64370102E-03   1.56049590E-10 -0.759252429      0.369637072       4.09188867E-02
   3.00000000       800.000000      0.279982239       35.7325478       2.26061195E-02   6.32601046E-12   9.73888964E-05   4.58934391E-03   1.59504090E-10 -0.747920990      0.369637072       4.00856920E-02
   4.00000000       800.000000      0.282222867       36.0137329       2.20961589E-02   6.13487863E-12   9.74255818E-05   4.53567971E-03   1.51969548E-10 -0.736720562      0.369637072       3.92715894E-02
   5.00000000       800.000000      0.284471065       36.2968369       2.15965491E-02   5.94942238E-12   9.73906208E-05   4.48249932E-03   1.28349956E-10 -0.725665271      0.369637072       3.84747460E-02
   6.00000000       800.000000      0.286742091       36.5804558       2.11073793E-02   5.76925400E-12   9.72615308E-05   4.43004631E-03   1.02046038E-10 -0.714741886      0.369637042       3.76885273E-02
   7.00000000       800.000000      0.289016098       36.8690605       2.06283983E-02   5.59433489E-12   9.70743204E-05   4.37830389E-03   7.36225664E-11 -0.703963697      0.369637072       3.69096771E-02
   8.00000000       800.000000      0.291324228       37.1585426       2.01595966E-02   5.42447467E-12   9.68801978E-05   4.32687625E-03   4.53956421E-11 -0.693320811      0.369637072       3.61380540E-02
   9.00000000       800.000000      0.293644518       37.4530144       1.97009183E-02   5.25962867E-12   9.67228189E-05   4.27627517E-03   2.23703295E-11 -0.682823181      0.369637132       3.53757925E-02
   10.0000000       800.000000      0.296003997       37.7481918       1.92519892E-02   5.09967719E-12   9.66158841E-05   4.22603078E-03   6.90054481E-12 -0.672461569      0.369637072       3.46269086E-02
   11.0000000       800.000000      0.298353791       38.0451622       1.88127235E-02   4.94437477E-12   9.65298532E-05   4.17680340E-03  -2.51262119E-12 -0.662241459      0.369637042       3.38939987E-02
   12.0000000       800.000000      0.300734103       38.3437805       1.83829889E-02   4.79369062E-12   9.64270439E-05   4.12773434E-03  -9.11346866E-12 -0.652156889      0.369637072       3.31765153E-02
   13.0000000       800.000000      0.303147912       38.6467476       1.79623906E-02   4.64742090E-12   9.62850972E-05   4.07951185E-03  -4.96362413E-12 -0.642206550      0.369637161       3.24719846E-02
   2.00000000       800.000000      0.305555582       38.9513550       1.75508410E-02   4.50546805E-12   9.61066689E-05   4.03149193E-03   7.20796339E-12 -0.632390976      0.369637132       3.17786522E-02
   3.00000000       800.000000      0.307996303       39.2577019       1.71482768E-02   4.36771843E-12   9.59151075E-05   3.98443546E-03   2.85708280E-11 -0.622708321      0.369637161       3.10949981E-02
   4.00000000       800.000000      0.310469896       39.5681572       1.67544540E-02   4.23406752E-12   9.57394805E-05   3.93771753E-03   6.07398090E-11 -0.613162041      0.369637161       3.04212701E-02
   5.00000000       800.000000      0.312931180       39.8770142       1.63692925E-02   4.10439781E-12   9.55928335E-05   3.89163452E-03   1.03451130E-10 -0.603744864      0.369637161       2.97598187E-02
   6.00000000       800.000000      0.315432847       40.1933212       1.59926638E-02   3.97861171E-12   9.54559073E-05   3.84608679E-03   1.44638398E-10 -0.594459772      0.369637161       2.91130748E-02
   7.00000000       800.000000      0.317947745       40.5082169       1.56242093E-02   3.85654746E-12   9.52906048E-05   3.80072696E-03   1.79234461E-10 -0.585305452      0.369637161       2.84809340E-02
   8.00000000       800.000000      0.320495814       40.8281288       1.52638750E-02   3.73813437E-12   9.50766116E-05   3.75644327E-03   2.06708817E-10 -0.576277792      0.369637161       2.78610718E-02
   9.00000000       800.000000      0.323059022       41.1489258       1.49113592E-02   3.62328115E-12   9.48258603E-05   3.71237588E-03   2.18603982E-10 -0.567374229      0.369637161       2.72509083E-02
   10.0000000       800.000000      0.325634599       41.4749947       1.45667410E-02   3.51185032E-12   9.45659558E-05   3.66878533E-03   2.14833276E-10 -0.558598280      0.369637072       2.66499091E-02
   11.0000000       800.000000      0.328246117       41.8027420       1.42297456E-02   3.40376642E-12   9.43190680E-05   3.62585206E-03   2.00766917E-10 -0.549948394      0.369637072       2.60599460E-02
   12.0000000       800.000000      0.330868602       42.1312904       1.39004020E-02   3.29896136E-12   9.40909304E-05   3.58324149E-03   1.80769594E-10 -0.541422546      0.369637132       2.54811253E-02
   13.0000000       800.000000      0.333499759       42.4624519       1.35782091E-02   3.19733107E-12   9.38719313E-05   3.54126748E-03   1.56220911E-10 -0.533021569      0.369637072       2.49145888E-02
   2.00000000       800.000000      0.336178690       42.7972488       1.32633327E-02   3.09873373E-12   9.36523575E-05   3.49983596E-03   1.29268485E-10 -0.524738312      0.369637161       2.43597589E-02
   3.00000000       800.000000      0.338866234       43.1343956       1.29555259E-02   3.00313312E-12   9.34255295E-05   3.45870061E-03   1.03085200E-10 -0.516575456      0.369637132       2.38162410E-02
   4.00000000       800.000000      0.341564178       43.4764404       1.26545653E-02   2.91040998E-12   9.31933828E-05   3.41805746E-03   7.89632457E-11 -0.508532226      0.369637072       2.32831072E-02
   5.00000000       800.000000      0.344298780       43.8198090       1.23603810E-02   2.82053374E-12   9.29625458E-05   3.37799103E-03   5.82299556E-11 -0.500606298      0.369637072       2.27601808E-02
   6.00000000       800.000000      0.347046673       44.1641579       1.20728770E-02   2.73335152E-12   9.27329456E-05   3.33850505E-03   4.16233194E-11 -0.492797047      0.369637072       2.22483110E-02
   7.00000000       800.000000      0.349838823       44.5138283       1.17917266E-02   2.64879351E-12   9.24908018E-05   3.29934736E-03   2.94727714E-11 -0.485102177      0.369637072       2.17479486E-02
   8.00000000       800.000000      0.352615893       44.8651733       1.15170442E-02   2.56684474E-12   9.22306499E-05   3.26061249E-03   2.00980430E-11 -0.477519929      0.369637132       2.12575868E-02
   9.00000000       800.000000      0.355454803       45.2186356       1.12486435E-02   2.48737923E-12   9.19554950E-05   3.22244223E-03   1.46679890E-11 -0.470048219      0.369637132       2.07766294E-02
   10.0000000       800.000000      0.358279139       45.5763397       1.09862303E-02   2.41033148E-12   9.16822755E-05   3.18451016E-03   1.33494925E-11 -0.462691844      0.369637132       2.03048754E-02
   11.0000000       800.000000      0.361149102       45.9357567       1.07298279E-02   2.33564145E-12   9.14270349E-05   3.14714597E-03   1.37008460E-11 -0.455443084      0.369637042       1.98422354E-02
   12.0000000       800.000000      0.364027262       46.2968864       1.04792519E-02   2.26323561E-12   9.11858806E-05   3.11026420E-03   1.68960713E-11 -0.448301703      0.369637072       1.93900336E-02
   13.0000000       800.000000      0.366944253       46.6631355       1.02343811E-02   2.19304154E-12   9.09492956E-05   3.07371700E-03   2.25260713E-11 -0.441267699      0.369637042       1.89478751E-02
   2.00000000       800.000000      0.369876415       47.0312233       9.99515783E-03   2.12499224E-12   9.07037393E-05   3.03777144E-03   2.87628914E-11 -0.434340507      0.369637042       1.85156334E-02
   3.00000000       800.000000      0.372847915       47.4044495       9.76130273E-03   2.05902873E-12   9.04358239E-05   3.00214207E-03   3.45609583E-11 -0.427515954      0.369637042       1.80935767E-02
   4.00000000       800.000000      0.375840873       47.7758026       9.53282975E-03   1.99507468E-12   9.01405729E-05   2.96687544E-03   3.83733323E-11 -0.420793980      0.369637072       1.76801551E-02
   5.00000000       800.000000      0.378836393       48.1548996       9.30959545E-03   1.93308824E-12   8.98326252E-05   2.93202209E-03   3.86855097E-11 -0.414174676      0.369637072       1.72742866E-02
   6.00000000       800.000000      0.381849557       48.5329056       9.09148715E-03   1.87300631E-12   8.95336634E-05   2.89761764E-03   3.59618689E-11 -0.407653689      0.369637042       1.68765131E-02
   7.00000000       800.000000      0.384928495       48.9166336       8.87842849E-03   1.81477305E-12   8.92543176E-05   2.86354125E-03   3.13646574E-11 -0.401235670      0.369637042       1.64871197E-02
   8.00000000       800.000000      0.388007849       49.3037720       8.67025368E-03   1.75833382E-12   8.89918083E-05   2.82998430E-03   2.50104226E-11 -0.394910723      0.369637042       1.61065180E-02
   9.00000000       800.000000      0.391112477       49.6939621       8.46685097E-03   1.70362682E-12   8.87346396E-05   2.79669883E-03   1.82022643E-11 -0.388684452      0.369637042       1.57350022E-02
   10.0000000       800.000000      0.394236952       50.0870171       8.26816261E-03   1.65059600E-12   8.84691981E-05   2.76384037E-03   1.18986539E-11 -0.382556319      0.369637042       1.53722111E-02
   11.0000000       800.000000      0.397388846       50.4830971       8.07404239E-03   1.59920503E-12   8.81877932E-05   2.73138657E-03   7.02311907E-12 -0.376512438      0.369637042       1.50174089E-02
   12.0000000       800.000000      0.400564700       50.8813133       7.88438693E-03   1.54939982E-12   8.78953142E-05   2.69936910E-03   4.05264928E-12 -0.370571077      0.369637012       1.46698365E-02
   13.0000000       800.000000      0.403795749       51.2825050       7.69918365E-03   1.50112561E-12   8.76050108E-05   2.66754627E-03   4.01347445E-12 -0.364716828      0.369637012       1.43295005E-02
   2.00000000       800.000000      0.406995207       51.6878319       7.51818158E-03   1.45436007E-12   8.73229219E-05   2.63640424E-03   6.84689415E-12 -0.358948797      0.369637012       1.39966011E-02
   3.00000000       800.000000      0.410275906       52.0953789       7.34138722E-03   1.40902383E-12   8.70446092E-05   2.60541495E-03   1.11986592E-11 -0.353276283      0.369637012       1.36716012E-02
   4.00000000       800.000000      0.413564175       52.5095062       7.16877030E-03   1.36510161E-12   8.67604103E-05   2.57482193E-03   1.64066313E-11 -0.347689629      0.369637012       1.33539774E-02
   5.00000000       800.000000      0.416869521       52.9231834       7.00007752E-03   1.32251577E-12   8.64700487E-05   2.54443381E-03   2.08781638E-11 -0.342187464      0.369637012       1.30435266E-02
   6.00000000       800.000000      0.420203984       53.3436661       6.83534564E-03   1.28125201E-12   8.61719236E-05   2.51457025E-03   2.32133670E-11 -0.336770356      0.369637012       1.27401249E-02
   7.00000000       800.000000      0.423574746       53.7655487       6.67438889E-03   1.24126772E-12   8.58652129E-05   2.48514931E-03   2.27434963E-11 -0.331436843      0.369637012       1.24435714E-02
   8.00000000       800.000000      0.426962882       54.1887779       6.51722215E-03   1.20252484E-12   8.55559410E-05   2.45581428E-03   1.97471154E-11 -0.326186270      0.369637012       1.21534085E-02
   9.00000000       800.000000      0.430381179       54.6191368       6.36364194E-03   1.16497968E-12   8.52467419E-05   2.42706994E-03   1.48739649E-11 -0.321017057      0.369637012       1.18697332E-02
   10.0000000       800.000000      0.433835030       55.0515404       6.21371716E-03   1.12859938E-12   8.49385688E-05   2.39848928E-03   9.34182939E-12 -0.315929413      0.369637012       1.15924357E-02
   11.0000000       800.000000      0.437294513       55.4855461       6.06733141E-03   1.09335089E-12   8.46381517E-05   2.37033074E-03   4.53955016E-12 -0.310919851      0.369637012       1.13212280E-02
   12.0000000       800.000000      0.440796643       55.9234009       5.92428446E-03   1.05919191E-12   8.43441812E-05   2.34235195E-03   9.30502528E-13 -0.305987805      0.369637012       1.10563114E-02
   13.0000000       800.000000      0.444335788       56.3692284       5.78445802E-03   1.02609230E-12   8.40495049E-05   2.31493334E-03  -1.15851653E-12 -0.301131785      0.369637012       1.07977558E-02
   2.00000000       800.000000      0.447884768       56.8128738       5.64807747E-03   9.94020621E-13   8.37544285E-05   2.28773220E-03  -1.74984831E-12 -0.296353310      0.369637012       1.05449259E-02
   3.00000000       800.000000      0.451492101       57.2652702       5.51481498E-03   9.62947387E-13   8.34625098E-05   2.26071198E-03  -1.21390159E-12 -0.291648954      0.369637012       1.02978963E-02
   4.00000000       800.000000      0.455087274       57.7184486       5.38465427E-03   9.32830202E-13   8.31723082E-05   2.23411596E-03   7.41421745E-15 -0.287017524      0.369637012       1.00565311E-02
   5.00000000       800.000000      0.458740443       58.1730003       5.25754457E-03   9.03664676E-13   8.28878983E-05   2.20786594E-03   1.48675321E-12 -0.282458931      0.369637012       9.82049759E-03
   6.00000000       800.000000      0.462410837       58.6358948       5.13340114E-03   8.75391827E-13   8.26111500E-05   2.18197773E-03   2.85355897E-12 -0.277970880      0.369637012       9.59028210E-03
   7.00000000       800.000000      0.466109008       59.0983734       5.01216017E-03   8.48005151E-13   8.23386872E-05   2.15625763E-03   3.65356920E-12 -0.273554832      0.369637012       9.36527457E-03
   8.00000000       800.000000      0.469850868       59.5668716       4.89377929E-03   8.21467460E-13   8.20658024E-05   2.13095034E-03   3.98269742E-12 -0.269206047      0.369637012       9.14529152E-03
   9.00000000       800.000000      0.473630607       60.0369263       4.77816770E-03   7.95754792E-13   8.17918772E-05   2.10575061E-03   3.97787359E-12 -0.264925510      0.369637012       8.93083960E-03
   10.0000000       800.000000      0.477417022       60.5153427       4.66521177E-03   7.70844814E-13   8.15174863E-05   2.08103261E-03   3.69173659E-12 -0.260711998      0.369637012       8.72107688E-03
   11.0000000       800.000000      0.481236160       60.9947357       4.55494598E-03   7.46703426E-13   8.12443905E-05   2.05659098E-03   3.23663795E-12 -0.256564260      0.369637012       8.51628650E-03
   12.0000000       800.000000      0.485106736       61.4788399       4.44722734E-03   7.23323311E-13   8.09709891E-05   2.03231117E-03   2.58736825E-12 -0.252483070      0.369637012       8.31625797E-03
   13.0000000       800.000000      0.489003509       61.9645309       4.34207870E-03   7.00666359E-13   8.06940807E-05   2.00843811E-03   1.90056239E-12 -0.248465389      0.369637012       8.12098291E-03
   2.00000000       800.000000      0.492917389       62.4534645       4.23931843E-03   6.78711210E-13   8.04121810E-05   1.98474876E-03   1.19054083E-12 -0.244508550      0.369637012       7.93030765E-03
   3.00000000       800.000000      0.496857613       62.9518318       4.13902849E-03   6.57440085E-13   8.01242350E-05   1.96138560E-03   4.19207258E-13 -0.240614936      0.369637012       7.74409622E-03
   4.00000000       800.000000      0.500846684       63.4490204       4.04103752E-03   6.36832004E-13   7.98314213E-05   1.93834305E-03  -3.06700059E-13 -0.236781731      0.369637012       7.56213954E-03
   5.00000000       800.000000      0.504872501       63.9528084       3.94539069E-03   6.16869240E-13   7.95385422E-05   1.91548630E-03  -8.75749018E-13 -0.233009890      0.369637012       7.38427555E-03
   6.00000000       800.000000      0.508909047       64.4573593       3.85196391E-03   5.97525176E-13   7.92518622E-05   1.89300999E-03  -1.20042106E-12 -0.229296058      0.369637012       7.21046189E-03
   7.00000000       800.000000      0.512971818       64.9687729       3.76072014E-03   5.78786259E-13   7.89785772E-05   1.87064090E-03  -1.24920256E-12 -0.225640640      0.369637012       7.04064453E-03
   8.00000000       800.000000      0.517089903       65.4843674       3.67163727E-03   5.60630156E-13   7.87238969E-05   1.84868707E-03  -1.13626827E-12 -0.222043157      0.369637012       6.87471591E-03
   9.00000000       800.000000      0.521240056       66.0012741       3.58463801E-03   5.43040385E-13   7.84857330E-05   1.82680611E-03  -9.60126401E-13 -0.218501791      0.369637012       6.71278778E-03
   10.0000000       800.000000      0.525399923       66.5273361       3.49971140E-03   5.26000196E-13   7.82632414E-05   1.80531456E-03  -8.09750053E-13 -0.215016618      0.369637012       6.55477401E-03
   11.0000000       800.000000      0.529633105       67.0519409       3.41674639E-03   5.09494627E-13   7.80505870E-05   1.78402581E-03  -7.60674726E-13 -0.211589471      0.369637012       6.40069274E-03
   12.0000000       800.000000      0.533852458       67.5886993       3.33571550E-03   4.93499718E-13   7.78386529E-05   1.76303810E-03  -8.60713844E-13 -0.208210796      0.369637012       6.25050440E-03
   13.0000000       800.000000      0.538169861       68.1238251       3.25658126E-03   4.77998554E-13   7.76221568E-05   1.74232654E-03  -1.04668986E-12 -0.204886392      0.369637012       6.10395055E-03
   2.00000000       800.000000      0.542478204       68.6609192       3.17930849E-03   4.62984252E-13   7.73997381E-05   1.72181497E-03  -1.17234195E-12 -0.201613709      0.369637012       5.96098881E-03
   3.00000000       800.000000      0.546837091       69.2043610       3.10385926E-03   4.48436481E-13   7.71728373E-05   1.70140120E-03  -1.14213012E-12 -0.198396683      0.369637012       5.82130626E-03
   4.00000000       800.000000      0.551184714       69.7545853       3.03011923E-03   4.34342883E-13   7.69462422E-05   1.68136612E-03  -9.08359759E-13 -0.195225567      0.369637012       5.68484934E-03
   5.00000000       800.000000      0.555633724       70.3113556       2.95814895E-03   4.20686570E-13   7.67237070E-05   1.66159752E-03  -4.62881090E-13 -0.192103356      0.369637012       5.55169163E-03
   6.00000000       800.000000      0.560065687       70.8701859       2.88781826E-03   4.07453097E-13   7.65127406E-05   1.64200610E-03   1.41723276E-13 -0.189028278      0.369637012       5.42151788E-03
   7.00000000       800.000000      0.564574599       71.4266510       2.81916861E-03   3.94641649E-13   7.63180869E-05   1.62266742E-03   8.23844248E-13 -0.186006695      0.369637012       5.29441796E-03
   8.00000000       800.000000      0.569091976       71.9988251       2.75214901E-03   3.82223523E-13   7.61430128E-05   1.60355633E-03   1.44797791E-12 -0.183027595      0.369637012       5.17037464E-03
   9.00000000       800.000000      0.573642910       72.5662689       2.68665468E-03   3.70185057E-13   7.59856121E-05   1.58456771E-03   1.87005034E-12 -0.180096686      0.369637012       5.04945079E-03
   10.0000000       800.000000      0.578249216       73.1417236       2.62270588E-03   3.58526278E-13   7.58400492E-05   1.56592624E-03   2.01916695E-12 -0.177209690      0.369637012       4.93158679E-03
   11.0000000       800.000000      0.582887828       73.7225037       2.56024720E-03   3.47239192E-13   7.56995432E-05   1.54738489E-03   1.89900396E-12 -0.174369961      0.369637012       4.81670117E-03
   12.0000000       800.000000      0.587557673       74.3115692       2.49924115E-03   3.36290403E-13   7.55618821E-05   1.52920629E-03   1.49852797E-12 -0.171572775      0.369637012       4.70458111E-03
   13.0000000       800.000000      0.592285097       74.9019089       2.43965490E-03   3.25688044E-13   7.54321591E-05   1.51110708E-03   8.88782808E-13 -0.168819010      0.369637012       4.59506270E-03
   2.00000000       800.000000      0.597044110       75.4963303       2.38144933E-03   3.15412464E-13   7.53159256E-05   1.49328425E-03   2.44816374E-13 -0.166107848      0.369637012       4.48827166E-03
   3.00000000       800.000000      0.601813197       76.0937424       2.32458045E-03   3.05456561E-13   7.52138731E-05   1.47564698E-03  -3.35576537E-13 -0.163438201      0.369637012       4.38411627E-03
   4.00000000       800.000000      0.606662095       76.6995621       2.26904871E-03   2.95809980E-13   7.51278858E-05   1.45821238E-03  -7.37502561E-13 -0.160810530      0.369637012       4.28258209E-03
   5.00000000       800.000000      0.611538589       77.3089294       2.21479707E-03   2.86465025E-13   7.50599866E-05   1.44101307E-03  -8.86147655E-13 -0.158221185      0.369637012       4.18358855E-03
   6.00000000       800.000000      0.616429627       77.9216690       2.16180901E-03   2.77408603E-13   7.50091276E-05   1.42404577E-03  -7.77666831E-13 -0.155672371      0.369637012       4.08709561E-03
   7.00000000       800.000000      0.621346176       78.5425873       2.11003888E-03   2.68630902E-13   7.49770188E-05   1.40716066E-03  -4.73043588E-13 -0.153161615      0.369637012       3.99305997E-03
   8.00000000       800.000000      0.626343310       79.1605453       2.05946527E-03   2.60122761E-13   7.49609171E-05   1.39056519E-03  -1.16443205E-13 -0.150689721      0.369637012       3.90155800E-03
   9.00000000       800.000000      0.631355822       79.7936478       2.01003393E-03   2.51881822E-13   7.49615210E-05   1.37419545E-03   1.44588754E-13 -0.148254335      0.369637012       3.81224067E-03
   10.0000000       800.000000      0.636449695       80.4251099       1.96177699E-03   2.43894206E-13   7.49861356E-05   1.35788880E-03   2.95703349E-13 -0.145857453      0.369637012       3.72532266E-03
   11.0000000       800.000000      0.641569495       81.0633545       1.91459199E-03   2.36154520E-13   7.50339314E-05   1.34183443E-03   2.98098677E-13 -0.143493637      0.369637012       3.64061096E-03
   12.0000000       800.000000      0.646703839       81.7070923       1.86848198E-03   2.28652356E-13   7.51105326E-05   1.32603827E-03   1.90671318E-13 -0.141167447      0.369637012       3.55826993E-03
   13.0000000       800.000000      0.651862979       82.3593216       1.82348187E-03   2.21382130E-13   7.52180422E-05   1.31034758E-03   5.68770833E-14 -0.138873741      0.369637012       3.47809657E-03
   2.00000000       800.000000      0.657104909       83.0148392       1.77941937E-03   2.14335602E-13   7.53534332E-05   1.29485037E-03  -8.64879864E-14 -0.136614040      0.369637012       3.40050436E-03
   3.00000000       800.000000      0.662361264       83.6720734       1.73638598E-03   2.07504180E-13   7.55134533E-05   1.27954513E-03  -1.92653714E-13 -0.134386569      0.369637012       3.32496874E-03
   4.00000000       800.000000      0.667716920       84.3404617       1.69434550E-03   2.00875395E-13   7.57036323E-05   1.26434921E-03  -2.48706708E-13 -0.132191867      0.369637012       3.25224525E-03
   5.00000000       800.000000      0.673070669       85.0116577       1.65326521E-03   1.94461892E-13   7.59285322E-05   1.24937668E-03  -2.61343274E-13 -0.130026147      0.369637012       3.18118185E-03
   6.00000000       800.000000      0.678464949       85.6865540       1.61305617E-03   1.88239127E-13   7.62037525E-05   1.23459485E-03  -2.37053107E-13 -0.127892256      0.369637012       3.11354455E-03
   7.00000000       800.000000      0.683868349       86.3630829       1.57377799E-03   1.82204607E-13   7.65350778E-05   1.22000021E-03  -1.53410447E-13 -0.125783712      0.369637012       3.04722949E-03
   8.00000000       800.000000      0.689361989       87.0500107       1.53537351E-03   1.76355905E-13   7.69382532E-05   1.20555016E-03  -1.29807088E-14 -0.123705864      0.369637012       2.98584579E-03
   9.00000000       800.000000      0.694936693       87.7468338       1.49785110E-03   1.70684945E-13   7.74065411E-05   1.19132421E-03   1.72437355E-13 -0.121652924      0.369637012       2.92482413E-03
   10.0000000       800.000000      0.700467765       88.4404068       1.46114524E-03   1.65189382E-13   7.79701222E-05   1.17713981E-03   3.50524162E-13 -0.119625457      0.369637012       2.87167146E-03
   11.0000000       800.000000      0.706084132       89.1438522       1.42521923E-03   1.59860989E-13   7.85789016E-05   1.16324343E-03   4.49221525E-13 -0.117610179      0.369637012       2.81709386E-03
   12.0000000       800.000000      0.711785257       89.8559036       1.39014609E-03   1.54696555E-13   7.92829160E-05   1.14942982E-03   4.23307385E-13 -0.115630656      0.369637012       2.77550565E-03
   13.0000000       800.000000      0.717506111       90.5660553       1.35581300E-03   1.49684112E-13   7.99866684E-05   1.13582634E-03   2.70385466E-13 -0.113642931      0.369637012       2.72831623E-03
   2.00000000       800.000000      0.723254204       91.2924652       1.32227503E-03   1.44828838E-13   8.08123732E-05   1.12240808E-03   2.16541652E-14 -0.111703686      0.369637012       2.70340801E-03
   3.00000000       800.000000      0.729030788       92.0148239       1.28950726E-03   1.40125934E-13   8.15836320E-05   1.10910635E-03  -2.48830606E-13 -0.109721914      0.369637012       2.66399514E-03
   4.00000000       800.000000      0.734885931       92.7492523       1.25743577E-03   1.35561904E-13   8.25688549E-05   1.09596003E-03  -4.53155688E-13 -0.107803151      0.369637012       2.66469596E-03
   5.00000000       800.000000      0.740812361       93.4854507       1.22614403E-03   1.31142791E-13   8.34056918E-05   1.08295504E-03  -5.44378778E-13 -0.105789132      0.369637012       2.63255718E-03
   6.00000000       800.000000      0.746736884       94.2303009       1.19563146E-03   1.26869164E-13   8.46342809E-05   1.07020524E-03  -5.46013050E-13 -0.103881828      0.369637012       2.67436006E-03
   7.00000000       800.000000      0.752711892       94.9802017       1.16585544E-03   1.22734600E-13   8.54953396E-05   1.05756416E-03  -4.44189878E-13 -0.101776145      0.369637012       2.64546322E-03
   8.00000000       800.000000      0.758787692       95.7357407       1.13694777E-03   1.18747636E-13   8.70466538E-05   1.04516640E-03  -2.92948825E-13  -9.98849049E-02  0.369637012       2.75753252E-03
   9.00000000       800.000000      0.764886141       96.4991150       1.10885990E-03   1.14898745E-13   8.79758591E-05   1.03282894E-03  -1.28281554E-13  -9.75746959E-02  0.369637012       2.71456526E-03
   10.0000000       800.000000      0.770997465       97.2638321       1.08161452E-03   1.11188226E-13   8.96772617E-05   1.02089345E-03   1.75843040E-14  -9.57179070E-02  0.369637012       3.01692006E-03
   11.0000000       800.000000      0.777200460       98.0346756       1.05548115E-03   1.07646131E-13   1.00544421E-04   1.00891257E-03   2.59014842E-13  -9.29046646E-02  0.369637012       2.81267171E-03
   12.0000000       800.000000      0.783445537       98.8157425       1.02573493E-03   1.03787977E-13   5.97644139E-05   9.97542171E-04  -9.19314518E-22  -9.13277045E-02  0.369637012      -1.15361087E-04
   13.0000000       800.000000      0.789714217       99.6048737       1.00181869E-03   1.00566528E-13   5.95351048E-05   9.85702733E-04  -1.51988389E-21  -9.30820704E-02  0.369637012      -2.22583930E-03
