   0.00000000       190.000000       3.40428352E-02   1.01702809       5.90090000E-04   5.80084765E-12  -8.21648240E-02   1.67559159       3.16706383E-11  -1.33352773E-03   1.07818106E-12  -8.71070568E-03
   1.00000000       197.000000       3.40447091E-02   1.05104125       5.80454944E-04   5.52129306E-12  -7.50884414E-02   1.56010187      -8.53820487E-16  -1.63007295E-03   1.07815189E-12   1.90551835E-03
   2.00000000       200.000000       3.40499915E-02   1.08514261       5.71276003E-04   5.26348756E-12   6.25499859E-02   1.31566703     -0.137169585      -1.20377075E-03  -4.67063626E-03   3.68856406E-03
   3.00000000       200.000000       3.40571664E-02   1.11914527       7.42587028E-04   6.63375561E-12  0.170277014       1.21195853       6.04183823E-02  -1.37885567E-03  -2.61298940E-03  -9.53666307E-03
   4.00000000       200.000000       3.40652503E-02   1.15326166       9.19267011E-04   7.96957899E-12  0.217926964       1.11910534      0.239237592      -1.85342482E-03   5.53672994E-03  -1.24793928E-02
   5.00000000       200.000000       3.40752266E-02   1.18727005       1.11848768E-03   9.41853540E-12  0.239479691       1.03578448      0.387184173      -2.22922093E-03   1.87305324E-02  -1.19059421E-02
   6.00000000       200.000000       3.40886116E-02   1.22141874       1.34896638E-03   1.10424239E-11  0.247807682      0.961433172      0.476565659      -2.66500376E-03   3.49763408E-02  -1.39308674E-02
   7.00000000       200.000000       3.41038704E-02   1.25543642       1.62724161E-03   1.29586498E-11  0.248381659      0.895408213      0.526114404      -3.17922840E-03   5.29192910E-02  -1.61459073E-02
   8.00000000       200.000000       3.41209993E-02   1.28956389       1.96773699E-03   1.52557134E-11  0.244990602      0.837402642      0.549251258      -3.76657676E-03   7.16607273E-02  -1.86468270E-02
   9.00000000       200.000000       3.41415480E-02   1.32373023       2.37981626E-03   1.79749011E-11  0.239797205      0.786851048      0.555052221      -4.45213076E-03   9.06113312E-02  -2.25717574E-02
   10.0000000       200.000000       3.41642797E-02   1.35789859       2.88224942E-03   2.12223832E-11  0.233487472      0.742513597      0.553058863      -5.30835334E-03  0.109505706      -2.82721408E-02
   11.0000000       200.000000       3.41873281E-02   1.39207828       3.49357002E-03   2.50920777E-11  0.226579860      0.703278542      0.545245111      -6.38455758E-03  0.128146395      -3.52850556E-02
   2.00000000       200.000000       3.42125520E-02   1.42626679       4.23209555E-03   2.96677127E-11  0.219104171      0.668139577      0.532448709      -7.72188231E-03  0.146363035      -4.37878259E-02
   3.00000000       200.000000       3.42412032E-02   1.46045995       5.11949230E-03   3.50475933E-11  0.211328700      0.636414647      0.515444756      -9.38206911E-03  0.164013088      -5.40901385E-02
   4.00000000       200.000000       3.42717990E-02   1.49468386       6.17947383E-03   4.13346614E-11  0.203347474      0.607565403      0.493881017      -1.14278616E-02  0.180940151      -6.63524866E-02
   5.00000000       200.000000       3.43041234E-02   1.52902329       7.43815117E-03   4.86384301E-11  0.195250690      0.581219971      0.466264606      -1.39324060E-02  0.196935117      -8.05123821E-02
   6.00000000       200.000000       3.43400165E-02   1.56331646       8.91869050E-03   5.70393906E-11  0.187043861      0.556985378      0.432323515      -1.69547014E-02  0.211781472      -9.62583348E-02
   7.00000000       200.000000       3.43780145E-02   1.59766877       1.06408224E-02   6.65899974E-11  0.179015845      0.534262240      0.391977936      -2.05470752E-02  0.225256518     -0.114456676    
   8.00000000       400.000000       3.44163403E-02   1.63212323       1.26268053E-02   7.73530684E-11  0.171074688      0.512982845      0.348519862      -2.48286817E-02  0.237251461     -0.133001685    
   9.00000000       400.000000       3.44596468E-02   1.66651404       1.48761263E-02   8.92496702E-11  0.162184879      0.493058830      0.302318275      -2.97076497E-02  0.247669309     -0.151664078    
   10.0000000       400.000000       3.45019177E-02   1.70102203       1.73990298E-02   1.02269901E-10  0.153513074      0.474752635      0.257394969      -3.52875963E-02  0.256549984     -0.171714053    
   11.0000000       400.000000       3.45477760E-02   1.73553383       2.01877523E-02   1.16301718E-10  0.144874692      0.457883298      0.215528548      -4.15645950E-02  0.263995737     -0.191681460    
   12.0000000       400.000000       3.45973931E-02   1.77006423       2.32265629E-02   1.31195194E-10  0.136459425      0.442206740      0.177789733      -4.85414267E-02  0.270147115     -0.211166114    
   13.0000000       400.000000       3.46456654E-02   1.80469894       2.64896061E-02   1.46756135E-10  0.128113210      0.427628011      0.143206924      -5.61864525E-02  0.275108874     -0.229476139    
   2.00000000       400.000000       3.46989296E-02   1.83938944       2.99502257E-02   1.62800856E-10  0.119880654      0.413980961      0.107666180      -6.44547269E-02  0.278844565     -0.246955872    
   3.00000000       400.000000       3.47537622E-02   1.87406790       3.36027592E-02   1.79271639E-10  0.111772880      0.401146084       6.69776574E-02  -7.33385384E-02  0.281172425     -0.264642447    
   4.00000000       400.000000       3.48123796E-02   1.90886545       3.74619737E-02   1.96218042E-10  0.103562437      0.389023393       1.86676402E-02  -8.28648582E-02  0.281822115     -0.283544093    
   5.00000000       400.000000       3.48717459E-02   1.94381344       4.15529385E-02   2.13745119E-10   9.51113254E-02  0.377633095      -3.64747420E-02  -9.30965915E-02  0.280550271     -0.303934664    
   6.00000000       400.000000       3.49331126E-02   1.97864985       4.58923429E-02   2.31903011E-10   8.68464336E-02  0.366910487      -9.49212238E-02 -0.104080483      0.277234256     -0.325312227    
   7.00000000       400.000000       3.49960364E-02   2.01366401       5.04847094E-02   2.50679977E-10   7.86702409E-02  0.356784344     -0.149902210     -0.115844913      0.271988213     -0.347342134    
   8.00000000       400.000000       3.50628383E-02   2.04869795       5.53275160E-02   2.70029443E-10   7.07417056E-02  0.347213507     -0.192562819     -0.128414497      0.265236169     -0.369893551    
   9.00000000       400.000000       3.51311862E-02   2.08382654       6.04096986E-02   2.89868102E-10   6.31649643E-02  0.338118315     -0.214256689     -0.141808897      0.257709503     -0.392444789    
   10.0000000       400.000000       3.52015831E-02   2.11898565       6.57239109E-02   3.10133891E-10   5.59007414E-02  0.329439700     -0.212565631     -0.156015486      0.250227213     -0.414333731    
   11.0000000       400.000000       3.52728553E-02   2.15418029       7.12449104E-02   3.30687117E-10   4.94417325E-02  0.321144700     -0.195525110     -0.171008825      0.243330240     -0.435432017    
   12.0000000       400.000000       3.53475511E-02   2.18945503       7.69586191E-02   3.51446483E-10   4.35175821E-02  0.313156724     -0.174895868     -0.186766848      0.237147912     -0.455607593    
   13.0000000       400.000000       3.54251340E-02   2.22494793       8.28615800E-02   3.72385317E-10   3.81897241E-02  0.305465192     -0.158611506     -0.203254551      0.231529176     -0.475461006    
   2.00000000       400.000000       3.55066359E-02   2.26028228       8.89568925E-02   3.93506117E-10   3.35135870E-02  0.298063397     -0.146101922     -0.220491961      0.226341695     -0.495756388    
   3.00000000       400.000000       3.55888382E-02   2.29589605       9.52802002E-02   4.14952739E-10   2.91872434E-02  0.290951490     -0.131597519     -0.238498926      0.221658573     -0.516346216    
   4.00000000       400.000000       3.56727764E-02   2.33153582      0.101857908       4.36821357E-10   2.50998493E-02  0.284108549     -0.109912157     -0.257286370      0.217737868     -0.538237274    
   5.00000000       400.000000       3.57585363E-02   2.36718988      0.108732648       4.59267124E-10   2.12884657E-02  0.277534276      -7.87917674E-02 -0.276945204      0.214920208     -0.562502921    
   6.00000000       400.000000       3.58451568E-02   2.40296197      0.115914665       4.82309526E-10   1.78676601E-02  0.271205425      -3.70985642E-02 -0.297563910      0.213590816     -0.590487659    
   7.00000000       400.000000       3.59365791E-02   2.43895650      0.123451531       5.06110598E-10   1.44369658E-02  0.265087664       1.26776407E-02 -0.319332302      0.214046240     -0.624067247    
   8.00000000       400.000000       3.60317938E-02   2.47496963      0.131431386       5.30991751E-10   1.11173857E-02  0.259162813       6.73177019E-02 -0.342476934      0.216471806     -0.661948025    
   9.00000000       400.000000       3.61256152E-02   2.51087451      0.139900878       5.57087876E-10   8.02799128E-03  0.253397524      0.121038496     -0.367097139      0.220844403     -0.707588553    
   10.0000000       400.000000       3.62243615E-02   2.54723430      0.148638278       5.83475546E-10   5.99481585E-03  0.247751236      0.167809039     -0.393671185      0.226922914     -0.745901287    
   11.0000000       400.000000       3.63236889E-02   2.58347154      0.157302111       6.08813722E-10   4.78935009E-03  0.242226079      0.196809798     -0.421210885      0.234072089     -0.753877521    
   12.0000000       400.000000       3.64281610E-02   2.61973166      0.165841892       6.32953689E-10   3.89365060E-03  0.236833945      0.189084515     -0.448517442      0.240960300     -0.733662903    
   13.0000000       400.000000       3.65312435E-02   2.65625191      0.174174517       6.55628274E-10   3.18641053E-03  0.231590822      0.141296074     -0.474738032      0.246121436     -0.698577583    
   2.00000000       400.000000       3.66381556E-02   2.69287086      0.182229325       6.76628975E-10   2.54682498E-03  0.226513430       7.07201660E-02 -0.499633759      0.248712569     -0.656160772    
   3.00000000       400.000000       3.67491208E-02   2.72951531      0.189871982       6.95529634E-10   1.92598370E-03  0.221612960       6.41326420E-04 -0.522892475      0.248736307     -0.614873767    
   4.00000000       400.000000       3.68596762E-02   2.76648116      0.197213784       7.12811421E-10   1.28348521E-03  0.216887265      -5.00851497E-02 -0.544893742      0.246890441     -0.577368557    
   5.00000000       400.000000       3.69738303E-02   2.80324292      0.204096988       7.27975347E-10   5.56237472E-04  0.212336928      -7.50829503E-02 -0.565522492      0.244114190     -0.537493765    
   6.00000000       400.000000       3.70923392E-02   2.84031177      0.210275188       7.40231876E-10  -1.60058116E-04  0.207956791      -7.83761665E-02 -0.584703028      0.241207242     -0.506394386    
   7.00000000       400.000000       3.72101963E-02   2.87746811      0.216032609       7.50681906E-10  -7.59837567E-04  0.203735352      -6.96831495E-02 -0.603148758      0.238613993     -0.492808342    
   8.00000000       400.000000       3.73310633E-02   2.91468883      0.221443728       7.59648400E-10  -1.17701082E-03  0.199665383      -5.05164862E-02 -0.621438861      0.236727878     -0.472114503    
   9.00000000       400.000000       3.74547355E-02   2.95214677      0.226212114       7.66174568E-10  -1.38467643E-03  0.195735276      -2.51738187E-02 -0.638456762      0.235784829     -0.434964329    
   10.0000000       400.000000       3.75822932E-02   2.98967767      0.230278283       7.70159936E-10  -1.44589087E-03  0.191936523       1.41853956E-03 -0.654077530      0.235838413     -0.379473418    
   11.0000000       400.000000       3.77115831E-02   3.02733731      0.233569533       7.71453845E-10  -1.43665134E-03  0.188264564       2.13840380E-02 -0.667028427      0.236644760     -0.320553482    
   12.0000000       400.000000       3.78417671E-02   3.06507659      0.236210838       7.70563335E-10  -1.40900689E-03  0.184714764       3.04666739E-02 -0.678295612      0.237798154     -0.281840265    
   13.0000000       400.000000       3.79736088E-02   3.10296249      0.238295823       7.67867714E-10  -1.37216330E-03  0.181278974       2.77841128E-02 -0.688397110      0.238853291     -0.250281185    
   2.00000000       400.000000       3.81093584E-02   3.14102793      0.239912495       7.63713315E-10  -1.31592143E-03  0.177952394       1.65537205E-02 -0.697339118      0.239483699     -0.216617063    
   3.00000000       400.000000       3.82481478E-02   3.17926812      0.241058528       7.58146046E-10  -1.25104527E-03  0.174729601       2.20306613E-03 -0.704938710      0.239568129     -0.183868617    
   4.00000000       400.000000       3.83906849E-02   3.21746230      0.241822138       7.51491924E-10  -1.17985927E-03  0.171607137      -9.96428449E-03 -0.711430311      0.239185318     -0.161321729    
   5.00000000       400.000000       3.85340862E-02   3.25593615      0.242283121       7.44030504E-10  -1.09164685E-03  0.168580189      -1.59251727E-02 -0.717347741      0.238572076     -0.153364390    
   6.00000000       400.000000       3.86794209E-02   3.29459786      0.242437035       7.35778660E-10  -1.01581670E-03  0.165643319      -1.50533458E-02 -0.723271132      0.237989560     -0.163052320    
   7.00000000       400.000000       3.88261117E-02   3.33332801      0.242424786       7.27186422E-10  -9.36179014E-04  0.162790060      -9.29188635E-03 -0.729984701      0.237628743     -0.185668290    
   8.00000000       400.000000       3.89781781E-02   3.37215042      0.242300168       7.18430260E-10  -8.48271069E-04  0.160012782      -2.50340742E-03 -0.737715900      0.237531304     -0.208276123    
   9.00000000       400.000000       3.91310640E-02   3.41121101      0.242073223       7.09540260E-10  -7.59966380E-04  0.157306269       1.63737906E-03 -0.746252418      0.237595454     -0.221170589    
   10.0000000       400.000000       3.92854065E-02   3.45050335      0.241720036       7.00452640E-10  -6.85783685E-04  0.154665321       2.21198727E-03 -0.755059242      0.237682268     -0.222656265    
   11.0000000       400.000000       3.94439995E-02   3.48992372      0.241259009       6.91232127E-10  -6.23090134E-04  0.152086243       9.71975969E-04 -0.763781250      0.237720609     -0.217181504    
   12.0000000       400.000000       3.96043137E-02   3.52931929      0.240710244       6.81937229E-10  -5.72846388E-04  0.149566785      -3.06979549E-04 -0.772229314      0.237708092     -0.208914936    
   13.0000000       400.000000       3.97699885E-02   3.56905532      0.240083754       6.72597256E-10  -5.33269427E-04  0.147105098      -1.29950559E-03 -0.780365705      0.237656936     -0.200936764    
   2.00000000       400.000000       3.99327539E-02   3.60901117      0.239394426       6.63263111E-10  -5.03910123E-04  0.144698769      -1.65018975E-03 -0.788244605      0.237590611     -0.194277540    
   3.00000000       400.000000       4.01016437E-02   3.64905024      0.238663003       6.53982424E-10  -4.82275733E-04  0.142346919      -8.80342035E-04 -0.795913994      0.237555385     -0.188513875    
   4.00000000       400.000000       4.02740240E-02   3.68916464      0.237897828       6.44786669E-10  -4.67633043E-04  0.140046671       1.01257530E-04 -0.803396583      0.237559244     -0.183087468    
   5.00000000       400.000000       4.04453352E-02   3.72949243      0.237101644       6.35673902E-10  -4.60326904E-04  0.137797311      -9.40007376E-05 -0.810692966      0.237555861     -0.178237677    
   6.00000000       400.000000       4.06209007E-02   3.77015471      0.236287206       6.26678709E-10  -4.58180555E-04  0.135596603      -1.10827805E-03 -0.817845225      0.237511024     -0.174360901    
   7.00000000       400.000000       4.08019014E-02   3.81062984      0.235469699       6.17839613E-10  -4.58491413E-04  0.133443579      -1.17123243E-03 -0.824888289      0.237462968     -0.171531022    
   8.00000000       400.000000       4.09835242E-02   3.85157919      0.234659180       6.09175710E-10  -4.58464550E-04  0.131336734      -3.98921722E-04 -0.831873775      0.237447068     -0.169658333    
   9.00000000       400.000000       4.11677249E-02   3.89264297      0.233862370       6.00701267E-10  -4.58230061E-04  0.129274711      -1.09391687E-04 -0.838826895      0.237442091     -0.168681905    
   10.0000000       800.000000       4.13518026E-02   3.93391180      0.233093828       5.92446869E-10  -4.52982116E-04  0.127256334      -6.79638062E-04 -0.845793486      0.237414241     -0.167897806    
   11.0000000       800.000000       4.15420607E-02   3.97551847      0.232345089       5.84388871E-10  -4.48945444E-04  0.125280201      -1.44673919E-03 -0.852745056      0.237353846     -0.166714177    
   12.0000000       800.000000       4.17331755E-02   4.01692963      0.231615931       5.76515558E-10  -4.42466931E-04  0.123345278      -1.66577671E-03 -0.859676838      0.237284675     -0.165820032    
   13.0000000       800.000000       4.19295840E-02   4.05884504      0.230909213       5.68834646E-10  -4.35031572E-04  0.121450484      -1.21782976E-03 -0.866617441      0.237233311     -0.164775982    
   2.00000000       800.000000       4.21275869E-02   4.10084629      0.230211914       5.61302893E-10  -4.26021114E-04  0.119594626      -6.25179033E-04 -0.873526871      0.237207159     -0.163529798    
   3.00000000       800.000000       4.23264094E-02   4.14324856      0.229524821       5.53924018E-10  -4.17186384E-04  0.117776401      -6.85192994E-04 -0.880427599      0.237177879     -0.162121996    
   4.00000000       800.000000       4.25276794E-02   4.18554831      0.228834108       5.46659384E-10  -4.08308901E-04  0.115995482      -1.17193884E-03 -0.887283444      0.237128437     -0.160588250    
   5.00000000       800.000000       4.27326299E-02   4.22826385      0.228143692       5.39516209E-10  -4.01043624E-04  0.114250273      -1.26068888E-03 -0.894121170      0.237074062     -0.158917576    
   6.00000000       800.000000       4.29400988E-02   4.27117634      0.227442041       5.32461353E-10  -3.95094830E-04  0.112539954      -8.45636474E-04 -0.900898993      0.237038001     -0.157226115    
   7.00000000       800.000000       4.31519486E-02   4.31416321      0.226736993       5.25515076E-10  -3.90948058E-04  0.110863589      -5.41330955E-04 -0.907657623      0.237014383     -0.155657724    
   8.00000000       800.000000       4.33655083E-02   4.35740662      0.226024151       5.18661614E-10  -3.87490261E-04  0.109220222      -5.46031632E-04 -0.914364994      0.236991167     -0.154248685    
   9.00000000       800.000000       4.35808785E-02   4.40067959      0.225313514       5.11924003E-10  -3.84629733E-04  0.107608601      -4.64901852E-04 -0.921067894      0.236970335     -0.152977601    
   10.0000000       800.000000       4.38009016E-02   4.44439697      0.224599302       5.05284037E-10  -3.80891928E-04  0.106028333      -1.55708214E-04 -0.927732527      0.236963943     -0.151831776    
   11.0000000       800.000000       4.40220647E-02   4.48833799      0.223893613       4.98768471E-10  -3.76741489E-04  0.104478315      -2.60144352E-05 -0.934403002      0.236962989     -0.150847122    
   12.0000000       800.000000       4.42490242E-02   4.53246212      0.223188952       4.92358043E-10  -3.69832676E-04  0.102957986      -1.92357998E-04 -0.941048503      0.236953944     -0.150178745    
   13.0000000       800.000000       4.44775447E-02   4.57707596      0.222500429       4.86083063E-10  -3.61151964E-04  0.101466455      -3.46529676E-04 -0.947727323      0.236939043     -0.149631098    
   2.00000000       800.000000       4.47068773E-02   4.62136841      0.221817970       4.79915219E-10  -3.48634989E-04  0.100002743      -3.41161940E-04 -0.954392076      0.236923426     -0.148852482    
   3.00000000       800.000000       4.49385233E-02   4.66624355      0.221144408       4.73861672E-10  -3.35253921E-04   9.85665694E-02  -2.93399877E-04 -0.961071789      0.236910462     -0.147807792    
   4.00000000       800.000000       4.51754220E-02   4.71121693      0.220468789       4.67896999E-10  -3.20058811E-04   9.71571952E-02  -2.55761610E-04 -0.967713773      0.236899003     -0.146592945    
   5.00000000       800.000000       4.54156250E-02   4.75678205      0.219797954       4.62030442E-10  -3.04772548E-04   9.57736373E-02  -1.55890200E-04 -0.974350333      0.236891538     -0.145476580    
   6.00000000       800.000000       4.56556603E-02   4.80203438      0.219127342       4.56253174E-10  -2.87967559E-04   9.44153443E-02   8.69713331E-05 -0.980962098      0.236895666     -0.144286767    
   7.00000000       800.000000       4.59001064E-02   4.84787893      0.218459576       4.50568416E-10  -2.70686724E-04   9.30821449E-02   1.66243815E-04 -0.987562597      0.236903325     -0.143171176    
   8.00000000       800.000000       4.61495221E-02   4.89382601      0.217793763       4.44970311E-10  -2.52614904E-04   9.17727277E-02   2.49892346E-05 -0.994140565      0.236904621     -0.141995743    
   9.00000000       800.000000       4.64015417E-02   4.94037914      0.217128679       4.39456277E-10  -2.34028892E-04   9.04868394E-02   1.01142141E-04  -1.00070250      0.236909389     -0.140763655    
   10.0000000       800.000000       4.66544069E-02   4.98703766      0.216463119       4.34021374E-10  -2.16001557E-04   8.92242193E-02   1.63392338E-04  -1.00723886      0.236916706     -0.139231876    
   11.0000000       800.000000       4.69110720E-02   5.03345490      0.215790555       4.28651337E-10  -1.98550042E-04   8.79835337E-02  -4.92610125E-05  -1.01372981      0.236914456     -0.137510657    
   12.0000000       800.000000       4.71705161E-02   5.08080530      0.215108603       4.23341390E-10  -1.83867291E-04   8.67646709E-02  -5.56084960E-05  -1.02017558      0.236912012     -0.135436714    
   13.0000000       800.000000       4.74330559E-02   5.12793064      0.214409545       4.18072993E-10  -1.71612177E-04   8.55674520E-02   1.13766648E-04  -1.02654397      0.236917213     -0.133035064    
   2.00000000       800.000000       4.76989783E-02   5.17558718      0.213692933       4.12845952E-10  -1.64347162E-04   8.43907595E-02   1.03104234E-04  -1.03283274      0.236922085     -0.130450413    
   3.00000000       800.000000       4.79672700E-02   5.22343826      0.212954119       4.07652023E-10  -1.60519645E-04   8.32342207E-02   6.01334141E-05  -1.03902292      0.236925125     -0.127981678    
   4.00000000       800.000000       4.82396744E-02   5.27148342      0.212201148       4.02503780E-10  -1.60753814E-04   8.20976123E-02   4.17966548E-05  -1.04514492      0.236927077     -0.125862777    
   5.00000000       800.000000       4.85143214E-02   5.32006216      0.211435929       3.97404970E-10  -1.62973985E-04   8.09799433E-02   3.64312509E-05  -1.05120039      0.236929193     -0.124018833    
   6.00000000       800.000000       4.87925000E-02   5.36836243      0.210665300       3.92366473E-10  -1.67266349E-04   7.98813105E-02   4.23353231E-05  -1.05721462      0.236930922     -0.122478515    
   7.00000000       800.000000       4.90735136E-02   5.41723442      0.209890038       3.87393007E-10  -1.72094864E-04   7.88007677E-02  -2.82380133E-05  -1.06318712      0.236929357     -0.121282071    
   8.00000000       800.000000       4.93605398E-02   5.46674824      0.209119856       3.82495868E-10  -1.76766771E-04   7.77383298E-02  -4.98990448E-05  -1.06915140      0.236926839     -0.120468356    
   9.00000000       800.000000       4.96459454E-02   5.51635075      0.208355352       3.77678278E-10  -1.80367395E-04   7.66936615E-02  -2.74655467E-05  -1.07511353      0.236925542     -0.119706765    
   10.0000000       800.000000       4.99367975E-02   5.56616688      0.207595870       3.72935738E-10  -1.83496100E-04   7.56655112E-02  -3.66318673E-05  -1.08107030      0.236923650     -0.118771188    
   11.0000000       800.000000       5.02316244E-02   5.61612844      0.206837997       3.68260283E-10  -1.86461330E-04   7.46546611E-02  -3.80857600E-05  -1.08701086      0.236922055     -0.117711514    
   12.0000000       800.000000       5.05279116E-02   5.66623640      0.206082046       3.63651609E-10  -1.89501487E-04   7.36603364E-02  -3.34440156E-05  -1.09293377      0.236920476     -0.116725586    
   13.0000000       800.000000       5.08273505E-02   5.71697474      0.205328718       3.59111185E-10  -1.91974003E-04   7.26818964E-02  -2.05392735E-05  -1.09884131      0.236919552     -0.115885943    
   2.00000000       800.000000       5.11321910E-02   5.76780939      0.204581261       3.54641400E-10  -1.93658969E-04   7.17191473E-02  -4.37261624E-05  -1.10474801      0.236916944     -0.115202516    
   3.00000000       800.000000       5.14377542E-02   5.81939650      0.203841045       3.50243834E-10  -1.93792221E-04   7.07716942E-02  -7.23299818E-05  -1.11065853      0.236913517     -0.114763200    
   4.00000000       800.000000       5.17485440E-02   5.87104797      0.203112155       3.45924150E-10  -1.91719693E-04   6.98393285E-02  -6.45248801E-05  -1.11659110      0.236909404     -0.114546955    
   5.00000000       800.000000       5.20629622E-02   5.92277527      0.202395767       3.41683681E-10  -1.87015612E-04   6.89219236E-02  -8.00970665E-05  -1.12255061      0.236905947     -0.114425279    
   6.00000000       800.000000       5.23787588E-02   5.97483015      0.201691851       3.37519956E-10  -1.79686860E-04   6.80189729E-02  -1.01577920E-04  -1.12854218      0.236900374     -0.114273481    
   7.00000000       800.000000       5.26992045E-02   6.02751064      0.200998694       3.33427508E-10  -1.70148240E-04   6.71304539E-02  -8.23794253E-05  -1.13455725      0.236896276     -0.113925792    
   8.00000000       800.000000       5.30240014E-02   6.08028364      0.200312018       3.29399175E-10  -1.59163697E-04   6.62555322E-02  -8.77738203E-05  -1.14058459      0.236891523     -0.113333091    
   9.00000000       800.000000       5.33496812E-02   6.13364077      0.199628159       3.25429073E-10  -1.47419923E-04   6.53944314E-02  -9.69682369E-05  -1.14661407      0.236886308     -0.112546451    
   10.0000000       800.000000       5.36804311E-02   6.18732548      0.198944971       3.21510013E-10  -1.35505354E-04   6.45464510E-02  -7.74081709E-05  -1.15263212      0.236882299     -0.111543424    
   11.0000000       800.000000       5.40157408E-02   6.24103832      0.198258176       3.17635612E-10  -1.24219223E-04   6.37119487E-02  -7.71934283E-05  -1.15862429      0.236877874     -0.110184692    
   12.0000000       800.000000       5.43518029E-02   6.29508209      0.197561622       3.13794934E-10  -1.14756200E-04   6.28901422E-02  -5.88763687E-05  -1.16457248      0.236874640     -0.108394712    
   13.0000000       800.000000       5.46922497E-02   6.34962225      0.196849033       3.09978404E-10  -1.08303073E-04   6.20806627E-02  -3.84053346E-05  -1.17044544      0.236872807     -0.106149919    
   2.00000000       800.000000       5.50380871E-02   6.40445566      0.196114361       3.06176362E-10  -1.05937106E-04   6.12836666E-02  -3.99762794E-05  -1.17621934      0.236870527     -0.103585579    
   3.00000000       800.000000       5.53847216E-02   6.45976830      0.195356950       3.02387448E-10  -1.07992746E-04   6.04984947E-02  -2.58309919E-05  -1.18188214      0.236868873     -0.101051882    
   4.00000000       800.000000       5.57359010E-02   6.51546860      0.194581151       2.98618102E-10  -1.13583075E-04   5.97253405E-02  -3.51465605E-05  -1.18745017      0.236867040      -9.89605933E-02
   5.00000000       800.000000       5.60912378E-02   6.57112312      0.193795905       2.94882091E-10  -1.21001052E-04   5.89636639E-02  -2.83925165E-05  -1.19294965      0.236865789      -9.75255221E-02
   6.00000000       800.000000       5.64479530E-02   6.62756824      0.193010256       2.91192931E-10  -1.28424275E-04   5.82130365E-02  -2.30930273E-05  -1.19842505      0.236864135      -9.66971144E-02
   7.00000000       800.000000       5.68098128E-02   6.68420267      0.192230731       2.87559976E-10  -1.34327944E-04   5.74732199E-02  -2.91666656E-05  -1.20390379      0.236862257      -9.63185653E-02
   8.00000000       800.000000       5.71758151E-02   6.74102211      0.191462010       2.83988638E-10  -1.37953422E-04   5.67445084E-02  -1.80578863E-05  -1.20940530      0.236861557      -9.60947275E-02
   9.00000000       800.000000       5.75454868E-02   6.79867172      0.190702900       2.80476198E-10  -1.39296229E-04   5.60266227E-02  -1.13657816E-05  -1.21492612      0.236861199      -9.58075970E-02
   10.0000000       800.000000       5.79212233E-02   6.85620070      0.189952701       2.77020157E-10  -1.38578340E-04   5.53190820E-02   4.04339289E-06  -1.22046709      0.236860976      -9.54721346E-02
   11.0000000       800.000000       5.82982525E-02   6.91421032      0.189210057       2.73618433E-10  -1.35883805E-04   5.46220131E-02   1.66299560E-05  -1.22602332      0.236861914      -9.51484442E-02
   12.0000000       800.000000       5.86755127E-02   6.97270107      0.188476548       2.70271722E-10  -1.31210632E-04   5.39350584E-02   2.17828419E-05  -1.23159575      0.236863583      -9.48506966E-02
   13.0000000       800.000000       5.90622984E-02   7.03143930      0.187751278       2.66977135E-10  -1.24590966E-04   5.32572940E-02   2.71356384E-05  -1.23718965      0.236864671      -9.45068598E-02
   2.00000000       800.000000       5.94485030E-02   7.09108067      0.187032700       2.63732841E-10  -1.16391013E-04   5.25905266E-02   2.67361102E-05  -1.24279702      0.236866683      -9.40208510E-02
   3.00000000       800.000000       5.98436110E-02   7.15043688      0.186317444       2.60532929E-10  -1.07209853E-04   5.19322567E-02   2.70768178E-05  -1.24840474      0.236868262      -9.32856873E-02
   4.00000000       800.000000       6.02373928E-02   7.21079636      0.185602188       2.57371846E-10  -9.78861644E-05   5.12838587E-02   2.50016619E-05  -1.25399709      0.236869410      -9.22251791E-02
   5.00000000       800.000000       6.06374219E-02   7.27131176      0.184882358       2.54242349E-10  -8.93541510E-05   5.06445654E-02   2.10139624E-05  -1.25955355      0.236871079      -9.08271819E-02
   6.00000000       800.000000       6.10392392E-02   7.33202028      0.184152305       2.51137361E-10  -8.25084499E-05   5.00146449E-02   1.89701750E-05  -1.26504946      0.236871764      -8.90883356E-02
   7.00000000       800.000000       6.14471473E-02   7.39313030      0.183408827       2.48051468E-10  -7.82723073E-05   4.93931063E-02   1.65260553E-05  -1.27046549      0.236873195      -8.69890824E-02
   8.00000000       800.000000       6.18590638E-02   7.45494413      0.182646587       2.44977982E-10  -7.73918946E-05   4.87809144E-02   1.80277766E-05  -1.27577746      0.236874446      -8.46497938E-02
   9.00000000       800.000000       6.22721761E-02   7.51700449      0.181865349       2.41916071E-10  -8.01423448E-05   4.81770001E-02   1.82920194E-05  -1.28097415      0.236875325      -8.23114812E-02
   10.0000000       800.000000       6.26941621E-02   7.57950735      0.181068078       2.38869979E-10  -8.58739004E-05   4.75813188E-02   2.00818395E-05  -1.28606153      0.236876398      -8.03594291E-02
   11.0000000       800.000000       6.31151870E-02   7.64244461      0.180263475       2.35850894E-10  -9.29456655E-05   4.69938405E-02   1.86807902E-05  -1.29108334      0.236877605      -7.91440904E-02
   12.0000000       800.000000       6.35424033E-02   7.70559978      0.179461837       2.32872333E-10  -9.91910274E-05   4.64143306E-02   1.82128169E-05  -1.29608846      0.236878768      -7.87276477E-02
   13.0000000       800.000000       6.39760271E-02   7.76949692      0.178672507       2.29945465E-10  -1.02731632E-04   4.58429940E-02   1.43383668E-05  -1.30112064      0.236879826      -7.88637325E-02
   2.00000000       800.000000       6.44085407E-02   7.83382225      0.177898660       2.27073679E-10  -1.02801256E-04   4.52795401E-02   1.17384134E-05  -1.30621147      0.236880466      -7.91348442E-02
   3.00000000       800.000000       6.48498610E-02   7.89831066      0.177139238       2.24253838E-10  -9.96239905E-05   4.47237790E-02   9.09243499E-06  -1.31135094      0.236881375      -7.92161003E-02
   4.00000000       800.000000       6.52926117E-02   7.96304750      0.176389471       2.21480154E-10  -9.41027029E-05   4.41756845E-02   6.93690208E-06  -1.31651926      0.236881882      -7.89474770E-02
   5.00000000       800.000000       6.57397360E-02   8.02879810      0.175645471       2.18746091E-10  -8.71645898E-05   4.36347462E-02   6.67908807E-06  -1.32169640      0.236882180      -7.84018636E-02
   6.00000000       800.000000       6.61928579E-02   8.09504509      0.174903527       2.16047000E-10  -7.94891603E-05   4.31012176E-02   4.52399854E-06  -1.32686412      0.236882329      -7.76436701E-02
   7.00000000       800.000000       6.66503683E-02   8.16145802      0.174161762       2.13379356E-10  -7.17478470E-05   4.25750241E-02   5.06056176E-06  -1.33200943      0.236882463      -7.66164139E-02
   8.00000000       800.000000       6.71091229E-02   8.22835445      0.173414916       2.10738274E-10  -6.47304987E-05   4.20559645E-02   1.47473770E-06  -1.33711219      0.236882687      -7.52895400E-02
   9.00000000       800.000000       6.75772652E-02   8.29508305      0.172660157       2.08117482E-10  -5.92487522E-05   4.15438674E-02   1.20660047E-06  -1.34215057      0.236883059      -7.36130327E-02
   10.0000000       800.000000       6.80434331E-02   8.36327362      0.171891496       2.05510803E-10  -5.62859386E-05   4.10386026E-02  -2.43073032E-06  -1.34709668      0.236882433      -7.15186447E-02
   11.0000000       800.000000       6.85164854E-02   8.43160915      0.171104386       2.02912895E-10  -5.68253454E-05   4.05404493E-02  -4.79547725E-06  -1.35191858      0.236882463      -6.91157654E-02
   12.0000000       800.000000       6.89990669E-02   8.50011826      0.170298040       2.00323008E-10  -6.10354982E-05   4.00479399E-02  -6.72549822E-06  -1.35660207      0.236882076      -6.68791011E-02
   13.0000000       800.000000       6.94770738E-02   8.56972027      0.169480368       1.97750413E-10  -6.75286283E-05   3.95630822E-02  -9.25374115E-06  -1.36118031      0.236881107      -6.53862879E-02
   2.00000000       800.000000       6.99650571E-02   8.63913631      0.168663695       1.95209862E-10  -7.37584269E-05   3.90840881E-02  -9.20859020E-06  -1.36571956      0.236880735      -6.49088472E-02
   3.00000000       800.000000       7.04544336E-02   8.70913506      0.167859897       1.92712984E-10  -7.73255160E-05   3.86112556E-02  -1.05580466E-05  -1.37029350      0.236880109      -6.51791468E-02
   4.00000000       800.000000       7.09533468E-02   8.77987480      0.167073309       1.90265512E-10  -7.71683481E-05   3.81447710E-02  -1.18055750E-05  -1.37493622      0.236878842      -6.55592978E-02
   5.00000000       800.000000       7.14557767E-02   8.85152435      0.166300520       1.87861740E-10  -7.37658265E-05   3.76840048E-02  -1.17360414E-05  -1.37963009      0.236878157      -6.56274185E-02
   6.00000000       800.000000       7.19595850E-02   8.92326069      0.165536493       1.85495994E-10  -6.81211095E-05   3.72297913E-02  -1.29053396E-05  -1.38434696      0.236877590      -6.53291568E-02
   7.00000000       800.000000       7.24673644E-02   8.99552822      0.164776921       1.83162444E-10  -6.12824588E-05   3.67813185E-02  -1.30031540E-05  -1.38906705      0.236876369      -6.46680221E-02
   8.00000000       800.000000       7.29827210E-02   9.06822109      0.164016753       1.80855428E-10  -5.42980342E-05   3.63387764E-02  -1.24934522E-05  -1.39375329      0.236875653      -6.36160076E-02
   9.00000000       800.000000       7.35015273E-02   9.14107132      0.163250998       1.78568396E-10  -4.81474563E-05   3.59019488E-02  -1.22700867E-05  -1.39838350      0.236874729      -6.21533766E-02
   10.0000000       800.000000       7.40236938E-02   9.21487141      0.162474200       1.76295992E-10  -4.38163916E-05   3.54710408E-02  -1.15410285E-05  -1.40292251      0.236873537      -6.02802224E-02
   11.0000000       800.000000       7.45541826E-02   9.28909588      0.161681250       1.74032927E-10  -4.22974517E-05   3.50453295E-02  -1.02402328E-05  -1.40734184      0.236872882      -5.80945089E-02
   12.0000000       800.000000       7.50876293E-02   9.36382198      0.160870790       1.71777148E-10  -4.41036827E-05   3.46253291E-02  -9.38864650E-06  -1.41161525      0.236872196      -5.58526367E-02
   13.0000000       800.000000       7.56227747E-02   9.43945217      0.160045907       1.69531972E-10  -4.87153266E-05   3.42105068E-02  -8.38401138E-06  -1.41575766      0.236871779      -5.40131480E-02
   2.00000000       800.000000       7.61684179E-02   9.51551723      0.159215853       1.67307362E-10  -5.41411100E-05   3.38012725E-02  -6.86940348E-06  -1.41981578      0.236870989      -5.31439856E-02
   3.00000000       800.000000       7.67170042E-02   9.59179592      0.158395037       1.65118835E-10  -5.76929633E-05   3.33970301E-02  -5.96600330E-06  -1.42388117      0.236870691      -5.32238223E-02
   4.00000000       800.000000       7.72694573E-02   9.66848755      0.157589823       1.62971234E-10  -5.78614854E-05   3.29980105E-02  -4.95578297E-06  -1.42800999      0.236870378      -5.35593703E-02
   5.00000000       800.000000       7.78230131E-02   9.74612713      0.156798542       1.60862615E-10  -5.48162316E-05   3.26038003E-02  -3.82665530E-06  -1.43218935      0.236870050      -5.36383502E-02
   6.00000000       800.000000       7.83851892E-02   9.82425022      0.156015649       1.58786762E-10  -4.95568347E-05   3.22147943E-02  -2.63968968E-06  -1.43638802      0.236869752      -5.33409379E-02
   7.00000000       800.000000       7.89523125E-02   9.90284920      0.155236602       1.56738941E-10  -4.33294663E-05   3.18309255E-02  -1.88023182E-06  -1.44057941      0.236869738      -5.25726266E-02
   8.00000000       800.000000       7.95280412E-02   9.98241329      0.154454574       1.54711147E-10  -3.75630043E-05   3.14516202E-02  -8.55277904E-07  -1.44472206      0.236869603      -5.12209125E-02
   9.00000000       800.000000       8.01055804E-02   10.0623922      0.153661475       1.52696147E-10  -3.35501318E-05   3.10772825E-02   2.12991992E-07  -1.44875705      0.236869216      -4.93889712E-02
   10.0000000       800.000000       8.06882754E-02   10.1425762      0.152853549       1.50689586E-10  -3.22240085E-05   3.07075474E-02   8.63856428E-07  -1.45266128      0.236869350      -4.73299511E-02
   11.0000000       800.000000       8.12722519E-02   10.2231703      0.152031243       1.48691379E-10  -3.38096470E-05   3.03424522E-02   1.68179020E-06  -1.45642328      0.236869916      -4.53090221E-02
   12.0000000       800.000000       8.18665698E-02   10.3048105      0.151197314       1.46705231E-10  -3.76074095E-05   2.99820863E-02   2.32613252E-06  -1.46005368      0.236870036      -4.37313318E-02
   13.0000000       800.000000       8.24698508E-02   10.3871059      0.150361225       1.44739928E-10  -4.17019037E-05   2.96261217E-02   3.09004531E-06  -1.46360970      0.236870408      -4.30146195E-02
   2.00000000       800.000000       8.30690786E-02   10.4702911      0.149533942       1.42805850E-10  -4.38554343E-05   2.92747021E-02   3.67261759E-06  -1.46717548      0.236870572      -4.30244096E-02
   3.00000000       800.000000       8.36792067E-02   10.5531397      0.148720399       1.40906453E-10  -4.30087384E-05   2.89277192E-02   4.23182973E-06  -1.47078454      0.236871138      -4.31753248E-02
   4.00000000       800.000000       8.42924491E-02   10.6371202      0.147917539       1.39039558E-10  -3.94688905E-05   2.85849329E-02   4.61638410E-06  -1.47442627      0.236871436      -4.30620164E-02
   5.00000000       800.000000       8.49149227E-02   10.7222576      0.147120759       1.37199030E-10  -3.43740576E-05   2.82460004E-02   5.01864861E-06  -1.47807014      0.236871392      -4.24733311E-02
   6.00000000       800.000000       8.55400413E-02   10.8070173      0.146322206       1.35378361E-10  -2.93096455E-05   2.79118121E-02   5.31791329E-06  -1.48166704      0.236872107      -4.12471704E-02
   7.00000000       800.000000       8.61672983E-02   10.8929453      0.145514205       1.33569947E-10  -2.57786414E-05   2.75814217E-02   5.34340188E-06  -1.48515415      0.236872330      -3.95035893E-02
   8.00000000       800.000000       8.68062824E-02   10.9799843      0.144693658       1.31770400E-10  -2.46695909E-05   2.72557046E-02   5.24491452E-06  -1.48849881      0.236873329      -3.75953987E-02
   9.00000000       800.000000       8.74475688E-02   11.0664978      0.143860549       1.29980027E-10  -2.59473145E-05   2.69331764E-02   5.02202829E-06  -1.49170399      0.236873537      -3.58603597E-02
   10.0000000       800.000000       8.80924463E-02   11.1543617      0.143020198       1.28204350E-10  -2.85639017E-05   2.66154446E-02   4.61596437E-06  -1.49479210      0.236873716      -3.46485265E-02
   11.0000000       800.000000       8.87458175E-02   11.2425718      0.142181516       1.26449753E-10  -3.07588307E-05   2.63010152E-02   4.24986683E-06  -1.49783134      0.236874327      -3.41186933E-02
   12.0000000       800.000000       8.94047245E-02   11.3320246      0.141350880       1.24722940E-10  -3.10654832E-05   2.59912517E-02   3.92505717E-06  -1.50087464      0.236874655      -3.39813828E-02
   13.0000000       800.000000       9.00711343E-02   11.4218473      0.140529692       1.23024299E-10  -2.91035303E-05   2.56843027E-02   3.72320278E-06  -1.50392902      0.236875147      -3.37914303E-02
   2.00000000       800.000000       9.07422155E-02   11.5118284      0.139714062       1.21349805E-10  -2.56164694E-05   2.53818538E-02   3.38805103E-06  -1.50698209      0.236875534      -3.32164727E-02
   3.00000000       800.000000       9.14164707E-02   11.6033077      0.138897985       1.19693866E-10  -2.19614030E-05   2.50824131E-02   3.13794681E-06  -1.50998175      0.236875504      -3.20996232E-02
   4.00000000       800.000000       9.20993984E-02   11.6952047      0.138074517       1.18050930E-10  -1.94975109E-05   2.47875266E-02   2.80474592E-06  -1.51287436      0.236875549      -3.05506345E-02
   5.00000000       800.000000       9.27866399E-02   11.7873383      0.137241125       1.16418167E-10  -1.89258044E-05   2.44951267E-02   2.42222700E-06  -1.51563048      0.236876175      -2.89049204E-02
   6.00000000       800.000000       9.34779644E-02   11.8806105      0.136399433       1.14797352E-10  -1.99614569E-05   2.42075901E-02   1.97864142E-06  -1.51825607      0.236876369      -2.75168587E-02
   7.00000000       800.000000       9.41774696E-02   11.9743528      0.135554999       1.13192421E-10  -2.15229375E-05   2.39221975E-02   1.42813042E-06  -1.52079344      0.236876652      -2.65944637E-02
   8.00000000       800.000000       9.48819369E-02   12.0688763      0.134713158       1.11608375E-10  -2.23332190E-05   2.36405898E-02   8.30173633E-07  -1.52328396      0.236876309      -2.60841195E-02
   9.00000000       800.000000       9.55979601E-02   12.1640635      0.133877531       1.10047735E-10  -2.16824337E-05   2.33626328E-02   3.05622905E-07  -1.52576089      0.236875981      -2.56998129E-02
   10.0000000       800.000000       9.63135287E-02   12.2600622      0.133046553       1.08508820E-10  -1.97488444E-05   2.30881479E-02  -1.72871168E-07  -1.52821553      0.236876503      -2.51278356E-02
   11.0000000       800.000000       9.70358253E-02   12.3568468      0.132216617       1.06988238E-10  -1.73726112E-05   2.28166990E-02  -5.75807121E-07  -1.53061819      0.236876667      -2.41973288E-02
   12.0000000       800.000000       9.77677032E-02   12.4544106      0.131382927       1.05482088E-10  -1.55517318E-05   2.25490239E-02  -8.46472005E-07  -1.53292954      0.236876398      -2.29436774E-02
   13.0000000       800.000000       9.85076427E-02   12.5523767      0.130542994       1.03988311E-10  -1.48559830E-05   2.22849678E-02  -1.07988865E-06  -1.53512478      0.236876205      -2.15952024E-02
   2.00000000       800.000000       9.92456749E-02   12.6510534      0.129698053       1.02507662E-10  -1.51189824E-05   2.20226422E-02  -1.27375029E-06  -1.53719997      0.236875981      -2.04152483E-02
   3.00000000       800.000000       9.99961421E-02   12.7503929      0.128851131       1.01042764E-10  -1.56602309E-05   2.17643380E-02  -1.45890021E-06  -1.53918910      0.236876115      -1.95092950E-02
   4.00000000       800.000000      0.100751281       12.8514633      0.128005505       9.95954222E-11  -1.57539998E-05   2.15096157E-02  -1.68204406E-06  -1.54111683      0.236875728      -1.88253950E-02
   5.00000000       800.000000      0.101513669       12.9527330      0.127162814       9.81673215E-11  -1.50247552E-05   2.12563723E-02  -1.88316369E-06  -1.54300034      0.236875728      -1.81971788E-02
   6.00000000       800.000000      0.102282949       13.0543804      0.126322150       9.67569982E-11  -1.36545495E-05   2.10076142E-02  -2.05964852E-06  -1.54482758      0.236875057      -1.74315292E-02
   7.00000000       800.000000      0.103057869       13.1565609      0.125480622       9.53625096E-11  -1.22069869E-05   2.07624268E-02  -2.17584898E-06  -1.54657960      0.236875087      -1.64475795E-02
   8.00000000       800.000000      0.103839546       13.2604132      0.124636233       9.39817182E-11  -1.12040325E-05   2.05189455E-02  -2.19194817E-06  -1.54822934      0.236875057      -1.53276492E-02
   9.00000000       800.000000      0.104626514       13.3645535      0.123788215       9.26145480E-11  -1.07575279E-05   2.02786196E-02  -2.14845386E-06  -1.54977167      0.236874819      -1.42507581E-02
   10.0000000       800.000000      0.105420068       13.4691267      0.122939035       9.12616926E-11  -1.05694953E-05   2.00413633E-02  -2.06253935E-06  -1.55122304      0.236874372      -1.33079011E-02
   11.0000000       800.000000      0.106228657       13.5754204      0.122088611       8.99244429E-11  -1.02790082E-05   1.98059101E-02  -1.96533824E-06  -1.55259085      0.236874223      -1.24782054E-02
   12.0000000       800.000000      0.107034281       13.6821260      0.121239595       8.86029444E-11  -9.65055733E-06   1.95737537E-02  -1.87102353E-06  -1.55388427      0.236874029      -1.17053613E-02
   13.0000000       800.000000      0.107849084       13.7891541      0.120391071       8.72972736E-11  -8.70442000E-06   1.93445515E-02  -1.77568882E-06  -1.55510569      0.236873880      -1.08790249E-02
   2.00000000       800.000000      0.108672515       13.8981247      0.119541705       8.60062160E-11  -7.73561351E-06   1.91190541E-02  -1.67871531E-06  -1.55624223      0.236873597      -9.93910991E-03
   3.00000000       800.000000      0.109497771       14.0066690      0.118691027       8.47287449E-11  -7.00598912E-06   1.88945029E-02  -1.55042108E-06  -1.55727506      0.236873433      -8.94988328E-03
   4.00000000       800.000000      0.110339761       14.1170921      0.117837809       8.34650196E-11  -6.52779136E-06   1.86737645E-02  -1.38935923E-06  -1.55820441      0.236872762      -7.99515098E-03
   5.00000000       800.000000      0.111177742       14.2269335      0.116984010       8.22153526E-11  -6.13335033E-06   1.84555110E-02  -1.21072708E-06  -1.55904281      0.236872882      -7.11289980E-03
   6.00000000       800.000000      0.112030037       14.3394938      0.116130963       8.09800629E-11  -5.63018330E-06   1.82391703E-02  -1.02028434E-06  -1.55979872      0.236872882      -6.29002973E-03
   7.00000000       800.000000      0.112885214       14.4517355      0.115277126       7.97593866E-11  -4.95108634E-06   1.80271473E-02  -8.35123103E-07  -1.56045735      0.236873224      -5.46849752E-03
   8.00000000       800.000000      0.113750286       14.5650282      0.114423156       7.85526436E-11  -4.18806894E-06   1.78155471E-02  -6.65113816E-07  -1.56104481      0.236873090      -4.60924068E-03
   9.00000000       800.000000      0.114624061       14.6793976      0.113568828       7.73599448E-11  -3.45814919E-06   1.76083017E-02  -5.01210081E-07  -1.56151760      0.236872867      -3.72391520E-03
   10.0000000       800.000000      0.115506783       14.7940674      0.112714030       7.61804023E-11  -2.81156781E-06   1.74023751E-02  -3.38344023E-07  -1.56188560      0.236872867      -2.83760065E-03
   11.0000000       800.000000      0.116393380       14.9101496      0.111858197       7.50141962E-11  -2.21696291E-06   1.71991698E-02  -1.72555602E-07  -1.56217158      0.236872882      -1.97768863E-03
   12.0000000       800.000000      0.117281690       15.0272551      0.111002818       7.38615280E-11  -1.59015678E-06   1.69980507E-02  -5.45163958E-09  -1.56235170      0.236872941      -1.14597706E-03
   13.0000000       800.000000      0.118191823       15.1445360      0.110147022       7.27225016E-11  -8.92757498E-07   1.67996287E-02   1.49163100E-07  -1.56244040      0.236873046      -3.18723585E-04
   2.00000000       800.000000      0.119099334       15.2630339      0.109291442       7.15966453E-11  -1.64735326E-07   1.66025441E-02   2.91576612E-07  -1.56243169      0.236873195       5.19564492E-04
   3.00000000       800.000000      0.120015435       15.3828135      0.108435422       7.04837438E-11   5.23503047E-07   1.64095871E-02   4.16370966E-07  -1.56230879      0.236873060       1.37485494E-03
   4.00000000       800.000000      0.120940529       15.5036430      0.107579023       6.93833532E-11   1.14316822E-06   1.62172243E-02   5.26566623E-07  -1.56209588      0.236872911       2.22852384E-03
   5.00000000       800.000000      0.121867239       15.6249332      0.106722832       6.82960979E-11   1.72495129E-06   1.60283279E-02   6.24727988E-07  -1.56177163      0.236873150       3.06128990E-03
   6.00000000       800.000000      0.122810721       15.7464323      0.105865426       6.72213812E-11   2.31736749E-06   1.58412140E-02   7.11574785E-07  -1.56134653      0.236873105       3.87589703E-03
   7.00000000       800.000000      0.123757191       15.8707790      0.105008423       6.61588354E-11   2.93806534E-06   1.56555828E-02   7.83880864E-07  -1.56081235      0.236872762       4.68895584E-03
   8.00000000       800.000000      0.124716990       15.9948425      0.104150176       6.51093207E-11   3.55117436E-06   1.54726775E-02   8.36246045E-07  -1.56017673      0.236872926       5.51304501E-03
   9.00000000       800.000000      0.125679165       16.1200333      0.103293166       6.40719630E-11   4.12320605E-06   1.52928522E-02   8.65666721E-07  -1.55943143      0.236873195       6.33982290E-03
   10.0000000       800.000000      0.126648560       16.2460766      0.102436095       6.30462349E-11   4.65327457E-06   1.51138445E-02   8.74654518E-07  -1.55860054      0.236873254       7.15380162E-03
   11.0000000       800.000000      0.127627030       16.3736973      0.101578228       6.20336282E-11   5.18192155E-06   1.49380285E-02   8.67682900E-07  -1.55763400      0.236873358       7.94448052E-03
   12.0000000       800.000000      0.128622070       16.5009899      0.100722007       6.10321724E-11   5.76564253E-06   1.47629445E-02   8.48581692E-07  -1.55653322      0.236873373       8.71396437E-03
   13.0000000       800.000000      0.129615709       16.6299458       9.98666510E-02   6.00443098E-11   6.43345948E-06   1.45911463E-02   8.19451259E-07  -1.55536878      0.236873746       9.47471987E-03
   2.00000000       800.000000      0.130617574       16.7607040       9.90106016E-02   5.90666821E-11   7.17109424E-06   1.44206146E-02   7.81148344E-07  -1.55407667      0.236874029       1.02374498E-02
   3.00000000       800.000000      0.131631613       16.8909397       9.81539339E-02   5.81014681E-11   7.94334119E-06   1.42519809E-02   7.34700052E-07  -1.55268300      0.236874089       1.10042803E-02
   4.00000000       800.000000      0.132658064       17.0234966       9.72980857E-02   5.71483971E-11   8.72493365E-06   1.40862511E-02   6.81465963E-07  -1.55116379      0.236874104       1.17692677E-02
   5.00000000       800.000000      0.133689612       17.1564980       9.64434519E-02   5.62066678E-11   9.50632693E-06   1.39212739E-02   6.23352662E-07  -1.54954815      0.236874118       1.25283767E-02
   6.00000000       800.000000      0.134727374       17.2917385       9.55889970E-02   5.52754821E-11   1.02876675E-05   1.37595143E-02   5.61888783E-07  -1.54780650      0.236873761       1.32807288E-02
   7.00000000       800.000000      0.135772675       17.4260139       9.47334319E-02   5.43564811E-11   1.10593492E-05   1.35990269E-02   4.97862118E-07  -1.54595733      0.236873806       1.40304426E-02
   8.00000000       800.000000      0.136831790       17.5625153       9.38796625E-02   5.34483603E-11   1.18011176E-05   1.34394858E-02   4.31535653E-07  -1.54399300      0.236874089       1.47794802E-02
   9.00000000       800.000000      0.137887821       17.6995029       9.30262879E-02   5.25512099E-11   1.25018869E-05   1.32828038E-02   3.64049924E-07  -1.54188180      0.236874193       1.55227492E-02
   10.0000000       800.000000      0.138969555       17.8388729       9.21729058E-02   5.16658209E-11   1.31569841E-05   1.31278494E-02   2.96938254E-07  -1.53970087      0.236874327       1.62566267E-02
   11.0000000       800.000000      0.140046909       17.9775219       9.13203433E-02   5.07900111E-11   1.37714442E-05   1.29749663E-02   2.30940771E-07  -1.53736424      0.236874431       1.69811305E-02
   12.0000000       800.000000      0.141143247       18.1181393       9.04681906E-02   4.99262506E-11   1.43584375E-05   1.28235053E-02   1.67073949E-07  -1.53492284      0.236874536       1.76959038E-02
   13.0000000       800.000000      0.142242312       18.2606220       8.96167159E-02   4.90724718E-11   1.49255284E-05   1.26737226E-02   1.05920684E-07  -1.53233492      0.236874536       1.83969624E-02
   2.00000000       800.000000      0.143348306       18.4025784       8.87677222E-02   4.82299131E-11   1.54936970E-05   1.25259198E-02   4.74165880E-08  -1.52967107      0.236874595       1.90844201E-02
   3.00000000       800.000000      0.144470185       18.5468769       8.79184082E-02   4.73977940E-11   1.60766231E-05   1.23799248E-02  -7.47220330E-09  -1.52685249      0.236874640       1.97614040E-02
   4.00000000       800.000000      0.145599216       18.6916237       8.70694444E-02   4.65765308E-11   1.66706614E-05   1.22352103E-02  -5.82261741E-08  -1.52392459      0.236874610       2.04328876E-02
   5.00000000       800.000000      0.146730632       18.8387299       8.62221345E-02   4.57653221E-11   1.72741838E-05   1.20925633E-02  -1.04206002E-07  -1.52088153      0.236874387       2.10959297E-02
   6.00000000       800.000000      0.147886083       18.9852219       8.53766799E-02   4.49643586E-11   1.78927694E-05   1.19514195E-02  -1.44496155E-07  -1.51770413      0.236874342       2.17473656E-02
   7.00000000       800.000000      0.149040878       19.1336536       8.45315829E-02   4.41742649E-11   1.85356530E-05   1.18117863E-02  -1.79083727E-07  -1.51444304      0.236874253       2.23890580E-02
   8.00000000       800.000000      0.150206983       19.2841053       8.36873129E-02   4.33941910E-11   1.92045554E-05   1.16734998E-02  -2.07855877E-07  -1.51102543      0.236874253       2.30210871E-02
   9.00000000       800.000000      0.151375279       19.4338169       8.28451291E-02   4.26240293E-11   1.99033366E-05   1.15376972E-02  -2.31162801E-07  -1.50746334      0.236874163       2.36443896E-02
   10.0000000       800.000000      0.152559474       19.5859928       8.20049569E-02   4.18636827E-11   2.06265086E-05   1.14025483E-02  -2.49513732E-07  -1.50382221      0.236874148       2.42618565E-02
   11.0000000       800.000000      0.153755501       19.7391071       8.11653659E-02   4.11140948E-11   2.13610729E-05   1.12699950E-02  -2.63713076E-07  -1.50004733      0.236874193       2.48740949E-02
   12.0000000       800.000000      0.154966682       19.8943138       8.03273320E-02   4.03734511E-11   2.20964030E-05   1.11384867E-02  -2.74777534E-07  -1.49614489      0.236874312       2.54804231E-02
   13.0000000       800.000000      0.156182289       20.0499210       7.94907436E-02   3.96430631E-11   2.28215031E-05   1.10078072E-02  -2.82851488E-07  -1.49212468      0.236874163       2.60808282E-02
   2.00000000       800.000000      0.157407701       20.2067699       7.86553174E-02   3.89225110E-11   2.35278530E-05   1.08795231E-02  -2.88198919E-07  -1.48796880      0.236874282       2.66724098E-02
   3.00000000       800.000000      0.158632427       20.3635406       7.78225884E-02   3.82111426E-11   2.42115711E-05   1.07521899E-02  -2.91027760E-07  -1.48369753      0.236874104       2.72555966E-02
   4.00000000       800.000000      0.159881696       20.5234394       7.69895613E-02   3.75092422E-11   2.48788292E-05   1.06272921E-02  -2.91115612E-07  -1.47929692      0.236874029       2.78256889E-02
   5.00000000       800.000000      0.161134437       20.6836548       7.61598274E-02   3.68169523E-11   2.55470895E-05   1.05032846E-02  -2.88385394E-07  -1.47475863      0.236874104       2.83796359E-02
   6.00000000       800.000000      0.162408039       20.8466339       7.53318891E-02   3.61338633E-11   2.62313170E-05   1.03799067E-02  -2.82330859E-07  -1.47009671      0.236874118       2.89210044E-02
   7.00000000       800.000000      0.163673609       21.0080662       7.45057464E-02   3.54603569E-11   2.69333650E-05   1.02592250E-02  -2.72575051E-07  -1.46532500      0.236873940       2.94526536E-02
   8.00000000       800.000000      0.164970547       21.1726456       7.36819059E-02   3.47955553E-11   2.76453302E-05   1.01393461E-02  -2.59219718E-07  -1.46041191      0.236873820       2.99767423E-02
   9.00000000       800.000000      0.166260168       21.3390827       7.28594661E-02   3.41403884E-11   2.83567606E-05   1.00208055E-02  -2.42604671E-07  -1.45540202      0.236873716       3.04922517E-02
   10.0000000       800.000000      0.167571649       21.5048828       7.20390826E-02   3.34943184E-11   2.90611260E-05   9.90334619E-03  -2.23059089E-07  -1.45024729      0.236873716       3.09975706E-02
   11.0000000       800.000000      0.168884769       21.6747990       7.12211654E-02   3.28567312E-11   2.97541992E-05   9.78809129E-03  -2.01218668E-07  -1.44497752      0.236873507       3.14933918E-02
   12.0000000       800.000000      0.170220941       21.8437004       7.04053566E-02   3.22289070E-11   3.04335972E-05   9.67364665E-03  -1.77818862E-07  -1.43956006      0.236873388       3.19780037E-02
   13.0000000       800.000000      0.171562597       22.0148487       6.95930049E-02   3.16087954E-11   3.10992837E-05   9.56013054E-03  -1.53700327E-07  -1.43403316      0.236873388       3.24493982E-02
   2.00000000       800.000000      0.172911152       22.1867790       6.87807202E-02   3.09979785E-11   3.17584854E-05   9.44887754E-03  -1.29563745E-07  -1.42838204      0.236873269       3.29076424E-02
   3.00000000       800.000000      0.174262822       22.3595982       6.79721683E-02   3.03961058E-11   3.24118701E-05   9.33834538E-03  -1.05921700E-07  -1.42262161      0.236873195       3.33550833E-02
   4.00000000       800.000000      0.175636902       22.5350342       6.71669915E-02   2.98023134E-11   3.30573785E-05   9.22921393E-03  -8.32632239E-08  -1.41670203      0.236873224       3.37887406E-02
   5.00000000       800.000000      0.177029908       22.7109966       6.63635209E-02   2.92174895E-11   3.37149468E-05   9.12096817E-03  -6.18390317E-08  -1.41070211      0.236873284       3.42052393E-02
   6.00000000       800.000000      0.178427994       22.8897495       6.55623898E-02   2.86403817E-11   3.44074979E-05   9.01423767E-03  -4.16415169E-08  -1.40454471      0.236873314       3.46053205E-02
   7.00000000       800.000000      0.179832757       23.0675335       6.47658110E-02   2.80722945E-11   3.51456765E-05   8.90919007E-03  -2.25599948E-08  -1.39829838      0.236873358       3.49928364E-02
   8.00000000       800.000000      0.181247130       23.2492962       6.39718994E-02   2.75125218E-11   3.59227415E-05   8.80475529E-03  -4.62965755E-09  -1.39191043      0.236873314       3.53719294E-02
   9.00000000       800.000000      0.182678327       23.4303741       6.31808266E-02   2.69618806E-11   3.67229622E-05   8.70176312E-03   1.21998056E-08  -1.38541651      0.236873269       3.57411914E-02
   10.0000000       800.000000      0.184120178       23.6137962       6.23916015E-02   2.64182166E-11   3.75361524E-05   8.60019773E-03   2.78373768E-08  -1.37879610      0.236873254       3.61025780E-02
   11.0000000       800.000000      0.185574606       23.7995758       6.16045371E-02   2.58835401E-11   3.83405823E-05   8.49925913E-03   4.23271658E-08  -1.37210584      0.236873254       3.64582539E-02
   12.0000000       800.000000      0.187039450       23.9845982       6.08241111E-02   2.53565485E-11   3.91136491E-05   8.39996338E-03   5.55881563E-08  -1.36521459      0.236873284       3.68058197E-02
   13.0000000       800.000000      0.188515589       24.1725788       6.00449070E-02   2.48367282E-11   3.98406883E-05   8.30201339E-03   6.74025955E-08  -1.35827446      0.236873224       3.71426530E-02
   2.00000000       800.000000      0.190003842       24.3626595       5.92687875E-02   2.43254913E-11   4.05237734E-05   8.20479635E-03   7.75947910E-08  -1.35119784      0.236873358       3.74647975E-02
   3.00000000       800.000000      0.191507503       24.5538692       5.84966429E-02   2.38224943E-11   4.11783076E-05   8.10826663E-03   8.61061196E-08  -1.34395397      0.236873507       3.77706699E-02
   4.00000000       800.000000      0.193027228       24.7454605       5.77279776E-02   2.33267919E-11   4.18162090E-05   8.01337417E-03   9.28365367E-08  -1.33664024      0.236873552       3.80598381E-02
   5.00000000       800.000000      0.194553345       24.9383144       5.69625907E-02   2.28379728E-11   4.24528735E-05   7.91952666E-03   9.77736221E-08  -1.32921791      0.236873701       3.83341387E-02
   6.00000000       800.000000      0.196085945       25.1336231       5.62003329E-02   2.23576366E-11   4.31016451E-05   7.82714784E-03   1.01080687E-07  -1.32167709      0.236873776       3.85937840E-02
   7.00000000       800.000000      0.197636858       25.3313236       5.54435626E-02   2.18851135E-11   4.37655835E-05   7.73555832E-03   1.02989638E-07  -1.31400931      0.236873716       3.88400517E-02
   8.00000000       800.000000      0.199212298       25.5304661       5.46893515E-02   2.14196889E-11   4.44422694E-05   7.64466356E-03   1.03682190E-07  -1.30625272      0.236873746       3.90737318E-02
   9.00000000       800.000000      0.200781316       25.7297115       5.39388023E-02   2.09618226E-11   4.51328997E-05   7.55504752E-03   1.03497364E-07  -1.29839790      0.236873806       3.92939523E-02
   10.0000000       800.000000      0.202371761       25.9304714       5.31927124E-02   2.05112351E-11   4.58377253E-05   7.46674836E-03   1.02457335E-07  -1.29040682      0.236873746       3.95026058E-02
   11.0000000       800.000000      0.203978211       26.1335907       5.24505451E-02   2.00675952E-11   4.65434678E-05   7.37939216E-03   1.00607181E-07  -1.28233957      0.236873776       3.97014730E-02
   12.0000000       800.000000      0.205590189       26.3390236       5.17123565E-02   1.96312896E-11   4.72408683E-05   7.29300361E-03   9.79431292E-08  -1.27414930      0.236873761       3.98878045E-02
   13.0000000       800.000000      0.207215562       26.5462608       5.09793609E-02   1.92021538E-11   4.79334194E-05   7.20732519E-03   9.43720977E-08  -1.26587033      0.236873969       4.00586836E-02
   2.00000000       800.000000      0.208862230       26.7531796       5.02490848E-02   1.87802239E-11   4.86296667E-05   7.12271128E-03   8.98144279E-08  -1.25748992      0.236873999       4.02153283E-02
   3.00000000       800.000000      0.210511744       26.9634609       4.95248251E-02   1.83653370E-11   4.93325606E-05   7.03943614E-03   8.42275725E-08  -1.24900842      0.236874044       4.03585024E-02
   4.00000000       800.000000      0.212182373       27.1744270       4.88055423E-02   1.79577030E-11   5.00414681E-05   6.95669185E-03   7.76390507E-08  -1.24043381      0.236873940       4.04886305E-02
   5.00000000       800.000000      0.213867262       27.3881035       4.80889827E-02   1.75565777E-11   5.07535042E-05   6.87528867E-03   7.01851732E-08  -1.23173821      0.236873925       4.06061970E-02
   6.00000000       800.000000      0.215570495       27.6017551       4.73758206E-02   1.71622716E-11   5.14630919E-05   6.79457234E-03   6.20791525E-08  -1.22297466      0.236874029       4.07115482E-02
   7.00000000       800.000000      0.217280358       27.8196926       4.66702543E-02   1.67746320E-11   5.21646252E-05   6.71502575E-03   5.35741407E-08  -1.21412325      0.236874104       4.08040397E-02
   8.00000000       800.000000      0.218995273       28.0367794       4.59680222E-02   1.63934161E-11   5.28616001E-05   6.63624005E-03   4.49546285E-08  -1.20519137      0.236874148       4.08803262E-02
   9.00000000       800.000000      0.220740929       28.2576332       4.52700704E-02   1.60191842E-11   5.35732906E-05   6.55820128E-03   3.65282027E-08  -1.19615436      0.236874193       4.09388952E-02
   10.0000000       800.000000      0.222490728       28.4788132       4.45784591E-02   1.56515269E-11   5.43123388E-05   6.48120837E-03   2.84119164E-08  -1.18704414      0.236874104       4.09851447E-02
   11.0000000       800.000000      0.224248633       28.7025547       4.38907892E-02   1.52903940E-11   5.50673467E-05   6.40506344E-03   2.07575894E-08  -1.17782402      0.236874089       4.10215929E-02
   12.0000000       800.000000      0.226034790       28.9273281       4.32084762E-02   1.49354817E-11   5.58232168E-05   6.33029919E-03   1.35786120E-08  -1.16855681      0.236874118       4.10467610E-02
   13.0000000       800.000000      0.227838799       29.1540203       4.25310992E-02   1.45870486E-11   5.65658956E-05   6.25594147E-03   6.96983493E-09  -1.15922773      0.236874089       4.10609804E-02
   2.00000000       800.000000      0.229636580       29.3828106       4.18591201E-02   1.42445708E-11   5.72816571E-05   6.18237490E-03   9.56150936E-10  -1.14976835      0.236874059       4.10639122E-02
   3.00000000       800.000000      0.231463313       29.6143074       4.11924683E-02   1.39086668E-11   5.79637745E-05   6.10987144E-03  -4.39675452E-09  -1.14025664      0.236874059       4.10553962E-02
   4.00000000       800.000000      0.233298600       29.8444633       4.05303910E-02   1.35788195E-11   5.86101014E-05   6.03799196E-03  -9.11563625E-09  -1.13070130      0.236874059       4.10344750E-02
   5.00000000       800.000000      0.235164225       30.0788250       3.98742072E-02   1.32546075E-11   5.92271899E-05   5.96724125E-03  -1.31839046E-08  -1.12106049      0.236874059       4.09973785E-02
   6.00000000       800.000000      0.237021416       30.3152733       3.92237045E-02   1.29366778E-11   5.98353108E-05   5.89730637E-03  -1.66317555E-08  -1.11137176      0.236874104       4.09426130E-02
   7.00000000       800.000000      0.238909259       30.5545444       3.85777503E-02   1.26246591E-11   6.04589477E-05   5.82780922E-03  -1.95051104E-08  -1.10159922      0.236874089       4.08731364E-02
   8.00000000       800.000000      0.240805298       30.7942753       3.79375666E-02   1.23187528E-11   6.11063369E-05   5.75932069E-03  -2.18643432E-08  -1.09172916      0.236874118       4.07911576E-02
   9.00000000       800.000000      0.242732763       31.0363560       3.73037197E-02   1.20188035E-11   6.17723344E-05   5.69157023E-03  -2.37950690E-08  -1.08185327      0.236874148       4.06977609E-02
   10.0000000       800.000000      0.244650185       31.2805672       3.66764292E-02   1.17242657E-11   6.24460590E-05   5.62477112E-03  -2.53682657E-08  -1.07187319      0.236874059       4.05947529E-02
   11.0000000       800.000000      0.246601894       31.5240726       3.60528938E-02   1.14350092E-11   6.31130970E-05   5.55875385E-03  -2.66385420E-08  -1.06186819      0.236874118       4.04821485E-02
   12.0000000       800.000000      0.248575494       31.7732716       3.54370587E-02   1.11519674E-11   6.37684498E-05   5.49321342E-03  -2.76184746E-08  -1.05183303      0.236874104       4.03568782E-02
   13.0000000       800.000000      0.250549018       32.0229034       3.48258764E-02   1.08744541E-11   6.44145111E-05   5.42901549E-03  -2.83915096E-08  -1.04174936      0.236874029       4.02198546E-02
   2.00000000       800.000000      0.252544135       32.2734489       3.42195295E-02   1.06020435E-11   6.50574439E-05   5.36513794E-03  -2.89823028E-08  -1.03161192      0.236873969       4.00692374E-02
   3.00000000       800.000000      0.254557490       32.5260506       3.36218178E-02   1.03349317E-11   6.57051787E-05   5.30170184E-03  -2.93736981E-08  -1.02146053      0.236873925       3.99063677E-02
   4.00000000       800.000000      0.256586730       32.7818604       3.30272689E-02   1.00735713E-11   6.63573956E-05   5.23948949E-03  -2.95784144E-08  -1.01121497      0.236873925       3.97326313E-02
   5.00000000       800.000000      0.258610994       33.0395813       3.24400850E-02   9.81758685E-12   6.70102818E-05   5.17782336E-03  -2.95748972E-08  -1.00095844      0.236873925       3.95488851E-02
   6.00000000       800.000000      0.260681123       33.2992859       3.18595357E-02   9.56676145E-12   6.76569616E-05   5.11717936E-03  -2.93178886E-08 -0.990689754      0.236873880       3.93544659E-02
   7.00000000       800.000000      0.262756377       33.5623474       3.12854275E-02   9.32039428E-12   6.82926329E-05   5.05708018E-03  -2.87471291E-08 -0.980385661      0.236873969       3.91498581E-02
   8.00000000       800.000000      0.264846563       33.8261070       3.07155121E-02   9.07996161E-12   6.89160443E-05   4.99726599E-03  -2.78078680E-08 -0.970045924      0.236873925       3.89348976E-02
   9.00000000       800.000000      0.266964108       34.0918350       3.01546603E-02   8.84398024E-12   6.95277631E-05   4.93849302E-03  -2.64663136E-08 -0.959652007      0.236873984       3.87094915E-02
   10.0000000       800.000000      0.269089431       34.3593788       2.95984913E-02   8.61304170E-12   7.01287208E-05   4.88064438E-03  -2.47142946E-08 -0.949298799      0.236873969       3.84725854E-02
   11.0000000       800.000000      0.271236569       34.6304741       2.90482994E-02   8.38733163E-12   7.07316285E-05   4.82292986E-03  -2.26026167E-08 -0.938876629      0.236873925       3.82235497E-02
   12.0000000       800.000000      0.273390830       34.9008446       2.85041817E-02   8.16611015E-12   7.13388727E-05   4.76639764E-03  -2.02581827E-08 -0.928449690      0.236873880       3.79656889E-02
   13.0000000       800.000000      0.275573671       35.1773834       2.79665422E-02   7.94953339E-12   7.19319141E-05   4.71019279E-03  -1.77994739E-08 -0.918053150      0.236873895       3.77021469E-02
   2.00000000       800.000000      0.277770936       35.4531212       2.74357628E-02   7.73781473E-12   7.24993515E-05   4.65482380E-03  -1.53258526E-08 -0.907600045      0.236873969       3.74286510E-02
   3.00000000       800.000000      0.279982239       35.7325478       2.69122925E-02   7.53089518E-12   7.30535248E-05   4.59979475E-03  -1.29684450E-08 -0.897156596      0.236873865       3.71430367E-02
   4.00000000       800.000000      0.282222867       36.0137329       2.63936874E-02   7.32831591E-12   7.36156289E-05   4.54589911E-03  -1.08579501E-08 -0.886710346      0.236873820       3.68464068E-02
   5.00000000       800.000000      0.284471065       36.2968369       2.58822069E-02   7.12993640E-12   7.41951735E-05   4.49226424E-03  -9.07628284E-09 -0.876304448      0.236873835       3.65411565E-02
   6.00000000       800.000000      0.286742091       36.5804558       2.53778566E-02   6.93623761E-12   7.47910672E-05   4.43935301E-03  -7.65691421E-09 -0.865849614      0.236873776       3.62277590E-02
   7.00000000       800.000000      0.289016098       36.8690605       2.48779189E-02   6.74712976E-12   7.53965433E-05   4.38695960E-03  -6.58925980E-09 -0.855411470      0.236873761       3.59076746E-02
   8.00000000       800.000000      0.291324228       37.1585426       2.43864972E-02   6.56179711E-12   7.59966788E-05   4.33540298E-03  -5.81414961E-09 -0.845027924      0.236873776       3.55821140E-02
   9.00000000       800.000000      0.293644518       37.4530144       2.39007752E-02   6.38111352E-12   7.65769946E-05   4.28432832E-03  -5.23390975E-09 -0.834607661      0.236873716       3.52498256E-02
   10.0000000       800.000000      0.296003997       37.7481918       2.34226473E-02   6.20416435E-12   7.71280902E-05   4.23401734E-03  -4.73529527E-09 -0.824241281      0.236873746       3.49114612E-02
   11.0000000       800.000000      0.298353791       38.0451622       2.29497943E-02   6.03162268E-12   7.76456363E-05   4.18399693E-03  -4.21043111E-09 -0.813848495      0.236873761       3.45660336E-02
   12.0000000       800.000000      0.300734103       38.3437805       2.24838909E-02   5.86296029E-12   7.81345880E-05   4.13482869E-03  -3.56650776E-09 -0.803519547      0.236873776       3.42127830E-02
   13.0000000       800.000000      0.303147912       38.6467476       2.20247898E-02   5.69849636E-12   7.86042729E-05   4.08618199E-03  -2.73927170E-09 -0.793209076      0.236873761       3.38523723E-02
   2.00000000       800.000000      0.305555582       38.9513550       2.15716138E-02   5.53760336E-12   7.90573395E-05   4.03785706E-03  -1.75380999E-09 -0.782924294      0.236873761       3.34858969E-02
   3.00000000       800.000000      0.307996303       39.2577019       2.11254340E-02   5.38072581E-12   7.94945590E-05   3.99020500E-03  -6.83639589E-10 -0.772665620      0.236873761       3.31124030E-02
   4.00000000       800.000000      0.310469896       39.5681572       2.06857398E-02   5.22756491E-12   7.99289119E-05   3.94337066E-03   3.90080385E-10 -0.762433589      0.236873776       3.27324383E-02
   5.00000000       800.000000      0.312931180       39.8770142       2.02528127E-02   5.07813366E-12   8.03686708E-05   3.89672979E-03   1.37148437E-09 -0.752245784      0.236873761       3.23473290E-02
   6.00000000       800.000000      0.315432847       40.1933212       1.98263023E-02   4.93230890E-12   8.08141340E-05   3.85092106E-03   2.18446905E-09 -0.742113352      0.236873761       3.19567844E-02
   7.00000000       800.000000      0.317947745       40.5082169       1.94063000E-02   4.79009497E-12   8.12685612E-05   3.80543014E-03   2.77396306E-09 -0.732001901      0.236873746       3.15616392E-02
   8.00000000       800.000000      0.320495814       40.8281288       1.89927388E-02   4.65138561E-12   8.17298933E-05   3.76060745E-03   3.12111625E-09 -0.721954167      0.236873746       3.11630480E-02
   9.00000000       800.000000      0.323059022       41.1489258       1.85859073E-02   4.51611144E-12   8.21964859E-05   3.71640036E-03   3.24113980E-09 -0.711950541      0.236873776       3.07610761E-02
   10.0000000       800.000000      0.325634599       41.4749947       1.81855075E-02   4.38428677E-12   8.26612013E-05   3.67258210E-03   3.16874660E-09 -0.702000022      0.236873761       3.03555708E-02
   11.0000000       800.000000      0.328246117       41.8027420       1.77913886E-02   4.25574376E-12   8.31141151E-05   3.62933497E-03   2.96480263E-09 -0.692105711      0.236873746       2.99487691E-02
   12.0000000       800.000000      0.330868602       42.1312904       1.74040329E-02   4.13047027E-12   8.35431347E-05   3.58648528E-03   2.70375744E-09 -0.682260931      0.236873761       2.95390375E-02
   13.0000000       800.000000      0.333499759       42.4624519       1.70227308E-02   4.00842770E-12   8.39453423E-05   3.54414084E-03   2.45657583E-09 -0.672478497      0.236873746       2.91268937E-02
   2.00000000       800.000000      0.336178690       42.7972488       1.66479945E-02   3.88949246E-12   8.43232192E-05   3.50248395E-03   2.28594121E-09 -0.662756562      0.236873746       2.87118219E-02
   3.00000000       800.000000      0.338866234       43.1343956       1.62794404E-02   3.77363635E-12   8.46830590E-05   3.46107292E-03   2.23827379E-09 -0.653097808      0.236873776       2.82940287E-02
   4.00000000       800.000000      0.341564178       43.4764404       1.59173310E-02   3.66082989E-12   8.50374417E-05   3.42024188E-03   2.33406316E-09 -0.643503189      0.236873806       2.78732739E-02
   5.00000000       800.000000      0.344298780       43.8198090       1.55614801E-02   3.55093299E-12   8.53916426E-05   3.37989675E-03   2.55826449E-09 -0.633979082      0.236873820       2.74514742E-02
   6.00000000       800.000000      0.347046673       44.1641579       1.52119221E-02   3.44403846E-12   8.57393534E-05   3.34012439E-03   2.86830826E-09 -0.624526680      0.236873806       2.70281453E-02
   7.00000000       800.000000      0.349838823       44.5138283       1.48684718E-02   3.33992859E-12   8.60727450E-05   3.30068660E-03   3.20680793E-09 -0.615143895      0.236873806       2.66057178E-02
   8.00000000       800.000000      0.352615893       44.8651733       1.45312259E-02   3.23861923E-12   8.63780369E-05   3.26186302E-03   3.51517282E-09 -0.605836332      0.236873776       2.61834841E-02
   9.00000000       800.000000      0.355454803       45.2186356       1.42000495E-02   3.14003554E-12   8.66451592E-05   3.22341407E-03   3.74372577E-09 -0.596605301      0.236873820       2.57615075E-02
   10.0000000       800.000000      0.358279139       45.5763397       1.38749303E-02   3.04411661E-12   8.68741772E-05   3.18529690E-03   3.85885857E-09 -0.587450981      0.236873835       2.53387913E-02
   11.0000000       800.000000      0.361149102       45.9357567       1.35558639E-02   2.95081819E-12   8.70830991E-05   3.14787473E-03   3.84167187E-09 -0.578374565      0.236873820       2.49142069E-02
   12.0000000       800.000000      0.364027262       46.2968864       1.32428128E-02   2.86006657E-12   8.72986348E-05   3.11080273E-03   3.69096331E-09 -0.569382191      0.236873865       2.44892910E-02
   13.0000000       800.000000      0.366944253       46.6631355       1.29355267E-02   2.77183484E-12   8.75351616E-05   3.07402713E-03   3.42190076E-09 -0.560473502      0.236873835       2.40638293E-02
   2.00000000       800.000000      0.369876415       47.0312233       1.26342559E-02   2.68611544E-12   8.77913553E-05   3.03779147E-03   3.06261083E-09 -0.551650405      0.236873880       2.36408506E-02
   3.00000000       800.000000      0.372847915       47.4044495       1.23389279E-02   2.60273725E-12   8.80572334E-05   3.00206686E-03   2.65624744E-09 -0.542915404      0.236873865       2.32202504E-02
   4.00000000       800.000000      0.375840873       47.7758026       1.20491935E-02   2.52171981E-12   8.83146713E-05   2.96655274E-03   2.25252017E-09 -0.534268498      0.236873940       2.28021313E-02
   5.00000000       800.000000      0.378836393       48.1548996       1.17652947E-02   2.44298483E-12   8.85525151E-05   2.93159555E-03   1.88964999E-09 -0.525707603      0.236873984       2.23866068E-02
   6.00000000       800.000000      0.381849557       48.5329056       1.14869745E-02   2.36648635E-12   8.87651840E-05   2.89715407E-03   1.59628932E-09 -0.517235041      0.236873999       2.19734013E-02
   7.00000000       800.000000      0.384928495       48.9166336       1.12140728E-02   2.29218727E-12   8.89586881E-05   2.86292448E-03   1.38543288E-09 -0.508858681      0.236873999       2.15610843E-02
   8.00000000       800.000000      0.388007849       49.3037720       1.09468298E-02   2.22002408E-12   8.91495220E-05   2.82912352E-03   1.25469191E-09 -0.500575602      0.236873984       2.11510994E-02
   9.00000000       800.000000      0.391112477       49.6939621       1.06850090E-02   2.14993930E-12   8.93273827E-05   2.79574143E-03   1.18721244E-09 -0.492381781      0.236873984       2.07452644E-02
   10.0000000       800.000000      0.394236952       50.0870171       1.04285665E-02   2.08189260E-12   8.94806799E-05   2.76279636E-03   1.16338972E-09 -0.484279007      0.236873984       2.03421041E-02
   11.0000000       800.000000      0.397388846       50.4830971       1.01774307E-02   2.01581828E-12   8.96213460E-05   2.73034023E-03   1.16796817E-09 -0.476277232      0.236873940       1.99414715E-02
   12.0000000       800.000000      0.400564700       50.8813133       9.93157644E-03   1.95171093E-12   8.97440696E-05   2.69802148E-03   1.18743071E-09 -0.468367994      0.236873940       1.95452608E-02
   13.0000000       800.000000      0.403795749       51.2825050       9.69083514E-03   1.88947382E-12   8.98339058E-05   2.66635558E-03   1.20979182E-09 -0.460555464      0.236873969       1.91532224E-02
   2.00000000       800.000000      0.406995207       51.6878319       9.45526734E-03   1.82908029E-12   8.98926446E-05   2.63488898E-03   1.23005062E-09 -0.452838421      0.236873940       1.87640395E-02
   3.00000000       800.000000      0.410275906       52.0953789       9.22470633E-03   1.77047179E-12   8.99373626E-05   2.60365242E-03   1.24333743E-09 -0.445220649      0.236873940       1.83780659E-02
   4.00000000       800.000000      0.413564175       52.5095062       8.99911672E-03   1.71362523E-12   8.99789811E-05   2.57302052E-03   1.24594390E-09 -0.437696844      0.236873969       1.79959666E-02
   5.00000000       800.000000      0.416869521       52.9231834       8.77842773E-03   1.65848964E-12   9.00196537E-05   2.54280958E-03   1.23351929E-09 -0.430275321      0.236873969       1.76183451E-02
   6.00000000       800.000000      0.420203984       53.3436661       8.56257137E-03   1.60501506E-12   9.00597297E-05   2.51282915E-03   1.20478849E-09 -0.422949940      0.236873940       1.72445457E-02
   7.00000000       800.000000      0.423574746       53.7655487       8.35147686E-03   1.55315951E-12   9.01015519E-05   2.48323986E-03   1.15678689E-09 -0.415722817      0.236873940       1.68754775E-02
   8.00000000       800.000000      0.426962882       54.1887779       8.14505853E-03   1.50289883E-12   9.01377207E-05   2.45381217E-03   1.08818765E-09 -0.408600092      0.236873940       1.65119153E-02
   9.00000000       800.000000      0.430381179       54.6191368       7.94325210E-03   1.45414128E-12   9.01587191E-05   2.42484640E-03   1.00302522E-09 -0.401566088      0.236873940       1.61530133E-02
   10.0000000       800.000000      0.433835030       55.0515404       7.74592441E-03   1.40690411E-12   9.01666572E-05   2.39645108E-03   9.10753417E-10 -0.394637257      0.236873940       1.57991666E-02
   11.0000000       800.000000      0.437294513       55.4855461       7.55311502E-03   1.36109906E-12   9.01634121E-05   2.36807414E-03   8.17292733E-10 -0.387804985      0.236873940       1.54500734E-02
   12.0000000       800.000000      0.440796643       55.9234009       7.36464513E-03   1.31672765E-12   9.01570893E-05   2.34021433E-03   7.28162530E-10 -0.381066948      0.236873925       1.51057001E-02
   13.0000000       800.000000      0.444335788       56.3692284       7.18050450E-03   1.27372537E-12   9.01564126E-05   2.31263437E-03   6.51089127E-10 -0.374435842      0.236873925       1.47660635E-02
   2.00000000       800.000000      0.447884768       56.8128738       7.00065168E-03   1.23205667E-12   9.01633903E-05   2.28537410E-03   5.90550331E-10 -0.367893040      0.236873925       1.44321276E-02
   3.00000000       800.000000      0.451492101       57.2652702       6.82488037E-03   1.19169366E-12   9.01616295E-05   2.25833408E-03   5.44856549E-10 -0.361457467      0.236873925       1.41043244E-02
   4.00000000       800.000000      0.455087274       57.7184486       6.65318407E-03   1.15258888E-12   9.01330277E-05   2.23171362E-03   5.11421627E-10 -0.355110765      0.236873925       1.37824165E-02
   5.00000000       800.000000      0.458740443       58.1730003       6.48549898E-03   1.11471422E-12   9.00806554E-05   2.20540562E-03   4.86502894E-10 -0.348860890      0.236873925       1.34653840E-02
   6.00000000       800.000000      0.462410837       58.6358948       6.32168120E-03   1.07802710E-12   9.00172890E-05   2.17950600E-03   4.63076438E-10 -0.342705846      0.236873925       1.31532410E-02
   7.00000000       800.000000      0.466109008       59.0983734       6.16171723E-03   1.04250191E-12   8.99530060E-05   2.15383829E-03   4.36494729E-10 -0.336646527      0.236873940       1.28465975E-02
   8.00000000       800.000000      0.469850868       59.5668716       6.00555725E-03   1.00809465E-12   8.98994695E-05   2.12845346E-03   4.05542100E-10 -0.330681533      0.236873940       1.25449905E-02
   9.00000000       800.000000      0.473630607       60.0369263       5.85311325E-03   9.74786441E-13   8.98627404E-05   2.10332102E-03   3.68994280E-10 -0.324810088      0.236873940       1.22491978E-02
   10.0000000       800.000000      0.477417022       60.5153427       5.70431259E-03   9.42544653E-13   8.98289218E-05   2.07852549E-03   3.26635219E-10 -0.319032133      0.236873940       1.19595537E-02
   11.0000000       800.000000      0.481236160       60.9947357       5.55907516E-03   9.11315511E-13   8.97840728E-05   2.05406011E-03   2.80849705E-10 -0.313344896      0.236873940       1.16759399E-02
   12.0000000       800.000000      0.485106736       61.4788399       5.41728782E-03   8.81094676E-13   8.97185237E-05   2.02977774E-03   2.35058140E-10 -0.307750285      0.236873940       1.13977352E-02
   13.0000000       800.000000      0.489003509       61.9645309       5.27889375E-03   8.51835638E-13   8.96326092E-05   2.00589746E-03   1.92732955E-10 -0.302242696      0.236873940       1.11255152E-02
   2.00000000       800.000000      0.492917389       62.4534645       5.14382636E-03   8.23519638E-13   8.95351477E-05   1.98220438E-03   1.56574795E-10 -0.296825975      0.236873940       1.08582368E-02
   3.00000000       800.000000      0.496857613       62.9518318       5.01203537E-03   7.96114260E-13   8.94412078E-05   1.95883890E-03   1.27950206E-10 -0.291495055      0.236873940       1.05961254E-02
   4.00000000       800.000000      0.500846684       63.4490204       4.88342624E-03   7.69583561E-13   8.93557008E-05   1.93564431E-03   1.06724213E-10 -0.286253422      0.236873940       1.03396913E-02
   5.00000000       800.000000      0.504872501       63.9528084       4.75796871E-03   7.43923803E-13   8.92776370E-05   1.91291282E-03   9.18015594E-11 -0.281097114      0.236873940       1.00887250E-02
   6.00000000       800.000000      0.508909047       64.4573593       4.63553099E-03   7.19078009E-13   8.92057797E-05   1.89030915E-03   8.16380158E-11 -0.276025623      0.236873940       9.84357111E-03
   7.00000000       800.000000      0.512971818       64.9687729       4.51609539E-03   6.95044228E-13   8.91314849E-05   1.86794158E-03   7.43836243E-11 -0.271038651      0.236873940       9.60401259E-03
   8.00000000       800.000000      0.517089903       65.4843674       4.39955760E-03   6.71780177E-13   8.90553274E-05   1.84596819E-03   6.83797324E-11 -0.266132087      0.236873940       9.36985202E-03
   9.00000000       800.000000      0.521240056       66.0012741       4.28588875E-03   6.49271869E-13   8.89788280E-05   1.82421552E-03   6.21317511E-11 -0.261307657      0.236873940       9.14105121E-03
   10.0000000       800.000000      0.525399923       66.5273361       4.17500082E-03   6.27495235E-13   8.89027142E-05   1.80262036E-03   5.41622511E-11 -0.256565481      0.236873940       8.91770981E-03
   11.0000000       800.000000      0.529633105       67.0519409       4.06676950E-03   6.06427994E-13   8.88238719E-05   1.78143010E-03   4.26732122E-11 -0.251900285      0.236873940       8.69968161E-03
   12.0000000       800.000000      0.533852458       67.5886993       3.96126462E-03   5.86041740E-13   8.87401475E-05   1.76043832E-03   2.62623864E-11 -0.247313678      0.236873940       8.48695077E-03
   13.0000000       800.000000      0.538169861       68.1238251       3.85831762E-03   5.66316633E-13   8.86532653E-05   1.73954538E-03   4.55704658E-12 -0.242802456      0.236873940       8.27929191E-03
   2.00000000       800.000000      0.542478204       68.6609192       3.75785120E-03   5.47236085E-13   8.85705231E-05   1.71903276E-03  -2.11396387E-11 -0.238365903      0.236873940       8.07659328E-03
   3.00000000       800.000000      0.546837091       69.2043610       3.65990121E-03   5.28776296E-13   8.84995970E-05   1.69879256E-03  -4.75756969E-11 -0.234004542      0.236873940       7.87882786E-03
   4.00000000       800.000000      0.551184714       69.7545853       3.56433843E-03   5.10917860E-13   8.84541441E-05   1.67865609E-03  -6.99952457E-11 -0.229715511      0.236873940       7.68576097E-03
   5.00000000       800.000000      0.555633724       70.3113556       3.47111421E-03   4.93637087E-13   8.84446417E-05   1.65890693E-03  -8.35919806E-11 -0.225498766      0.236873940       7.49743124E-03
   6.00000000       800.000000      0.560065687       70.8701859       3.38021014E-03   4.76925032E-13   8.84791152E-05   1.63932692E-03  -8.52019080E-11 -0.221352607      0.236873940       7.31410598E-03
   7.00000000       800.000000      0.564574599       71.4266510       3.29152262E-03   4.60755728E-13   8.85437112E-05   1.61986204E-03  -7.45819309E-11 -0.217271328      0.236873940       7.13596493E-03
   8.00000000       800.000000      0.569091976       71.9988251       3.20501020E-03   4.45112399E-13   8.86293419E-05   1.60074548E-03  -5.48804821E-11 -0.213260055      0.236873940       6.96278270E-03
   9.00000000       800.000000      0.573642910       72.5662689       3.12054926E-03   4.29974985E-13   8.87309579E-05   1.58183207E-03  -3.14429559E-11 -0.209316730      0.236873940       6.79431902E-03
   10.0000000       800.000000      0.578249216       73.1417236       3.03822802E-03   4.15329256E-13   8.88411378E-05   1.56311120E-03  -1.01752730E-11 -0.205433607      0.236873940       6.63067121E-03
   11.0000000       800.000000      0.582887828       73.7225037       2.95789912E-03   4.01164101E-13   8.89520015E-05   1.54464843E-03   4.46173046E-12 -0.201615393      0.236873940       6.47167070E-03
   12.0000000       800.000000      0.587557673       74.3115692       2.87948851E-03   3.87452250E-13   8.90638039E-05   1.52635912E-03   1.10457954E-11 -0.197859436      0.236873940       6.31734030E-03
   13.0000000       800.000000      0.592285097       74.9019089       2.80293589E-03   3.74190018E-13   8.91829113E-05   1.50827866E-03   1.11981275E-11 -0.194160238      0.236873940       6.16695918E-03
   2.00000000       800.000000      0.597044110       75.4963303       2.72830715E-03   3.61353010E-13   8.93240940E-05   1.49043289E-03   8.30336667E-12 -0.190526873      0.236873940       6.02083094E-03
   3.00000000       800.000000      0.601813197       76.0937424       2.65544374E-03   3.48933474E-13   8.94987315E-05   1.47278782E-03   5.78544461E-12 -0.186944962      0.236873940       5.87907899E-03
   4.00000000       800.000000      0.606662095       76.6995621       2.58433633E-03   3.36915500E-13   8.97071586E-05   1.45534996E-03   5.80707227E-12 -0.183418766      0.236873940       5.74165396E-03
   5.00000000       800.000000      0.611538589       77.3089294       2.51493603E-03   3.25283257E-13   8.99490624E-05   1.43814075E-03   8.86153390E-12 -0.179949611      0.236873940       5.60847996E-03
   6.00000000       800.000000      0.616429627       77.9216690       2.44719069E-03   3.14026881E-13   9.02252796E-05   1.42103073E-03   1.39450630E-11 -0.176532924      0.236873940       5.47977071E-03
   7.00000000       800.000000      0.621346176       78.5425873       2.38105003E-03   3.03131299E-13   9.05352135E-05   1.40427414E-03   1.93763460E-11 -0.173167333      0.236873940       5.35513181E-03
   8.00000000       800.000000      0.626343310       79.1605453       2.31647049E-03   2.92585617E-13   9.08822112E-05   1.38759601E-03   2.36546095E-11 -0.169851661      0.236873940       5.23483893E-03
   9.00000000       800.000000      0.631355822       79.7936478       2.25340948E-03   2.82378667E-13   9.12783362E-05   1.37113582E-03   2.59612852E-11 -0.166583106      0.236873940       5.11834770E-03
   10.0000000       800.000000      0.636449695       80.4251099       2.19184766E-03   2.72497790E-13   9.17293655E-05   1.35488203E-03   2.62571423E-11 -0.163362801      0.236873940       5.00622764E-03
   11.0000000       800.000000      0.641569495       81.0633545       2.13172147E-03   2.62934639E-13   9.22470572E-05   1.33873336E-03   2.50245883E-11 -0.160185352      0.236873940       4.89763962E-03
   12.0000000       800.000000      0.646703839       81.7070923       2.07299087E-03   2.53676149E-13   9.28386871E-05   1.32280611E-03   2.29474165E-11 -0.157054305      0.236873940       4.79392009E-03
   13.0000000       800.000000      0.651862979       82.3593216       2.01565656E-03   2.44711667E-13   9.34980344E-05   1.30707223E-03   2.06769601E-11 -0.153959498      0.236873940       4.69356496E-03
   2.00000000       800.000000      0.657104909       83.0148392       1.95961026E-03   2.36035611E-13   9.42262923E-05   1.29156327E-03   1.87184591E-11 -0.150908574      0.236873940       4.59885877E-03
   3.00000000       800.000000      0.662361264       83.6720734       1.90487434E-03   2.27631905E-13   9.50087415E-05   1.27625151E-03   1.73712884E-11 -0.147891626      0.236873940       4.50693304E-03
   4.00000000       800.000000      0.667716920       84.3404617       1.85138639E-03   2.19500430E-13   9.58569653E-05   1.26101135E-03   1.66894051E-11 -0.144914836      0.236873940       4.42184648E-03
   5.00000000       800.000000      0.673070669       85.0116577       1.79918006E-03   2.11622115E-13   9.67504893E-05   1.24599144E-03   1.64711630E-11 -0.141963735      0.236873940       4.33828449E-03
   6.00000000       800.000000      0.678464949       85.6865540       1.74814602E-03   2.03997003E-13   9.77358141E-05   1.23119436E-03   1.63259458E-11 -0.139050826      0.236873940       4.26388858E-03
   7.00000000       800.000000      0.683868349       86.3630829       1.69824378E-03   1.96616052E-13   9.87708772E-05   1.21647725E-03   1.58111042E-11 -0.136153519      0.236873940       4.18894133E-03
   8.00000000       800.000000      0.689361989       87.0500107       1.64955819E-03   1.89471648E-13   9.99273761E-05   1.20205700E-03   1.46333258E-11 -0.133299068      0.236873940       4.12764028E-03
   9.00000000       800.000000      0.694936693       87.7468338       1.60197436E-03   1.82553584E-13   1.01121055E-04   1.18774804E-03   1.27697557E-11 -0.130442321      0.236873940       4.06149123E-03
   10.0000000       800.000000      0.700467765       88.4404068       1.55556912E-03   1.75867635E-13   1.02483180E-04   1.17355131E-03   1.06089347E-11 -0.127634019      0.236873940       4.01747692E-03
   11.0000000       800.000000      0.706084132       89.1438522       1.51025108E-03   1.69394216E-13   1.03842358E-04   1.15961651E-03   8.57913480E-12 -0.124791086      0.236873940       3.96007672E-03
   12.0000000       800.000000      0.711785257       89.8559036       1.46602851E-03   1.63137746E-13   1.05452600E-04   1.14583620E-03   7.25916983E-12 -0.122019500      0.236873940       3.94076435E-03
   13.0000000       800.000000      0.717506111       90.5660553       1.42294879E-03   1.57093332E-13   1.06975363E-04   1.13219686E-03   6.72958000E-12 -0.119157322      0.236873940       3.89085384E-03
   2.00000000       800.000000      0.723254204       91.2924652       1.38097163E-03   1.51258400E-13   1.08897984E-04   1.11872994E-03   6.72861723E-12 -0.116411023      0.236873940       3.91020579E-03
   3.00000000       800.000000      0.729030788       92.0148239       1.34015025E-03   1.45627149E-13   1.10513698E-04   1.10549293E-03   6.94908671E-12 -0.113480106      0.236873940       3.86376027E-03
   4.00000000       800.000000      0.734885931       92.7492523       1.30051584E-03   1.40210855E-13   1.12812006E-04   1.09244848E-03   6.46127899E-12 -0.110751487      0.236873940       3.94768547E-03
   5.00000000       800.000000      0.740812361       93.4854507       1.26210554E-03   1.34992549E-13   1.14360737E-04   1.07955921E-03   5.29281913E-12 -0.107653253      0.236873940       3.89285060E-03
   6.00000000       800.000000      0.746736884       94.2303009       1.22496125E-03   1.29982667E-13   1.17166303E-04   1.06698368E-03   2.81146981E-12 -0.104967043      0.236873940       4.09056013E-03
   7.00000000       800.000000      0.752711892       94.9802017       1.18916063E-03   1.25192811E-13   1.18381169E-04   1.05450756E-03  -2.84250135E-13 -0.101519778      0.236873940       3.99623765E-03
   8.00000000       800.000000      0.758787692       95.7357407       1.15488120E-03   1.20622100E-13   1.21968660E-04   1.04253285E-03  -3.96631903E-12  -9.89212021E-02  0.236873940       4.40814719E-03
   9.00000000       800.000000      0.764886141       96.4991150       1.12216512E-03   1.16274855E-13   1.22952682E-04   1.03038631E-03  -6.81865632E-12  -9.48031619E-02  0.236873940       4.18681093E-03
   10.0000000       800.000000      0.770997465       97.2638321       1.09100435E-03   1.12159800E-13   1.27074076E-04   1.01922452E-03  -8.97519038E-12  -9.24934074E-02  0.236873940       5.15152793E-03
   11.0000000       800.000000      0.777200460       98.0346756       1.06245396E-03   1.08359759E-13   1.48134553E-04   1.00747892E-03  -9.33946843E-12  -8.68273601E-02  0.236873940       4.39076684E-03
   12.0000000       800.000000      0.783445537       98.8157425       1.02573493E-03   1.03787977E-13   5.97644139E-05   9.97542171E-04   3.33844905E-21  -8.56406465E-02  0.236873940      -3.97820771E-03
   13.0000000       800.000000      0.789714217       99.6048737       1.00181869E-03   1.00566528E-13   5.95351048E-05   9.85702733E-04  -1.94948113E-21  -9.30820704E-02  0.236873940      -9.42737050E-03
