   0.00000000       190.000000       3.40428352E-02   1.01702809       5.68624528E-04   5.58982244E-12  -8.21648240E-02   1.67559159      -7.00474346E-13  -1.28501805E-03  -2.38466693E-14  -1.01396162E-02
   1.00000000       197.000000       3.40447091E-02   1.05104125       5.59339416E-04   5.32045285E-12  -7.50884414E-02   1.56010187       5.09811820E-16  -1.63020357E-03  -2.38293272E-14   3.37673817E-03
   2.00000000       200.000000       3.40499915E-02   1.08514261       5.50494296E-04   5.07201572E-12   7.52054825E-02   1.29361689      -1.23774819E-02  -1.05507649E-03  -4.21454082E-04   7.44171068E-03
   3.00000000       200.000000       3.40571664E-02   1.11914527       7.01730663E-04   6.26875721E-12  0.173376769       1.19732451       2.65121385E-02  -1.12337619E-03   4.81458235E-04  -6.23251451E-03
   4.00000000       200.000000       3.40652503E-02   1.15326166       8.88403505E-04   7.70200050E-12  0.221047685       1.10726726       6.69903234E-02  -1.47964619E-03   2.76350719E-03  -1.04045691E-02
   5.00000000       200.000000       3.40752266E-02   1.18727005       1.10354158E-03   9.29265345E-12  0.242981181       1.02683842      0.106834501      -1.83236110E-03   6.40403479E-03  -1.15343221E-02
   6.00000000       200.000000       3.40886116E-02   1.22141874       1.35786575E-03   1.11152493E-11  0.248226538      0.952447414      0.143495739      -2.26589525E-03   1.12957023E-02  -1.38947377E-02
   7.00000000       200.000000       3.41038704E-02   1.25543642       1.65828562E-03   1.32058557E-11  0.245380804      0.884497046      0.175920248      -2.77989428E-03   1.72953513E-02  -1.63104143E-02
   8.00000000       200.000000       3.41209993E-02   1.28956389       2.00908701E-03   1.55762885E-11  0.238740340      0.825354218      0.205024168      -3.37869558E-03   2.42912062E-02  -1.88963059E-02
   9.00000000       200.000000       3.41415480E-02   1.32373023       2.41322070E-03   1.82271889E-11  0.229748756      0.774184585      0.231188625      -4.06983728E-03   3.21844295E-02  -2.19941642E-02
   10.0000000       200.000000       3.41642797E-02   1.35789859       2.87551596E-03   2.11727493E-11  0.219353169      0.729725182      0.254304558      -4.88101365E-03   4.08723019E-02  -2.60085557E-02
   11.0000000       200.000000       3.41873281E-02   1.39207828       3.41141387E-03   2.45020081E-11  0.208115965      0.690615892      0.273998618      -5.84753370E-03   5.02396710E-02  -3.15110944E-02
   2.00000000       200.000000       3.42125520E-02   1.42626679       4.05396987E-03   2.84190310E-11  0.196570367      0.655964315      0.289723277      -7.03640422E-03   6.01521060E-02  -3.89249586E-02
   3.00000000       200.000000       3.42412032E-02   1.46045995       4.83165123E-03   3.30770376E-11  0.185072333      0.624871731      0.300969422      -8.51218961E-03   7.04579800E-02  -4.78907712E-02
   4.00000000       200.000000       3.42717990E-02   1.49468386       5.76493843E-03   3.85618655E-11  0.174140543      0.596739769      0.306326866      -1.03176413E-02   8.09565559E-02  -5.79627492E-02
   5.00000000       200.000000       3.43041234E-02   1.52902329       6.86344737E-03   4.48802766E-11  0.163929582      0.571223855      0.304456860      -1.24871572E-02   9.14012119E-02  -6.90285712E-02
   6.00000000       200.000000       3.43400165E-02   1.56331646       8.13447498E-03   5.20239546E-11  0.153444842      0.547943711      0.295137852      -1.50561677E-02  0.101536363      -8.07327256E-02
   7.00000000       200.000000       3.43780145E-02   1.59766877       9.57652461E-03   5.99295683E-11  0.141893804      0.525652647      0.279355854      -1.80349257E-02  0.111139998      -9.29918438E-02
   8.00000000       400.000000       3.44163403E-02   1.63212323       1.11841327E-02   6.85149090E-11  0.131538451      0.505013943      0.260464638      -2.14534979E-02  0.120104261     -0.104757704    
   9.00000000       400.000000       3.44596468E-02   1.66651404       1.29500804E-02   7.76943301E-11  0.121028058      0.486165106      0.242146805      -2.52501648E-02  0.128448203     -0.117065266    
   10.0000000       400.000000       3.45019177E-02   1.70102203       1.48893679E-02   8.75183814E-11  0.111473493      0.468743294      0.226346985      -2.95264516E-02  0.136257872     -0.131078541    
   11.0000000       400.000000       3.45477760E-02   1.73553383       1.70171224E-02   9.80355588E-11  0.102726437      0.452555895      0.213287428      -3.43012251E-02  0.143626556     -0.145682365    
   12.0000000       400.000000       3.45973931E-02   1.77006423       1.93417836E-02   1.09251858E-10   9.46079716E-02  0.437498301      0.202411413      -3.95995602E-02  0.150629401     -0.160515293    
   13.0000000       400.000000       3.46456654E-02   1.80469894       2.18543392E-02   1.21076232E-10   8.72309431E-02  0.423486173      0.192167759      -4.54158336E-02  0.157287210     -0.174685687    
   2.00000000       400.000000       3.46989296E-02   1.83938944       2.45283507E-02   1.33329431E-10   8.03031027E-02  0.410297602      0.177504137      -5.17134182E-02  0.163446605     -0.187092453    
   3.00000000       400.000000       3.47537622E-02   1.87406790       2.73206681E-02   1.45756129E-10   7.26230890E-02  0.397718370      0.150473937      -5.84101751E-02  0.168676347     -0.196553513    
   4.00000000       400.000000       3.48123796E-02   1.90886545       3.01894806E-02   1.58126762E-10   6.37726858E-02  0.385639399      0.105977967      -6.53868541E-02  0.172365740     -0.204391867    
   5.00000000       400.000000       3.48717459E-02   1.94381344       3.31523977E-02   1.70533310E-10   5.30536138E-02  0.374041796       4.62629870E-02  -7.26526976E-02  0.173978835     -0.212849364    
   6.00000000       400.000000       3.49331126E-02   1.97864985       3.62705030E-02   1.83282112E-10   4.17950600E-02  0.363221973      -2.13095918E-02  -8.02443251E-02  0.173234373     -0.222724840    
   7.00000000       400.000000       3.49960364E-02   2.01366401       3.94895189E-02   1.96083511E-10   3.21391113E-02  0.353415817      -9.06525031E-02  -8.82274061E-02  0.170061842     -0.234422341    
   8.00000000       400.000000       3.50628383E-02   2.04869795       4.28356677E-02   2.09062115E-10   2.48440951E-02  0.344259441     -0.149721399      -9.66676250E-02  0.164812222     -0.247340903    
   9.00000000       400.000000       3.51311862E-02   2.08382654       4.63246442E-02   2.22282442E-10   1.97617486E-02  0.335565180     -0.187996313     -0.105588853      0.158207953     -0.259933621    
   10.0000000       400.000000       3.52015831E-02   2.11898565       4.99377325E-02   2.35643005E-10   1.60668269E-02  0.327272594     -0.197823912     -0.114949003      0.151244059     -0.271625966    
   11.0000000       400.000000       3.52728553E-02   2.15418029       5.36649004E-02   2.49088611E-10   1.29385768E-02  0.319360435     -0.181842685     -0.124731578      0.144830033     -0.282655269    
   12.0000000       400.000000       3.53475511E-02   2.18945503       5.74873388E-02   2.62527639E-10   1.07307816E-02  0.311696112     -0.156356066     -0.134910867      0.139303058     -0.293317556    
   13.0000000       400.000000       3.54251340E-02   2.22494793       6.13920763E-02   2.75900136E-10   9.60664265E-03  0.304246277     -0.136994645     -0.145490974      0.134449944     -0.304522455    
   2.00000000       400.000000       3.55066359E-02   2.26028228       6.53832108E-02   2.89226559E-10   8.99844896E-03  0.297006100     -0.129817531     -0.156510994      0.129840463     -0.315828025    
   3.00000000       400.000000       3.55888382E-02   2.29589605       6.94766715E-02   3.02576186E-10   8.53446871E-03  0.289963245     -0.127865791     -0.167944342      0.125290006     -0.327959090    
   4.00000000       400.000000       3.56727764E-02   2.33153582       7.37045705E-02   3.16084020E-10   8.01902637E-03  0.283136338     -0.121961698     -0.179880723      0.120939746     -0.340779960    
   5.00000000       400.000000       3.57585363E-02   2.36718988       7.80563280E-02   3.29696576E-10   7.39616668E-03  0.276527643     -0.109933145     -0.192285761      0.117008902     -0.353407711    
   6.00000000       400.000000       3.58451568E-02   2.40296197       8.25468674E-02   3.43469309E-10   6.68556103E-03  0.270132214      -9.02631208E-02 -0.205186814      0.113773093     -0.367282629    
   7.00000000       400.000000       3.59365791E-02   2.43895650       8.72057900E-02   3.57514990E-10   5.78292739E-03  0.263942719      -6.06855974E-02 -0.218650922      0.111592039     -0.383772254    
   8.00000000       400.000000       3.60317938E-02   2.47496963       9.20757577E-02   3.71991632E-10   4.53020399E-03  0.257954061      -2.03012265E-02 -0.232805967      0.110860914     -0.404776812    
   9.00000000       400.000000       3.61256152E-02   2.51087451       9.72383022E-02   3.87205018E-10   2.84864637E-03  0.252154976       2.86803693E-02 -0.247858375      0.111896768     -0.433479339    
   10.0000000       400.000000       3.62243615E-02   2.54723430      0.102839954       4.03695244E-10   7.65421311E-04  0.246562749       7.69243538E-02 -0.264168650      0.114683501     -0.471601069    
   11.0000000       400.000000       3.63236889E-02   2.58347154      0.108955026       4.21693958E-10  -1.12406700E-03  0.241139993      0.111194313     -0.282072186      0.118722491     -0.512624085    
   12.0000000       400.000000       3.64281610E-02   2.61973166      0.114852928       4.38348635E-10  -1.56422716E-03  0.235809252      0.124163851     -0.301462471      0.123245388     -0.530131161    
   13.0000000       400.000000       3.65312435E-02   2.65625191      0.120269924       4.52720306E-10  -1.68115238E-03  0.230594546      0.102229401     -0.320750087      0.126980200     -0.494095832    
   2.00000000       400.000000       3.66381556E-02   2.69287086      0.125202507       4.64883715E-10  -1.76088652E-03  0.225547329       4.88772839E-02 -0.337616503      0.128770858     -0.424855918    
   3.00000000       400.000000       3.67491208E-02   2.72951531      0.129799157       4.75473383E-10  -1.79189676E-03  0.220688656      -1.49692092E-02 -0.351929575      0.128220886     -0.366425008    
   4.00000000       400.000000       3.68596762E-02   2.76648116      0.133982897       4.84269291E-10  -1.79848459E-03  0.216020897      -6.94066808E-02 -0.364588350      0.125662431     -0.324922323    
   5.00000000       400.000000       3.69738303E-02   2.80324292      0.137591824       4.90764485E-10  -1.85369933E-03  0.211531162     -0.100860760     -0.375920504      0.121933088     -0.283684433    
   6.00000000       400.000000       3.70923392E-02   2.84031177      0.140631989       4.95068209E-10  -1.96297700E-03  0.207210585     -0.105747975     -0.385599881      0.118010640     -0.247302964    
   7.00000000       400.000000       3.72101963E-02   2.87746811      0.143340394       4.98087682E-10  -2.05620867E-03  0.203051805      -9.23764855E-02 -0.394295216      0.114573300     -0.227822527    
   8.00000000       400.000000       3.73310633E-02   2.91468883      0.145865053       5.00379516E-10  -2.08514533E-03  0.199044406      -6.80664480E-02 -0.402582228      0.112032406     -0.217500120    
   9.00000000       400.000000       3.74547355E-02   2.95214677      0.148173854       5.01862385E-10  -2.06914288E-03  0.195180282      -3.35770100E-02 -0.410562009      0.110774659     -0.209330723    
   10.0000000       400.000000       3.75822932E-02   2.98967767      0.150231868       5.02445863E-10  -2.02288665E-03  0.191449136       6.92233909E-03 -0.418289781      0.111034773     -0.202158570    
   11.0000000       400.000000       3.77115831E-02   3.02733731      0.152016282       5.02092812E-10  -1.95698091E-03  0.187841609       4.42142673E-02 -0.425783128      0.112702258     -0.195978254    
   12.0000000       400.000000       3.78417671E-02   3.06507659      0.153546199       5.00895325E-10  -1.88122829E-03  0.184349507       6.72343001E-02 -0.433096439      0.115246296     -0.190824702    
   13.0000000       400.000000       3.79736088E-02   3.10296249      0.154846594       4.98966868E-10  -1.79911894E-03  0.180965692       6.84722438E-02 -0.440249890      0.117846578     -0.186036006    
   2.00000000       400.000000       3.81093584E-02   3.14102793      0.155947715       4.96428176E-10  -1.70729705E-03  0.177682400       4.88416478E-02 -0.447250724      0.119708017     -0.181676313    
   3.00000000       400.000000       3.82481478E-02   3.17926812      0.156880662       4.93401653E-10  -1.59746024E-03  0.174494326       1.84239727E-02 -0.454122752      0.120412670     -0.177999631    
   4.00000000       400.000000       3.83906849E-02   3.21746230      0.157672122       4.89984608E-10  -1.46367005E-03  0.171396807      -8.55537690E-03 -0.460892290      0.120084248     -0.174635395    
   5.00000000       400.000000       3.85340862E-02   3.25593615      0.158336625       4.86237606E-10  -1.30692963E-03  0.168385625      -2.09201630E-02 -0.467556566      0.119278297     -0.171148986    
   6.00000000       400.000000       3.86794209E-02   3.29459786      0.158883333       4.82198059E-10  -1.13390642E-03  0.165456355      -1.63919814E-02 -0.474107981      0.118644133     -0.167636514    
   7.00000000       400.000000       3.88261117E-02   3.33332801      0.159311682       4.77878015E-10  -9.48558562E-04  0.162605315      -2.12949654E-03 -0.480548620      0.118561514     -0.163997829    
   8.00000000       400.000000       3.89781781E-02   3.37215042      0.159606054       4.73237671E-10  -7.63988821E-04  0.159829259       1.07053081E-02 -0.486867547      0.118978441     -0.160056010    
   9.00000000       400.000000       3.91310640E-02   3.41121101      0.159754410       4.68255379E-10  -5.89915842E-04  0.157124251       1.34473536E-02 -0.493050128      0.119504884     -0.156307265    
   10.0000000       400.000000       3.92854065E-02   3.45050335      0.159772977       4.62987870E-10  -4.29792562E-04  0.154486477       5.55515988E-03 -0.499123931      0.119722985     -0.151908904    
   11.0000000       400.000000       3.94439995E-02   3.48992372      0.159654066       4.57424709E-10  -2.95122329E-04  0.151913062      -4.31212224E-03 -0.505011022      0.119552895     -0.145801410    
   12.0000000       400.000000       3.96043137E-02   3.52931929      0.159398869       4.51580495E-10  -1.96106936E-04  0.149400219      -7.62034301E-03 -0.510649920      0.119251400     -0.138783440    
   13.0000000       400.000000       3.97699885E-02   3.56905532      0.159014776       4.45482790E-10  -1.34417918E-04  0.146946520      -3.81872058E-03 -0.516026437      0.119099103     -0.131495371    
   2.00000000       400.000000       3.99327539E-02   3.60901117      0.158509538       4.39164094E-10  -1.14808005E-04  0.144547924       2.67682574E-03 -0.521130264      0.119206227     -0.124493919    
   3.00000000       400.000000       4.01016437E-02   3.64905024      0.157915115       4.32718583E-10  -1.28711865E-04  0.142203063       6.86114747E-03 -0.525990009      0.119481526     -0.119057260    
   4.00000000       400.000000       4.02740240E-02   3.68916464      0.157282084       4.26289115E-10  -1.63034405E-04  0.139909580       7.03545148E-03 -0.530699551      0.119764797     -0.115415581    
   5.00000000       400.000000       4.04453352E-02   3.72949243      0.156642079       4.19960011E-10  -2.05321019E-04  0.137663648       4.74628853E-03 -0.535306573      0.119956695     -0.112762794    
   6.00000000       400.000000       4.06209007E-02   3.77015471      0.156011999       4.13774320E-10  -2.54619867E-04  0.135468155       3.00344662E-03 -0.539841115      0.120078735     -0.111171186    
   7.00000000       400.000000       4.08019014E-02   3.81062984      0.155412093       4.07780060E-10  -3.07629234E-04  0.133319035       3.19831655E-03 -0.544359386      0.120209381     -0.110244118    
   8.00000000       400.000000       4.09835242E-02   3.85157919      0.154841065       4.01967515E-10  -3.56114731E-04  0.131215185       5.05152112E-03 -0.548858345      0.120416284     -0.109958902    
   9.00000000       400.000000       4.11677249E-02   3.89264297      0.154316306       3.96378708E-10  -3.97248135E-04  0.129156351       7.16482056E-03 -0.553391755      0.120711252     -0.111142032    
   10.0000000       800.000000       4.13518026E-02   3.93391180      0.153854579       3.91048166E-10  -4.23206453E-04  0.127140880       7.73008214E-03 -0.558028579      0.121030927     -0.112804137    
   11.0000000       800.000000       4.15420607E-02   3.97551847      0.153439522       3.85927512E-10  -4.38272924E-04  0.125164881       6.31638290E-03 -0.562743187      0.121293426     -0.114213280    
   12.0000000       800.000000       4.17331755E-02   4.01692963      0.153068617       3.81003007E-10  -4.40889387E-04  0.123234689       3.82368080E-03 -0.567540288      0.121452726     -0.115671791    
   13.0000000       800.000000       4.19295840E-02   4.05884504      0.152732506       3.76248449E-10  -4.34245041E-04  0.121342652       1.80807116E-03 -0.572420061      0.121528767     -0.116833963    
   2.00000000       800.000000       4.21275869E-02   4.10084629      0.152417436       3.71625036E-10  -4.19154327E-04  0.119488373       1.27318769E-03 -0.577361286      0.121582255     -0.117581941    
   3.00000000       800.000000       4.23264094E-02   4.14324856      0.152115270       3.67107789E-10  -3.98659002E-04  0.117677629       1.85154181E-03 -0.582349956      0.121660553     -0.117980875    
   4.00000000       800.000000       4.25276794E-02   4.18554831      0.151818871       3.62678360E-10  -3.74591385E-04  0.115901060       2.44018296E-03 -0.587371528      0.121764533     -0.118011147    
   5.00000000       800.000000       4.27326299E-02   4.22826385      0.151522338       3.58320984E-10  -3.48484318E-04  0.114158042       2.33708788E-03 -0.592412412      0.121864289     -0.117723092    
   6.00000000       800.000000       4.29400988E-02   4.27117634      0.151222348       3.54024754E-10  -3.21605301E-04  0.112454437       1.87612500E-03 -0.597458065      0.121945128     -0.117181048    
   7.00000000       800.000000       4.31519486E-02   4.31416321      0.150915399       3.49780982E-10  -2.94949510E-04  0.110780403       1.53826480E-03 -0.602499366      0.122011304     -0.116392314    
   8.00000000       800.000000       4.33655083E-02   4.35740662      0.150597334       3.45578205E-10  -2.70029006E-04  0.109139666       1.09603291E-03 -0.607527852      0.122058980     -0.115501150    
   9.00000000       800.000000       4.35808785E-02   4.40067959      0.150270835       3.41423168E-10  -2.47269491E-04  0.107531801       4.36530187E-04 -0.612543106      0.122077808     -0.114565894    
   10.0000000       800.000000       4.38009016E-02   4.44439697      0.149936110       3.37313122E-10  -2.26128104E-04  0.105958581       2.74560676E-04 -0.617538512      0.122089811     -0.113493204    
   11.0000000       800.000000       4.40220647E-02   4.48833799      0.149591461       3.33244821E-10  -2.06761339E-04  0.104411878       4.99790825E-04 -0.622510970      0.122111976     -0.112272047    
   12.0000000       800.000000       4.42490242E-02   4.53246212      0.149235934       3.29217098E-10  -1.89457118E-04  0.102895841       4.28671454E-04 -0.627449036      0.122130759     -0.111010596    
   13.0000000       800.000000       4.44775447E-02   4.57707596      0.148873746       3.25234534E-10  -1.74013359E-04  0.101410501      -7.53837885E-05 -0.632360101      0.122127451     -0.109682627    
   2.00000000       800.000000       4.47068773E-02   4.62136841      0.148502454       3.21293214E-10  -1.60090873E-04   9.99485254E-02  -7.22784258E-04 -0.637230396      0.122095041     -0.108387157    
   3.00000000       800.000000       4.49385233E-02   4.66624355      0.148125470       3.17398996E-10  -1.47716870E-04   9.85160396E-02  -9.00791783E-04 -0.642076492      0.122054726     -0.107132927    
   4.00000000       800.000000       4.51754220E-02   4.71121693      0.147740990       3.13547216E-10  -1.36467643E-04   9.71104354E-02  -3.58328747E-04 -0.646885276      0.122038521     -0.105962694    
   5.00000000       800.000000       4.54156250E-02   4.75678205      0.147352219       3.09744425E-10  -1.26888292E-04   9.57332775E-02   1.46709019E-04 -0.651675224      0.122045062     -0.104781486    
   6.00000000       800.000000       4.56556603E-02   4.80203438      0.146955729       3.05982600E-10  -1.18153504E-04   9.43759903E-02  -1.06492436E-04 -0.656427503      0.122040376     -0.103682585    
   7.00000000       800.000000       4.59001064E-02   4.84787893      0.146557763       3.02271902E-10  -1.11423811E-04   9.30478349E-02  -5.93531993E-04 -0.661167562      0.122013092     -0.102688745    
   8.00000000       800.000000       4.61495221E-02   4.89382601      0.146154135       2.98605196E-10  -1.04524275E-04   9.17387903E-02  -5.66205883E-04 -0.665880501      0.121987052     -0.101839833    
   9.00000000       800.000000       4.64015417E-02   4.94037914      0.145752087       2.94994279E-10  -9.91737470E-05   9.04560983E-02  -1.76714893E-04 -0.670593560      0.121978618     -0.101091728    
   10.0000000       800.000000       4.66544069E-02   4.98703766      0.145346314       2.91428298E-10  -9.34946220E-05   8.91960561E-02  -6.17679179E-05 -0.675287545      0.121975802     -0.100257598    
   11.0000000       800.000000       4.69110720E-02   5.03345490      0.144940212       2.87912250E-10  -8.88531213E-05   8.79561231E-02  -3.71215458E-04 -0.679973483      0.121958442      -9.94490460E-02
   12.0000000       800.000000       4.71705161E-02   5.08080530      0.144532263       2.84444718E-10  -8.41316651E-05   8.67410079E-02  -5.04903146E-04 -0.684643745      0.121934496      -9.86168757E-02
   13.0000000       800.000000       4.74330559E-02   5.12793064      0.144124091       2.81025481E-10  -8.01957649E-05   8.55436102E-02  -1.49538362E-04 -0.689304769      0.121927671      -9.77886468E-02
   2.00000000       800.000000       4.76989783E-02   5.17558718      0.143714115       2.77650097E-10  -7.68432728E-05   8.43684822E-02   1.54775684E-04 -0.693946838      0.121934868      -9.68876332E-02
   3.00000000       800.000000       4.79672700E-02   5.22343826      0.143302709       2.74319983E-10  -7.46177102E-05   8.32140446E-02   6.83079779E-05 -0.698572040      0.121938162      -9.60236937E-02
   4.00000000       800.000000       4.82396744E-02   5.27148342      0.142890528       2.71034306E-10  -7.31056061E-05   8.20785239E-02   2.53041571E-06 -0.703184485      0.121938355      -9.52544287E-02
   5.00000000       800.000000       4.85143214E-02   5.32006216      0.142478928       2.67796368E-10  -7.22128025E-05   8.09634477E-02   1.92908730E-04 -0.707789302      0.121947683      -9.45349187E-02
   6.00000000       800.000000       4.87925000E-02   5.36836243      0.142067909       2.64603395E-10  -7.16874420E-05   7.98651427E-02   3.38672922E-04 -0.712383568      0.121964030      -9.38408077E-02
   7.00000000       800.000000       4.90735136E-02   5.41723442      0.141657561       2.61456051E-10  -7.16205250E-05   7.87847042E-02   2.78047053E-04 -0.716972351      0.121977895      -9.31644887E-02
   8.00000000       800.000000       4.93605398E-02   5.46674824      0.141248330       2.58353811E-10  -7.16772920E-05   7.77271241E-02   2.77872634E-04 -0.721553862      0.121991523      -9.24890935E-02
   9.00000000       800.000000       4.96459454E-02   5.51635075      0.140840292       2.55295868E-10  -7.19147865E-05   7.66794831E-02   4.52139939E-04 -0.726130545      0.122013979      -9.17987898E-02
   10.0000000       800.000000       4.99367975E-02   5.56616688      0.140432253       2.52279114E-10  -7.22942277E-05   7.56538287E-02   5.50063676E-04 -0.730696142      0.122041412      -9.10865664E-02
   11.0000000       800.000000       5.02316244E-02   5.61612844      0.140025407       2.49304744E-10  -7.28096566E-05   7.46458918E-02   5.07437100E-04 -0.735253274      0.122066781      -9.04024690E-02
   12.0000000       800.000000       5.05279116E-02   5.66623640      0.139619023       2.46371340E-10  -7.31533582E-05   7.36533329E-02   5.34554129E-04 -0.739803851      0.122093953      -8.97329375E-02
   13.0000000       800.000000       5.08273505E-02   5.71697474      0.139213994       2.43478876E-10  -7.32238404E-05   7.26759359E-02   6.06267888E-04 -0.744349360      0.122124918      -8.90638754E-02
   2.00000000       800.000000       5.11321910E-02   5.76780939      0.138809130       2.40625214E-10  -7.30229731E-05   7.17139244E-02   5.79737010E-04 -0.748884618      0.122154430      -8.84058550E-02
   3.00000000       800.000000       5.14377542E-02   5.81939650      0.138404638       2.37809522E-10  -7.25586287E-05   7.07674548E-02   5.16935368E-04 -0.753416002      0.122180864      -8.77610892E-02
   4.00000000       800.000000       5.17485440E-02   5.87104797      0.138000190       2.35030828E-10  -7.18710871E-05   6.98362067E-02   5.14438841E-04 -0.757942319      0.122207694      -8.71003941E-02
   5.00000000       800.000000       5.20629622E-02   5.92277527      0.137594894       2.32287092E-10  -7.10699023E-05   6.89198524E-02   5.00267604E-04 -0.762458444      0.122233562      -8.64273608E-02
   6.00000000       800.000000       5.23787588E-02   5.97483015      0.137188435       2.29576289E-10  -7.01960307E-05   6.80154637E-02   4.29828709E-04 -0.766968012      0.122255981      -8.57654959E-02
   7.00000000       800.000000       5.26992045E-02   6.02751064      0.136780769       2.26899430E-10  -6.91896348E-05   6.71275407E-02   3.87253443E-04 -0.771469712      0.122276366      -8.51193145E-02
   8.00000000       800.000000       5.30240014E-02   6.08028364      0.136371896       2.24254754E-10  -6.80178273E-05   6.62538633E-02   3.61796643E-04 -0.775966942      0.122295722      -8.44649002E-02
   9.00000000       800.000000       5.33496812E-02   6.13364077      0.135961726       2.21641455E-10  -6.67503627E-05   6.53951243E-02   2.95606937E-04 -0.780455232      0.122311614      -8.37908462E-02
   10.0000000       800.000000       5.36804311E-02   6.18732548      0.135549918       2.19058396E-10  -6.54690957E-05   6.45454451E-02   2.14736516E-04 -0.784934402      0.122322991      -8.31132010E-02
   11.0000000       800.000000       5.40157408E-02   6.24103832      0.135136276       2.16505786E-10  -6.42500963E-05   6.37105405E-02   1.49831816E-04 -0.789406657      0.122331321      -8.24309438E-02
   12.0000000       800.000000       5.43518029E-02   6.29508209      0.134720787       2.13982346E-10  -6.31695511E-05   6.28922805E-02   8.43358357E-05 -0.793868005      0.122335725      -8.17569718E-02
   13.0000000       800.000000       5.46922497E-02   6.34962225      0.134304464       2.11489146E-10  -6.21832878E-05   6.20834082E-02   2.61998357E-05 -0.798320651      0.122337043      -8.11079219E-02
   2.00000000       800.000000       5.50380871E-02   6.40445566      0.133886889       2.09025811E-10  -6.12141012E-05   6.12842105E-02  -1.42663666E-05 -0.802766383      0.122336514      -8.04725662E-02
   3.00000000       800.000000       5.53847216E-02   6.45976830      0.133468226       2.06591494E-10  -6.02517539E-05   6.05010800E-02  -5.82089961E-05 -0.807206273      0.122333132      -7.98439309E-02
   4.00000000       800.000000       5.57359010E-02   6.51546860      0.133049354       2.04186265E-10  -5.92269716E-05   5.97272441E-02  -1.02975646E-04 -0.811641455      0.122327432      -7.92077854E-02
   5.00000000       800.000000       5.60912378E-02   6.57112312      0.132629126       2.01810541E-10  -5.81163913E-05   5.89652918E-02  -1.43304715E-04 -0.816066027      0.122319415      -7.85584003E-02
   6.00000000       800.000000       5.64479530E-02   6.62756824      0.132208362       1.99462002E-10  -5.69486619E-05   5.82152158E-02  -1.76217538E-04 -0.820481956      0.122309305      -7.79001638E-02
   7.00000000       800.000000       5.68098128E-02   6.68420267      0.131786972       1.97141165E-10  -5.57425410E-05   5.74787483E-02  -1.97595742E-04 -0.824888051      0.122298300      -7.72326738E-02
   8.00000000       800.000000       5.71758151E-02   6.74102211      0.131364003       1.94847430E-10  -5.45541698E-05   5.67480400E-02  -2.05863951E-04 -0.829285264      0.122286476      -7.65587166E-02
   9.00000000       800.000000       5.75454868E-02   6.79867172      0.130939633       1.92579272E-10  -5.33932143E-05   5.60306609E-02  -2.11794133E-04 -0.833670497      0.122274309      -7.58685619E-02
   10.0000000       800.000000       5.79212233E-02   6.85620070      0.130513534       1.90336497E-10  -5.22894807E-05   5.53255156E-02  -2.13526131E-04 -0.838044524      0.122261994      -7.51643553E-02
   11.0000000       800.000000       5.82982525E-02   6.91421032      0.130085647       1.88118410E-10  -5.12948318E-05   5.46269342E-02  -2.10871483E-04 -0.842407286      0.122249596      -7.44572878E-02
   12.0000000       800.000000       5.86755127E-02   6.97270107      0.129656136       1.85923915E-10  -5.04048767E-05   5.39403073E-02  -2.04122756E-04 -0.846754014      0.122237682      -7.37446547E-02
   13.0000000       800.000000       5.90622984E-02   7.03143930      0.129224658       1.83754081E-10  -4.96419671E-05   5.32651879E-02  -1.90099454E-04 -0.851089299      0.122226432      -7.30308518E-02
   2.00000000       800.000000       5.94485030E-02   7.09108067      0.128791556       1.81606855E-10  -4.90142120E-05   5.25971204E-02  -1.72105021E-04 -0.855409682      0.122216336      -7.23166615E-02
   3.00000000       800.000000       5.98436110E-02   7.15043688      0.128355667       1.79483720E-10  -4.85257697E-05   5.19407503E-02  -1.52012421E-04 -0.859715402      0.122207023      -7.16024041E-02
   4.00000000       800.000000       6.02373928E-02   7.21079636      0.127918139       1.77382345E-10  -4.81985408E-05   5.12911007E-02  -1.30612359E-04 -0.864006937      0.122199200      -7.08956122E-02
   5.00000000       800.000000       6.06374219E-02   7.27131176      0.127478555       1.75303563E-10  -4.80110975E-05   5.06531782E-02  -1.08567758E-04 -0.868285716      0.122192517      -7.01968968E-02
   6.00000000       800.000000       6.10392392E-02   7.33202028      0.127036855       1.73246986E-10  -4.79386836E-05   5.00233769E-02  -8.57595296E-05 -0.872548521      0.122187480      -6.95073977E-02
   7.00000000       800.000000       6.14471473E-02   7.39313030      0.126594216       1.71212489E-10  -4.79669325E-05   4.94020283E-02  -6.23158194E-05 -0.876797616      0.122183859      -6.88380748E-02
   8.00000000       800.000000       6.18590638E-02   7.45494413      0.126149923       1.69200390E-10  -4.80445960E-05   4.87889946E-02  -3.93782175E-05 -0.881037593      0.122181237      -6.81979954E-02
   9.00000000       800.000000       6.22721761E-02   7.51700449      0.125704825       1.67211925E-10  -4.81013958E-05   4.81868908E-02  -1.74275810E-05 -0.885266542      0.122180082      -6.75843582E-02
   10.0000000       800.000000       6.26941621E-02   7.57950735      0.125259474       1.65245720E-10  -4.80810559E-05   4.75915223E-02   2.76457331E-06 -0.889481544      0.122180291      -6.69871345E-02
   11.0000000       800.000000       6.31151870E-02   7.64244461      0.124813199       1.63301442E-10  -4.79625814E-05   4.70036119E-02   2.14934589E-05 -0.893690944      0.122181550      -6.64020553E-02
   12.0000000       800.000000       6.35424033E-02   7.70559978      0.124367230       1.61380700E-10  -4.77371432E-05   4.64241169E-02   3.84069826E-05 -0.897892833      0.122183755      -6.58225194E-02
   13.0000000       800.000000       6.39760271E-02   7.76949692      0.123920560       1.59481872E-10  -4.74060907E-05   4.58526984E-02   5.33858329E-05 -0.902088225      0.122187369      -6.52411580E-02
   2.00000000       800.000000       6.44085407E-02   7.83382225      0.123473711       1.57604527E-10  -4.69962142E-05   4.52887453E-02   6.63885803E-05 -0.906271815      0.122191824      -6.46545291E-02
   3.00000000       800.000000       6.48498610E-02   7.89831066      0.123026542       1.55748262E-10  -4.65370649E-05   4.47332002E-02   7.71048144E-05 -0.910444975      0.122196585      -6.40595853E-02
   4.00000000       800.000000       6.52926117E-02   7.96304750      0.122578174       1.53912869E-10  -4.60739429E-05   4.41876948E-02   8.56688202E-05 -0.914607167      0.122202270      -6.34519532E-02
   5.00000000       800.000000       6.57397360E-02   8.02879810      0.122128919       1.52097279E-10  -4.56642701E-05   4.36464176E-02   9.20984676E-05 -0.918759048      0.122208312      -6.28284216E-02
   6.00000000       800.000000       6.61928579E-02   8.09504509      0.121678531       1.50301702E-10  -4.53400426E-05   4.31132503E-02   9.64224018E-05 -0.922896147      0.122214608      -6.21941425E-02
   7.00000000       800.000000       6.66503683E-02   8.16145802      0.121227317       1.48525803E-10  -4.51011911E-05   4.25871089E-02   9.87423045E-05 -0.927018821      0.122221388      -6.15571588E-02
   8.00000000       800.000000       6.71091229E-02   8.22835445      0.120774791       1.46768556E-10  -4.49272484E-05   4.20682058E-02   9.91423803E-05 -0.931130469      0.122228086      -6.09241091E-02
   9.00000000       800.000000       6.75772652E-02   8.29508305      0.120320916       1.45029697E-10  -4.47721868E-05   4.15563881E-02   9.77722884E-05 -0.935224950      0.122234762      -6.02998286E-02
   10.0000000       800.000000       6.80434331E-02   8.36327362      0.119866066       1.43310183E-10  -4.45826736E-05   4.10518087E-02   9.47979861E-05 -0.939306557      0.122241020      -5.96861318E-02
   11.0000000       800.000000       6.85164854E-02   8.43160915      0.119410522       1.41609349E-10  -4.43138488E-05   4.05507125E-02   9.03949840E-05 -0.943376780      0.122247234      -5.90789430E-02
   12.0000000       800.000000       6.89990669E-02   8.50011826      0.118953936       1.39926931E-10  -4.39453906E-05   4.00609560E-02   8.47357587E-05 -0.947430491      0.122252978      -5.84721565E-02
   13.0000000       800.000000       6.94770738E-02   8.56972027      0.118496478       1.38262471E-10  -4.34880603E-05   3.95740569E-02   7.79902111E-05 -0.951473296      0.122258730      -5.78587614E-02
   2.00000000       800.000000       6.99650571E-02   8.63913631      0.118037611       1.36615705E-10  -4.29778956E-05   3.90948392E-02   7.03342521E-05 -0.955497205      0.122263283      -5.72345518E-02
   3.00000000       800.000000       7.04544336E-02   8.70913506      0.117577657       1.34986355E-10  -4.24610807E-05   3.86220254E-02   6.19473140E-05 -0.959509909      0.122267887      -5.65996841E-02
   4.00000000       800.000000       7.09533468E-02   8.77987480      0.117116600       1.33374048E-10  -4.19780154E-05   3.81562598E-02   5.30182588E-05 -0.963502944      0.122271538      -5.59583642E-02
   5.00000000       800.000000       7.14557767E-02   8.85152435      0.116653748       1.31777575E-10  -4.15531686E-05   3.76968309E-02   4.37352464E-05 -0.967476964      0.122274570      -5.53161614E-02
   6.00000000       800.000000       7.19595850E-02   8.92326069      0.116189338       1.30198949E-10  -4.11904293E-05   3.72412093E-02   3.42872590E-05 -0.971434891      0.122277036      -5.46791591E-02
   7.00000000       800.000000       7.24673644E-02   8.99552822      0.115723863       1.28636282E-10  -4.08767628E-05   3.67948413E-02   2.48524120E-05 -0.975378394      0.122278951      -5.40519319E-02
   8.00000000       800.000000       7.29827210E-02   9.06822109      0.115256652       1.27089395E-10  -4.05861756E-05   3.63523215E-02   1.55970465E-05 -0.979300320      0.122280240      -5.34369387E-02
   9.00000000       800.000000       7.35015273E-02   9.14107132      0.114789523       1.25559355E-10  -4.02895712E-05   3.59137766E-02   6.67481436E-06 -0.983206153      0.122280546      -5.28349876E-02
   10.0000000       800.000000       7.40236938E-02   9.21487141      0.114320487       1.24045982E-10  -3.99648015E-05   3.54842506E-02  -1.77990694E-06 -0.987092793      0.122280456      -5.22445999E-02
   11.0000000       800.000000       7.45541826E-02   9.28909588      0.113851011       1.22548846E-10  -3.95938841E-05   3.50575335E-02  -9.64936498E-06 -0.990965962      0.122279622      -5.16605228E-02
   12.0000000       800.000000       7.50876293E-02   9.36382198      0.113381207       1.21067725E-10  -3.91682806E-05   3.46375965E-02  -1.68281713E-05 -0.994821966      0.122278318      -5.10772616E-02
   13.0000000       800.000000       7.56227747E-02   9.43945217      0.112910286       1.19602481E-10  -3.86954744E-05   3.42247412E-02  -2.32209786E-05 -0.998663545      0.122276612      -5.04904427E-02
   2.00000000       800.000000       7.61684179E-02   9.51551723      0.112439074       1.18153154E-10  -3.82004000E-05   3.38136181E-02  -2.87562652E-05  -1.00248671      0.122274250      -4.98965569E-02
   3.00000000       800.000000       7.67170042E-02   9.59179592      0.111966617       1.16719356E-10  -3.77224096E-05   3.34095769E-02  -3.33821299E-05  -1.00629258      0.122271962      -4.92912903E-02
   4.00000000       800.000000       7.72694573E-02   9.66848755      0.111493327       1.15300602E-10  -3.73005023E-05   3.30118984E-02  -3.70673224E-05  -1.01007843      0.122269057      -4.86727543E-02
   5.00000000       800.000000       7.78230131E-02   9.74612713      0.111018904       1.13896170E-10  -3.69406407E-05   3.26162539E-02  -3.97941658E-05  -1.01384091      0.122265942      -4.80478220E-02
   6.00000000       800.000000       7.83851892E-02   9.82425022      0.110543519       1.12506775E-10  -3.66300956E-05   3.22273113E-02  -4.15686809E-05  -1.01758158      0.122262694      -4.74221073E-02
   7.00000000       800.000000       7.89523125E-02   9.90284920      0.110066377       1.11132041E-10  -3.63627041E-05   3.18449587E-02  -4.24269492E-05  -1.02129865      0.122259311      -4.67988178E-02
   8.00000000       800.000000       7.95280412E-02   9.98241329      0.109588757       1.09771206E-10  -3.61087659E-05   3.14642452E-02  -4.24087557E-05  -1.02499795      0.122255832      -4.61812913E-02
   9.00000000       800.000000       8.01055804E-02   10.0623922      0.109110177       1.08424512E-10  -3.58246652E-05   3.10902838E-02  -4.15708382E-05  -1.02867424      0.122252576      -4.55695987E-02
   10.0000000       800.000000       8.06882754E-02   10.1425762      0.108630344       1.07092148E-10  -3.54901276E-05   3.07215508E-02  -3.99831988E-05  -1.03232336      0.122249350      -4.49585691E-02
   11.0000000       800.000000       8.12722519E-02   10.2231703      0.108149305       1.05773640E-10  -3.51120725E-05   3.03569026E-02  -3.77257529E-05  -1.03595293      0.122246370      -4.43414375E-02
   12.0000000       800.000000       8.18665698E-02   10.3048105      0.107667215       1.04468718E-10  -3.47193600E-05   2.99965739E-02  -3.48855174E-05  -1.03956449      0.122243613      -4.37151790E-02
   13.0000000       800.000000       8.24698508E-02   10.3871059      0.107183889       1.03176745E-10  -3.43471511E-05   2.96401903E-02  -3.15548677E-05  -1.04313660      0.122240767      -4.30807173E-02
   2.00000000       800.000000       8.30690786E-02   10.4702911      0.106699117       1.01898226E-10  -3.40194892E-05   2.92891059E-02  -2.78302850E-05  -1.04669404      0.122238681      -4.24441509E-02
   3.00000000       800.000000       8.36792067E-02   10.5531397      0.106213011       1.00633099E-10  -3.37342935E-05   2.89409719E-02  -2.38102930E-05  -1.05021894      0.122236580      -4.18127775E-02
   4.00000000       800.000000       8.42924491E-02   10.6371202      0.105725974       9.93803650E-11  -3.34687938E-05   2.85997577E-02  -1.95932680E-05  -1.05371308      0.122234978      -4.11923006E-02
   5.00000000       800.000000       8.49149227E-02   10.7222576      0.105237715       9.81407663E-11  -3.31894698E-05   2.82598194E-02  -1.52750181E-05  -1.05718815      0.122233421      -4.05835100E-02
   6.00000000       800.000000       8.55400413E-02   10.8070173      0.104748391       9.69142128E-11  -3.28709757E-05   2.79259067E-02  -1.09473094E-05  -1.06063354      0.122232787      -3.99828218E-02
   7.00000000       800.000000       8.61672983E-02   10.8929453      0.104258321       9.57006141E-11  -3.25077963E-05   2.75955573E-02  -6.69545079E-06  -1.06405234      0.122232191      -3.93845811E-02
   8.00000000       800.000000       8.68062824E-02   10.9799843      0.103767656       9.44991793E-11  -3.21129301E-05   2.72697397E-02  -2.59706940E-06  -1.06744277      0.122231863      -3.87837887E-02
   9.00000000       800.000000       8.74475688E-02   11.0664978      0.103275739       9.33112268E-11  -3.17118975E-05   2.69471910E-02   1.27843600E-06  -1.07081079      0.122232065      -3.81790288E-02
   10.0000000       800.000000       8.80924463E-02   11.1543617      0.102782421       9.21352925E-11  -3.13264682E-05   2.66294628E-02   4.87009447E-06  -1.07414746      0.122232318      -3.75712961E-02
   11.0000000       800.000000       8.87458175E-02   11.2425718      0.102289103       9.09713554E-11  -3.09660318E-05   2.63145454E-02   8.12628605E-06  -1.07745254      0.122233182      -3.69645581E-02
   12.0000000       800.000000       8.94047245E-02   11.3320246      0.101794422       8.98195199E-11  -3.06216607E-05   2.60055214E-02   1.10064493E-05  -1.08073246      0.122234263      -3.63625586E-02
   13.0000000       800.000000       9.00711343E-02   11.4218473      0.101298645       8.86800217E-11  -3.02748576E-05   2.56986078E-02   1.34820511E-05  -1.08398139      0.122235410      -3.57665829E-02
   2.00000000       800.000000       9.07422155E-02   11.5118284      0.100801781       8.75528886E-11  -2.99074309E-05   2.53957994E-02   1.55352900E-05  -1.08720624      0.122236796      -3.51745188E-02
   3.00000000       800.000000       9.14164707E-02   11.6033077      0.100305133       8.64363789E-11  -2.95082609E-05   2.50966568E-02   1.71568736E-05  -1.09039259      0.122238271      -3.45828794E-02
   4.00000000       800.000000       9.20993984E-02   11.6952047       9.98068750E-02   8.53331919E-11  -2.90787721E-05   2.48023495E-02   1.83474567E-05  -1.09354341      0.122240126      -3.39874923E-02
   5.00000000       800.000000       9.27866399E-02   11.7873383       9.93079841E-02   8.42414818E-11  -2.86329887E-05   2.45099366E-02   1.91173913E-05  -1.09667301      0.122241728      -3.33862044E-02
   6.00000000       800.000000       9.34779644E-02   11.8806105       9.88089368E-02   8.31602287E-11  -2.81883185E-05   2.42208056E-02   1.94842869E-05  -1.09976017      0.122243591      -3.27783003E-02
   7.00000000       800.000000       9.41774696E-02   11.9743528       9.83078480E-02   8.20897239E-11  -2.77552499E-05   2.39366386E-02   1.94709191E-05  -1.10282493      0.122245394      -3.21661048E-02
   8.00000000       800.000000       9.48819369E-02   12.0688763       9.78069976E-02   8.10317161E-11  -2.73338810E-05   2.36553568E-02   1.91057206E-05  -1.10584486      0.122247130      -3.15529108E-02
   9.00000000       800.000000       9.55979601E-02   12.1640635       9.73042101E-02   7.99838945E-11  -2.69150914E-05   2.33767629E-02   1.84217733E-05  -1.10882854      0.122248970      -3.09412181E-02
   10.0000000       800.000000       9.63135287E-02   12.2600622       9.68004540E-02   7.89471266E-11  -2.64870869E-05   2.31024697E-02   1.74557645E-05  -1.11177802      0.122250736      -3.03314012E-02
   11.0000000       800.000000       9.70358253E-02   12.3568468       9.62948501E-02   7.79210863E-11  -2.60438155E-05   2.28313934E-02   1.62465803E-05  -1.11469567      0.122252449      -2.97214184E-02
   12.0000000       800.000000       9.77677032E-02   12.4544106       9.57897976E-02   7.69055236E-11  -2.55885370E-05   2.25637127E-02   1.48343606E-05  -1.11757827      0.122253805      -2.91097369E-02
   13.0000000       800.000000       9.85076427E-02   12.5523767       9.52822790E-02   7.59008759E-11  -2.51314486E-05   2.22998206E-02   1.32596342E-05  -1.12040353      0.122255176      -2.84962393E-02
   2.00000000       800.000000       9.92456749E-02   12.6510534       9.47757438E-02   7.49064699E-11  -2.46825493E-05   2.20376290E-02   1.15625644E-05  -1.12322021      0.122256249      -2.78822929E-02
   3.00000000       800.000000       9.99961421E-02   12.7503929       9.42661837E-02   7.39211331E-11  -2.42455953E-05   2.17788871E-02   9.78290882E-06  -1.12596858      0.122257173      -2.72702053E-02
   4.00000000       800.000000      0.100751281       12.8514633       9.37557817E-02   7.29475647E-11  -2.38174398E-05   2.15232875E-02   7.95877258E-06  -1.12868214      0.122257948      -2.66624168E-02
   5.00000000       800.000000      0.101513669       12.9527330       9.32439268E-02   7.19834886E-11  -2.33917926E-05   2.12712474E-02   6.12632994E-06  -1.13136041      0.122258492      -2.60592569E-02
   6.00000000       800.000000      0.102282949       13.0543804       9.27345306E-02   7.10299250E-11  -2.29638372E-05   2.10227501E-02   4.31904846E-06  -1.13400376      0.122259073      -2.54601445E-02
   7.00000000       800.000000      0.103057869       13.1565609       9.22216251E-02   7.00853958E-11  -2.25313051E-05   2.07757615E-02   2.56695330E-06  -1.13658071      0.122259423      -2.48643011E-02
   8.00000000       800.000000      0.103839546       13.2604132       9.17064697E-02   6.91519342E-11  -2.20938946E-05   2.05336604E-02   8.96766267E-07  -1.13914466      0.122259349      -2.42712982E-02
   9.00000000       800.000000      0.104626514       13.3645535       9.11927372E-02   6.82278886E-11  -2.16504704E-05   2.02933010E-02  -6.68376458E-07  -1.14164734      0.122259259      -2.36811060E-02
   10.0000000       800.000000      0.105420068       13.4691267       9.06778052E-02   6.73128844E-11  -2.11972765E-05   2.00547185E-02  -2.10921735E-06  -1.14411330      0.122259036      -2.30932664E-02
   11.0000000       800.000000      0.106228657       13.5754204       9.01624113E-02   6.64092739E-11  -2.07292578E-05   1.98209733E-02  -3.41045939E-06  -1.14653540      0.122258738      -2.25083102E-02
   12.0000000       800.000000      0.107034281       13.6821260       8.96460265E-02   6.55141566E-11  -2.02490028E-05   1.95885245E-02  -4.55901272E-06  -1.14891517      0.122258261      -2.19223890E-02
   13.0000000       800.000000      0.107849084       13.7891541       8.91288891E-02   6.46279766E-11  -1.97743066E-05   1.93596035E-02  -5.54559574E-06  -1.15124762      0.122257791      -2.13330965E-02
   2.00000000       800.000000      0.108672515       13.8981247       8.86112079E-02   6.37523020E-11  -1.93155083E-05   1.91337094E-02  -6.36677214E-06  -1.15352941      0.122257009      -2.07407065E-02
   3.00000000       800.000000      0.109497771       14.0066690       8.80926549E-02   6.28853011E-11  -1.88775393E-05   1.89095065E-02  -7.01951740E-06  -1.15576315      0.122256085      -2.01479588E-02
   4.00000000       800.000000      0.110339761       14.1170921       8.75729993E-02   6.20275220E-11  -1.84590972E-05   1.86884087E-02  -7.50459776E-06  -1.15795457      0.122255400      -1.95561815E-02
   5.00000000       800.000000      0.111177742       14.2269335       8.70522186E-02   6.11791867E-11  -1.80469215E-05   1.84706990E-02  -7.82432380E-06  -1.16010690      0.122254588      -1.89669039E-02
   6.00000000       800.000000      0.112030037       14.3394938       8.65309760E-02   6.03394279E-11  -1.76303274E-05   1.82542149E-02  -7.98477959E-06  -1.16219461      0.122253641      -1.83802880E-02
   7.00000000       800.000000      0.112885214       14.4517355       8.60091150E-02   5.95094876E-11  -1.72092896E-05   1.80407763E-02  -7.99708596E-06  -1.16424334      0.122252770      -1.77930929E-02
   8.00000000       800.000000      0.113750286       14.5650282       8.54868740E-02   5.86876103E-11  -1.67853996E-05   1.78301632E-02  -7.87037970E-06  -1.16623271      0.122251973      -1.72060970E-02
   9.00000000       800.000000      0.114624061       14.6793976       8.49635527E-02   5.78747918E-11  -1.63525165E-05   1.76228154E-02  -7.61638648E-06  -1.16817331      0.122250997      -1.66204497E-02
   10.0000000       800.000000      0.115506783       14.7940674       8.44397768E-02   5.70703138E-11  -1.59086358E-05   1.74169727E-02  -7.24825031E-06  -1.17005026      0.122250192      -1.60360169E-02
   11.0000000       800.000000      0.116393380       14.9101496       8.39151442E-02   5.62747349E-11  -1.54525496E-05   1.72129497E-02  -6.77991602E-06  -1.17188632      0.122249164      -1.54526122E-02
   12.0000000       800.000000      0.117281690       15.0272551       8.33898336E-02   5.54876284E-11  -1.49836860E-05   1.70126334E-02  -6.22587731E-06  -1.17366266      0.122248575      -1.48702282E-02
   13.0000000       800.000000      0.118191823       15.1445360       8.28636810E-02   5.47091608E-11  -1.45053637E-05   1.68142058E-02  -5.60080070E-06  -1.17538619      0.122248091      -1.42880529E-02
   2.00000000       800.000000      0.119099334       15.2630339       8.23368356E-02   5.39385689E-11  -1.40244019E-05   1.66171119E-02  -4.91973469E-06  -1.17705667      0.122247368      -1.37059120E-02
   3.00000000       800.000000      0.120015435       15.3828135       8.18094909E-02   5.31769941E-11  -1.35475002E-05   1.64234322E-02  -4.19786375E-06  -1.17866242      0.122246929      -1.31239798E-02
   4.00000000       800.000000      0.120940529       15.5036430       8.12814161E-02   5.24230381E-11  -1.30789440E-05   1.62317771E-02  -3.45035187E-06  -1.18021607      0.122246295      -1.25440294E-02
   5.00000000       800.000000      0.121867239       15.6249332       8.07524398E-02   5.16766942E-11  -1.26192235E-05   1.60433482E-02  -2.69199450E-06  -1.18171048      0.122246258      -1.19668627E-02
   6.00000000       800.000000      0.122810721       15.7464323       8.02227184E-02   5.09390169E-11  -1.21660787E-05   1.58551466E-02  -1.93702749E-06  -1.18314075      0.122245908      -1.13937687E-02
   7.00000000       800.000000      0.123757191       15.8707790       7.96926618E-02   5.02096247E-11  -1.17146201E-05   1.56707708E-02  -1.19852677E-06  -1.18452179      0.122245587      -1.08242771E-02
   8.00000000       800.000000      0.124716990       15.9948425       7.91622549E-02   4.94876813E-11  -1.12585894E-05   1.54876914E-02  -4.88317880E-07  -1.18583059      0.122245409      -1.02592427E-02
   9.00000000       800.000000      0.125679165       16.1200333       7.86308944E-02   4.87739606E-11  -1.07896512E-05   1.53073668E-02   1.83054965E-07  -1.18708575      0.122245528      -9.69877932E-03
   10.0000000       800.000000      0.126648560       16.2460766       7.80990571E-02   4.80679420E-11  -1.03075545E-05   1.51290204E-02   8.06325659E-07  -1.18827927      0.122245677      -9.14158672E-03
   11.0000000       800.000000      0.127627030       16.3736973       7.75669739E-02   4.73696950E-11  -9.82260462E-06   1.49525236E-02   1.37414236E-06  -1.18941438      0.122245789      -8.58789496E-03
   12.0000000       800.000000      0.128622070       16.5009899       7.70344883E-02   4.66793999E-11  -9.33464526E-06   1.47781195E-02   1.88084687E-06  -1.19048250      0.122246101      -8.03469773E-03
   13.0000000       800.000000      0.129615709       16.6299458       7.65016973E-02   4.59966162E-11  -8.83477242E-06   1.46061443E-02   2.32133448E-06  -1.19148779      0.122246489      -7.48263812E-03
   2.00000000       800.000000      0.130617574       16.7607040       7.59684592E-02   4.53209067E-11  -8.32710884E-06   1.44350836E-02   2.69303837E-06  -1.19242966      0.122246869      -6.93341531E-03
   3.00000000       800.000000      0.131631613       16.8909397       7.54348934E-02   4.46531770E-11  -7.82032112E-06   1.42669743E-02   2.99362000E-06  -1.19330502      0.122247159      -6.38483092E-03
   4.00000000       800.000000      0.132658064       17.0234966       7.49009624E-02   4.39932361E-11  -7.31324417E-06   1.41004957E-02   3.22234359E-06  -1.19411409      0.122247458      -5.83769660E-03
   5.00000000       800.000000      0.133689612       17.1564980       7.43666589E-02   4.33402689E-11  -6.80401217E-06   1.39362579E-02   3.37995766E-06  -1.19485867      0.122247912      -5.29236812E-03
   6.00000000       800.000000      0.134727374       17.2917385       7.38319978E-02   4.26949795E-11  -6.29129363E-06   1.37745021E-02   3.46841080E-06  -1.19553232      0.122248627      -4.74848412E-03
   7.00000000       800.000000      0.135772675       17.4260139       7.32970014E-02   4.20566464E-11  -5.77381797E-06   1.36134466E-02   3.49082870E-06  -1.19614553      0.122249074      -4.20613913E-03
   8.00000000       800.000000      0.136831790       17.5625153       7.27614984E-02   4.14250440E-11  -5.25142696E-06   1.34544605E-02   3.45139392E-06  -1.19668782      0.122249581      -3.66501976E-03
   9.00000000       800.000000      0.137887821       17.6995029       7.22258016E-02   4.08009355E-11  -4.72513557E-06   1.32980002E-02   3.35504205E-06  -1.19715512      0.122249886      -3.12520727E-03
   10.0000000       800.000000      0.138969555       17.8388729       7.16897845E-02   4.01839569E-11  -4.19669732E-06   1.31428158E-02   3.20734125E-06  -1.19754946      0.122250356      -2.58690491E-03
   11.0000000       800.000000      0.140046909       17.9775219       7.11531788E-02   3.95738060E-11  -3.66761537E-06   1.29893394E-02   3.01425030E-06  -1.19787681      0.122250766      -2.05063494E-03
   12.0000000       800.000000      0.141143247       18.1181393       7.06167296E-02   3.89706462E-11  -3.13842770E-06   1.28380163E-02   2.78210791E-06  -1.19812799      0.122251227      -1.51699432E-03
   13.0000000       800.000000      0.142242312       18.2606220       7.00797960E-02   3.83743627E-11  -2.60817410E-06   1.26880649E-02   2.51754614E-06  -1.19830513      0.122251585      -9.86683532E-04
   2.00000000       800.000000      0.143348306       18.4025784       6.95428550E-02   3.77847718E-11  -2.07483458E-06   1.25405071E-02   2.22746735E-06  -1.19840872      0.122251995      -4.60298936E-04
   3.00000000       800.000000      0.144470185       18.5468769       6.90056533E-02   3.72018735E-11  -1.53576570E-06   1.23940529E-02   1.91884010E-06  -1.19843364      0.122252248       6.20968858E-05
   4.00000000       800.000000      0.145599216       18.6916237       6.84679076E-02   3.66257857E-11  -9.89199066E-07   1.22496746E-02   1.59860031E-06  -1.19839180      0.122252472       5.80200809E-04
   5.00000000       800.000000      0.146730632       18.8387299       6.79304153E-02   3.60562344E-11  -4.34604630E-07   1.21074533E-02   1.27337944E-06  -1.19826567      0.122252740       1.09441509E-03
   6.00000000       800.000000      0.147886083       18.9852219       6.73926473E-02   3.54932299E-11   1.26467768E-07   1.19663049E-02   9.49376670E-07  -1.19806886      0.122252896       1.60497520E-03
   7.00000000       800.000000      0.149040878       19.1336536       6.68548197E-02   3.49366369E-11   6.91765990E-07   1.18259862E-02   6.32154808E-07  -1.19779146      0.122252919       2.11202726E-03
   8.00000000       800.000000      0.150206983       19.2841053       6.63169995E-02   3.43868579E-11   1.25858423E-06   1.16883200E-02   3.26795089E-07  -1.19743383      0.122252852       2.61506392E-03
   9.00000000       800.000000      0.151375279       19.4338169       6.57793209E-02   3.38431921E-11   1.82874055E-06   1.15523292E-02   3.77500449E-08  -1.19699550      0.122252829       3.11511126E-03
   10.0000000       800.000000      0.152559474       19.5859928       6.52414113E-02   3.33062120E-11   2.39757242E-06   1.14174122E-02  -2.30570691E-07  -1.19648409      0.122252837       3.61092156E-03
   11.0000000       800.000000      0.153755501       19.7391071       6.47034049E-02   3.27753033E-11   2.96924259E-06   1.12842182E-02  -4.75703928E-07  -1.19589925      0.122252829       4.10228223E-03
   12.0000000       800.000000      0.154966682       19.8943138       6.41658381E-02   3.22508513E-11   3.54356757E-06   1.11526987E-02  -6.94505559E-07  -1.19522142      0.122252725       4.58971970E-03
   13.0000000       800.000000      0.156182289       20.0499210       6.36287704E-02   3.17325922E-11   4.11846713E-06   1.10226572E-02  -8.85616032E-07  -1.19446754      0.122252688       5.07224351E-03
   2.00000000       800.000000      0.157407701       20.2067699       6.30914941E-02   3.12204602E-11   4.70136092E-06   1.08944196E-02  -1.04741855E-06  -1.19363058      0.122252442       5.55140106E-03
   3.00000000       800.000000      0.158632427       20.3635406       6.25539571E-02   3.07144345E-11   5.28738792E-06   1.07670249E-02  -1.17922286E-06  -1.19271576      0.122252285       6.02680771E-03
   4.00000000       800.000000      0.159881696       20.5234394       6.20168373E-02   3.02143310E-11   5.87610975E-06   1.06414566E-02  -1.28106126E-06  -1.19171619      0.122252099       6.49884669E-03
   5.00000000       800.000000      0.161134437       20.6836548       6.14806078E-02   2.97207675E-11   6.46714943E-06   1.05172172E-02  -1.35347057E-06  -1.19062269      0.122251838       6.96725864E-03
   6.00000000       800.000000      0.162408039       20.8466339       6.09443225E-02   2.92327239E-11   7.05984667E-06   1.03949560E-02  -1.39747192E-06  -1.18945611      0.122251712       7.43224192E-03
   7.00000000       800.000000      0.163673609       21.0080662       6.04083389E-02   2.87506199E-11   7.65384448E-06   1.02733532E-02  -1.41448766E-06  -1.18819773      0.122251503       7.89344870E-03
   8.00000000       800.000000      0.164970547       21.1726456       5.98726645E-02   2.82745320E-11   8.24893596E-06   1.01532936E-02  -1.40628515E-06  -1.18686438      0.122251250       8.35121144E-03
   9.00000000       800.000000      0.166260168       21.3390827       5.93373217E-02   2.78042433E-11   8.84495148E-06   1.00349644E-02  -1.37496136E-06  -1.18543637      0.122250974       8.80519021E-03
   10.0000000       800.000000      0.167571649       21.5048828       5.88022955E-02   2.73398023E-11   9.44199928E-06   9.91818681E-03  -1.32285550E-06  -1.18392467      0.122250713       9.25525650E-03
   11.0000000       800.000000      0.168884769       21.6747990       5.82677089E-02   2.68808639E-11   1.00402594E-05   9.80205834E-03  -1.25253064E-06  -1.18232095      0.122250497       9.70134232E-03
   12.0000000       800.000000      0.170220941       21.8437004       5.77334985E-02   2.64277437E-11   1.06402549E-05   9.68781766E-03  -1.16665512E-06  -1.18063152      0.122250214       1.01428898E-02
   13.0000000       800.000000      0.171562597       22.0148487       5.71997240E-02   2.59802128E-11   1.12427333E-05   9.57488734E-03  -1.06792436E-06  -1.17885518      0.122250013       1.05800861E-02
   2.00000000       800.000000      0.172911152       22.1867790       5.66664338E-02   2.55382018E-11   1.18481830E-05   9.46286041E-03  -9.59008162E-07  -1.17698967      0.122249797       1.10124359E-02
   3.00000000       800.000000      0.174262822       22.3595982       5.61336316E-02   2.51016256E-11   1.24563430E-05   9.35226679E-03  -8.42505528E-07  -1.17503285      0.122249775       1.14399698E-02
   4.00000000       800.000000      0.175636902       22.5350342       5.56014925E-02   2.46707290E-11   1.30659828E-05   9.24314279E-03  -7.20926323E-07  -1.17298603      0.122249603       1.18628200E-02
   5.00000000       800.000000      0.177029908       22.7109966       5.50700240E-02   2.42452568E-11   1.36754597E-05   9.13574826E-03  -5.96688267E-07  -1.17084670      0.122249372       1.22805936E-02
   6.00000000       800.000000      0.178427994       22.8897495       5.45393005E-02   2.38250045E-11   1.42834906E-05   9.02895723E-03  -4.72077204E-07  -1.16862106      0.122249328       1.26927821E-02
   7.00000000       800.000000      0.179832757       23.0675335       5.40082566E-02   2.34097498E-11   1.48896361E-05   8.92311893E-03  -3.49221665E-07  -1.16630220      0.122249275       1.30992709E-02
   8.00000000       800.000000      0.181247130       23.2492962       5.34790233E-02   2.30006257E-11   1.54942354E-05   8.81943759E-03  -2.30039220E-07  -1.16388965      0.122249193       1.35000227E-02
   9.00000000       800.000000      0.182678327       23.4303741       5.29507734E-02   2.25963397E-11   1.60982745E-05   8.71643797E-03  -1.16234744E-07  -1.16138709      0.122249134       1.38945691E-02
   10.0000000       800.000000      0.184120178       23.6137962       5.24217747E-02   2.21973984E-11   1.67027902E-05   8.61414056E-03  -9.27090049E-09  -1.15879476      0.122249193       1.42831309E-02
   11.0000000       800.000000      0.185574606       23.7995758       5.18953875E-02   2.18031287E-11   1.73083972E-05   8.51384364E-03   8.96205918E-08  -1.15610814      0.122249179       1.46658933E-02
   12.0000000       800.000000      0.187039450       23.9845982       5.13682663E-02   2.14145403E-11   1.79145973E-05   8.41391180E-03   1.79450751E-07  -1.15332782      0.122249179       1.50424866E-02
   13.0000000       800.000000      0.188515589       24.1725788       5.08440845E-02   2.10309825E-11   1.85203680E-05   8.31600372E-03   2.59465025E-07  -1.15045869      0.122249223       1.54132396E-02
   2.00000000       800.000000      0.190003842       24.3626595       5.03193401E-02   2.06522733E-11   1.91244217E-05   8.21875595E-03   3.29141614E-07  -1.14749551      0.122249320       1.57787297E-02
   3.00000000       800.000000      0.191507503       24.5538692       4.97956127E-02   2.02788498E-11   1.97269965E-05   8.12280271E-03   3.88170605E-07  -1.14444518      0.122249410       1.61386393E-02
   4.00000000       800.000000      0.193027228       24.7454605       4.92739454E-02   1.99102124E-11   2.03290383E-05   8.02788138E-03   4.36423619E-07  -1.14129055      0.122249469       1.64927952E-02
   5.00000000       800.000000      0.194553345       24.9383144       4.87528592E-02   1.95466421E-11   2.09313457E-05   7.93396402E-03   4.73929987E-07  -1.13805008      0.122249529       1.68410596E-02
   6.00000000       800.000000      0.196085945       25.1336231       4.82331626E-02   1.91878857E-11   2.15345590E-05   7.84110185E-03   5.00908982E-07  -1.13470840      0.122249715       1.71830207E-02
   7.00000000       800.000000      0.197636858       25.3313236       4.77143601E-02   1.88339119E-11   2.21394494E-05   7.74951605E-03   5.17717638E-07  -1.13128078      0.122249819       1.75191835E-02
   8.00000000       800.000000      0.199212298       25.5304661       4.71965298E-02   1.84848560E-11   2.27468463E-05   7.65854400E-03   5.24847508E-07  -1.12776208      0.122249931       1.78494789E-02
   9.00000000       800.000000      0.200781316       25.7297115       4.66801189E-02   1.81405273E-11   2.33570136E-05   7.56899128E-03   5.22914149E-07  -1.12414563      0.122249983       1.81739032E-02
   10.0000000       800.000000      0.202371761       25.9304714       4.61647436E-02   1.78010263E-11   2.39696274E-05   7.48061296E-03   5.12632482E-07  -1.12043715      0.122250080       1.84921771E-02
   11.0000000       800.000000      0.203978211       26.1335907       4.56520021E-02   1.74660685E-11   2.45837964E-05   7.39291776E-03   4.94790925E-07  -1.11662650      0.122250274       1.88043453E-02
   12.0000000       800.000000      0.205590189       26.3390236       4.51391414E-02   1.71358327E-11   2.51986021E-05   7.30652828E-03   4.70271800E-07  -1.11272740      0.122250386       1.91105753E-02
   13.0000000       800.000000      0.207215562       26.5462608       4.46286313E-02   1.68101089E-11   2.58133514E-05   7.22117862E-03   4.39997677E-07  -1.10874319      0.122250527       1.94105152E-02
   2.00000000       800.000000      0.208862230       26.7531796       4.41189185E-02   1.64890931E-11   2.64277387E-05   7.13661965E-03   4.04933985E-07  -1.10465252      0.122250639       1.97036061E-02
   3.00000000       800.000000      0.210511744       26.9634609       4.36110348E-02   1.61724505E-11   2.70415094E-05   7.05319736E-03   3.66059055E-07  -1.10047531      0.122250579       1.99902449E-02
   4.00000000       800.000000      0.212182373       27.1744270       4.31047566E-02   1.58603807E-11   2.76548162E-05   6.97062770E-03   3.24334195E-07  -1.09620333      0.122250602       2.02700850E-02
   5.00000000       800.000000      0.213867262       27.3881035       4.25998829E-02   1.55526252E-11   2.82671990E-05   6.88877795E-03   2.80685924E-07  -1.09184599      0.122250713       2.05430854E-02
   6.00000000       800.000000      0.215570495       27.6017551       4.20966707E-02   1.52494163E-11   2.88783394E-05   6.80802995E-03   2.35987471E-07  -1.08737636      0.122250848       2.08093319E-02
   7.00000000       800.000000      0.217280358       27.8196926       4.15952243E-02   1.49505026E-11   2.94883121E-05   6.72840746E-03   1.91050731E-07  -1.08283508      0.122250915       2.10682731E-02
   8.00000000       800.000000      0.218995273       28.0367794       4.10954952E-02   1.46559449E-11   3.00976717E-05   6.64959149E-03   1.46622966E-07  -1.07819283      0.122250937       2.13197805E-02
   9.00000000       800.000000      0.220740929       28.2576332       4.05976214E-02   1.43657291E-11   3.07075861E-05   6.57155085E-03   1.03379733E-07  -1.07345366      0.122250997       2.15641148E-02
   10.0000000       800.000000      0.222490728       28.4788132       4.01014723E-02   1.40796055E-11   3.13191158E-05   6.49453234E-03   6.19223641E-08  -1.06863463      0.122250974       2.18006875E-02
   11.0000000       800.000000      0.224248633       28.7025547       3.96070927E-02   1.37980920E-11   3.19327628E-05   6.41837763E-03   2.27727934E-08  -1.06371927      0.122251049       2.20300667E-02
   12.0000000       800.000000      0.226034790       28.9273281       3.91146615E-02   1.35204677E-11   3.25487090E-05   6.34322781E-03  -1.36310119E-08  -1.05871296      0.122251108       2.22516563E-02
   13.0000000       800.000000      0.227838799       29.1540203       3.86239551E-02   1.32470935E-11   3.31662632E-05   6.26883656E-03  -4.69364281E-08  -1.05362177      0.122251153       2.24661604E-02
   2.00000000       800.000000      0.229636580       29.3828106       3.81356217E-02   1.29776294E-11   3.37851743E-05   6.19523367E-03  -7.68690427E-08  -1.04843450      0.122251138       2.26724092E-02
   3.00000000       800.000000      0.231463313       29.6143074       3.76495048E-02   1.27122514E-11   3.44046166E-05   6.12263102E-03  -1.03230654E-07  -1.04316425      0.122251138       2.28719022E-02
   4.00000000       800.000000      0.233298600       29.8444633       3.71653624E-02   1.24512622E-11   3.50208102E-05   6.05093082E-03  -1.25888818E-07  -1.03779912      0.122251056       2.30645183E-02
   5.00000000       800.000000      0.235164225       30.0788250       3.66833583E-02   1.21939958E-11   3.56445598E-05   5.97974705E-03  -1.44695207E-07  -1.03236318      0.122250997       2.32495088E-02
   6.00000000       800.000000      0.237021416       30.3152733       3.62034701E-02   1.19405900E-11   3.62713508E-05   5.90981357E-03  -1.59918599E-07  -1.02681506      0.122250915       2.34258492E-02
   7.00000000       800.000000      0.238909259       30.5545444       3.57258394E-02   1.16914395E-11   3.68916626E-05   5.84034622E-03  -1.71434209E-07  -1.02119565      0.122250810       2.35959124E-02
   8.00000000       800.000000      0.240805298       30.7942753       3.52506638E-02   1.14460620E-11   3.75135460E-05   5.77180693E-03  -1.79410790E-07  -1.01551664      0.122250743       2.37586703E-02
   9.00000000       800.000000      0.242732763       31.0363560       3.47777456E-02   1.12045104E-11   3.81366699E-05   5.70415612E-03  -1.84004506E-07  -1.00971198      0.122250669       2.39128824E-02
   10.0000000       800.000000      0.244650185       31.2805672       3.43071222E-02   1.09668056E-11   3.87635955E-05   5.63723128E-03  -1.85453857E-07  -1.00384665      0.122250631       2.40600277E-02
   11.0000000       800.000000      0.246601894       31.5240726       3.38389799E-02   1.07327784E-11   3.93907612E-05   5.57118235E-03  -1.83979608E-07 -0.997909606      0.122250624       2.41999105E-02
   12.0000000       800.000000      0.248575494       31.7732716       3.33733782E-02   1.05027055E-11   4.00201316E-05   5.50560234E-03  -1.79854453E-07 -0.991868734      0.122250624       2.43319850E-02
   13.0000000       800.000000      0.250549018       32.0229034       3.29103954E-02   1.02762373E-11   4.06540930E-05   5.44090709E-03  -1.73356796E-07 -0.985759020      0.122250602       2.44564582E-02
   2.00000000       800.000000      0.252544135       32.2734489       3.24496254E-02   1.00533757E-11   4.12920999E-05   5.37699368E-03  -1.64776708E-07 -0.979576230      0.122250542       2.45732311E-02
   3.00000000       800.000000      0.254557490       32.5260506       3.19916457E-02   9.83424106E-12   4.19345997E-05   5.31387608E-03  -1.54406479E-07 -0.973299742      0.122250497       2.46822964E-02
   4.00000000       800.000000      0.256586730       32.7818604       3.15364078E-02   9.61875544E-12   4.25813960E-05   5.25165349E-03  -1.42541893E-07 -0.966951013      0.122250415       2.47839093E-02
   5.00000000       800.000000      0.258610994       33.0395813       3.10837068E-02   9.40670632E-12   4.32321031E-05   5.18985186E-03  -1.29481649E-07 -0.960545242      0.122250378       2.48779040E-02
   6.00000000       800.000000      0.260681123       33.2992859       3.06338836E-02   9.19827582E-12   4.38861534E-05   5.12884790E-03  -1.15518503E-07 -0.954021573      0.122250222       2.49641854E-02
   7.00000000       800.000000      0.262756377       33.5623474       3.01863588E-02   8.99328875E-12   4.45423975E-05   5.06858714E-03  -1.00942422E-07 -0.947442770      0.122250192       2.50426084E-02
   8.00000000       800.000000      0.264846563       33.8261070       2.97424234E-02   8.79188996E-12   4.51997512E-05   5.00875805E-03  -8.60311289E-08 -0.940814316      0.122250170       2.51133777E-02
   9.00000000       800.000000      0.266964108       34.0918350       2.93005984E-02   8.59372469E-12   4.58570976E-05   4.95006703E-03  -7.10470260E-08 -0.934115708      0.122250170       2.51763277E-02
   10.0000000       800.000000      0.269089431       34.3593788       2.88619734E-02   8.39919974E-12   4.65136436E-05   4.89164330E-03  -5.62314035E-08 -0.927332997      0.122250110       2.52315626E-02
   11.0000000       800.000000      0.271236569       34.6304741       2.84259897E-02   8.20771142E-12   4.71688400E-05   4.83419048E-03  -4.18025579E-08 -0.920484066      0.122250095       2.52791494E-02
   12.0000000       800.000000      0.273390830       34.9008446       2.79941075E-02   8.01968648E-12   4.78226393E-05   4.77755861E-03  -2.79542576E-08 -0.913553536      0.122250073       2.53188089E-02
   13.0000000       800.000000      0.275573671       35.1773834       2.75637265E-02   7.83499220E-12   4.84748271E-05   4.72137565E-03  -1.48528212E-08 -0.906578064      0.122250073       2.53506284E-02
   2.00000000       800.000000      0.277770936       35.4531212       2.71378886E-02   7.65350457E-12   4.91253741E-05   4.66558244E-03  -2.63895927E-09 -0.899527609      0.122250073       2.53748223E-02
   3.00000000       800.000000      0.279982239       35.7325478       2.67140269E-02   7.47548030E-12   4.97734763E-05   4.61080484E-03   8.57469207E-09 -0.892420709      0.122250080       2.53913905E-02
   4.00000000       800.000000      0.282222867       36.0137329       2.62936931E-02   7.30028104E-12   5.04182426E-05   4.55659023E-03   1.87011615E-08 -0.885279775      0.122250080       2.54002754E-02
   5.00000000       800.000000      0.284471065       36.2968369       2.58759409E-02   7.12870648E-12   5.10587379E-05   4.50298097E-03   2.76812298E-08 -0.878024101      0.122250095       2.54017059E-02
   6.00000000       800.000000      0.286742091       36.5804558       2.54628342E-02   6.95992309E-12   5.16939472E-05   4.44984296E-03   3.54820919E-08 -0.870729804      0.122250095       2.53957696E-02
   7.00000000       800.000000      0.289016098       36.8690605       2.50515826E-02   6.79387969E-12   5.23233321E-05   4.39739367E-03   4.20935571E-08 -0.863397896      0.122250125       2.53822505E-02
   8.00000000       800.000000      0.291324228       37.1585426       2.46447064E-02   6.63135215E-12   5.29465688E-05   4.34570666E-03   4.75275392E-08 -0.856001377      0.122250155       2.53613554E-02
   9.00000000       800.000000      0.293644518       37.4530144       2.42410451E-02   6.47175542E-12   5.35635118E-05   4.29440010E-03   5.18116678E-08 -0.848564446      0.122250140       2.53331140E-02
   10.0000000       800.000000      0.296003997       37.7481918       2.38408893E-02   6.31512898E-12   5.41748341E-05   4.24385117E-03   5.49911690E-08 -0.841080904      0.122250162       2.52972767E-02
   11.0000000       800.000000      0.298353791       38.0451622       2.34431811E-02   6.16126247E-12   5.47797281E-05   4.19397093E-03   5.71214294E-08 -0.833522677      0.122250170       2.52539143E-02
   12.0000000       800.000000      0.300734103       38.3437805       2.30493080E-02   6.01065335E-12   5.53792706E-05   4.14459174E-03   5.82872062E-08 -0.825942039      0.122250192       2.52035670E-02
   13.0000000       800.000000      0.303147912       38.6467476       2.26595290E-02   5.86273304E-12   5.59763721E-05   4.09572432E-03   5.85559761E-08 -0.818331540      0.122250170       2.51461547E-02
   2.00000000       800.000000      0.305555582       38.9513550       2.22732648E-02   5.71753235E-12   5.65705850E-05   4.04737797E-03   5.80101833E-08 -0.810646474      0.122250170       2.50813160E-02
   3.00000000       800.000000      0.307996303       39.2577019       2.18893886E-02   5.57538564E-12   5.71630590E-05   3.99969053E-03   5.67340308E-08 -0.802938640      0.122250192       2.50095055E-02
   4.00000000       800.000000      0.310469896       39.5681572       2.15107389E-02   5.43580589E-12   5.77558094E-05   3.95234302E-03   5.48099841E-08 -0.795167744      0.122250214       2.49307454E-02
   5.00000000       800.000000      0.312931180       39.8770142       2.11336724E-02   5.29904159E-12   5.83488254E-05   3.90593964E-03   5.23227399E-08 -0.787360907      0.122250207       2.48450954E-02
   6.00000000       800.000000      0.315432847       40.1933212       2.07626130E-02   5.16499473E-12   5.89419396E-05   3.85976722E-03   4.93581531E-08 -0.779546320      0.122250251       2.47527007E-02
   7.00000000       800.000000      0.317947745       40.5082169       2.03933697E-02   5.03366489E-12   5.95372112E-05   3.81436502E-03   4.59947280E-08 -0.771721780      0.122250296       2.46536694E-02
   8.00000000       800.000000      0.320495814       40.8281288       2.00279374E-02   4.90518520E-12   6.01340580E-05   3.76919354E-03   4.23074127E-08 -0.763812006      0.122250326       2.45481338E-02
   9.00000000       800.000000      0.323059022       41.1489258       1.96675956E-02   4.77905649E-12   6.07328329E-05   3.72479181E-03   3.83731340E-08 -0.755880058      0.122250348       2.44356133E-02
   10.0000000       800.000000      0.325634599       41.4749947       1.93099268E-02   4.65537114E-12   6.13335869E-05   3.68090207E-03   3.42622357E-08 -0.747955918      0.122250363       2.43175384E-02
   11.0000000       800.000000      0.328246117       41.8027420       1.89555157E-02   4.53417729E-12   6.19362181E-05   3.63733061E-03   3.00430578E-08 -0.739989161      0.122250386       2.41922606E-02
   12.0000000       800.000000      0.330868602       42.1312904       1.86069272E-02   4.41590297E-12   6.25394459E-05   3.59441410E-03   2.57810857E-08 -0.732018650      0.122250393       2.40617581E-02
   13.0000000       800.000000      0.333499759       42.4624519       1.82605013E-02   4.29966739E-12   6.31426010E-05   3.55209573E-03   2.15381775E-08 -0.724004090      0.122250393       2.39249337E-02
   2.00000000       800.000000      0.336178690       42.7972488       1.79175567E-02   4.18604778E-12   6.37438134E-05   3.51013406E-03   1.73722317E-08 -0.716019273      0.122250408       2.37821639E-02
   3.00000000       800.000000      0.338866234       43.1343956       1.75802391E-02   4.07493136E-12   6.43417006E-05   3.46858287E-03   1.33353497E-08 -0.707973242      0.122250430       2.36341543E-02
   4.00000000       800.000000      0.341564178       43.4764404       1.72451846E-02   3.96627306E-12   6.49348731E-05   3.42759257E-03   9.47277812E-09 -0.699918807      0.122250430       2.34796796E-02
   5.00000000       800.000000      0.344298780       43.8198090       1.69141050E-02   3.85973068E-12   6.55223266E-05   3.38735664E-03   5.82185100E-09 -0.691859603      0.122250445       2.33202204E-02
   6.00000000       800.000000      0.347046673       44.1641579       1.65884811E-02   3.75569888E-12   6.61029189E-05   3.34730628E-03   2.41219711E-09 -0.683798432      0.122250445       2.31551025E-02
   7.00000000       800.000000      0.349838823       44.5138283       1.62650235E-02   3.65365377E-12   6.66763808E-05   3.30764893E-03  -7.34753036E-10 -0.675737083      0.122250445       2.29847673E-02
   8.00000000       800.000000      0.352615893       44.8651733       1.59463640E-02   3.55407457E-12   6.72446040E-05   3.26855667E-03  -3.60367869E-09 -0.667658150      0.122250430       2.28088200E-02
   9.00000000       800.000000      0.355454803       45.2186356       1.56313609E-02   3.45652196E-12   6.78059296E-05   3.23001947E-03  -6.18528562E-09 -0.659574807      0.122250415       2.26276629E-02
   10.0000000       800.000000      0.358279139       45.5763397       1.53205451E-02   3.36131145E-12   6.83635080E-05   3.19186714E-03  -8.48081338E-09 -0.651501060      0.122250415       2.24418212E-02
   11.0000000       800.000000      0.361149102       45.9357567       1.50134619E-02   3.26811495E-12   6.89194276E-05   3.15410458E-03  -1.04837143E-08 -0.643426359      0.122250430       2.22510919E-02
   12.0000000       800.000000      0.364027262       46.2968864       1.47109134E-02   3.17707752E-12   6.94715782E-05   3.11669405E-03  -1.21976917E-08 -0.635360241      0.122250393       2.20556445E-02
   13.0000000       800.000000      0.366944253       46.6631355       1.44113172E-02   3.08807147E-12   7.00192977E-05   3.07996105E-03  -1.36279459E-08 -0.627303660      0.122250386       2.18556672E-02
   2.00000000       800.000000      0.369876415       47.0312233       1.41165974E-02   3.00126807E-12   7.05642888E-05   3.04356520E-03  -1.47820760E-08 -0.619259059      0.122250386       2.16521192E-02
   3.00000000       800.000000      0.372847915       47.4044495       1.38258943E-02   2.91634989E-12   7.11062021E-05   3.00754537E-03  -1.56654103E-08 -0.611226737      0.122250393       2.14440152E-02
   4.00000000       800.000000      0.375840873       47.7758026       1.35388831E-02   2.83348345E-12   7.16429495E-05   2.97199492E-03  -1.62908265E-08 -0.603207052      0.122250386       2.12318897E-02
   5.00000000       800.000000      0.378836393       48.1548996       1.32555673E-02   2.75250287E-12   7.21758479E-05   2.93688360E-03  -1.66703327E-08 -0.595200956      0.122250363       2.10162420E-02
   6.00000000       800.000000      0.381849557       48.5329056       1.29765710E-02   2.67347125E-12   7.27041479E-05   2.90205167E-03  -1.68188929E-08 -0.587215304      0.122250378       2.07968261E-02
   7.00000000       800.000000      0.384928495       48.9166336       1.27016511E-02   2.59629276E-12   7.32282060E-05   2.86771986E-03  -1.67535994E-08 -0.579259932      0.122250356       2.05741320E-02
   8.00000000       800.000000      0.388007849       49.3037720       1.24306949E-02   2.52098733E-12   7.37476003E-05   2.83387164E-03  -1.64929066E-08 -0.571320474      0.122250333       2.03479733E-02
   9.00000000       800.000000      0.391112477       49.6939621       1.21636977E-02   2.44749360E-12   7.42617995E-05   2.80035520E-03  -1.60566795E-08 -0.563401222      0.122250326       2.01188140E-02
   10.0000000       800.000000      0.394236952       50.0870171       1.19007453E-02   2.37581829E-12   7.47716622E-05   2.76713888E-03  -1.54651243E-08 -0.555514872      0.122250326       1.98868066E-02
   11.0000000       800.000000      0.397388846       50.4830971       1.16419159E-02   2.30589050E-12   7.52761043E-05   2.73453724E-03  -1.47383785E-08 -0.547654092      0.122250348       1.96517929E-02
   12.0000000       800.000000      0.400564700       50.8813133       1.13869403E-02   2.23768942E-12   7.57759990E-05   2.70213978E-03  -1.38961704E-08 -0.539833784      0.122250326       1.94143020E-02
   13.0000000       800.000000      0.403795749       51.2825050       1.11357728E-02   2.17117795E-12   7.62720738E-05   2.67019169E-03  -1.29582318E-08 -0.532038748      0.122250326       1.91742927E-02
   2.00000000       800.000000      0.406995207       51.6878319       1.08886426E-02   2.10634765E-12   7.67653837E-05   2.63845292E-03  -1.19434471E-08 -0.524288893      0.122250326       1.89319514E-02
   3.00000000       800.000000      0.410275906       52.0953789       1.06454622E-02   2.04315861E-12   7.72567873E-05   2.60733790E-03  -1.08705924E-08 -0.516570091      0.122250326       1.86873302E-02
   4.00000000       800.000000      0.413564175       52.5095062       1.04062036E-02   1.98157766E-12   7.77453752E-05   2.57637491E-03  -9.75781145E-09 -0.508892715      0.122250304       1.84415095E-02
   5.00000000       800.000000      0.416869521       52.9231834       1.01709543E-02   1.92156274E-12   7.82326242E-05   2.54586292E-03  -8.62263061E-09 -0.501252651      0.122250281       1.81935020E-02
   6.00000000       800.000000      0.420203984       53.3436661       9.93935112E-03   1.86308304E-12   7.87169920E-05   2.51579261E-03  -7.48147233E-09 -0.493669510      0.122250251       1.79436952E-02
   7.00000000       800.000000      0.423574746       53.7655487       9.71183460E-03   1.80618118E-12   7.92018254E-05   2.48610158E-03  -6.35032471E-09 -0.486112088      0.122250251       1.76932886E-02
   8.00000000       800.000000      0.426962882       54.1887779       9.48813744E-03   1.75069486E-12   7.96789318E-05   2.45663431E-03  -5.24395682E-09 -0.478616983      0.122250251       1.74407978E-02
   9.00000000       800.000000      0.430381179       54.6191368       9.26824380E-03   1.69670126E-12   8.01517308E-05   2.42754677E-03  -4.16999324E-09 -0.471164823      0.122250251       1.71867311E-02
   10.0000000       800.000000      0.433835030       55.0515404       9.05212108E-03   1.64413014E-12   8.06266398E-05   2.39883526E-03  -3.14517234E-09 -0.463761926      0.122250237       1.69337522E-02
   11.0000000       800.000000      0.437294513       55.4855461       8.83986894E-03   1.59298941E-12   8.10971032E-05   2.37035123E-03  -2.17554286E-09 -0.456418365      0.122250251       1.66784264E-02
   12.0000000       800.000000      0.440796643       55.9234009       8.63136910E-03   1.54321532E-12   8.15645471E-05   2.34222738E-03  -1.26903821E-09 -0.449113369      0.122250251       1.64235346E-02
   13.0000000       800.000000      0.444335788       56.3692284       8.42654333E-03   1.49477436E-12   8.20281784E-05   2.31455895E-03  -4.32316793E-10 -0.441881418      0.122250251       1.61679760E-02
   2.00000000       800.000000      0.447884768       56.8128738       8.22547544E-03   1.44764810E-12   8.24888266E-05   2.28704140E-03   3.29529903E-10 -0.434693575      0.122250251       1.59128942E-02
   3.00000000       800.000000      0.451492101       57.2652702       8.02811515E-03   1.40177681E-12   8.29458950E-05   2.26007425E-03   1.01280206E-09 -0.427563936      0.122250251       1.56580321E-02
   4.00000000       800.000000      0.455087274       57.7184486       7.83431623E-03   1.35721447E-12   8.33998056E-05   2.23316392E-03   1.61534275E-09 -0.420500010      0.122250274       1.54024381E-02
   5.00000000       800.000000      0.458740443       58.1730003       7.64422212E-03   1.31387880E-12   8.38502456E-05   2.20680004E-03   2.13661466E-09 -0.413482755      0.122250274       1.51477903E-02
   6.00000000       800.000000      0.462410837       58.6358948       7.45772477E-03   1.27175191E-12   8.42962691E-05   2.18058540E-03   2.57758326E-09 -0.406538576      0.122250274       1.48925819E-02
   7.00000000       800.000000      0.466109008       59.0983734       7.27469521E-03   1.23079574E-12   8.47364790E-05   2.15482013E-03   2.94051983E-09 -0.399659097      0.122250274       1.46395648E-02
   8.00000000       800.000000      0.469850868       59.5668716       7.09525915E-03   1.19099641E-12   8.51700534E-05   2.12921784E-03   3.22872751E-09 -0.392837495      0.122250274       1.43873645E-02
   9.00000000       800.000000      0.473630607       60.0369263       6.91926200E-03   1.15232769E-12   8.55939070E-05   2.10395595E-03   3.44621465E-09 -0.386087447      0.122250274       1.41358282E-02
   10.0000000       800.000000      0.477417022       60.5153427       6.74659666E-03   1.11476973E-12   8.60067521E-05   2.07904098E-03   3.59750851E-09 -0.379396230      0.122250274       1.38852233E-02
   11.0000000       800.000000      0.481236160       60.9947357       6.57756440E-03   1.07828720E-12   8.64067042E-05   2.05453672E-03   3.68755715E-09 -0.372775793      0.122250274       1.36361150E-02
   12.0000000       800.000000      0.485106736       61.4788399       6.41185837E-03   1.04284387E-12   8.67914132E-05   2.03004992E-03   3.72177733E-09 -0.366218418      0.122250251       1.33883124E-02
   13.0000000       800.000000      0.489003509       61.9645309       6.24937005E-03   1.00843531E-12   8.71616212E-05   2.00605323E-03   3.70603415E-09 -0.359733164      0.122250251       1.31417010E-02
   2.00000000       800.000000      0.492917389       62.4534645       6.09019026E-03   9.75036892E-13   8.75188198E-05   1.98222161E-03   3.64671604E-09 -0.353315353      0.122250274       1.28972037E-02
   3.00000000       800.000000      0.496857613       62.9518318       5.93426451E-03   9.42609380E-13   8.78646606E-05   1.95881422E-03   3.55060648E-09 -0.346968025      0.122250274       1.26548577E-02
   4.00000000       800.000000      0.500846684       63.4490204       5.78159513E-03   9.11137485E-13   8.82025197E-05   1.93549239E-03   3.42478024E-09 -0.340690315      0.122250274       1.24140726E-02
   5.00000000       800.000000      0.504872501       63.9528084       5.63217234E-03   8.80599521E-13   8.85343543E-05   1.91259373E-03   3.27633209E-09 -0.334481865      0.122250251       1.21749891E-02
   6.00000000       800.000000      0.508909047       64.4573593       5.48575213E-03   8.50968655E-13   8.88612194E-05   1.88986585E-03   3.11219051E-09 -0.328347564      0.122250251       1.19387228E-02
   7.00000000       800.000000      0.512971818       64.9687729       5.34249423E-03   8.22216427E-13   8.91892923E-05   1.86745625E-03   2.93904678E-09 -0.322283179      0.122250251       1.17045287E-02
   8.00000000       800.000000      0.517089903       65.4843674       5.20225288E-03   7.94342131E-13   8.95129342E-05   1.84535899E-03   2.76310486E-09 -0.316290468      0.122250251       1.14732590E-02
   9.00000000       800.000000      0.521240056       66.0012741       5.06499875E-03   7.67312266E-13   8.98377912E-05   1.82343356E-03   2.59013611E-09 -0.310370505      0.122250251       1.12443836E-02
   10.0000000       800.000000      0.525399923       66.5273361       4.93070856E-03   7.41089698E-13   9.01625535E-05   1.80183270E-03   2.42518738E-09 -0.304522306      0.122250251       1.10182771E-02
   11.0000000       800.000000      0.529633105       67.0519409       4.79927380E-03   7.15650412E-13   9.04899061E-05   1.78047630E-03   2.27238717E-09 -0.298745543      0.122250251       1.07951136E-02
   12.0000000       800.000000      0.533852458       67.5886993       4.67073452E-03   6.91002377E-13   9.08223374E-05   1.75935111E-03   2.13457052E-09 -0.293042719      0.122250251       1.05748484E-02
   13.0000000       800.000000      0.538169861       68.1238251       4.54499293E-03   6.67119029E-13   9.11634852E-05   1.73850264E-03   2.01298445E-09 -0.287409395      0.122250251       1.03575708E-02
   2.00000000       800.000000      0.542478204       68.6609192       4.42200946E-03   6.43949846E-13   9.15230048E-05   1.71775196E-03   1.90707072E-09 -0.281848341      0.122250251       1.01431925E-02
   3.00000000       800.000000      0.546837091       69.2043610       4.30172775E-03   6.21509354E-13   9.19057857E-05   1.69739756E-03   1.81451132E-09 -0.276360691      0.122250251       9.93196107E-03
   4.00000000       800.000000      0.551184714       69.7545853       4.18416224E-03   5.99761668E-13   9.23188418E-05   1.67722278E-03   1.73155545E-09 -0.270944506      0.122250274       9.72393434E-03
   5.00000000       800.000000      0.555633724       70.3113556       4.06918535E-03   5.78691988E-13   9.27683141E-05   1.65733241E-03   1.65351155E-09 -0.265596569      0.122250274       9.51923616E-03
   6.00000000       800.000000      0.560065687       70.8701859       3.95679940E-03   5.58275485E-13   9.32574985E-05   1.63761643E-03   1.57548352E-09 -0.260323256      0.122250274       9.31786373E-03
   7.00000000       800.000000      0.564574599       71.4266510       3.84693453E-03   5.38503703E-13   9.37879304E-05   1.61819207E-03   1.49296886E-09 -0.255118191      0.122250274       9.12000891E-03
   8.00000000       800.000000      0.569091976       71.9988251       3.73953115E-03   5.19349049E-13   9.43630512E-05   1.59888400E-03   1.40251233E-09 -0.249983639      0.122250274       8.92568845E-03
   9.00000000       800.000000      0.573642910       72.5662689       3.63456178E-03   5.00796236E-13   9.49799141E-05   1.57992472E-03   1.30211009E-09 -0.244918987      0.122250274       8.73512402E-03
   10.0000000       800.000000      0.578249216       73.1417236       3.53203015E-03   4.82835018E-13   9.56325457E-05   1.56116218E-03   1.19137222E-09 -0.239922300      0.122250274       8.54828116E-03
   11.0000000       800.000000      0.582887828       73.7225037       3.43177677E-03   4.65437747E-13   9.63171042E-05   1.54256856E-03   1.07125397E-09 -0.234991327      0.122250274       8.36523529E-03
   12.0000000       800.000000      0.587557673       74.3115692       3.33386636E-03   4.48591983E-13   9.70235196E-05   1.52424001E-03   9.43987111E-10 -0.230130166      0.122250274       8.18625558E-03
   13.0000000       800.000000      0.592285097       74.9019089       3.23809055E-03   4.32281679E-13   9.77323289E-05   1.50606025E-03   8.12232115E-10 -0.225334540      0.122250274       8.01138859E-03
   2.00000000       800.000000      0.597044110       75.4963303       3.14453663E-03   4.16486019E-13   9.84356229E-05   1.48816803E-03   6.78973433E-10 -0.220601484      0.122250274       7.84038752E-03
   3.00000000       800.000000      0.601813197       76.0937424       3.05319345E-03   4.01200259E-13   9.91377747E-05   1.47039338E-03   5.46741097E-10 -0.215934291      0.122250274       7.67357135E-03
   4.00000000       800.000000      0.606662095       76.6995621       2.96388566E-03   3.86391467E-13   9.98434843E-05   1.45291234E-03   4.17392731E-10 -0.211328998      0.122250274       7.50971027E-03
   5.00000000       800.000000      0.611538589       77.3089294       2.87661841E-03   3.72060754E-13   1.00576988E-04   1.43554830E-03   2.92095514E-10 -0.206785455      0.122250274       7.35001639E-03
   6.00000000       800.000000      0.616429627       77.9216690       2.79139425E-03   3.58192561E-13   1.01355123E-04   1.41841185E-03   1.71249973E-10 -0.202305719      0.122250274       7.19396537E-03
   7.00000000       800.000000      0.621346176       78.5425873       2.70813936E-03   3.44773092E-13   1.02209480E-04   1.40147144E-03   5.66600621E-11 -0.197880208      0.122250274       7.04158284E-03
   8.00000000       800.000000      0.626343310       79.1605453       2.62680603E-03   3.31781667E-13   1.03153128E-04   1.38474861E-03  -5.24095246E-11 -0.193519861      0.122250274       6.89383084E-03
   9.00000000       800.000000      0.631355822       79.7936478       2.54736305E-03   3.19213758E-13   1.04168466E-04   1.36826455E-03  -1.55693514E-10 -0.189210564      0.122250274       6.75058179E-03
   10.0000000       800.000000      0.636449695       80.4251099       2.46976293E-03   3.07049606E-13   1.05250598E-04   1.35184778E-03  -2.52047855E-10 -0.184957474      0.122250274       6.61208807E-03
   11.0000000       800.000000      0.641569495       81.0633545       2.39394279E-03   2.95277827E-13   1.06386215E-04   1.33567746E-03  -3.41682543E-10 -0.180761069      0.122250274       6.47821976E-03
   12.0000000       800.000000      0.646703839       81.7070923       2.31986353E-03   2.83884732E-13   1.07566535E-04   1.31969852E-03  -4.24672908E-10 -0.176614851      0.122250274       6.34943275E-03
   13.0000000       800.000000      0.651862979       82.3593216       2.24751560E-03   2.72863627E-13   1.08799693E-04   1.30391505E-03  -5.00936681E-10 -0.172514930      0.122250274       6.22481108E-03
   2.00000000       800.000000      0.657104909       83.0148392       2.17683334E-03   2.62199604E-13   1.10107780E-04   1.28835614E-03  -5.69688741E-10 -0.168465838      0.122250274       6.10562647E-03
   3.00000000       800.000000      0.662361264       83.6720734       2.10779835E-03   2.51882147E-13   1.11523201E-04   1.27290492E-03  -6.29685748E-10 -0.164458737      0.122250274       5.98982442E-03
   4.00000000       800.000000      0.667716920       84.3404617       2.04040646E-03   2.41905237E-13   1.13089700E-04   1.25764532E-03  -6.79121981E-10 -0.160498783      0.122250274       5.88144874E-03
   5.00000000       800.000000      0.673070669       85.0116577       1.97460852E-03   2.32257491E-13   1.14816023E-04   1.24257617E-03  -7.16244453E-10 -0.156573758      0.122250274       5.77565702E-03
   6.00000000       800.000000      0.678464949       85.6865540       1.91036181E-03   2.22929707E-13   1.16724812E-04   1.22761820E-03  -7.40054240E-10 -0.152693450      0.122250274       5.68149704E-03
   7.00000000       800.000000      0.683868349       86.3630829       1.84764608E-03   2.13911611E-13   1.18780627E-04   1.21285149E-03  -7.50515261E-10 -0.148833290      0.122250274       5.58736175E-03
   8.00000000       800.000000      0.689361989       87.0500107       1.78648136E-03   2.05197987E-13   1.21008205E-04   1.19830528E-03  -7.48583362E-10 -0.145019814      0.122250274       5.51250530E-03
   9.00000000       800.000000      0.694936693       87.7468338       1.72683434E-03   1.96779022E-13   1.23318096E-04   1.18397339E-03  -7.36351258E-10 -0.141202360      0.122250274       5.43083809E-03
   10.0000000       800.000000      0.700467765       88.4404068       1.66866777E-03   1.88653211E-13   1.25821694E-04   1.16973335E-03  -7.16233517E-10 -0.137440339      0.122250274       5.38316136E-03
   11.0000000       800.000000      0.706084132       89.1438522       1.61198631E-03   1.80811163E-13   1.28355488E-04   1.15568039E-03  -6.90510260E-10 -0.133629009      0.122250274       5.31364745E-03
   12.0000000       800.000000      0.711785257       89.8559036       1.55681255E-03   1.73242131E-13   1.31199064E-04   1.14185514E-03  -6.61112609E-10 -0.129905418      0.122250274       5.30810328E-03
   13.0000000       800.000000      0.717506111       90.5660553       1.50320609E-03   1.65956956E-13   1.33972964E-04   1.12820114E-03  -6.29390429E-10 -0.126045495      0.122250274       5.24893543E-03
   2.00000000       800.000000      0.723254204       91.2924652       1.45119021E-03   1.58947454E-13   1.37296447E-04   1.11483107E-03  -5.96137917E-10 -0.122342438      0.122250274       5.31448564E-03
   3.00000000       800.000000      0.729030788       92.0148239       1.40067900E-03   1.52205641E-13   1.40257529E-04   1.10149838E-03  -5.61754809E-10 -0.118328393      0.122250274       5.25828497E-03
   4.00000000       800.000000      0.734885931       92.7492523       1.35198445E-03   1.45749406E-13   1.44225371E-04   1.08860212E-03  -5.26415245E-10 -0.114647634      0.122250274       5.45107480E-03
   5.00000000       800.000000      0.740812361       93.4854507       1.30486977E-03   1.39573181E-13   1.47110113E-04   1.07572984E-03  -4.90262886E-10 -0.110281445      0.122250274       5.37267746E-03
   6.00000000       800.000000      0.746736884       94.2303009       1.25980261E-03   1.33689907E-13   1.51972170E-04   1.06334675E-03  -4.52996390E-10 -0.106655933      0.122250274       5.80098014E-03
   7.00000000       800.000000      0.752711892       94.9802017       1.21665315E-03   1.28089867E-13   1.54207184E-04   1.05094467E-03  -4.15652901E-10 -0.101582654      0.122250274       5.62779559E-03
   8.00000000       800.000000      0.758787692       95.7357407       1.17591687E-03   1.22818531E-13   1.60431620E-04   1.03934307E-03  -3.77197745E-10  -9.81477797E-02  0.122250274       6.50988845E-03
   9.00000000       800.000000      0.764886141       96.4991150       1.13751867E-03   1.17875788E-13   1.61893229E-04   1.02741842E-03  -3.39600126E-10  -9.16630849E-02  0.122250274       6.05412945E-03
   10.0000000       800.000000      0.770997465       97.2638321       1.10173679E-03   1.13263267E-13   1.69158215E-04   1.01711322E-03  -2.93062963E-10  -8.88509303E-02  0.122250274       8.08067899E-03
   11.0000000       800.000000      0.777200460       98.0346756       1.07009814E-03   1.09139287E-13   2.00140712E-04   1.00564491E-03  -2.44601311E-10  -7.91535303E-02  0.122250274       6.65817643E-03
   12.0000000       800.000000      0.783445537       98.8157425       1.02573493E-03   1.03787977E-13   5.97644139E-05   9.97542171E-04   1.78193590E-20  -7.84597099E-02  0.122250274      -8.85620061E-03
   13.0000000       800.000000      0.789714217       99.6048737       1.00181869E-03   1.00566528E-13   5.95351048E-05   9.85702733E-04   6.16059846E-21  -9.30820704E-02  0.122250274      -1.85209066E-02
