   0.00000000       190.000000       3.40428352E-02   1.01702809       1.22336193E-03   1.20261925E-11  -8.21648240E-02   1.67559159      -8.52017133E-13  -2.76464084E-03  -2.90057658E-14  -2.08633989E-02
   1.00000000       197.000000       3.40447091E-02   1.05104125       1.20338739E-03   1.14466466E-11  -7.50884414E-02   1.56010187      -2.10656374E-15  -3.47490725E-03  -2.90774010E-14   8.44308920E-03
   2.00000000       200.000000       3.40499915E-02   1.08514261       1.18435815E-03   1.09121479E-11   7.55594522E-02   1.29328215      -2.42772810E-02  -2.18970212E-03  -8.26642616E-04   1.62408166E-02
   3.00000000       200.000000       3.40571664E-02   1.11914527       1.61092507E-03   1.43908436E-11  0.172181413       1.19744372       6.46134168E-02  -2.36879801E-03   1.37387146E-03  -1.55547280E-02
   4.00000000       200.000000       3.40652503E-02   1.15326166       2.14287546E-03   1.85776724E-11  0.223115861       1.11420667      0.182655931      -3.24932649E-03   7.59610813E-03  -2.64854152E-02
   5.00000000       200.000000       3.40752266E-02   1.18727005       2.76473328E-03   2.32811739E-11  0.251709014       1.04110050      0.317717999      -4.17356193E-03   1.84227731E-02  -3.08230724E-02
   6.00000000       200.000000       3.40886116E-02   1.22141874       3.50488187E-03   2.86903400E-11  0.267767936      0.975887299      0.446916580      -5.35039371E-03   3.36577930E-02  -3.86386551E-02
   7.00000000       200.000000       3.41038704E-02   1.25543642       4.39707795E-03   3.50163544E-11  0.276141226      0.917169929      0.558076739      -6.80848258E-03   5.26907817E-02  -4.81243581E-02
   8.00000000       200.000000       3.41209993E-02   1.28956389       5.48769394E-03   4.25457412E-11  0.279472500      0.863913715      0.640093029      -8.63376446E-03   7.45321438E-02  -6.02036044E-02
   9.00000000       200.000000       3.41415480E-02   1.32373023       6.82740146E-03   5.15677535E-11  0.278882384      0.815680325      0.691849768      -1.09182065E-02   9.81529728E-02  -7.48663694E-02
   10.0000000       200.000000       3.41642797E-02   1.35789859       8.45481642E-03   6.22537646E-11  0.274877489      0.771554530      0.714120448      -1.37475217E-02  0.122549802      -9.18182358E-02
   11.0000000       200.000000       3.41873281E-02   1.39207828       1.03868870E-02   7.46025255E-11  0.267896295      0.730730414      0.709930003      -1.71940625E-02  0.146820560     -0.110158652    
   2.00000000       200.000000       3.42125520E-02   1.42626679       1.26091726E-02   8.83925780E-11  0.258539438      0.692957520      0.688556910      -2.12824587E-02  0.170378655     -0.127971306    
   3.00000000       200.000000       3.42412032E-02   1.46045995       1.50591405E-02   1.03093194E-10  0.247411951      0.658217490      0.662821054      -2.59544440E-02  0.193074957     -0.145026788    
   4.00000000       200.000000       3.42717990E-02   1.49468386       1.77347902E-02   1.18628343E-10  0.235153362      0.626335144      0.638681412      -3.12189665E-02  0.214964256     -0.163354546    
   5.00000000       200.000000       3.43041234E-02   1.52902329       2.07005367E-02   1.35361805E-10  0.222180590      0.596976817      0.598812938      -3.71570028E-02  0.235506892     -0.185380861    
   6.00000000       200.000000       3.43400165E-02   1.56331646       2.40623709E-02   1.53890567E-10  0.207973719      0.569951117      0.538479805      -4.39445786E-02  0.253998339     -0.209981039    
   7.00000000       200.000000       3.43780145E-02   1.59766877       2.78385747E-02   1.74213061E-10  0.194348842      0.545074940      0.465789437      -5.15865088E-02  0.270011783     -0.237145737    
   8.00000000       400.000000       3.44163403E-02   1.63212323       3.20170037E-02   1.96139008E-10  0.182015806      0.522552669      0.382509112      -6.02588952E-02  0.283176035     -0.265561551    
   9.00000000       400.000000       3.44596468E-02   1.66651404       3.65949646E-02   2.19552321E-10  0.168925360      0.501448095      0.291197091      -6.98771626E-02  0.293210238     -0.294943720    
   10.0000000       400.000000       3.45019177E-02   1.70102203       4.16240431E-02   2.44662401E-10  0.156182289      0.481821239      0.195535928      -8.05984735E-02  0.299956739     -0.326462269    
   11.0000000       400.000000       3.45477760E-02   1.73553383       4.71063778E-02   2.71379974E-10  0.142645046      0.463543415      0.103054889      -9.24196690E-02  0.303517461     -0.358425647    
   12.0000000       400.000000       3.45973931E-02   1.77006423       5.30319922E-02   2.99550579E-10  0.125924781      0.446221232       2.28330884E-02 -0.105381630      0.304306865     -0.389834255    
   13.0000000       400.000000       3.46456654E-02   1.80469894       5.93714789E-02   3.28926220E-10  0.108501039      0.430644870      -3.88384387E-02 -0.119413115      0.302961230     -0.419554085    
   2.00000000       400.000000       3.46989296E-02   1.83938944       6.60834238E-02   3.59210994E-10   9.44178551E-02  0.416916132      -7.59628937E-02 -0.134476349      0.300325692     -0.447256625    
   3.00000000       400.000000       3.47537622E-02   1.87406790       7.30622560E-02   3.89786453E-10   8.30458477E-02  0.404145598      -8.40993375E-02 -0.150476709      0.297402680     -0.465574473    
   4.00000000       400.000000       3.48123796E-02   1.90886545       8.00038800E-02   4.19044216E-10   7.23575354E-02  0.391884774      -8.55327174E-02 -0.166864231      0.294424951     -0.475898266    
   5.00000000       400.000000       3.48717459E-02   1.94381344       8.69383514E-02   4.47204218E-10   6.20358065E-02  0.380149603     -0.102444366     -0.183638319      0.290852606     -0.484391183    
   6.00000000       400.000000       3.49331126E-02   1.97864985       9.38623250E-02   4.74304984E-10   5.18120863E-02  0.368934661     -0.153503552     -0.200676575      0.285490423     -0.494594723    
   7.00000000       400.000000       3.49960364E-02   2.01366401      0.100902453       5.01027608E-10   4.20876257E-02  0.358249336     -0.234267175     -0.218224406      0.277292013     -0.515946805    
   8.00000000       400.000000       3.50628383E-02   2.04869795      0.108282216       5.28478927E-10   3.27037498E-02  0.348057508     -0.319669098     -0.236822650      0.266084135     -0.549445093    
   9.00000000       400.000000       3.51311862E-02   2.08382654      0.116124757       5.57210167E-10   2.47256830E-02  0.338306814     -0.388117552     -0.256791532      0.252449393     -0.582560897    
   10.0000000       400.000000       3.52015831E-02   2.11898565      0.124379203       5.86912297E-10   1.80469658E-02  0.329049319     -0.428839892     -0.277795076      0.237353802     -0.605929494    
   11.0000000       400.000000       3.52728553E-02   2.15418029      0.132877067       6.16755647E-10   1.25699844E-02  0.320352852     -0.424673110     -0.299494088      0.222373798     -0.623974919    
   12.0000000       400.000000       3.53475511E-02   2.18945503      0.141477302       6.46085963E-10   8.02667066E-03  0.312147439     -0.366199553     -0.321861595      0.209429011     -0.647083640    
   13.0000000       400.000000       3.54251340E-02   2.22494793      0.150296837       6.75444589E-10   3.64739774E-03  0.304269850     -0.268518895     -0.345291108      0.199916646     -0.680709898    
   2.00000000       400.000000       3.55066359E-02   2.26028228      0.159511238       7.05608127E-10   6.67921151E-04  0.296556205     -0.157907203     -0.370144814      0.194309726     -0.717764914    
   3.00000000       400.000000       3.55888382E-02   2.29589605      0.169126034       7.36557482E-10  -4.55152069E-04  0.289095879      -5.80566823E-02 -0.396318942      0.192243874     -0.736577094    
   4.00000000       400.000000       3.56727764E-02   2.33153582      0.178981349       7.67564734E-10  -1.18063646E-03  0.281972021       1.52667239E-02 -0.422632337      0.192789048     -0.750004649    
   5.00000000       400.000000       3.57585363E-02   2.36718988      0.188988581       7.98255240E-10  -1.76145032E-03  0.275141656       6.70175999E-02 -0.449891895      0.195184857     -0.779046118    
   6.00000000       400.000000       3.58451568E-02   2.40296197      0.199079633       8.28349889E-10  -2.20156135E-03  0.268575251      0.114240132     -0.478416532      0.199280247     -0.806937814    
   7.00000000       400.000000       3.59365791E-02   2.43895650      0.209081098       8.57164340E-10  -2.48517934E-03  0.262260824      0.160852119     -0.507816374      0.205060795     -0.800517499    
   8.00000000       400.000000       3.60317938E-02   2.47496963      0.218706220       8.83586371E-10  -2.64970143E-03  0.256198376      0.191684753     -0.536028326      0.211967185     -0.749215662    
   9.00000000       400.000000       3.61256152E-02   2.51087451      0.227734074       9.06840270E-10  -2.74833804E-03  0.250380546      0.196470901     -0.561877966      0.219064996     -0.690855443    
   10.0000000       400.000000       3.62243615E-02   2.54723430      0.236034125       9.26542731E-10  -2.81209243E-03  0.244794250      0.172618628     -0.586012423      0.225317925     -0.643189132    
   11.0000000       400.000000       3.63236889E-02   2.58347154      0.243562847       9.42671829E-10  -2.86101922E-03  0.239427045      0.121561229     -0.608539522      0.229733810     -0.597347319    
   12.0000000       400.000000       3.64281610E-02   2.61973166      0.250268728       9.55179047E-10  -2.91021517E-03  0.234265521       5.10458015E-02 -0.629469156      0.231593370     -0.553295314    
   13.0000000       400.000000       3.65312435E-02   2.65625191      0.256162912       9.64248903E-10  -2.94216559E-03  0.229296118      -2.40918938E-02 -0.648908138      0.230712995     -0.512555003    
   2.00000000       400.000000       3.66381556E-02   2.69287086      0.261313945       9.70272862E-10  -2.94639263E-03  0.224506333      -8.23627338E-02 -0.666973770      0.227695152     -0.476988941    
   3.00000000       400.000000       3.67491208E-02   2.72951531      0.265840590       9.73814585E-10  -2.92032585E-03  0.219885230     -0.105950102     -0.683912098      0.223801821     -0.446814686    
   4.00000000       400.000000       3.68596762E-02   2.76648116      0.269815624       9.75225456E-10  -2.85278633E-03  0.215425253      -9.12493765E-02 -0.699862897      0.220438421     -0.420384169    
   5.00000000       400.000000       3.69738303E-02   2.80324292      0.273309678       9.74845538E-10  -2.74325721E-03  0.211114198      -5.14324121E-02 -0.714953780      0.218536556     -0.396634936    
   6.00000000       400.000000       3.70923392E-02   2.84031177      0.276353925       9.72852354E-10  -2.59698392E-03  0.206947565      -8.64821579E-03 -0.729239523      0.218216017     -0.375418365    
   7.00000000       400.000000       3.72101963E-02   2.87746811      0.278993219       9.69463176E-10  -2.42009852E-03  0.202917710       2.05713212E-02 -0.742846847      0.218981341     -0.357412636    
   8.00000000       400.000000       3.73310633E-02   2.91468883      0.281267554       9.64869296E-10  -2.21601711E-03  0.199016869       3.28294113E-02 -0.755883694      0.220206842     -0.343194693    
   9.00000000       400.000000       3.74547355E-02   2.95214677      0.283241183       9.59331947E-10  -1.99320912E-03  0.195237488       3.24039161E-02 -0.768513680      0.221420735     -0.334722608    
   10.0000000       400.000000       3.75822932E-02   2.98967767      0.285001159       9.53177870E-10  -1.75649149E-03  0.191574499       2.37310622E-02 -0.781000257      0.222312525     -0.332790107    
   11.0000000       400.000000       3.77115831E-02   3.02733731      0.286615938       9.46658862E-10  -1.50870869E-03  0.188022196       1.14684179E-02 -0.793570876      0.222745135     -0.334574878    
   12.0000000       400.000000       3.78417671E-02   3.06507659      0.288095593       9.39819000E-10  -1.25889631E-03  0.184573144       1.79737026E-03 -0.806278050      0.222812742     -0.336894155    
   13.0000000       400.000000       3.79736088E-02   3.10296249      0.289443612       9.32679933E-10  -1.01425697E-03  0.181222513      -3.33906559E-04 -0.819112778      0.222800419     -0.337908298    
   2.00000000       400.000000       3.81093584E-02   3.14102793      0.290649444       9.25225396E-10  -7.82773597E-04  0.177965388       4.27655922E-03 -0.831987798      0.222963005     -0.335912734    
   3.00000000       400.000000       3.82481478E-02   3.17926812      0.291675895       9.17340703E-10  -5.71583631E-04  0.174797609       1.01108849E-02 -0.844763815      0.223350018     -0.331669420    
   4.00000000       400.000000       3.83906849E-02   3.21746230      0.292509913       9.09008480E-10  -3.87095613E-04  0.171714574       1.11826323E-02 -0.857406497      0.223779172     -0.326342523    
   5.00000000       400.000000       3.85340862E-02   3.25593615      0.293123871       9.00156172E-10  -2.38295936E-04  0.168712094       6.25391537E-03 -0.869866133      0.224020123     -0.318602264    
   6.00000000       400.000000       3.86794209E-02   3.29459786      0.293477595       8.90681862E-10  -1.37277908E-04  0.165786535      -4.15520946E-04 -0.882006049      0.224004209     -0.313021600    
   7.00000000       400.000000       3.88261117E-02   3.33332801      0.293685168       8.80949924E-10  -5.70998345E-05  0.162935346      -6.19181385E-03 -0.894126534      0.223763853     -0.305260509    
   8.00000000       400.000000       3.89781781E-02   3.37215042      0.293622732       8.70604477E-10  -3.27557827E-05  0.160152316      -7.45961582E-03 -0.905757189      0.223472983     -0.291983426    
   9.00000000       400.000000       3.91310640E-02   3.41121101      0.293347865       8.59830707E-10  -4.92187028E-05  0.157436237      -6.38563326E-03 -0.916932344      0.223223343     -0.280046731    
   10.0000000       400.000000       3.92854065E-02   3.45050335      0.292934656       8.48861925E-10  -9.91983543E-05  0.154783696      -8.35825130E-03 -0.927716851      0.222894430     -0.270691216    
   11.0000000       400.000000       3.94439995E-02   3.48992372      0.292446136       8.37886538E-10  -1.66013910E-04  0.152192324      -1.18085323E-02 -0.938245416      0.222428933     -0.262605548    
   12.0000000       400.000000       3.96043137E-02   3.52931929      0.291882485       8.26907265E-10  -2.53932987E-04  0.149661124      -1.35731651E-02 -0.948476672      0.221891567     -0.253149062    
   13.0000000       400.000000       3.97699885E-02   3.56905532      0.291235983       8.15903400E-10  -3.57086334E-04  0.147186965      -1.02747232E-02 -0.958337545      0.221482947     -0.247858375    
   2.00000000       400.000000       3.99327539E-02   3.60901117      0.290658623       8.05294831E-10  -4.50390857E-04  0.144767269      -4.81896289E-03 -0.968229353      0.221290380     -0.248109370    
   3.00000000       400.000000       4.01016437E-02   3.64905024      0.290162891       7.95103372E-10  -5.25015697E-04  0.142403498      -6.54862379E-04 -0.978196204      0.221264258     -0.249815628    
   4.00000000       400.000000       4.02740240E-02   3.68916464      0.289755493       7.85337739E-10  -5.82966604E-04  0.140090823       9.89763299E-04 -0.988310456      0.221303880     -0.251904368    
   5.00000000       400.000000       4.04453352E-02   3.72949243      0.289413124       7.75921383E-10  -6.18107850E-04  0.137830675       1.06916460E-03 -0.998528004      0.221347168     -0.254861176    
   6.00000000       400.000000       4.06209007E-02   3.77015471      0.289156944       7.66899266E-10  -6.33249700E-04  0.135620296       1.31279416E-03  -1.00897121      0.221400812     -0.257274956    
   7.00000000       400.000000       4.08019014E-02   3.81062984      0.288933784       7.58121343E-10  -6.29475573E-04  0.133458838       2.83665233E-03  -1.01947820      0.221516192     -0.259348601    
   8.00000000       400.000000       4.09835242E-02   3.85157919      0.288759679       7.49621198E-10  -6.11508905E-04  0.131345212       5.24197379E-03  -1.03018308      0.221731052     -0.259905994    
   9.00000000       400.000000       4.11677249E-02   3.89264297      0.288562059       7.41204209E-10  -5.85443166E-04  0.129276365       6.65452750E-03  -1.04082954      0.222005308     -0.260791421    
   10.0000000       800.000000       4.13518026E-02   3.93391180      0.288416654       7.33060390E-10  -5.47100208E-04  0.127254590       5.96786477E-03  -1.05170286      0.222251683     -0.260949314    
   11.0000000       800.000000       4.15420607E-02   3.97551847      0.288219571       7.24921456E-10  -5.06733952E-04  0.125274077       3.25695868E-03  -1.06246030      0.222386941     -0.259242356    
   12.0000000       800.000000       4.17331755E-02   4.01692963      0.288022190       7.16916082E-10  -4.65391669E-04  0.123336352       5.08846715E-04  -1.07329023      0.222408310     -0.257608652    
   13.0000000       800.000000       4.19295840E-02   4.05884504      0.287780166       7.08931192E-10  -4.21926787E-04  0.121439025      -1.77221184E-04  -1.08401275      0.222401142     -0.255035609    
   2.00000000       800.000000       4.21275869E-02   4.10084629      0.287522644       7.01039782E-10  -3.81093501E-04  0.119581051       1.22931937E-03  -1.09472787      0.222452641     -0.251853138    
   3.00000000       800.000000       4.23264094E-02   4.14324856      0.287212938       6.93145819E-10  -3.40359809E-04  0.117760904       3.61568830E-03  -1.10528207      0.222605869     -0.248419777    
   4.00000000       800.000000       4.25276794E-02   4.18554831      0.286884367       6.85334900E-10  -3.04050889E-04  0.115978912       6.22048043E-03  -1.11580861      0.222870469     -0.244792357    
   5.00000000       800.000000       4.27326299E-02   4.22826385      0.286498725       6.77513823E-10  -2.69534125E-04  0.114233486       7.41304271E-03  -1.12615263      0.223187059     -0.240848064    
   6.00000000       800.000000       4.29400988E-02   4.27117634      0.286091417       6.69766465E-10  -2.41210801E-04  0.112522066       5.77348983E-03  -1.13644218      0.223434746     -0.237081394    
   7.00000000       800.000000       4.31519486E-02   4.31416321      0.285640270       6.62037869E-10  -2.14067972E-04  0.110844374       2.39037047E-03  -1.14656591      0.223538086     -0.233629882    
   8.00000000       800.000000       4.33655083E-02   4.35740662      0.285181105       6.54410637E-10  -1.91131854E-04  0.109200619       5.45835181E-04  -1.15665460      0.223561704     -0.230615139    
   9.00000000       800.000000       4.35808785E-02   4.40067959      0.284688264       6.46825982E-10  -1.68676532E-04  0.107587792       2.65801535E-03  -1.16661561      0.223677933     -0.227419212    
   10.0000000       800.000000       4.38009016E-02   4.44439697      0.284181625       6.39328313E-10  -1.50665306E-04  0.106006600       5.88082336E-03  -1.17652738      0.223935351     -0.224065050    
   11.0000000       800.000000       4.40220647E-02   4.48833799      0.283639371       6.31866282E-10  -1.34105809E-04  0.104456440       4.46786312E-03  -1.18629444      0.224131972     -0.220712483    
   12.0000000       800.000000       4.42490242E-02   4.53246212      0.283086687       6.24494567E-10  -1.22036981E-04  0.102936022      -4.01852973E-04  -1.19600868      0.224114254     -0.217826694    
   13.0000000       800.000000       4.44775447E-02   4.57707596      0.282510281       6.17181140E-10  -1.09696339E-04  0.101444297      -1.81673525E-03  -1.20562017      0.224033207     -0.215161905    
   2.00000000       800.000000       4.47068773E-02   4.62136841      0.281926155       6.09960915E-10  -1.00680780E-04   9.99803469E-02   5.89263684E-04  -1.21520007      0.224059820     -0.212432757    
   3.00000000       800.000000       4.49385233E-02   4.66624355      0.281311572       6.02786043E-10  -9.17397119E-05   9.85442325E-02   2.19826866E-03  -1.22466409      0.224158391     -0.209740862    
   4.00000000       800.000000       4.51754220E-02   4.71121693      0.280690491       5.95703320E-10  -8.70798322E-05   9.71346870E-02   1.29123579E-03  -1.23409784      0.224216953     -0.207133397    
   5.00000000       800.000000       4.54156250E-02   4.75678205      0.280044913       5.88673943E-10  -8.20686400E-05   9.57516655E-02  -1.03257224E-03  -1.24342918      0.224170148     -0.204570279    
   6.00000000       800.000000       4.56556603E-02   4.80203438      0.279395282       5.81740434E-10  -8.01941205E-05   9.43924859E-02  -2.18612375E-03  -1.25272906      0.224070072     -0.202154607    
   7.00000000       800.000000       4.59001064E-02   4.84787893      0.278725415       5.74865322E-10  -7.73105348E-05   9.30592343E-02  -1.09699403E-03  -1.26193607      0.224019781     -0.199687108    
   8.00000000       800.000000       4.61495221E-02   4.89382601      0.278048933       5.68076253E-10  -7.79373149E-05   9.17496830E-02   9.35182106E-05  -1.27111161      0.224024311     -0.197097450    
   9.00000000       800.000000       4.64015417E-02   4.94037914      0.277350307       5.61341529E-10  -7.81218187E-05   9.04631764E-02  -6.20289473E-04  -1.28017712      0.223995194     -0.194533691    
   10.0000000       800.000000       4.66544069E-02   4.98703766      0.276647270       5.54694068E-10  -8.13492370E-05   8.92011449E-02  -2.05792580E-03  -1.28921294      0.223899350     -0.192156568    
   11.0000000       800.000000       4.69110720E-02   5.03345490      0.275928348       5.48111778E-10  -8.32598453E-05   8.79587829E-02  -2.21892237E-03  -1.29815722      0.223795518     -0.189845115    
   12.0000000       800.000000       4.71705161E-02   5.08080530      0.275205642       5.41614420E-10  -8.70281146E-05   8.67402554E-02  -1.47264707E-03  -1.30707443      0.223725662     -0.187668666    
   13.0000000       800.000000       4.74330559E-02   5.12793064      0.274468660       5.35180733E-10  -8.98292637E-05   8.55410248E-02  -1.26372906E-03  -1.31591117      0.223665461     -0.185475811    
   2.00000000       800.000000       4.76989783E-02   5.17558718      0.273728341       5.28831812E-10  -9.36903743E-05   8.43652561E-02  -1.87643501E-03  -1.32471919      0.223576307     -0.183519587    
   3.00000000       800.000000       4.79672700E-02   5.22343826      0.272979170       5.22555776E-10  -9.61970509E-05   8.32065940E-02  -2.20263074E-03  -1.33346915      0.223470643     -0.181592897    
   4.00000000       800.000000       4.82396744E-02   5.27148342      0.272226959       5.16359011E-10  -9.86923260E-05   8.20719749E-02  -1.34040962E-03  -1.34219098      0.223406106     -0.179718703    
   5.00000000       800.000000       4.85143214E-02   5.32006216      0.271464646       5.10232301E-10  -1.00354526E-04   8.09506401E-02  -5.46426512E-04  -1.35085762      0.223379329     -0.177739128    
   6.00000000       800.000000       4.87925000E-02   5.36836243      0.270697504       5.04178033E-10  -1.02084479E-04   7.98518062E-02  -8.73573008E-04  -1.35948718      0.223336890     -0.175860718    
   7.00000000       800.000000       4.90735136E-02   5.41723442      0.269922763       4.98194486E-10  -1.03012630E-04   7.87741318E-02  -1.11977453E-03  -1.36807013      0.223281801     -0.174090698    
   8.00000000       800.000000       4.93605398E-02   5.46674824      0.269144803       4.92287822E-10  -1.03284918E-04   7.77124316E-02  -6.00562198E-04  -1.37662137      0.223252282     -0.172424331    
   9.00000000       800.000000       4.96459454E-02   5.51635075      0.268362522       4.86450880E-10  -1.02900602E-04   7.66647682E-02  -1.34710499E-04  -1.38513899      0.223245263     -0.170773983    
   10.0000000       800.000000       4.99367975E-02   5.56616688      0.267576337       4.80687212E-10  -1.01891834E-04   7.56380036E-02  -2.01110059E-04  -1.39363027      0.223235577     -0.169197664    
   11.0000000       800.000000       5.02316244E-02   5.61612844      0.266786814       4.74994433E-10  -9.99723488E-05   7.46299624E-02  -1.14858121E-04  -1.40208638      0.223230124     -0.167673931    
   12.0000000       800.000000       5.05279116E-02   5.66623640      0.265993744       4.69371375E-10  -9.73280839E-05   7.36356676E-02   4.83307231E-04  -1.41052330      0.223254070     -0.166155025    
   13.0000000       800.000000       5.08273505E-02   5.71697474      0.265196055       4.63816374E-10  -9.41739054E-05   7.26583228E-02   8.17689113E-04  -1.41892481      0.223295569     -0.164587855    
   2.00000000       800.000000       5.11321910E-02   5.76780939      0.264393508       4.58325239E-10  -9.04938279E-05   7.16966167E-02   7.44462421E-04  -1.42730308      0.223334134     -0.163096055    
   3.00000000       800.000000       5.14377542E-02   5.81939650      0.263586253       4.52900356E-10  -8.63990499E-05   7.07503334E-02   8.63155699E-04  -1.43565810      0.223378494     -0.161672726    
   4.00000000       800.000000       5.17485440E-02   5.87104797      0.262774527       4.47537341E-10  -8.20767309E-05   6.98166117E-02   1.04240619E-03  -1.44398487      0.223432168     -0.160182625    
   5.00000000       800.000000       5.20629622E-02   5.92277527      0.261957198       4.42234555E-10  -7.76638262E-05   6.88978359E-02   1.01292843E-03  -1.45228517      0.223485216     -0.158606008    
   6.00000000       800.000000       5.23787588E-02   5.97483015      0.261133254       4.36991027E-10  -7.33473280E-05   6.79965094E-02   1.04700471E-03  -1.46055174      0.223539487     -0.156992927    
   7.00000000       800.000000       5.26992045E-02   6.02751064      0.260303646       4.31805397E-10  -6.91727473E-05   6.71082363E-02   1.15118409E-03  -1.46878195      0.223600566     -0.155284256    
   8.00000000       800.000000       5.30240014E-02   6.08028364      0.259466469       4.26674862E-10  -6.53212992E-05   6.62370846E-02   1.18260609E-03  -1.47696674      0.223662987     -0.153490335    
   9.00000000       800.000000       5.33496812E-02   6.13364077      0.258622020       4.21599144E-10  -6.18581689E-05   6.53727576E-02   1.16841751E-03  -1.48511040      0.223725542     -0.151680037    
   10.0000000       800.000000       5.36804311E-02   6.18732548      0.257770658       4.16575635E-10  -5.87596551E-05   6.45283833E-02   1.05089403E-03  -1.49320209      0.223781392     -0.149839446    
   11.0000000       800.000000       5.40157408E-02   6.24103832      0.256911308       4.11605278E-10  -5.60715234E-05   6.36911616E-02   9.27089772E-04  -1.50124550      0.223831549     -0.148046345    
   12.0000000       800.000000       5.43518029E-02   6.29508209      0.256046027       4.06688322E-10  -5.37239357E-05   6.28701746E-02   8.38074309E-04  -1.50924444      0.223877519     -0.146333084    
   13.0000000       800.000000       5.46922497E-02   6.34962225      0.255174100       4.01823880E-10  -5.16306718E-05   6.20614663E-02   6.99983444E-04  -1.51720202      0.223915711     -0.144629255    
   2.00000000       800.000000       5.50380871E-02   6.40445566      0.254296839       3.97010702E-10  -4.98390400E-05   6.12641908E-02   6.08180941E-04  -1.52511716      0.223949477     -0.142956406    
   3.00000000       800.000000       5.53847216E-02   6.45976830      0.253411889       3.92248983E-10  -4.83507210E-05   6.04814366E-02   5.16632863E-04  -1.53298759      0.223978043     -0.141312167    
   4.00000000       800.000000       5.57359010E-02   6.51546860      0.252522677       3.87539029E-10  -4.71294188E-05   5.97075894E-02   3.70673049E-04  -1.54081821      0.223998457     -0.139663070    
   5.00000000       800.000000       5.60912378E-02   6.57112312      0.251627833       3.82879950E-10  -4.61777054E-05   5.89448959E-02   2.33485422E-04  -1.54860806      0.224011838     -0.138055772    
   6.00000000       800.000000       5.64479530E-02   6.62756824      0.250728995       3.78272719E-10  -4.54422334E-05   5.81966862E-02   1.04745952E-04  -1.55635369      0.224017739     -0.136464849    
   7.00000000       800.000000       5.68098128E-02   6.68420267      0.249824420       3.73716030E-10  -4.48937717E-05   5.74550629E-02  -1.26862815E-05  -1.56406760      0.224016830     -0.134862125    
   8.00000000       800.000000       5.71758151E-02   6.74102211      0.248916402       3.69209635E-10  -4.45225123E-05   5.67291826E-02  -1.02860133E-04  -1.57172894      0.224011108     -0.133270830    
   9.00000000       800.000000       5.75454868E-02   6.79867172      0.248004615       3.64753616E-10  -4.42963901E-05   5.60105890E-02  -1.86627294E-04  -1.57934785      0.224000260     -0.131681621    
   10.0000000       800.000000       5.79212233E-02   6.85620070      0.247088924       3.60346114E-10  -4.42023811E-05   5.53031936E-02  -2.59855005E-04  -1.58693314      0.223985106     -0.130101025    
   11.0000000       800.000000       5.82982525E-02   6.91421032      0.246169373       3.55985241E-10  -4.42308519E-05   5.46066575E-02  -3.25767120E-04  -1.59446990      0.223965883     -0.128544897    
   12.0000000       800.000000       5.86755127E-02   6.97270107      0.245245889       3.51676049E-10  -4.43364843E-05   5.39199412E-02  -3.82903178E-04  -1.60196424      0.223943681     -0.126996741    
   13.0000000       800.000000       5.90622984E-02   7.03143930      0.244317621       3.47413903E-10  -4.44924481E-05   5.32428585E-02  -4.18689102E-04  -1.60942674      0.223918945     -0.125459120    
   2.00000000       800.000000       5.94485030E-02   7.09108067      0.243386671       3.43197665E-10  -4.46749145E-05   5.25767580E-02  -4.40576114E-04  -1.61685169      0.223893270     -0.123929098    
   3.00000000       800.000000       5.98436110E-02   7.15043688      0.242452800       3.39027917E-10  -4.48490791E-05   5.19194603E-02  -4.51726431E-04  -1.62421691      0.223865718     -0.122394264    
   4.00000000       800.000000       6.02373928E-02   7.21079636      0.241512880       3.34903300E-10  -4.50105217E-05   5.12696542E-02  -4.52344626E-04  -1.63154685      0.223838657     -0.120855711    
   5.00000000       800.000000       6.06374219E-02   7.27131176      0.240570679       3.30822869E-10  -4.51538508E-05   5.06299660E-02  -4.45324258E-04  -1.63881493      0.223811477     -0.119307831    
   6.00000000       800.000000       6.10392392E-02   7.33202028      0.239622965       3.26786403E-10  -4.52686982E-05   5.00026494E-02  -4.30524902E-04  -1.64604771      0.223785177     -0.117747754    
   7.00000000       800.000000       6.14471473E-02   7.39313030      0.238672838       3.22791127E-10  -4.53549983E-05   4.93787900E-02  -4.06722771E-04  -1.65324295      0.223760232     -0.116179436    
   8.00000000       800.000000       6.18590638E-02   7.45494413      0.237715855       3.18842508E-10  -4.54098335E-05   4.87671830E-02  -3.76119016E-04  -1.66037023      0.223737136     -0.114609525    
   9.00000000       800.000000       6.22721761E-02   7.51700449      0.236755669       3.14931331E-10  -4.54298097E-05   4.81634177E-02  -3.41271429E-04  -1.66747117      0.223715693     -0.113045037    
   10.0000000       800.000000       6.26941621E-02   7.57950735      0.235791191       3.11063036E-10  -4.54055080E-05   4.75683510E-02  -3.02780129E-04  -1.67449951      0.223696783     -0.111490905    
   11.0000000       800.000000       6.31151870E-02   7.64244461      0.234823361       3.07234266E-10  -4.53139728E-05   4.69817184E-02  -2.61782261E-04  -1.68149257      0.223680079     -0.109943785    
   12.0000000       800.000000       6.35424033E-02   7.70559978      0.233851343       3.03449432E-10  -4.51346423E-05   4.64019775E-02  -2.19015536E-04  -1.68842804      0.223666072     -0.108407184    
   13.0000000       800.000000       6.39760271E-02   7.76949692      0.232874557       2.99702457E-10  -4.48565625E-05   4.58306372E-02  -1.74842484E-04  -1.69531107      0.223655090     -0.106885061    
   2.00000000       800.000000       6.44085407E-02   7.83382225      0.231894001       2.95996477E-10  -4.45076985E-05   4.52670194E-02  -1.30969682E-04  -1.70214534      0.223646685     -0.105374835    
   3.00000000       800.000000       6.48498610E-02   7.89831066      0.230910733       2.92327607E-10  -4.40859003E-05   4.47102450E-02  -8.80402731E-05  -1.70893788      0.223641232     -0.103860036    
   4.00000000       800.000000       6.52926117E-02   7.96304750      0.229924291       2.88698232E-10  -4.35738730E-05   4.41648103E-02  -4.64512195E-05  -1.71566701      0.223637879     -0.102344267    
   5.00000000       800.000000       6.57397360E-02   8.02879810      0.228933394       2.85110380E-10  -4.30082728E-05   4.36244234E-02  -7.01428371E-06  -1.72234261      0.223637700     -0.100834228    
   6.00000000       800.000000       6.61928579E-02   8.09504509      0.227938294       2.81557971E-10  -4.23908932E-05   4.30906974E-02   3.00926768E-05  -1.72897530      0.223639458      -9.93006825E-02
   7.00000000       800.000000       6.66503683E-02   8.16145802      0.226941615       2.78044476E-10  -4.17267474E-05   4.25642952E-02   6.42455780E-05  -1.73553121      0.223643959      -9.77527499E-02
   8.00000000       800.000000       6.71091229E-02   8.22835445      0.225938573       2.74565398E-10  -4.10449320E-05   4.20454778E-02   9.50468020E-05  -1.74204886      0.223650113      -9.62024704E-02
   9.00000000       800.000000       6.75772652E-02   8.29508305      0.224933982       2.71124873E-10  -4.03569356E-05   4.15339395E-02   1.22238460E-04  -1.74849916      0.223658726      -9.46490988E-02
   10.0000000       800.000000       6.80434331E-02   8.36327362      0.223921522       2.67718930E-10  -3.96626310E-05   4.10289466E-02   1.45591795E-04  -1.75488269      0.223668471      -9.30927321E-02
   11.0000000       800.000000       6.85164854E-02   8.43160915      0.222908527       2.64347211E-10  -3.89558518E-05   4.05278206E-02   1.64926911E-04  -1.76120746      0.223679587      -9.15344432E-02
   12.0000000       800.000000       6.89990669E-02   8.50011826      0.221891597       2.61011601E-10  -3.82279286E-05   4.00378108E-02   1.80110554E-04  -1.76746631      0.223692000      -8.99750963E-02
   13.0000000       800.000000       6.94770738E-02   8.56972027      0.220866948       2.57709326E-10  -3.74708907E-05   3.95511128E-02   1.91108251E-04  -1.77367556      0.223705277      -8.84141847E-02
   2.00000000       800.000000       6.99650571E-02   8.63913631      0.219841048       2.54444243E-10  -3.66810127E-05   3.90718132E-02   1.97962348E-04  -1.77979124      0.223719195      -8.68497044E-02
   3.00000000       800.000000       7.04544336E-02   8.70913506      0.218811154       2.51210247E-10  -3.58611251E-05   3.85990888E-02   2.00795912E-04  -1.78587306      0.223733559      -8.52788165E-02
   4.00000000       800.000000       7.09533468E-02   8.77987480      0.217776760       2.48008586E-10  -3.50217560E-05   3.81333157E-02   1.99783506E-04  -1.79186535      0.223747432      -8.36971626E-02
   5.00000000       800.000000       7.14557767E-02   8.85152435      0.216737911       2.44841730E-10  -3.41813829E-05   3.76738459E-02   1.95163710E-04  -1.79778838      0.223761275      -8.21029320E-02
   6.00000000       800.000000       7.19595850E-02   8.92326069      0.215695694       2.41704268E-10  -3.33606295E-05   3.72182354E-02   1.87231679E-04  -1.80364192      0.223774612      -8.04975107E-02
   7.00000000       800.000000       7.24673644E-02   8.99552822      0.214649841       2.38600473E-10  -3.25755645E-05   3.67716029E-02   1.76319561E-04  -1.80942333      0.223787516      -7.88854212E-02
   8.00000000       800.000000       7.29827210E-02   9.06822109      0.213597491       2.35526959E-10  -3.18328821E-05   3.63290682E-02   1.62792363E-04  -1.81509876      0.223799720      -7.72734955E-02
   9.00000000       800.000000       7.35015273E-02   9.14107132      0.212538600       2.32481479E-10  -3.11284421E-05   3.58904898E-02   1.47045837E-04  -1.82074034      0.223810285      -7.56672099E-02
   10.0000000       800.000000       7.40236938E-02   9.21487141      0.211480588       2.29469402E-10  -3.04498790E-05   3.54609601E-02   1.29498279E-04  -1.82628107      0.223819867      -7.40709230E-02
   11.0000000       800.000000       7.45541826E-02   9.28909588      0.210413083       2.26490174E-10  -2.97821098E-05   3.50342095E-02   1.10583322E-04  -1.83173513      0.223828301      -7.24863485E-02
   12.0000000       800.000000       7.50876293E-02   9.36382198      0.209346429       2.23538105E-10  -2.91122997E-05   3.46145444E-02   9.07432259E-05  -1.83712268      0.223834753      -7.09107444E-02
   13.0000000       800.000000       7.56227747E-02   9.43945217      0.208270282       2.20615748E-10  -2.84352682E-05   3.42003368E-02   7.04175472E-05  -1.84243810      0.223840773      -6.93405271E-02
   2.00000000       800.000000       7.61684179E-02   9.51551723      0.207194194       2.17725074E-10  -2.77532890E-05   3.37905511E-02   5.00322531E-05  -1.84763670      0.223844081      -6.77715838E-02
   3.00000000       800.000000       7.67170042E-02   9.59179592      0.206115350       2.14860241E-10  -2.70751934E-05   3.33861969E-02   2.99901658E-05  -1.85279703      0.223846719      -6.62006959E-02
   4.00000000       800.000000       7.72694573E-02   9.66848755      0.205029353       2.12028894E-10  -2.64133414E-05   3.29875052E-02   1.06613570E-05  -1.85783279      0.223847449      -6.46277443E-02
   5.00000000       800.000000       7.78230131E-02   9.74612713      0.203939229       2.09227122E-10  -2.57772808E-05   3.25927772E-02  -7.62016271E-06  -1.86279106      0.223846838      -6.30452633E-02
   6.00000000       800.000000       7.83851892E-02   9.82425022      0.202846602       2.06449288E-10  -2.51884121E-05   3.22036855E-02  -2.45710926E-05  -1.86768055      0.223845094      -6.14646710E-02
   7.00000000       800.000000       7.89523125E-02   9.90284920      0.201751381       2.03706066E-10  -2.46310665E-05   3.18201669E-02  -3.98931115E-05  -1.87249744      0.223841682      -5.98979630E-02
   8.00000000       800.000000       7.95280412E-02   9.98241329      0.200651839       2.00987796E-10  -2.40687532E-05   3.14407237E-02  -5.34044157E-05  -1.87716031      0.223837584      -5.83186336E-02
   9.00000000       800.000000       8.01055804E-02   10.0623922      0.199549332       1.98295408E-10  -2.35346506E-05   3.10667399E-02  -6.50285074E-05  -1.88179553      0.223831952      -5.67330867E-02
   10.0000000       800.000000       8.06882754E-02   10.1425762      0.198441401       1.95631872E-10  -2.30266796E-05   3.06956228E-02  -7.45991347E-05  -1.88631904      0.223826289      -5.51547147E-02
   11.0000000       800.000000       8.12722519E-02   10.2231703      0.197329953       1.92994315E-10  -2.25091062E-05   3.03319246E-02  -8.20728892E-05  -1.89074159      0.223819435      -5.35785370E-02
   12.0000000       800.000000       8.18665698E-02   10.3048105      0.196216106       1.90384930E-10  -2.19797421E-05   2.99704336E-02  -8.74406032E-05  -1.89505112      0.223812252      -5.19991368E-02
   13.0000000       800.000000       8.24698508E-02   10.3871059      0.195097148       1.87805715E-10  -2.14416850E-05   2.96151116E-02  -9.07371214E-05  -1.89925849      0.223804876      -5.04132882E-02
   2.00000000       800.000000       8.30690786E-02   10.4702911      0.193972945       1.85249330E-10  -2.08956371E-05   2.92637181E-02  -9.20375896E-05  -1.90338588      0.223796874      -4.88246679E-02
   3.00000000       800.000000       8.36792067E-02   10.5531397      0.192847982       1.82716009E-10  -2.03375348E-05   2.89155468E-02  -9.14584816E-05  -1.90741229      0.223789245      -4.72328067E-02
   4.00000000       800.000000       8.42924491E-02   10.6371202      0.191718534       1.80210166E-10  -1.97703757E-05   2.85726264E-02  -8.91464442E-05  -1.91132319      0.223781884      -4.56390791E-02
   5.00000000       800.000000       8.49149227E-02   10.7222576      0.190586716       1.77731579E-10  -1.91942927E-05   2.82356702E-02  -8.52725279E-05  -1.91511512      0.223774642      -4.40446250E-02
   6.00000000       800.000000       8.55400413E-02   10.8070173      0.189445049       1.75277765E-10  -1.86091183E-05   2.79005580E-02  -8.00279595E-05  -1.91883385      0.223767981      -4.24513072E-02
   7.00000000       800.000000       8.61672983E-02   10.8929453      0.188307047       1.72847917E-10  -1.80141524E-05   2.75702365E-02  -7.36169386E-05  -1.92242289      0.223761573      -4.08600047E-02
   8.00000000       800.000000       8.68062824E-02   10.9799843      0.187159061       1.70443479E-10  -1.74086290E-05   2.72443816E-02  -6.62525854E-05  -1.92589700      0.223755509      -3.92716713E-02
   9.00000000       800.000000       8.74475688E-02   11.0664978      0.186011225       1.68064257E-10  -1.67918570E-05   2.69217119E-02  -5.81513887E-05  -1.92926252      0.223750725      -3.76870893E-02
   10.0000000       800.000000       8.80924463E-02   11.1543617      0.184858456       1.65707920E-10  -1.61633125E-05   2.66036522E-02  -4.95290078E-05  -1.93250716      0.223746270      -3.61066870E-02
   11.0000000       800.000000       8.87458175E-02   11.2425718      0.183701769       1.63376326E-10  -1.55212529E-05   2.62901206E-02  -4.05945611E-05  -1.93564665      0.223742619      -3.45312171E-02
   12.0000000       800.000000       8.94047245E-02   11.3320246      0.182540670       1.61067548E-10  -1.48634244E-05   2.59782355E-02  -3.15482575E-05  -1.93866110      0.223740026      -3.29612382E-02
   13.0000000       800.000000       9.00711343E-02   11.4218473      0.181377321       1.58783944E-10  -1.41870923E-05   2.56727152E-02  -2.25745935E-05  -1.94156444      0.223737851      -3.13965604E-02
   2.00000000       800.000000       9.07422155E-02   11.5118284      0.180210203       1.56522392E-10  -1.34898073E-05   2.53683850E-02  -1.38422292E-05  -1.94433236      0.223736495      -2.98370216E-02
   3.00000000       800.000000       9.14164707E-02   11.6033077      0.179040730       1.54286445E-10  -1.27708317E-05   2.50701495E-02  -5.50012555E-06  -1.94699967      0.223736301      -2.82807872E-02
   4.00000000       800.000000       9.20993984E-02   11.6952047      0.177865237       1.52072632E-10  -1.20322975E-05   2.47734524E-02   2.32267121E-06  -1.94952691      0.223736331      -2.67260615E-02
   5.00000000       800.000000       9.27866399E-02   11.7873383      0.176688820       1.49880316E-10  -1.12785792E-05   2.44826842E-02   9.51738730E-06  -1.95194042      0.223737225      -2.51719691E-02
   6.00000000       800.000000       9.34779644E-02   11.8806105      0.175509259       1.47712523E-10  -1.05152549E-05   2.41934806E-02   1.59956307E-05  -1.95421278      0.223738864      -2.36177538E-02
   7.00000000       800.000000       9.41774696E-02   11.9743528      0.174326032       1.45567267E-10  -9.74705745E-06   2.39098314E-02   2.16903863E-05  -1.95637238      0.223740920      -2.20640693E-02
   8.00000000       800.000000       9.48819369E-02   12.0688763      0.173139468       1.43444409E-10  -8.97833525E-06   2.36280728E-02   2.65551680E-05  -1.95840025      0.223743245      -2.05112156E-02
   9.00000000       800.000000       9.55979601E-02   12.1640635      0.171949074       1.41343257E-10  -8.21117737E-06   2.33500898E-02   3.05668036E-05  -1.96027029      0.223746151      -1.89588144E-02
   10.0000000       800.000000       9.63135287E-02   12.2600622      0.170755610       1.39263670E-10  -7.44593081E-06   2.30753906E-02   3.37171587E-05  -1.96202898      0.223749310      -1.74067225E-02
   11.0000000       800.000000       9.70358253E-02   12.3568468      0.169559732       1.37205663E-10  -6.68514940E-06   2.28040908E-02   3.60147642E-05  -1.96363497      0.223752871      -1.58554781E-02
   12.0000000       800.000000       9.77677032E-02   12.4544106      0.168361172       1.35169612E-10  -5.92921469E-06   2.25363746E-02   3.74840820E-05  -1.96511149      0.223756552      -1.43055152E-02
   13.0000000       800.000000       9.85076427E-02   12.5523767      0.167157620       1.33155306E-10  -5.17757690E-06   2.22703852E-02   3.81631908E-05  -1.96645689      0.223760292      -1.27586992E-02
   2.00000000       800.000000       9.92456749E-02   12.6510534      0.165952787       1.31161026E-10  -4.42812325E-06   2.20099241E-02   3.81041318E-05  -1.96763611      0.223763913      -1.12166032E-02
   3.00000000       800.000000       9.99961421E-02   12.7503929      0.164743781       1.29188618E-10  -3.67500456E-06   2.17512138E-02   3.73677358E-05  -1.96867967      0.223767504      -9.68037825E-03
   4.00000000       800.000000      0.100751281       12.8514633      0.163531378       1.27237179E-10  -2.91218430E-06   2.14956161E-02   3.60214690E-05  -1.96958804      0.223771587      -8.15092213E-03
   5.00000000       800.000000      0.101513669       12.9527330      0.162316546       1.25306127E-10  -2.13572775E-06   2.12433264E-02   3.41379673E-05  -1.97032714      0.223775253      -6.62761228E-03
   6.00000000       800.000000      0.102282949       13.0543804      0.161099181       1.23394683E-10  -1.34572042E-06   2.09931862E-02   3.17932827E-05  -1.97092819      0.223778144      -5.10955742E-03
   7.00000000       800.000000      0.103057869       13.1565609      0.159879103       1.21505264E-10  -5.46687829E-07   2.07479075E-02   2.90653734E-05  -1.97137403      0.223781288      -3.59576219E-03
   8.00000000       800.000000      0.103839546       13.2604132      0.158655941       1.19634483E-10   2.53802511E-07   2.05039997E-02   2.60323104E-05  -1.97168326      0.223783791      -2.08619260E-03
   9.00000000       800.000000      0.104626514       13.3645535      0.157430276       1.17784713E-10   1.04801472E-06   2.02636663E-02   2.27705696E-05  -1.97181880      0.223786011      -5.82113455E-04
   10.0000000       800.000000      0.105420068       13.4691267      0.156201601       1.15953358E-10   1.83059853E-06   2.00263821E-02   1.93537307E-05  -1.97180307      0.223788470       9.14280245E-04
   11.0000000       800.000000      0.106228657       13.5754204      0.154970363       1.14143736E-10   2.60104161E-06   1.97908469E-02   1.58508410E-05  -1.97161877      0.223789841       2.40009348E-03
   12.0000000       800.000000      0.107034281       13.6821260      0.153736681       1.12352246E-10   3.36351673E-06   1.95587892E-02   1.23268164E-05  -1.97129476      0.223791122       3.87344393E-03
   13.0000000       800.000000      0.107849084       13.7891541      0.152500570       1.10580191E-10   4.12452027E-06   1.93298627E-02   8.84139536E-06  -1.97079277      0.223792240       5.33326715E-03
   2.00000000       800.000000      0.108672515       13.8981247      0.151263207       1.08828675E-10   4.89068634E-06   1.91039406E-02   5.44974318E-06  -1.97013104      0.223792851       6.78025931E-03
   3.00000000       800.000000      0.109497771       14.0066690      0.150022566       1.07095922E-10   5.66571589E-06   1.88793428E-02   2.20225752E-06  -1.96930635      0.223793134       8.21660366E-03
   4.00000000       800.000000      0.110339761       14.1170921      0.148780391       1.05381676E-10   6.44943384E-06   1.86585039E-02  -8.55663245E-07  -1.96832395      0.223793089       9.64412093E-03
   5.00000000       800.000000      0.111177742       14.2269335      0.147536606       1.03687343E-10   7.23813400E-06   1.84402447E-02  -3.68448946E-06  -1.96718037      0.223792627       1.10640004E-02
   6.00000000       800.000000      0.112030037       14.3394938      0.146291032       1.02011642E-10   8.02676823E-06   1.82238575E-02  -6.25103894E-06  -1.96586025      0.223791748       1.24761248E-02
   7.00000000       800.000000      0.112885214       14.4517355      0.145043716       1.00354378E-10   8.81093729E-06   1.80107858E-02  -8.52911398E-06  -1.96437657      0.223790765       1.38814664E-02
   8.00000000       800.000000      0.113750286       14.5650282      0.143794835       9.87167362E-11   9.58847158E-06   1.77996457E-02  -1.04993096E-05  -1.96270812      0.223789528       1.52748628E-02
   9.00000000       800.000000      0.114624061       14.6793976      0.142544314       9.70971081E-11   1.03709081E-05   1.75922848E-02  -1.21478579E-05  -1.96088171      0.223788202       1.66560467E-02
   10.0000000       800.000000      0.115506783       14.7940674      0.141292140       9.54950286E-11   1.11570025E-05   1.73862912E-02  -1.34752645E-05  -1.95887601      0.223786727       1.80285498E-02
   11.0000000       800.000000      0.116393380       14.9101496      0.140038714       9.39124056E-11   1.19415809E-05   1.71822943E-02  -1.44778687E-05  -1.95669973      0.223785356       1.93897039E-02
   12.0000000       800.000000      0.117281690       15.0272551      0.138784066       9.23471993E-11   1.27323619E-05   1.69818942E-02  -1.51610029E-05  -1.95434880      0.223783389       2.07407698E-02
   13.0000000       800.000000      0.118191823       15.1445360      0.137527987       9.07999370E-11   1.35292757E-05   1.67834554E-02  -1.55343914E-05  -1.95181155      0.223781541       2.20787302E-02
   2.00000000       800.000000      0.119099334       15.2630339      0.136270866       8.92709795E-11   1.43370080E-05   1.65863186E-02  -1.56142814E-05  -1.94911361      0.223779812       2.34043300E-02
   3.00000000       800.000000      0.120015435       15.3828135      0.135013118       8.77593137E-11   1.51433569E-05   1.63920056E-02  -1.54186346E-05  -1.94622803      0.223777831       2.47230344E-02
   4.00000000       800.000000      0.120940529       15.5036430      0.133753523       8.62647176E-11   1.59430547E-05   1.62009560E-02  -1.49671278E-05  -1.94315219      0.223775983       2.60288958E-02
   5.00000000       800.000000      0.121867239       15.6249332      0.132493749       8.47882112E-11   1.67492708E-05   1.60112362E-02  -1.42871613E-05  -1.93990588      0.223774254       2.73162834E-02
   6.00000000       800.000000      0.122810721       15.7464323      0.131233886       8.33296002E-11   1.75619152E-05   1.58236213E-02  -1.34058946E-05  -1.93647206      0.223772705       2.85900980E-02
   7.00000000       800.000000      0.123757191       15.8707790      0.129972294       8.18873233E-11   1.83787815E-05   1.56392157E-02  -1.23523623E-05  -1.93285072      0.223770812       2.98492890E-02
   8.00000000       800.000000      0.124716990       15.9948425      0.128711179       8.04629835E-11   1.91997588E-05   1.54563664E-02  -1.11568734E-05  -1.92905259      0.223769456       3.10928710E-02
   9.00000000       800.000000      0.125679165       16.1200333      0.127449155       7.90554150E-11   2.00246632E-05   1.52751198E-02  -9.85010047E-06  -1.92507076      0.223768264       3.23194452E-02
   10.0000000       800.000000      0.126648560       16.2460766      0.126186743       7.76646733E-11   2.08540823E-05   1.50972288E-02  -8.46260627E-06  -1.92088997      0.223767430       3.35286595E-02
   11.0000000       800.000000      0.127627030       16.3736973      0.124925628       7.62908139E-11   2.16862900E-05   1.49203036E-02  -7.02453235E-06  -1.91653168      0.223766848       3.47218327E-02
   12.0000000       800.000000      0.128622070       16.5009899      0.123662524       7.49338092E-11   2.25316453E-05   1.47462441E-02  -5.56352370E-06  -1.91199851      0.223766237       3.58949974E-02
   13.0000000       800.000000      0.129615709       16.6299458      0.122401550       7.35936104E-11   2.33869832E-05   1.45732602E-02  -4.11110705E-06  -1.90726483      0.223765895       3.70500199E-02
   2.00000000       800.000000      0.130617574       16.7607040      0.121140368       7.22697527E-11   2.42337592E-05   1.44031662E-02  -2.69049315E-06  -1.90235412      0.223765180       3.81873287E-02
   3.00000000       800.000000      0.131631613       16.8909397      0.119879141       7.09624304E-11   2.50813755E-05   1.42350262E-02  -1.32317882E-06  -1.89725721      0.223764971       3.93101461E-02
   4.00000000       800.000000      0.132658064       17.0234966      0.118619569       6.96714075E-11   2.59346198E-05   1.40685271E-02  -3.26079324E-08  -1.89196694      0.223764792       4.04114202E-02
   5.00000000       800.000000      0.133689612       17.1564980      0.117360033       6.83968368E-11   2.67932737E-05   1.39042241E-02   1.16461513E-06  -1.88649011      0.223764926       4.14901674E-02
   6.00000000       800.000000      0.134727374       17.2917385      0.116101898       6.71382810E-11   2.76419032E-05   1.37408739E-02   2.25316580E-06  -1.88083363      0.223765388       4.25475352E-02
   7.00000000       800.000000      0.135772675       17.4260139      0.114844859       6.58960386E-11   2.84917187E-05   1.35803930E-02   3.21988227E-06  -1.87498713      0.223765522       4.35900316E-02
   8.00000000       800.000000      0.136831790       17.5625153      0.113589406       6.46699916E-11   2.93617795E-05   1.34222778E-02   4.05825222E-06  -1.86894763      0.223765984       4.46131080E-02
   9.00000000       800.000000      0.137887821       17.6995029      0.112335280       6.34595362E-11   3.02359258E-05   1.32649243E-02   4.76242167E-06  -1.86273026      0.223766744       4.56124209E-02
   10.0000000       800.000000      0.138969555       17.8388729      0.111082837       6.22648044E-11   3.11140902E-05   1.31098730E-02   5.32984222E-06  -1.85632408      0.223767504       4.65961322E-02
   11.0000000       800.000000      0.140046909       17.9775219      0.109831974       6.10859280E-11   3.19931059E-05   1.29569545E-02   5.76041566E-06  -1.84972298      0.223768264       4.75606956E-02
   12.0000000       800.000000      0.141143247       18.1181393      0.108582862       5.99227057E-11   3.28713395E-05   1.28055522E-02   6.05645073E-06  -1.84294534      0.223768979       4.85050827E-02
   13.0000000       800.000000      0.142242312       18.2606220      0.107335895       5.87754290E-11   3.37486781E-05   1.26555776E-02   6.22249718E-06  -1.83597255      0.223769933       4.94288877E-02
   2.00000000       800.000000      0.143348306       18.4025784      0.106091931       5.76427933E-11   3.46258967E-05   1.25079853E-02   6.26521887E-06  -1.82883215      0.223770708       5.03307916E-02
   3.00000000       800.000000      0.144470185       18.5468769      0.104849122       5.65258569E-11   3.55042575E-05   1.23611810E-02   6.19319280E-06  -1.82149887      0.223771662       5.12109995E-02
   4.00000000       800.000000      0.145599216       18.6916237      0.103609443       5.54239675E-11   3.63835534E-05   1.22168148E-02   6.01656620E-06  -1.81396437      0.223772764       5.20688519E-02
   5.00000000       800.000000      0.146730632       18.8387299      0.102372155       5.43373645E-11   3.72627874E-05   1.20735969E-02   5.74667320E-06  -1.80627859      0.223773688       5.29038906E-02
   6.00000000       800.000000      0.147886083       18.9852219      0.101138070       5.32656245E-11   3.81401296E-05   1.19324531E-02   5.39570419E-06  -1.79838395      0.223774478       5.37167042E-02
   7.00000000       800.000000      0.149040878       19.1336536       9.99063849E-02   5.22084355E-11   3.90149435E-05   1.17933145E-02   4.97631800E-06  -1.79032207      0.223775327       5.45049198E-02
   8.00000000       800.000000      0.150206983       19.2841053       9.86777842E-02   5.11666889E-11   3.98875527E-05   1.16552962E-02   4.50142306E-06  -1.78207684      0.223775938       5.52686304E-02
   9.00000000       800.000000      0.151375279       19.4338169       9.74524617E-02   5.01393614E-11   4.07587140E-05   1.15187224E-02   3.98384327E-06  -1.77365768      0.223776653       5.60067147E-02
   10.0000000       800.000000      0.152559474       19.5859928       9.62308720E-02   4.91266958E-11   4.16295952E-05   1.13844173E-02   3.43613056E-06  -1.76505113      0.223777249       5.67188300E-02
   11.0000000       800.000000      0.153755501       19.7391071       9.50136334E-02   4.81289453E-11   4.25006765E-05   1.12512372E-02   2.87034550E-06  -1.75627685      0.223777473       5.74058220E-02
   12.0000000       800.000000      0.154966682       19.8943138       9.38001126E-02   4.71452530E-11   4.33719797E-05   1.11197280E-02   2.29783268E-06  -1.74733484      0.223777980       5.80663346E-02
   13.0000000       800.000000      0.156182289       20.0499210       9.25895870E-02   4.61759936E-11   4.42428645E-05   1.09897014E-02   1.72919908E-06  -1.73821485      0.223778293       5.87014370E-02
   2.00000000       800.000000      0.157407701       20.2067699       9.13849771E-02   4.52207334E-11   4.51140440E-05   1.08605362E-02   1.17425384E-06  -1.72892404      0.223777950       5.93095049E-02
   3.00000000       800.000000      0.158632427       20.3635406       9.01823342E-02   4.42800623E-11   4.59873372E-05   1.07340906E-02   6.42161297E-07  -1.71947396      0.223778114       5.98925687E-02
   4.00000000       800.000000      0.159881696       20.5234394       8.89864787E-02   4.33538275E-11   4.68624130E-05   1.06083918E-02   1.40583737E-07  -1.70984030      0.223777950       6.04477227E-02
   5.00000000       800.000000      0.161134437       20.6836548       8.77949446E-02   4.24413421E-11   4.77374233E-05   1.04843015E-02  -3.24151245E-07  -1.70005488      0.223777920       6.09788299E-02
   6.00000000       800.000000      0.162408039       20.8466339       8.66079479E-02   4.15429531E-11   4.86095305E-05   1.03611071E-02  -7.46391549E-07  -1.69012487      0.223777846       6.14825338E-02
   7.00000000       800.000000      0.163673609       21.0080662       8.54263902E-02   4.06578556E-11   4.94775486E-05   1.02404300E-02  -1.12204111E-06  -1.68000340      0.223777816       6.19611815E-02
   8.00000000       800.000000      0.164970547       21.1726456       8.42500776E-02   3.97868752E-11   5.03409901E-05   1.01203658E-02  -1.44807393E-06  -1.66974270      0.223777562       6.24138229E-02
   9.00000000       800.000000      0.166260168       21.3390827       8.30792710E-02   3.89294569E-11   5.12005827E-05   1.00020329E-02  -1.72317289E-06  -1.65935338      0.223777473       6.28389865E-02
   10.0000000       800.000000      0.167571649       21.5048828       8.19143280E-02   3.80857221E-11   5.20579233E-05   9.88521427E-03  -1.94660720E-06  -1.64876890      0.223777086       6.32387325E-02
   11.0000000       800.000000      0.168884769       21.6747990       8.07549730E-02   3.72552406E-11   5.29116187E-05   9.76931117E-03  -2.11885708E-06  -1.63806427      0.223776698       6.36112615E-02
   12.0000000       800.000000      0.170220941       21.8437004       7.96016008E-02   3.64380782E-11   5.37615269E-05   9.65489168E-03  -2.24125051E-06  -1.62718332      0.223776549       6.39579296E-02
   13.0000000       800.000000      0.171562597       22.0148487       7.84543157E-02   3.56342421E-11   5.46075862E-05   9.54195205E-03  -2.31585750E-06  -1.61622107      0.223776147       6.42790049E-02
   2.00000000       800.000000      0.172911152       22.1867790       7.73134381E-02   3.48431839E-11   5.54501275E-05   9.42993071E-03  -2.34537220E-06  -1.60506928      0.223775446       6.45725504E-02
   3.00000000       800.000000      0.174262822       22.3595982       7.61799142E-02   3.40658578E-11   5.62891400E-05   9.31934919E-03  -2.33297874E-06  -1.59378827      0.223774925       6.48398101E-02
   4.00000000       800.000000      0.175636902       22.5350342       7.50519410E-02   3.33007996E-11   5.71253840E-05   9.21055116E-03  -2.28227555E-06  -1.58240092      0.223774672       6.50810599E-02
   5.00000000       800.000000      0.177029908       22.7109966       7.39313662E-02   3.25486235E-11   5.79588996E-05   9.10231471E-03  -2.19725348E-06  -1.57083094      0.223774448       6.52951971E-02
   6.00000000       800.000000      0.178427994       22.8897495       7.28177130E-02   3.18094197E-11   5.87897484E-05   8.99638981E-03  -2.08206870E-06  -1.55915642      0.223774001       6.54832423E-02
   7.00000000       800.000000      0.179832757       23.0675335       7.17103705E-02   3.10829557E-11   5.96172067E-05   8.89043137E-03  -1.94110294E-06  -1.54737127      0.223773420       6.56444207E-02
   8.00000000       800.000000      0.181247130       23.2492962       7.06113055E-02   3.03685584E-11   6.04408087E-05   8.78665131E-03  -1.77877587E-06  -1.53546870      0.223773241       6.57787994E-02
   9.00000000       800.000000      0.182678327       23.4303741       6.95193037E-02   2.96669703E-11   6.12589283E-05   8.68368335E-03  -1.59953515E-06  -1.52343130      0.223773092       6.58870712E-02
   10.0000000       800.000000      0.184120178       23.6137962       6.84348941E-02   2.89774107E-11   6.20697028E-05   8.58163089E-03  -1.40775137E-06  -1.51126802      0.223772883       6.59693778E-02
   11.0000000       800.000000      0.185574606       23.7995758       6.73589706E-02   2.82996682E-11   6.28725902E-05   8.48141592E-03  -1.20766708E-06  -1.49903202      0.223772690       6.60246834E-02
   12.0000000       800.000000      0.187039450       23.9845982       6.62905201E-02   2.76350366E-11   6.36675104E-05   8.38219002E-03  -1.00334546E-06  -1.48668861      0.223772660       6.60525337E-02
   13.0000000       800.000000      0.188515589       24.1725788       6.52289465E-02   2.69820052E-11   6.44557804E-05   8.28361511E-03  -7.98592396E-07  -1.47425520      0.223772466       6.60540909E-02
   2.00000000       800.000000      0.190003842       24.3626595       6.41769245E-02   2.63398244E-11   6.52397794E-05   8.18643533E-03  -5.96929624E-07  -1.46169090      0.223772302       6.60286918E-02
   3.00000000       800.000000      0.191507503       24.5538692       6.31333143E-02   2.57104581E-11   6.60209334E-05   8.09083972E-03  -4.01527927E-07  -1.44904625      0.223772302       6.59773573E-02
   4.00000000       800.000000      0.193027228       24.7454605       6.20971136E-02   2.50923050E-11   6.68002758E-05   7.99564086E-03  -2.15186859E-07  -1.43632698      0.223772272       6.59005865E-02
   5.00000000       800.000000      0.194553345       24.9383144       6.10719435E-02   2.44862811E-11   6.75760602E-05   7.90213700E-03  -4.03206535E-08  -1.42350912      0.223772198       6.57990128E-02
   6.00000000       800.000000      0.196085945       25.1336231       6.00528196E-02   2.38905336E-11   6.83456383E-05   7.80929672E-03   1.21062655E-07  -1.41063607      0.223772079       6.56726807E-02
   7.00000000       800.000000      0.197636858       25.3313236       5.90435937E-02   2.33067732E-11   6.91055320E-05   7.71775236E-03   2.67333263E-07  -1.39767206      0.223771989       6.55235127E-02
   8.00000000       800.000000      0.199212298       25.5304661       5.80460951E-02   2.27338669E-11   6.98534132E-05   7.62747880E-03   3.97218543E-07  -1.38459420      0.223772153       6.53507859E-02
   9.00000000       800.000000      0.200781316       25.7297115       5.70543930E-02   2.21723282E-11   7.05883722E-05   7.53787346E-03   5.09843289E-07  -1.37156343      0.223772317       6.51549697E-02
   10.0000000       800.000000      0.202371761       25.9304714       5.60760461E-02   2.16219820E-11   7.13114787E-05   7.44993100E-03   6.04693071E-07  -1.35839391      0.223772481       6.49355948E-02
   11.0000000       800.000000      0.203978211       26.1335907       5.51009662E-02   2.10819539E-11   7.20245516E-05   7.36235501E-03   6.81626375E-07  -1.34516442      0.223772705       6.46930709E-02
   12.0000000       800.000000      0.205590189       26.3390236       5.41393161E-02   2.05526551E-11   7.27295264E-05   7.27597577E-03   7.40813334E-07  -1.33180821      0.223772869       6.44280538E-02
   13.0000000       800.000000      0.207215562       26.5462608       5.31892404E-02   2.00337923E-11   7.34284404E-05   7.19069270E-03   7.82740358E-07  -1.31854033      0.223773018       6.41411543E-02
   2.00000000       800.000000      0.208862230       26.7531796       5.22456802E-02   1.95257005E-11   7.41223703E-05   7.10659940E-03   8.08113498E-07  -1.30515766      0.223773032       6.38331324E-02
   3.00000000       800.000000      0.210511744       26.9634609       5.13135009E-02   1.90281124E-11   7.48108359E-05   7.02285999E-03   8.17858165E-07  -1.29173076      0.223773107       6.35040775E-02
   4.00000000       800.000000      0.212182373       27.1744270       5.03913723E-02   1.85409101E-11   7.54930443E-05   6.94069499E-03   8.13076952E-07  -1.27829945      0.223773330       6.31552711E-02
   5.00000000       800.000000      0.213867262       27.3881035       4.94771637E-02   1.80639323E-11   7.61674673E-05   6.85896724E-03   7.95014955E-07  -1.26483655      0.223773435       6.27867654E-02
   6.00000000       800.000000      0.215570495       27.6017551       4.85751033E-02   1.75957686E-11   7.68323298E-05   6.77870773E-03   7.65048640E-07  -1.25136757      0.223773584       6.23994134E-02
   7.00000000       800.000000      0.217280358       27.8196926       4.76814322E-02   1.71382041E-11   7.74862201E-05   6.69917976E-03   7.24630127E-07  -1.23784947      0.223773718       6.19926006E-02
   8.00000000       800.000000      0.218995273       28.0367794       4.68000546E-02   1.66901614E-11   7.81281342E-05   6.62044343E-03   6.75297940E-07  -1.22430480      0.223773986       6.15677647E-02
   9.00000000       800.000000      0.220740929       28.2576332       4.59275022E-02   1.62519789E-11   7.87573736E-05   6.54282840E-03   6.18612262E-07  -1.21078002      0.223774195       6.11245222E-02
   10.0000000       800.000000      0.222490728       28.4788132       4.50665951E-02   1.58228569E-11   7.93736108E-05   6.46595238E-03   5.56138161E-07  -1.19721949      0.223774478       6.06635250E-02
   11.0000000       800.000000      0.224248633       28.7025547       4.42151800E-02   1.54032134E-11   7.99770351E-05   6.39025168E-03   4.89415186E-07  -1.18367231      0.223774612       6.01861104E-02
   12.0000000       800.000000      0.226034790       28.9273281       4.33745794E-02   1.49931925E-11   8.05677992E-05   6.31523132E-03   4.19931240E-07  -1.17012155      0.223774657       5.96912280E-02
   13.0000000       800.000000      0.227838799       29.1540203       4.25454080E-02   1.45917826E-11   8.11462814E-05   6.24099979E-03   3.49100105E-07  -1.15657890      0.223774642       5.91807589E-02
   2.00000000       800.000000      0.229636580       29.3828106       4.17253822E-02   1.41992078E-11   8.17124455E-05   6.16815872E-03   2.78246830E-07  -1.14304376      0.223774761       5.86547293E-02
   3.00000000       800.000000      0.231463313       29.6143074       4.09168452E-02   1.38156439E-11   8.22666261E-05   6.09568786E-03   2.08582478E-07  -1.12953198      0.223774746       5.81141748E-02
   4.00000000       800.000000      0.233298600       29.8444633       4.01193798E-02   1.34406366E-11   8.28080010E-05   6.02404959E-03   1.41200090E-07  -1.11604202      0.223774821       5.75592667E-02
   5.00000000       800.000000      0.235164225       30.0788250       3.93322296E-02   1.30743914E-11   8.33371159E-05   5.95343020E-03   7.70537270E-08  -1.10257208      0.223774895       5.69913723E-02
   6.00000000       800.000000      0.237021416       30.3152733       3.85554358E-02   1.27163479E-11   8.38535707E-05   5.88334911E-03   1.69640781E-08  -1.08913112      0.223774940       5.64100146E-02
   7.00000000       800.000000      0.238909259       30.5545444       3.77899557E-02   1.23669122E-11   8.43582457E-05   5.81441866E-03  -3.83893202E-08  -1.07572281      0.223774940       5.58168329E-02
   8.00000000       800.000000      0.240805298       30.7942753       3.70351002E-02   1.20254917E-11   8.48508207E-05   5.74601768E-03  -8.84656544E-08  -1.06235075      0.223774925       5.52125908E-02
   9.00000000       800.000000      0.242732763       31.0363560       3.62905562E-02   1.16919903E-11   8.53316305E-05   5.67884743E-03  -1.32853998E-07  -1.04901803      0.223774940       5.45967445E-02
   10.0000000       800.000000      0.244650185       31.2805672       3.55573520E-02   1.13665240E-11   8.57999039E-05   5.61211025E-03  -1.71273015E-07  -1.03574061      0.223774925       5.39713092E-02
   11.0000000       800.000000      0.246601894       31.5240726       3.48350927E-02   1.10487834E-11   8.62551897E-05   5.54634025E-03  -2.03560319E-07  -1.02250719      0.223774880       5.33374622E-02
   12.0000000       800.000000      0.248575494       31.7732716       3.41231301E-02   1.07387363E-11   8.66960181E-05   5.48096513E-03  -2.29673745E-07  -1.00932837      0.223774821       5.26944734E-02
   13.0000000       800.000000      0.250549018       32.0229034       3.34223844E-02   1.04362022E-11   8.71224111E-05   5.41681144E-03  -2.49691396E-07 -0.996202409      0.223774746       5.20433970E-02
   2.00000000       800.000000      0.252544135       32.2734489       3.27322483E-02   1.01410191E-11   8.75342957E-05   5.35298977E-03  -2.63789076E-07 -0.983146966      0.223774597       5.13852499E-02
   3.00000000       800.000000      0.254557490       32.5260506       3.20528522E-02   9.85309404E-12   8.79324143E-05   5.29008824E-03  -2.72253857E-07 -0.970154464      0.223774537       5.07206097E-02
   4.00000000       800.000000      0.256586730       32.7818604       3.13840620E-02   9.57232904E-12   8.83187677E-05   5.22805424E-03  -2.75429585E-07 -0.957225204      0.223774418       5.00491373E-02
   5.00000000       800.000000      0.258610994       33.0395813       3.07260938E-02   9.29857059E-12   8.86934286E-05   5.16685145E-03  -2.73739801E-07 -0.944363832      0.223774388       4.93734851E-02
   6.00000000       800.000000      0.260681123       33.2992859       3.00785881E-02   9.03170420E-12   8.90572046E-05   5.10598999E-03  -2.67640189E-07 -0.931583524      0.223774329       4.86903824E-02
   7.00000000       800.000000      0.262756377       33.5623474       2.94419080E-02   8.77149395E-12   8.94100085E-05   5.04607987E-03  -2.57625317E-07 -0.918878019      0.223774269       4.80046943E-02
   8.00000000       800.000000      0.264846563       33.8261070       2.88156178E-02   8.51799100E-12   8.97512436E-05   4.98681096E-03  -2.44214903E-07 -0.906253994      0.223774210       4.73157391E-02
   9.00000000       800.000000      0.266964108       34.0918350       2.81998217E-02   8.27092474E-12   9.00793239E-05   4.92852321E-03  -2.27931253E-07 -0.893713355      0.223774135       4.66242470E-02
   10.0000000       800.000000      0.269089431       34.3593788       2.75944155E-02   8.03023967E-12   9.03932378E-05   4.87042731E-03  -2.09310429E-07 -0.881260812      0.223773971       4.59287763E-02
   11.0000000       800.000000      0.271236569       34.6304741       2.69993898E-02   7.79580307E-12   9.06920031E-05   4.81320964E-03  -1.88869805E-07 -0.868898094      0.223773986       4.52318415E-02
   12.0000000       800.000000      0.273390830       34.9008446       2.64148433E-02   7.56741458E-12   9.09747760E-05   4.75687580E-03  -1.67122323E-07 -0.856627584      0.223773941       4.45336960E-02
   13.0000000       800.000000      0.275573671       35.1773834       2.58401800E-02   7.34507160E-12   9.12414907E-05   4.70086653E-03  -1.44552644E-07 -0.844451308      0.223773941       4.38334234E-02
   2.00000000       800.000000      0.277770936       35.4531212       2.52759326E-02   7.12858028E-12   9.14926932E-05   4.64560743E-03  -1.21616480E-07 -0.832366109      0.223773912       4.31323387E-02
   3.00000000       800.000000      0.279982239       35.7325478       2.47215498E-02   6.91792717E-12   9.17284851E-05   4.59105428E-03  -9.87312632E-08 -0.820387065      0.223773971       4.24346402E-02
   4.00000000       800.000000      0.282222867       36.0137329       2.41776891E-02   6.71277010E-12   9.19500817E-05   4.53736773E-03  -7.62736860E-08 -0.808515191      0.223773912       4.17328626E-02
   5.00000000       800.000000      0.284471065       36.2968369       2.36434080E-02   6.51319710E-12   9.21573446E-05   4.48411983E-03  -5.45756613E-08 -0.796738863      0.223773926       4.10360061E-02
   6.00000000       800.000000      0.286742091       36.5804558       2.31186710E-02   6.31900695E-12   9.23505140E-05   4.43149125E-03  -3.39238575E-08 -0.785075545      0.223773882       4.03368399E-02
   7.00000000       800.000000      0.289016098       36.8690605       2.26041079E-02   6.13010554E-12   9.25305649E-05   4.37928597E-03  -1.45599213E-08 -0.773512781      0.223773882       3.96417938E-02
   8.00000000       800.000000      0.291324228       37.1585426       2.20988970E-02   5.94632069E-12   9.26964713E-05   4.32783039E-03   3.31765482E-09 -0.762065589      0.223773837       3.89507487E-02
   9.00000000       800.000000      0.293644518       37.4530144       2.16035694E-02   5.76768190E-12   9.28482114E-05   4.27721068E-03   1.95506864E-08 -0.750734687      0.223773837       3.82605344E-02
   10.0000000       800.000000      0.296003997       37.7481918       2.11176407E-02   5.59388560E-12   9.29865710E-05   4.22675628E-03   3.40204345E-08 -0.739509583      0.223773822       3.75743881E-02
   11.0000000       800.000000      0.298353791       38.0451622       2.06411071E-02   5.42496083E-12   9.31117247E-05   4.17715497E-03   4.66482177E-08 -0.728399515      0.223773822       3.68921161E-02
   12.0000000       800.000000      0.300734103       38.3437805       2.01739110E-02   5.26066473E-12   9.32244438E-05   4.12837882E-03   5.73921461E-08 -0.717405915      0.223773822       3.62139978E-02
   13.0000000       800.000000      0.303147912       38.6467476       1.97158195E-02   5.10110227E-12   9.33244446E-05   4.07980336E-03   6.62434587E-08 -0.706532001      0.223773837       3.55407409E-02
   2.00000000       800.000000      0.305555582       38.9513550       1.92667525E-02   4.94594686E-12   9.34127747E-05   4.03189380E-03   7.32265022E-08 -0.695774436      0.223773867       3.48728225E-02
   3.00000000       800.000000      0.307996303       39.2577019       1.88266672E-02   4.79520677E-12   9.34890777E-05   3.98445642E-03   7.83886094E-08 -0.685134768      0.223773882       3.42104025E-02
   4.00000000       800.000000      0.310469896       39.5681572       1.83954146E-02   4.64875621E-12   9.35577846E-05   3.93772125E-03   8.18161823E-08 -0.674616694      0.223773882       3.35532725E-02
   5.00000000       800.000000      0.312931180       39.8770142       1.79729275E-02   4.50647549E-12   9.36120559E-05   3.89161939E-03   8.35855190E-08 -0.664218783      0.223773882       3.29022072E-02
   6.00000000       800.000000      0.315432847       40.1933212       1.75590608E-02   4.36828655E-12   9.36514552E-05   3.84585815E-03   8.38362126E-08 -0.653941631      0.223773912       3.22577395E-02
   7.00000000       800.000000      0.317947745       40.5082169       1.71537101E-02   4.23405798E-12   9.36842625E-05   3.80064338E-03   8.26897448E-08 -0.643785477      0.223773912       3.16200517E-02
   8.00000000       800.000000      0.320495814       40.8281288       1.67566650E-02   4.10372257E-12   9.37025980E-05   3.75590636E-03   8.02882028E-08 -0.633751273      0.223773941       3.09890006E-02
   9.00000000       800.000000      0.323059022       41.1489258       1.63678490E-02   3.97717753E-12   9.37088334E-05   3.71178496E-03   7.67802604E-08 -0.623842478      0.223773941       3.03650331E-02
   10.0000000       800.000000      0.325634599       41.4749947       1.59871820E-02   3.85430663E-12   9.37014411E-05   3.66843981E-03   7.23210789E-08 -0.614055753      0.223773971       2.97483243E-02
   11.0000000       800.000000      0.328246117       41.8027420       1.56145766E-02   3.73501967E-12   9.36823708E-05   3.62520060E-03   6.70666864E-08 -0.604391515      0.223774001       2.91393790E-02
   12.0000000       800.000000      0.330868602       42.1312904       1.52497469E-02   3.61923794E-12   9.36502402E-05   3.58268712E-03   6.11740774E-08 -0.594850004      0.223774076       2.85375528E-02
   13.0000000       800.000000      0.333499759       42.4624519       1.48928668E-02   3.50687947E-12   9.36074939E-05   3.54065583E-03   5.47953682E-08 -0.585431755      0.223774135       2.79434975E-02
   2.00000000       800.000000      0.336178690       42.7972488       1.45435156E-02   3.39781111E-12   9.35546050E-05   3.49903223E-03   4.80788351E-08 -0.576137304      0.223774210       2.73572560E-02
   3.00000000       800.000000      0.338866234       43.1343956       1.42016867E-02   3.29200729E-12   9.34919299E-05   3.45801725E-03   4.11654177E-08 -0.566964924      0.223774165       2.67790500E-02
   4.00000000       800.000000      0.341564178       43.4764404       1.38673754E-02   3.18933096E-12   9.34201598E-05   3.41731706E-03   3.41863036E-08 -0.557914972      0.223774165       2.62089949E-02
   5.00000000       800.000000      0.344298780       43.8198090       1.35402447E-02   3.08974027E-12   9.33396004E-05   3.37724760E-03   2.72617662E-08 -0.548987329      0.223774210       2.56472323E-02
   6.00000000       800.000000      0.347046673       44.1641579       1.32203102E-02   2.99312485E-12   9.32499970E-05   3.33756953E-03   2.04992627E-08 -0.540182054      0.223774254       2.50936504E-02
   7.00000000       800.000000      0.349838823       44.5138283       1.29074277E-02   2.89940359E-12   9.31514805E-05   3.29839718E-03   1.39949714E-08 -0.531500638      0.223774225       2.45485529E-02
   8.00000000       800.000000      0.352615893       44.8651733       1.26014212E-02   2.80850256E-12   9.30424721E-05   3.25965858E-03   7.82996423E-09 -0.522939980      0.223774254       2.40122750E-02
   9.00000000       800.000000      0.355454803       45.2186356       1.23022795E-02   2.72037926E-12   9.29225062E-05   3.22143640E-03   2.07254103E-09 -0.514499485      0.223774254       2.34845020E-02
   10.0000000       800.000000      0.358279139       45.5763397       1.20096840E-02   2.63491442E-12   9.27985311E-05   3.18344589E-03  -3.21819393E-09 -0.506178200      0.223774225       2.29655411E-02
   11.0000000       800.000000      0.361149102       45.9357567       1.17237316E-02   2.55200830E-12   9.26614375E-05   3.14617041E-03  -7.98438116E-09 -0.497977585      0.223774254       2.24547908E-02
   12.0000000       800.000000      0.364027262       46.2968864       1.14443032E-02   2.47166307E-12   9.25181594E-05   3.10908025E-03  -1.22249260E-08 -0.489895880      0.223774254       2.19532922E-02
   13.0000000       800.000000      0.366944253       46.6631355       1.11710513E-02   2.39376552E-12   9.23613334E-05   3.07273236E-03  -1.58967843E-08 -0.481929213      0.223774254       2.14599576E-02
   2.00000000       800.000000      0.369876415       47.0312233       1.09040858E-02   2.31825453E-12   9.21902028E-05   3.03652487E-03  -1.89861815E-08 -0.474079669      0.223774254       2.09755227E-02
   3.00000000       800.000000      0.372847915       47.4044495       1.06432028E-02   2.24504855E-12   9.20212988E-05   3.00089014E-03  -2.15000853E-08 -0.466351599      0.223774299       2.05008872E-02
   4.00000000       800.000000      0.375840873       47.7758026       1.03882551E-02   2.17409749E-12   9.18397491E-05   2.96560582E-03  -2.34455833E-08 -0.458733022      0.223774254       2.00340766E-02
   5.00000000       800.000000      0.378836393       48.1548996       1.01390909E-02   2.10533565E-12   9.16495701E-05   2.93074804E-03  -2.48401104E-08 -0.451231331      0.223774254       1.95764210E-02
   6.00000000       800.000000      0.381849557       48.5329056       9.89574473E-03   2.03869473E-12   9.14519333E-05   2.89633661E-03  -2.57086654E-08 -0.443840653      0.223774225       1.91273522E-02
   7.00000000       800.000000      0.384928495       48.9166336       9.65792965E-03   1.97410165E-12   9.12483520E-05   2.86241435E-03  -2.60831996E-08 -0.436564893      0.223774225       1.86868943E-02
   8.00000000       800.000000      0.388007849       49.3037720       9.42564383E-03   1.91152107E-12   9.10402305E-05   2.82870349E-03  -2.60012190E-08 -0.429398328      0.223774195       1.82550438E-02
   9.00000000       800.000000      0.391112477       49.6939621       9.19874292E-03   1.85088056E-12   9.08283109E-05   2.79558729E-03  -2.55034731E-08 -0.422342122      0.223774165       1.78316366E-02
   10.0000000       800.000000      0.394236952       50.0870171       8.97710770E-03   1.79213372E-12   9.06142886E-05   2.76276981E-03  -2.46348844E-08 -0.415395677      0.223774165       1.74166840E-02
   11.0000000       800.000000      0.397388846       50.4830971       8.76063388E-03   1.73521223E-12   9.03984619E-05   2.73028226E-03  -2.34417605E-08 -0.408556223      0.223774135       1.70100611E-02
   12.0000000       800.000000      0.400564700       50.8813133       8.54922272E-03   1.68005150E-12   9.01805251E-05   2.69806199E-03  -2.19713474E-08 -0.401821285      0.223774135       1.66117828E-02
   13.0000000       800.000000      0.403795749       51.2825050       8.34277458E-03   1.62662180E-12   8.99609149E-05   2.66647316E-03  -2.02717541E-08 -0.395190507      0.223774090       1.62216369E-02
   2.00000000       800.000000      0.406995207       51.6878319       8.14116374E-03   1.57486546E-12   8.97377759E-05   2.63509294E-03  -1.83900326E-08 -0.388671339      0.223774076       1.58396438E-02
   3.00000000       800.000000      0.410275906       52.0953789       7.94429518E-03   1.52471948E-12   8.95131598E-05   2.60410528E-03  -1.63719704E-08 -0.382244349      0.223774090       1.54656386E-02
   4.00000000       800.000000      0.413564175       52.5095062       7.75207579E-03   1.47617313E-12   8.92858006E-05   2.57351482E-03  -1.42620626E-08 -0.375925511      0.223774076       1.50994975E-02
   5.00000000       800.000000      0.416869521       52.9231834       7.56433792E-03   1.42912689E-12   8.90558076E-05   2.54335534E-03  -1.21025838E-08 -0.369707346      0.223774076       1.47411516E-02
   6.00000000       800.000000      0.420203984       53.3436661       7.38111604E-03   1.38354844E-12   8.88236100E-05   2.51341029E-03  -9.93310412E-09 -0.363585055      0.223774076       1.43904230E-02
   7.00000000       800.000000      0.423574746       53.7655487       7.20219500E-03   1.33943236E-12   8.85893242E-05   2.48385128E-03  -7.79001041E-09 -0.357565910      0.223774046       1.40472883E-02
   8.00000000       800.000000      0.426962882       54.1887779       7.02759530E-03   1.29670363E-12   8.83545872E-05   2.45473324E-03  -5.70631142E-09 -0.351638764      0.223774031       1.37116620E-02
   9.00000000       800.000000      0.430381179       54.6191368       6.85709435E-03   1.25530738E-12   8.81188316E-05   2.42577656E-03  -3.71091358E-09 -0.345810950      0.223774031       1.33833429E-02
   10.0000000       800.000000      0.433835030       55.0515404       6.69067493E-03   1.21522703E-12   8.78815263E-05   2.39740615E-03  -1.82868209E-09 -0.340074271      0.223774031       1.30622899E-02
   11.0000000       800.000000      0.437294513       55.4855461       6.52822480E-03   1.17641205E-12   8.76423219E-05   2.36905483E-03  -8.04288441E-11 -0.334431916      0.223774031       1.27484920E-02
   12.0000000       800.000000      0.440796643       55.9234009       6.36962755E-03   1.13882818E-12   8.73965837E-05   2.34127091E-03   1.51687252E-09 -0.328880966      0.223774031       1.24416938E-02
   13.0000000       800.000000      0.444335788       56.3692284       6.21485710E-03   1.10243357E-12   8.71475713E-05   2.31371867E-03   2.94971270E-09 -0.323418826      0.223774031       1.21421143E-02
   2.00000000       800.000000      0.447884768       56.8128738       6.06385479E-03   1.06719180E-12   8.68951101E-05   2.28646840E-03   4.21182200E-09 -0.318046540      0.223774031       1.18495114E-02
   3.00000000       800.000000      0.451492101       57.2652702       5.91641292E-03   1.03306307E-12   8.66345872E-05   2.25970312E-03   5.29741140E-09 -0.312762082      0.223774031       1.15635041E-02
   4.00000000       800.000000      0.455087274       57.7184486       5.77247282E-03   1.00002168E-12   8.63669484E-05   2.23303679E-03   6.20390228E-09 -0.307564616      0.223774031       1.12840515E-02
   5.00000000       800.000000      0.458740443       58.1730003       5.63202053E-03   9.68029259E-13   8.60896107E-05   2.20680283E-03   6.93166280E-09 -0.302449793      0.223774031       1.10112000E-02
   6.00000000       800.000000      0.462410837       58.6358948       5.49498294E-03   9.37045363E-13   8.58068961E-05   2.18091463E-03   7.48570361E-09 -0.297420889      0.223774031       1.07447533E-02
   7.00000000       800.000000      0.466109008       59.0983734       5.36119100E-03   9.07051832E-13   8.55191975E-05   2.15526763E-03   7.87232057E-09 -0.292473197      0.223774031       1.04844924E-02
   8.00000000       800.000000      0.469850868       59.5668716       5.23063028E-03   8.78006543E-13   8.52277153E-05   2.12989119E-03   8.10033374E-09 -0.287607402      0.223774031       1.02303559E-02
   9.00000000       800.000000      0.473630607       60.0369263       5.10321883E-03   8.49897572E-13   8.49341377E-05   2.10476154E-03   8.18048473E-09 -0.282820493      0.223774046       9.98227205E-03
   10.0000000       800.000000      0.477417022       60.5153427       4.97887144E-03   8.22671195E-13   8.46392722E-05   2.07997323E-03   8.12532708E-09 -0.278113335      0.223774046       9.74011887E-03
   11.0000000       800.000000      0.481236160       60.9947357       4.85752942E-03   7.96316355E-13   8.43448070E-05   2.05560820E-03   7.94839838E-09 -0.273483932      0.223774046       9.50362813E-03
   12.0000000       800.000000      0.485106736       61.4788399       4.73912572E-03   7.70799874E-13   8.40496505E-05   2.03132862E-03   7.66392372E-09 -0.268928736      0.223774046       9.27298144E-03
   13.0000000       800.000000      0.489003509       61.9645309       4.62357001E-03   7.46091719E-13   8.37529224E-05   2.00747629E-03   7.28640570E-09 -0.264451951      0.223774031       9.04790498E-03
   2.00000000       800.000000      0.492917389       62.4534645       4.51077428E-03   7.22172756E-13   8.34528473E-05   1.98377226E-03   6.83025370E-09 -0.260046035      0.223774031       8.82828049E-03
   3.00000000       800.000000      0.496857613       62.9518318       4.40072361E-03   6.99012571E-13   8.31476427E-05   1.96040934E-03   6.30969765E-09 -0.255713373      0.223774031       8.61407258E-03
   4.00000000       800.000000      0.500846684       63.4490204       4.29333467E-03   6.76592137E-13   8.28365301E-05   1.93738879E-03   5.73853853E-09 -0.251452684      0.223774076       8.40503722E-03
   5.00000000       800.000000      0.504872501       63.9528084       4.18851478E-03   6.54883537E-13   8.25208335E-05   1.91452808E-03   5.13028864E-09 -0.247259557      0.223774076       8.20106734E-03
   6.00000000       800.000000      0.508909047       64.4573593       4.08623926E-03   6.33864163E-13   8.22029542E-05   1.89205771E-03   4.49786919E-09 -0.243137494      0.223774076       8.00201297E-03
   7.00000000       800.000000      0.512971818       64.9687729       3.98640521E-03   6.13517700E-13   8.18871631E-05   1.86968909E-03   3.85354193E-09 -0.239082739      0.223774076       7.80775305E-03
   8.00000000       800.000000      0.517089903       65.4843674       3.88901448E-03   5.93817747E-13   8.15769818E-05   1.84773584E-03   3.20864690E-09 -0.235095456      0.223774076       7.61816418E-03
   9.00000000       800.000000      0.521240056       66.0012741       3.79393832E-03   5.74745980E-13   8.12797080E-05   1.82594219E-03   2.57310151E-09 -0.231172770      0.223774076       7.43333995E-03
   10.0000000       800.000000      0.525399923       66.5273361       3.70117975E-03   5.56284727E-13   8.09908961E-05   1.80438755E-03   1.95687977E-09 -0.227314636      0.223774076       7.25285104E-03
   11.0000000       800.000000      0.529633105       67.0519409       3.61066172E-03   5.38410516E-13   8.07149845E-05   1.78320170E-03   1.36558853E-09 -0.223521113      0.223774076       7.07697868E-03
   12.0000000       800.000000      0.533852458       67.5886993       3.52232717E-03   5.21105674E-13   8.04574374E-05   1.76209945E-03   8.06758937E-10 -0.219787747      0.223774076       6.90578250E-03
   13.0000000       800.000000      0.538169861       68.1238251       3.43609974E-03   5.04350956E-13   8.02101131E-05   1.74140744E-03   2.85083540E-10 -0.216115460      0.223774076       6.73872046E-03
   2.00000000       800.000000      0.542478204       68.6609192       3.35194520E-03   4.88128201E-13   7.99748377E-05   1.72089646E-03  -1.95171421E-10 -0.212506279      0.223774076       6.57608965E-03
   3.00000000       800.000000      0.546837091       69.2043610       3.26985656E-03   4.72423478E-13   7.97484026E-05   1.70055323E-03  -6.30779318E-10 -0.208957076      0.223774076       6.41757576E-03
   4.00000000       800.000000      0.551184714       69.7545853       3.18971835E-03   4.57217380E-13   7.95324377E-05   1.68052549E-03  -1.01908448E-09 -0.205459386      0.223774076       6.26313221E-03
   5.00000000       800.000000      0.555633724       70.3113556       3.11149796E-03   4.42492858E-13   7.93290674E-05   1.66076154E-03  -1.35831135E-09 -0.202020958      0.223774076       6.11263467E-03
   6.00000000       800.000000      0.560065687       70.8701859       3.03515443E-03   4.28238879E-13   7.91406565E-05   1.64112542E-03  -1.64771430E-09 -0.198642582      0.223774076       5.96601609E-03
   7.00000000       800.000000      0.564574599       71.4266510       2.96064606E-03   4.14431429E-13   7.89730984E-05   1.62173482E-03  -1.88723148E-09 -0.195311278      0.223774076       5.82323410E-03
   8.00000000       800.000000      0.569091976       71.9988251       2.88782921E-03   4.01070128E-13   7.88301913E-05   1.60264887E-03  -2.07822781E-09 -0.192039192      0.223774076       5.68413222E-03
   9.00000000       800.000000      0.573642910       72.5662689       2.81684427E-03   3.88123642E-13   7.87143799E-05   1.58373441E-03  -2.22220886E-09 -0.188818559      0.223774076       5.54853864E-03
   10.0000000       800.000000      0.578249216       73.1417236       2.74752453E-03   3.75590807E-13   7.86248929E-05   1.56499224E-03  -2.32161956E-09 -0.185647801      0.223774076       5.41658700E-03
   11.0000000       800.000000      0.582887828       73.7225037       2.67985207E-03   3.63460266E-13   7.85758893E-05   1.54655089E-03  -2.37999132E-09 -0.182528958      0.223774076       5.28826285E-03
   12.0000000       800.000000      0.587557673       74.3115692       2.61378498E-03   3.51705698E-13   7.85649536E-05   1.52827369E-03  -2.39972220E-09 -0.179455996      0.223774076       5.16321510E-03
   13.0000000       800.000000      0.592285097       74.9019089       2.54928065E-03   3.40319542E-13   7.85872107E-05   1.51019590E-03  -2.38461628E-09 -0.176435858      0.223774046       5.04157599E-03
   2.00000000       800.000000      0.597044110       75.4963303       2.48629367E-03   3.29299739E-13   7.86491364E-05   1.49245770E-03  -2.33804265E-09 -0.173461094      0.223774046       4.92336601E-03
   3.00000000       800.000000      0.601813197       76.0937424       2.42479076E-03   3.18624061E-13   7.87468380E-05   1.47481682E-03  -2.26349806E-09 -0.170533106      0.223774046       4.80835140E-03
   4.00000000       800.000000      0.606662095       76.6995621       2.36473395E-03   3.08284485E-13   7.88786492E-05   1.45738840E-03  -2.16458962E-09 -0.167650282      0.223774046       4.69662715E-03
   5.00000000       800.000000      0.611538589       77.3089294       2.30607484E-03   2.98268382E-13   7.90407867E-05   1.44010014E-03  -2.04481809E-09 -0.164812058      0.223774046       4.58806939E-03
   6.00000000       800.000000      0.616429627       77.9216690       2.24876055E-03   2.88568187E-13   7.92293431E-05   1.42310536E-03  -1.90774796E-09 -0.162016034      0.223774046       4.48263716E-03
   7.00000000       800.000000      0.621346176       78.5425873       2.19281414E-03   2.79166230E-13   7.94408988E-05   1.40624668E-03  -1.75671144E-09 -0.159262598      0.223774046       4.38029692E-03
   8.00000000       800.000000      0.626343310       79.1605453       2.13814527E-03   2.70060829E-13   7.96736931E-05   1.38968637E-03  -1.59506330E-09 -0.156550184      0.223774046       4.28103004E-03
   9.00000000       800.000000      0.631355822       79.7936478       2.08474346E-03   2.61240844E-13   7.99273330E-05   1.37324678E-03  -1.42592915E-09 -0.153879866      0.223774046       4.18475736E-03
   10.0000000       800.000000      0.636449695       80.4251099       2.03255331E-03   2.52695353E-13   8.02005161E-05   1.35695422E-03  -1.25231969E-09 -0.151244447      0.223774046       4.09152685E-03
   11.0000000       800.000000      0.641569495       81.0633545       1.98156829E-03   2.44414460E-13   8.04927913E-05   1.34087820E-03  -1.07702425E-09 -0.148649305      0.223774046       4.00132127E-03
   12.0000000       800.000000      0.646703839       81.7070923       1.93175348E-03   2.36387488E-13   8.08065815E-05   1.32507354E-03  -9.02626196E-10 -0.146090388      0.223774046       3.91430082E-03
   13.0000000       800.000000      0.651862979       82.3593216       1.88306312E-03   2.28611401E-13   8.11464706E-05   1.30934943E-03  -7.31311733E-10 -0.143566981      0.223774046       3.83005454E-03
   2.00000000       800.000000      0.657104909       83.0148392       1.83544226E-03   2.21075911E-13   8.15078529E-05   1.29385071E-03  -5.65463676E-10 -0.141077563      0.223774046       3.74921504E-03
   3.00000000       800.000000      0.662361264       83.6720734       1.78887800E-03   2.13777767E-13   8.18954359E-05   1.27845455E-03  -4.06799067E-10 -0.138619721      0.223774046       3.67105589E-03
   4.00000000       800.000000      0.667716920       84.3404617       1.74342620E-03   2.06693834E-13   8.23308292E-05   1.26336527E-03  -2.56884208E-10 -0.136194706      0.223774046       3.59683461E-03
   5.00000000       800.000000      0.673070669       85.0116577       1.69897312E-03   1.99836594E-13   8.27870244E-05   1.24835945E-03  -1.17192200E-10 -0.133797944      0.223774046       3.52502661E-03
   6.00000000       800.000000      0.678464949       85.6865540       1.65544881E-03   1.93188442E-13   8.32956503E-05   1.23356562E-03   1.14631542E-11 -0.131429970      0.223774046       3.45815532E-03
   7.00000000       800.000000      0.683868349       86.3630829       1.61294511E-03   1.86744378E-13   8.38551423E-05   1.21886074E-03   1.27342886E-10 -0.129086062      0.223774046       3.39325820E-03
   8.00000000       800.000000      0.689361989       87.0500107       1.57140149E-03   1.80493492E-13   8.44518072E-05   1.20447518E-03   2.31060213E-10 -0.126771867      0.223774046       3.33544915E-03
   9.00000000       800.000000      0.694936693       87.7468338       1.53077592E-03   1.74439537E-13   8.50794022E-05   1.19017216E-03   3.21810800E-10 -0.124467537      0.223774046       3.27755092E-03
   10.0000000       800.000000      0.700467765       88.4404068       1.49103021E-03   1.68570344E-13   8.57859923E-05   1.17605471E-03   3.99698247E-10 -0.122199334      0.223774046       3.23116942E-03
   11.0000000       800.000000      0.706084132       89.1438522       1.45220524E-03   1.62886347E-13   8.65228867E-05   1.16205239E-03   4.64717320E-10 -0.119922578      0.223774046       3.18032177E-03
   12.0000000       800.000000      0.711785257       89.8559036       1.41424115E-03   1.57378030E-13   8.73855242E-05   1.14823796E-03   5.17212217E-10 -0.117689401      0.223774046       3.14981816E-03
   13.0000000       800.000000      0.717506111       90.5660553       1.37718371E-03   1.52041560E-13   8.82601962E-05   1.13463413E-03   5.57765001E-10 -0.115422934      0.223774046       3.10558709E-03
   2.00000000       800.000000      0.723254204       91.2924652       1.34098867E-03   1.46874971E-13   8.93448960E-05   1.12121610E-03   5.86929394E-10 -0.113213032      0.223774046       3.09898239E-03
   3.00000000       800.000000      0.729030788       92.0148239       1.30563637E-03   1.41877300E-13   9.03583204E-05   1.10791763E-03   6.05518413E-10 -0.110921428      0.223774046       3.05950898E-03
   4.00000000       800.000000      0.734885931       92.7492523       1.27118535E-03   1.37046827E-13   9.17320067E-05   1.09481753E-03   6.14634676E-10 -0.108732544      0.223774046       3.09069827E-03
   5.00000000       800.000000      0.740812361       93.4854507       1.23761047E-03   1.32372845E-13   9.28174632E-05   1.08187471E-03   6.15281937E-10 -0.106359109      0.223774046       3.04965372E-03
   6.00000000       800.000000      0.746736884       94.2303009       1.20497332E-03   1.27867538E-13   9.45708089E-05   1.06912921E-03   6.08429584E-10 -0.104196556      0.223774046       3.14282347E-03
   7.00000000       800.000000      0.752711892       94.9802017       1.17331336E-03   1.23525200E-13   9.56080257E-05   1.05650700E-03   5.95733296E-10 -0.101651460      0.223774046       3.08166258E-03
   8.00000000       800.000000      0.758787692       95.7357407       1.14272232E-03   1.19348406E-13   9.78974931E-05   1.04427722E-03   5.76318659E-10  -9.95390043E-02  0.223774046       3.28378263E-03
   9.00000000       800.000000      0.764886141       96.4991150       1.11315807E-03   1.15343390E-13   9.88973843E-05   1.03205245E-03   5.56616975E-10  -9.66464952E-02  0.223774046       3.16217681E-03
   10.0000000       800.000000      0.770997465       97.2638321       1.08463503E-03   1.11503234E-13   1.01571619E-04   1.02035853E-03   5.15586351E-10  -9.46831033E-02  0.223774046       3.66820465E-03
   11.0000000       800.000000      0.777200460       98.0346756       1.05778978E-03   1.07883761E-13   1.15519055E-04   1.00843667E-03   5.13274978E-10  -9.09650996E-02  0.223774046       3.32672917E-03
   12.0000000       800.000000      0.783445537       98.8157425       1.02573493E-03   1.03787977E-13   5.97644139E-05   9.97542171E-04  -6.87600750E-21  -8.94917324E-02  0.223774046      -1.34772714E-03
   13.0000000       800.000000      0.789714217       99.6048737       1.00181869E-03   1.00566528E-13   5.95351048E-05   9.85702733E-04   1.14594225E-20  -9.30820704E-02  0.223774046      -4.55104839E-03
