   0.00000000       190.000000       3.40428352E-02   1.01702809       9.17375088E-04   9.01819071E-12  -8.21648240E-02   1.67559159       4.75285219E-12  -2.07314431E-03   1.61804665E-13  -1.50437588E-02
   1.00000000       197.000000       3.40447091E-02   1.05104125       9.02395986E-04   8.58360084E-12  -7.50884414E-02   1.56010187       4.36039559E-15  -2.58529419E-03   1.61953540E-13   3.07713728E-03
   2.00000000       200.000000       3.40499915E-02   1.08514261       8.88125040E-04   8.18279992E-12   6.63882121E-02   1.30257010       4.05593328E-02  -1.86360627E-03   1.38104963E-03   9.30111669E-03
   3.00000000       200.000000       3.40571664E-02   1.11914527       1.09637540E-03   9.79423313E-12  0.165979818       1.20804644      0.215382218      -1.95182115E-03   8.71625263E-03  -1.05110640E-02
   4.00000000       200.000000       3.40652503E-02   1.15326166       1.37596030E-03   1.19288936E-11  0.218586728       1.12464726      0.349292278      -2.57964432E-03   2.06150077E-02  -1.83222108E-02
   5.00000000       200.000000       3.40752266E-02   1.18727005       1.69018714E-03   1.42326758E-11  0.247822016       1.05051374      0.450919747      -3.20032146E-03   3.59806791E-02  -1.95755418E-02
   6.00000000       200.000000       3.40886116E-02   1.22141874       2.05824152E-03   1.68484254E-11  0.263618767      0.983862936      0.528924704      -3.91401537E-03   5.40112965E-02  -2.16856189E-02
   7.00000000       200.000000       3.41038704E-02   1.25543642       2.48328643E-03   1.97757661E-11  0.271154881      0.923654556      0.579347312      -4.67915880E-03   7.37697482E-02  -2.48245541E-02
   8.00000000       200.000000       3.41209993E-02   1.28956389       2.99704401E-03   2.32358837E-11  0.273484021      0.869212151      0.614697814      -5.60772279E-03   9.47445035E-02  -3.02173384E-02
   9.00000000       200.000000       3.41415480E-02   1.32373023       3.62296286E-03   2.73645100E-11  0.272190958      0.819600165      0.642199993      -6.74190139E-03  0.116670482      -3.66618484E-02
   10.0000000       200.000000       3.41642797E-02   1.35789859       4.37689014E-03   3.22275054E-11  0.268399566      0.774353027      0.659494996      -8.11191089E-03  0.139201060      -4.39687334E-02
   11.0000000       200.000000       3.41873281E-02   1.39207828       5.27649233E-03   3.78977717E-11  0.262928188      0.733245790      0.667648435      -9.74720251E-03  0.162026048      -5.27796224E-02
   2.00000000       200.000000       3.42125520E-02   1.42626679       6.34097401E-03   4.44513940E-11  0.256104589      0.695777535      0.668813229      -1.17220990E-02  0.184908673      -6.34299964E-02
   3.00000000       200.000000       3.42412032E-02   1.46045995       7.58990040E-03   5.19597455E-11  0.248147875      0.661540091      0.664481223      -1.40893646E-02  0.207662135      -7.60660544E-02
   4.00000000       200.000000       3.42717990E-02   1.49468386       9.05874092E-03   6.05939882E-11  0.239533603      0.630249858      0.653427899      -1.69337355E-02  0.230057165      -9.12535936E-02
   5.00000000       200.000000       3.43041234E-02   1.52902329       1.07861962E-02   7.05314765E-11  0.230393440      0.601477265      0.634412467      -2.03473344E-02  0.251820356     -0.108940758    
   6.00000000       200.000000       3.43400165E-02   1.56331646       1.28033394E-02   8.18834722E-11  0.221148729      0.575079858      0.606259942      -2.44120713E-02  0.272639751     -0.129043505    
   7.00000000       200.000000       3.43780145E-02   1.59766877       1.51393712E-02   9.47417908E-11  0.212040246      0.550372958      0.568382621      -2.92149819E-02  0.292179227     -0.153005585    
   8.00000000       400.000000       3.44163403E-02   1.63212323       1.78318396E-02   1.09239520E-10  0.203522488      0.527626872      0.523497105      -3.49380448E-02  0.310196400     -0.178166091    
   9.00000000       400.000000       3.44596468E-02   1.66651404       2.08908264E-02   1.25334770E-10  0.193838641      0.506351113      0.472462654      -4.14862148E-02  0.326477140     -0.204216331    
   10.0000000       400.000000       3.45019177E-02   1.70102203       2.43403874E-02   1.43070958E-10  0.184146255      0.486667931      0.419828683      -4.90209796E-02  0.340962231     -0.232932270    
   11.0000000       400.000000       3.45477760E-02   1.73553383       2.81808618E-02   1.62349953E-10  0.174482405      0.468431354      0.369954139      -5.75703382E-02  0.353742957     -0.261994720    
   12.0000000       400.000000       3.45973931E-02   1.77006423       3.23947407E-02   1.82981241E-10  0.164732739      0.451413691      0.326457471      -6.71364814E-02  0.365037650     -0.290074021    
   13.0000000       400.000000       3.46456654E-02   1.80469894       3.69268842E-02   2.04580256E-10  0.154986128      0.435518175      0.289983004      -7.76561499E-02  0.375084788     -0.315549016    
   2.00000000       400.000000       3.46989296E-02   1.83938944       4.17197905E-02   2.26777069E-10  0.145226806      0.420661420      0.254428059      -8.90185311E-02  0.383913100     -0.339103281    
   3.00000000       400.000000       3.47537622E-02   1.87406790       4.67623547E-02   2.49477800E-10  0.135318995      0.406763524      0.210308164     -0.101208113      0.391222358     -0.362584502    
   4.00000000       400.000000       3.48123796E-02   1.90886545       5.20651154E-02   2.72706996E-10  0.125143245      0.393711865      0.148775235     -0.114242032      0.396401078     -0.387048990    
   5.00000000       400.000000       3.48717459E-02   1.94381344       5.76614514E-02   2.96606045E-10  0.114699475      0.381501496       6.74975663E-02 -0.128178596      0.398755282     -0.412717134    
   6.00000000       400.000000       3.49331126E-02   1.97864985       6.35786355E-02   3.21275145E-10  0.104663156      0.370123684      -2.96343006E-02 -0.143050939      0.397719562     -0.439625621    
   7.00000000       400.000000       3.49960364E-02   2.01366401       6.98371902E-02   3.46773610E-10   9.46443602E-02  0.359388888     -0.131877720     -0.158921167      0.393103927     -0.468140960    
   8.00000000       400.000000       3.50628383E-02   2.04869795       7.64466748E-02   3.73102993E-10   8.46683830E-02  0.349294871     -0.223544493     -0.175848126      0.385266840     -0.498367637    
   9.00000000       400.000000       3.51311862E-02   2.08382654       8.34095553E-02   4.00229544E-10   7.48833716E-02  0.339739114     -0.286313891     -0.193902940      0.375208646     -0.529461443    
   10.0000000       400.000000       3.52015831E-02   2.11898565       9.07014981E-02   4.27996888E-10   6.54793158E-02  0.330692559     -0.310979694     -0.213085696      0.364261031     -0.559883893    
   11.0000000       400.000000       3.52728553E-02   2.15418029       9.82844159E-02   4.56192056E-10   5.69448918E-02  0.322126359     -0.304658353     -0.233360395      0.353514701     -0.588262200    
   12.0000000       400.000000       3.53475511E-02   2.18945503      0.106110729       4.84575546E-10   4.95939478E-02  0.313864619     -0.284638941     -0.254630119      0.343453825     -0.613468111    
   13.0000000       400.000000       3.54251340E-02   2.22494793      0.114185199       5.13156517E-10   4.30843979E-02  0.305899173     -0.267613828     -0.276778042      0.333972663     -0.635918200    
   2.00000000       400.000000       3.55066359E-02   2.26028228      0.122488983       5.41836909E-10   3.74245308E-02  0.298248738     -0.255456656     -0.299737364      0.324902743     -0.658744454    
   3.00000000       400.000000       3.55888382E-02   2.29589605      0.131070852       5.70823999E-10   3.23399268E-02  0.290903956     -0.242174625     -0.323610127      0.316284657     -0.681998670    
   4.00000000       400.000000       3.56727764E-02   2.33153582      0.139947981       6.00170025E-10   2.76570860E-02  0.283895999     -0.223820746     -0.348335445      0.308300197     -0.707600415    
   5.00000000       400.000000       3.57585363E-02   2.36718988      0.149106264       6.29798769E-10   2.32232641E-02  0.277188003     -0.195044816     -0.374153286      0.301326424     -0.738889992    
   6.00000000       400.000000       3.58451568E-02   2.40296197      0.158638462       6.60077992E-10   1.89028736E-02  0.270735860     -0.156087145     -0.401243150      0.295730948     -0.774485826    
   7.00000000       400.000000       3.59365791E-02   2.43895650      0.168644130       6.91385615E-10   1.47046139E-02  0.264535606     -0.105465554     -0.429748982      0.291940778     -0.817681313    
   8.00000000       400.000000       3.60317938E-02   2.47496963      0.179252416       7.24190319E-10   1.07130967E-02  0.258587211      -4.03453708E-02 -0.460090578      0.290486723     -0.872188985    
   9.00000000       400.000000       3.61256152E-02   2.51087451      0.190419212       7.58252017E-10   7.59707019E-03  0.252837569       3.79682742E-02 -0.492683440      0.291858971     -0.932458162    
   10.0000000       400.000000       3.62243615E-02   2.54723430      0.201925471       7.92651556E-10   5.20589575E-03  0.247235432      0.117423929     -0.527554929      0.296112478     -0.982617736    
   11.0000000       400.000000       3.63236889E-02   2.58347154      0.213570312       8.26590463E-10   3.77927488E-03  0.241748109      0.171734557     -0.563972116      0.302350700      -1.00179398    
   12.0000000       400.000000       3.64281610E-02   2.61973166      0.224835575       8.58109972E-10   3.08807893E-03  0.236385390      0.179503635     -0.600436211      0.308889329     -0.961612940    
   13.0000000       400.000000       3.65312435E-02   2.65625191      0.235258684       8.85559959E-10   2.48863618E-03  0.231186643      0.129796818     -0.634129763      0.313630879     -0.877172470    
   2.00000000       400.000000       3.66381556E-02   2.69287086      0.244796589       9.08943476E-10   1.79301528E-03  0.226166934       3.45828086E-02 -0.664618433      0.314898103     -0.807712972    
   3.00000000       400.000000       3.67491208E-02   2.72951531      0.253864080       9.29939847E-10   1.08303106E-03  0.221320108      -6.49976283E-02 -0.693405688      0.312509477     -0.771329165    
   4.00000000       400.000000       3.68596762E-02   2.76648116      0.262723118       9.49589740E-10   3.51640745E-04  0.216640010     -0.126344740     -0.721395910      0.307852596     -0.760222733    
   5.00000000       400.000000       3.69738303E-02   2.80324292      0.271583468       9.68687686E-10  -3.37939855E-04  0.212120444     -0.138509169     -0.749537826      0.302731127     -0.755246937    
   6.00000000       400.000000       3.70923392E-02   2.84031177      0.280219108       9.86458470E-10  -7.64822820E-04  0.207752690     -0.115399696     -0.777334332      0.298450708     -0.723645329    
   7.00000000       400.000000       3.72101963E-02   2.87746811      0.288496763       1.00248754E-09  -1.04886352E-03  0.203540161      -8.77854303E-02 -0.803306162      0.295184195     -0.653991342    
   8.00000000       400.000000       3.73310633E-02   2.91468883      0.296051711       1.01558451E-09  -1.18831510E-03  0.199483901      -6.46016076E-02 -0.826085746      0.292772859     -0.561510563    
   9.00000000       400.000000       3.74547355E-02   2.95214677      0.302311182       1.02392261E-09  -1.25298894E-03  0.195581883      -3.87127697E-02 -0.845300853      0.291322887     -0.491034657    
   10.0000000       400.000000       3.75822932E-02   2.98967767      0.307045281       1.02690345E-09  -1.30985456E-03  0.191818565      -1.80336554E-03 -0.862931490      0.291254550     -0.443477064    
   11.0000000       400.000000       3.77115831E-02   3.02733731      0.310472131       1.02545350E-09  -1.40870502E-03  0.188178003       3.65153179E-02 -0.878688812      0.292631745     -0.391485512    
   12.0000000       400.000000       3.78417671E-02   3.06507659      0.313093126       1.02136533E-09  -1.48668606E-03  0.184651300       6.05434068E-02 -0.892507911      0.294922918     -0.345711797    
   13.0000000       400.000000       3.79736088E-02   3.10296249      0.315285712       1.01595610E-09  -1.50084845E-03  0.181235939       6.47033155E-02 -0.904900134      0.297380120     -0.312570810    
   2.00000000       400.000000       3.81093584E-02   3.14102793      0.317151457       1.00958730E-09  -1.44293520E-03  0.177926570       5.16033210E-02 -0.916290045      0.299346298     -0.288121730    
   3.00000000       400.000000       3.82481478E-02   3.17926812      0.318665087       1.00222430E-09  -1.33186416E-03  0.174720109       2.96394825E-02 -0.926900566      0.300480098     -0.271879226    
   4.00000000       400.000000       3.83906849E-02   3.21746230      0.319830865       9.93911731E-10  -1.18510507E-03  0.171611249       8.99033435E-03 -0.937125623      0.300825238     -0.266190559    
   5.00000000       400.000000       3.85340862E-02   3.25593615      0.320625722       9.84611059E-10  -1.02122000E-03  0.168594107      -2.38670059E-03 -0.947376966      0.300733536     -0.270852327    
   6.00000000       400.000000       3.86794209E-02   3.29459786      0.321057647       9.74385683E-10  -8.58095184E-04  0.165662259      -2.66107754E-03 -0.958040416      0.300630540     -0.282365471    
   7.00000000       400.000000       3.88261117E-02   3.33332801      0.321175605       9.63411018E-10  -7.05543382E-04  0.162809506       4.25344706E-03 -0.969262481      0.300795078     -0.293225557    
   8.00000000       400.000000       3.89781781E-02   3.37215042      0.321025699       9.51852597E-10  -5.69954049E-04  0.160029739       1.17054740E-02 -0.980853617      0.301251739     -0.296999276    
   9.00000000       400.000000       3.91310640E-02   3.41121101      0.320649445       9.39853195E-10  -4.55871457E-04  0.157318711       1.41584640E-02 -0.992458999      0.301805794     -0.292602599    
   10.0000000       400.000000       3.92854065E-02   3.45050335      0.320086658       9.27542543E-10  -3.64917447E-04  0.154672846       1.11963693E-02  -1.00379777      0.302245408     -0.282981455    
   11.0000000       400.000000       3.94439995E-02   3.48992372      0.319363356       9.15009624E-10  -2.98187922E-04  0.152089253       6.83112675E-03  -1.01473880      0.302515417     -0.272357076    
   12.0000000       400.000000       3.96043137E-02   3.52931929      0.318520904       9.02374286E-10  -2.53498030E-04  0.149566114       3.92992096E-03  -1.02532828      0.302670985     -0.263244241    
   13.0000000       400.000000       3.97699885E-02   3.56905532      0.317602098       8.89767704E-10  -2.26533157E-04  0.147100061       2.65723863E-03  -1.03563321      0.302776456     -0.255713284    
   2.00000000       400.000000       3.99327539E-02   3.60901117      0.316649705       8.77304451E-10  -2.10602666E-04  0.144690290       2.96928152E-03  -1.04571044      0.302895367     -0.250318080    
   3.00000000       400.000000       4.01016437E-02   3.64905024      0.315713733       8.65117200E-10  -1.99106871E-04  0.142334223       4.78008110E-03  -1.05566907      0.303086251     -0.246638045    
   4.00000000       400.000000       4.02740240E-02   3.68916464      0.314800411       8.53217885E-10  -1.90171937E-04  0.140030891       6.80004200E-03  -1.06553471      0.303360909     -0.243390828    
   5.00000000       400.000000       4.04453352E-02   3.72949243      0.313903719       8.41581471E-10  -1.82937976E-04  0.137778655       7.66950240E-03  -1.07531631      0.303670973     -0.240535498    
   6.00000000       400.000000       4.06209007E-02   3.77015471      0.313022256       8.30194358E-10  -1.77780297E-04  0.135576025       7.06494320E-03  -1.08503306      0.303957939     -0.237877488    
   7.00000000       400.000000       4.08019014E-02   3.81062984      0.312145531       8.19024459E-10  -1.75801397E-04  0.133421615       5.58058359E-03  -1.09468365      0.304185539     -0.235371113    
   8.00000000       400.000000       4.09835242E-02   3.85157919      0.311267614       8.08051737E-10  -1.76361587E-04  0.131314203       4.39515244E-03  -1.10428488      0.304365486     -0.232295498    
   9.00000000       400.000000       4.11677249E-02   3.89264297      0.310367286       7.97214239E-10  -1.81746538E-04  0.129252285       4.09659371E-03  -1.11376584      0.304534107     -0.229289696    
   10.0000000       800.000000       4.13518026E-02   3.93391180      0.309462517       7.86552490E-10  -1.87272526E-04  0.127233833       4.46007447E-03  -1.12320590      0.304718524     -0.226113468    
   11.0000000       800.000000       4.15420607E-02   3.97551847      0.308528692       7.76002873E-10  -1.98870068E-04  0.125258550       4.96952981E-03  -1.13251126      0.304925472     -0.222311661    
   12.0000000       800.000000       4.17331755E-02   4.01692963      0.307575077       7.65587038E-10  -2.12323212E-04  0.123323753       4.63225087E-03  -1.14171696      0.305118829     -0.219265729    
   13.0000000       800.000000       4.19295840E-02   4.05884504      0.306611449       7.55322860E-10  -2.27047320E-04  0.121429943       3.39557487E-03  -1.15085292      0.305261046     -0.216671929    
   2.00000000       800.000000       4.21275869E-02   4.10084629      0.305643648       7.45220607E-10  -2.40801775E-04  0.119575165       2.49209092E-03  -1.15992916      0.305365533     -0.214385524    
   3.00000000       800.000000       4.23264094E-02   4.14324856      0.304676384       7.35293437E-10  -2.53137434E-04  0.117757693       2.72573344E-03  -1.16895998      0.305481285     -0.212273523    
   4.00000000       800.000000       4.25276794E-02   4.18554831      0.303709328       7.25530580E-10  -2.63233000E-04  0.115977414       3.24179907E-03  -1.17794228      0.305618763     -0.210203692    
   5.00000000       800.000000       4.27326299E-02   4.22826385      0.302742600       7.15926485E-10  -2.71455676E-04  0.114232846       2.91847601E-03  -1.18688238      0.305743903     -0.208283037    
   6.00000000       800.000000       4.29400988E-02   4.27117634      0.301776171       7.06483760E-10  -2.77361163E-04  0.112523071       2.04061856E-03  -1.19578731      0.305831373     -0.206539795    
   7.00000000       800.000000       4.31519486E-02   4.31416321      0.300812811       6.97203850E-10  -2.80441396E-04  0.110847034       1.83734356E-03  -1.20466554      0.305911034     -0.204981223    
   8.00000000       800.000000       4.33655083E-02   4.35740662      0.299855113       6.88083202E-10  -2.80676031E-04  0.109203927       2.55690957E-03  -1.21352005      0.306021869     -0.203506678    
   9.00000000       800.000000       4.35808785E-02   4.40067959      0.298900932       6.79118928E-10  -2.78120744E-04  0.107592806       2.91358237E-03  -1.22235787      0.306148529     -0.202098504    
   10.0000000       800.000000       4.38009016E-02   4.44439697      0.297953904       6.70311306E-10  -2.72897130E-04  0.106013246       2.23331968E-03  -1.23118055      0.306246340     -0.200900689    
   11.0000000       800.000000       4.40220647E-02   4.48833799      0.297017694       6.61668165E-10  -2.64634524E-04  0.104463615       1.29601941E-03  -1.24000502      0.306303471     -0.200011551    
   12.0000000       800.000000       4.42490242E-02   4.53246212      0.296098322       6.53196053E-10  -2.52802682E-04  0.102943845       1.12919312E-03  -1.24883687      0.306353599     -0.199283898    
   13.0000000       800.000000       4.44775447E-02   4.57707596      0.295196295       6.44894138E-10  -2.37391825E-04  0.101452701       1.50554429E-03  -1.25768411      0.306420356     -0.198508888    
   2.00000000       800.000000       4.47068773E-02   4.62136841      0.294307381       6.36750208E-10  -2.19235575E-04   9.99896675E-02   1.30474532E-03  -1.26654100      0.306478947     -0.197443053    
   3.00000000       800.000000       4.49385233E-02   4.66624355      0.293426007       6.28743890E-10  -1.99435846E-04   9.85541716E-02   3.91960173E-04  -1.27538311      0.306496203     -0.196001142    
   4.00000000       800.000000       4.51754220E-02   4.71121693      0.292546034       6.20864804E-10  -1.79000155E-04   9.71452743E-02  -2.01515999E-04  -1.28420138      0.306487441     -0.194167137    
   5.00000000       800.000000       4.54156250E-02   4.75678205      0.291661501       6.13092466E-10  -1.59252944E-04   9.57625136E-02   3.06439586E-04  -1.29297423      0.306501210     -0.191997230    
   6.00000000       800.000000       4.56556603E-02   4.80203438      0.290766507       6.05416994E-10  -1.40734439E-04   9.44048464E-02   9.18812118E-04  -1.30168772      0.306542605     -0.189575493    
   7.00000000       800.000000       4.59001064E-02   4.84787893      0.289858311       5.97826455E-10  -1.24596205E-04   9.30723399E-02   4.36598377E-04  -1.31033015      0.306563079     -0.187008306    
   8.00000000       800.000000       4.61495221E-02   4.89382601      0.288936168       5.90320237E-10  -1.10238849E-04   9.17633250E-02  -2.80427863E-04  -1.31890202      0.306550264     -0.184593037    
   9.00000000       800.000000       4.64015417E-02   4.94037914      0.288002610       5.82901838E-10  -9.84967264E-05   9.04781073E-02  -8.99955994E-05  -1.32741404      0.306546092     -0.182188153    
   10.0000000       800.000000       4.66544069E-02   4.98703766      0.287056416       5.75566150E-10  -8.83211396E-05   8.92155245E-02   3.39451042E-04  -1.33585691      0.306561768     -0.179870993    
   11.0000000       800.000000       4.69110720E-02   5.03345490      0.286101252       5.68318614E-10  -8.08237455E-05   8.79752487E-02   1.67148435E-04  -1.34424567      0.306569457     -0.177608415    
   12.0000000       800.000000       4.71705161E-02   5.08080530      0.285134494       5.61153846E-10  -7.49290703E-05   8.67569968E-02  -3.27233924E-04  -1.35256445      0.306554347     -0.175338864    
   13.0000000       800.000000       4.74330559E-02   5.12793064      0.284158319       5.54075119E-10  -7.15236747E-05   8.55596736E-02  -3.37827078E-04  -1.36083257      0.306538522     -0.173059225    
   2.00000000       800.000000       4.76989783E-02   5.17558718      0.283171058       5.47076051E-10  -7.01483514E-05   8.43831301E-02   1.04004474E-04  -1.36902559      0.306542665     -0.170677647    
   3.00000000       800.000000       4.79672700E-02   5.22343826      0.282172680       5.40154643E-10  -7.16211798E-05   8.32268298E-02   2.00512703E-04  -1.37716115      0.306552768     -0.168210864    
   4.00000000       800.000000       4.82396744E-02   5.27148342      0.281159967       5.33305733E-10  -7.56440713E-05   8.20900127E-02  -8.27056865E-05  -1.38521194      0.306548536     -0.165657088    
   5.00000000       800.000000       4.85143214E-02   5.32006216      0.280135363       5.26527544E-10  -8.24729141E-05   8.09724852E-02  -1.03680461E-04  -1.39318907      0.306543946     -0.163135037    
   6.00000000       800.000000       4.87925000E-02   5.36836243      0.279096931       5.19822740E-10  -9.17558282E-05   7.98736587E-02   1.52801818E-04  -1.40108681      0.306551099     -0.160733953    
   7.00000000       800.000000       4.90735136E-02   5.41723442      0.278052211       5.13199483E-10  -1.02879334E-04   7.87934661E-02   2.72952951E-04  -1.40891850      0.306564599     -0.158742458    
   8.00000000       800.000000       4.93605398E-02   5.46674824      0.277007908       5.06668818E-10  -1.14392795E-04   7.77308494E-02   2.10026759E-04  -1.41671240      0.306575000     -0.157385871    
   9.00000000       800.000000       4.96459454E-02   5.51635075      0.275974184       5.00247843E-10  -1.24652302E-04   7.66861439E-02   1.92208623E-04  -1.42450130      0.306584597     -0.156728119    
   10.0000000       800.000000       4.99367975E-02   5.56616688      0.274958640       4.93948493E-10  -1.32319066E-04   7.56582618E-02   3.38002254E-04  -1.43231916      0.306601435     -0.156518459    
   11.0000000       800.000000       5.02316244E-02   5.61612844      0.273963571       4.87771545E-10  -1.36976276E-04   7.46472552E-02   3.91466980E-04  -1.44018018      0.306621283     -0.156340346    
   12.0000000       800.000000       5.05279116E-02   5.66623640      0.272985429       4.81709228E-10  -1.38759977E-04   7.36526474E-02   3.21215484E-04  -1.44807231      0.306637168     -0.155989662    
   13.0000000       800.000000       5.08273505E-02   5.71697474      0.272021592       4.75753825E-10  -1.38163334E-04   7.26743191E-02   3.44705593E-04  -1.45599151      0.306654751     -0.155504599    
   2.00000000       800.000000       5.11321910E-02   5.76780939      0.271069795       4.69898787E-10  -1.35457740E-04   7.17116371E-02   4.19755233E-04  -1.46392584      0.306676090     -0.154948473    
   3.00000000       800.000000       5.14377542E-02   5.81939650      0.270129204       4.64140920E-10  -1.30722561E-04   7.07644820E-02   3.98297590E-04  -1.47188377      0.306696922     -0.154401809    
   4.00000000       800.000000       5.17485440E-02   5.87104797      0.269200027       4.58479532E-10  -1.23850550E-04   6.98323101E-02   3.61275714E-04  -1.47985852      0.306715608     -0.153936118    
   5.00000000       800.000000       5.20629622E-02   5.92277527      0.268282056       4.52911902E-10  -1.14904215E-04   6.89150468E-02   3.73215880E-04  -1.48786342      0.306734443     -0.153427199    
   6.00000000       800.000000       5.23787588E-02   5.97483015      0.267372727       4.47431675E-10  -1.04334431E-04   6.80123493E-02   3.49526730E-04  -1.49588227      0.306753278     -0.152583167    
   7.00000000       800.000000       5.26992045E-02   6.02751064      0.266464144       4.42024778E-10  -9.31682371E-05   6.71240017E-02   3.15672864E-04  -1.50389695      0.306770325     -0.151177719    
   8.00000000       800.000000       5.30240014E-02   6.08028364      0.265547395       4.36674280E-10  -8.28045377E-05   6.62492439E-02   2.89622432E-04  -1.51186538      0.306785375     -0.149165645    
   9.00000000       800.000000       5.33496812E-02   6.13364077      0.264615536       4.31369246E-10  -7.44909266E-05   6.53886572E-02   2.79166910E-04  -1.51976323      0.306800127     -0.146581873    
   10.0000000       800.000000       5.36804311E-02   6.18732548      0.263661027       4.26096075E-10  -6.92789908E-05   6.45406768E-02   2.56198837E-04  -1.52755523      0.306813955     -0.143581599    
   11.0000000       800.000000       5.40157408E-02   6.24103832      0.262682438       4.20851742E-10  -6.75468036E-05   6.37066141E-02   2.20467089E-04  -1.53522694      0.306826144     -0.140573293    
   12.0000000       800.000000       5.43518029E-02   6.29508209      0.261682540       4.15641133E-10  -6.88844229E-05   6.28846660E-02   2.00928363E-04  -1.54279053      0.306836665     -0.137813702    
   13.0000000       800.000000       5.46922497E-02   6.34962225      0.260665148       4.10470713E-10  -7.26668077E-05   6.20752424E-02   1.59448871E-04  -1.55025339      0.306845158     -0.135274202    
   2.00000000       800.000000       5.50380871E-02   6.40445566      0.259632945       4.05342149E-10  -7.83758733E-05   6.12780973E-02   1.32727553E-04  -1.55763328      0.306853145     -0.132932290    
   3.00000000       800.000000       5.53847216E-02   6.45976830      0.258588701       4.00261574E-10  -8.55887265E-05   6.04929291E-02   8.81388405E-05  -1.56493378      0.306857675     -0.130807936    
   4.00000000       800.000000       5.57359010E-02   6.51546860      0.257537097       3.95233429E-10  -9.36803117E-05   5.97195327E-02   5.02107359E-05  -1.57216883      0.306860387     -0.128996640    
   5.00000000       800.000000       5.60912378E-02   6.57112312      0.256483346       3.90268012E-10  -1.01683952E-04   5.89575246E-02   2.59255794E-05  -1.57935715      0.306862026     -0.127749830    
   6.00000000       800.000000       5.64479530E-02   6.62756824      0.255437285       3.85376897E-10  -1.08141212E-04   5.82071021E-02  -1.24134285E-05  -1.58654284      0.306861013     -0.127249375    
   7.00000000       800.000000       5.68098128E-02   6.68420267      0.254409701       3.80574072E-10  -1.11616515E-04   5.74669503E-02  -7.45934631E-06  -1.59377110      0.306860775     -0.127308547    
   8.00000000       800.000000       5.71758151E-02   6.74102211      0.253403127       3.75863035E-10  -1.11456342E-04   5.67386895E-02  -4.16397415E-05  -1.60105646      0.306858450     -0.127512202    
   9.00000000       800.000000       5.75454868E-02   6.79867172      0.252415359       3.71239456E-10  -1.07837150E-04   5.60205393E-02  -5.06998258E-05  -1.60839725      0.306854695     -0.127524987    
   10.0000000       800.000000       5.79212233E-02   6.85620070      0.251443386       3.66695868E-10  -1.01427060E-04   5.53126670E-02  -6.42375817E-05  -1.61577833      0.306852043     -0.127193376    
   11.0000000       800.000000       5.82982525E-02   6.91421032      0.250480950       3.62222669E-10  -9.30544047E-05   5.46158999E-02  -8.10743077E-05  -1.62318099      0.306847245     -0.126489431    
   12.0000000       800.000000       5.86755127E-02   6.97270107      0.249523342       3.57811059E-10  -8.35207029E-05   5.39289191E-02  -6.59303696E-05  -1.63057554      0.306842744     -0.125428855    
   13.0000000       800.000000       5.90622984E-02   7.03143930      0.248565689       3.53453239E-10  -7.35589711E-05   5.32514900E-02  -8.40958965E-05  -1.63794672      0.306838155     -0.124038719    
   2.00000000       800.000000       5.94485030E-02   7.09108067      0.247602209       3.49141799E-10  -6.39542995E-05   5.25841638E-02  -7.53620698E-05  -1.64527607      0.306833893     -0.122218437    
   3.00000000       800.000000       5.98436110E-02   7.15043688      0.246626735       3.44865109E-10  -5.57868843E-05   5.19263931E-02  -8.87180795E-05  -1.65253055      0.306828260     -0.119838081    
   4.00000000       800.000000       6.02373928E-02   7.21079636      0.245631084       3.40612594E-10  -5.01649592E-05   5.12780845E-02  -8.39445274E-05  -1.65966403      0.306823224     -0.116898619    
   5.00000000       800.000000       6.06374219E-02   7.27131176      0.244609520       3.36376843E-10  -4.81207317E-05   5.06388918E-02  -7.98342808E-05  -1.66666043      0.306818366     -0.113568552    
   6.00000000       800.000000       6.10392392E-02   7.33202028      0.243559182       3.32153555E-10  -4.99727867E-05   5.00087552E-02  -7.95028391E-05  -1.67348194      0.306813270     -0.110218942    
   7.00000000       800.000000       6.14471473E-02   7.39313030      0.242484614       3.27948863E-10  -5.52410784E-05   4.93873432E-02  -6.75413248E-05  -1.68016005      0.306809127     -0.107238635    
   8.00000000       800.000000       6.18590638E-02   7.45494413      0.241392970       3.23772315E-10  -6.27666886E-05   4.87749837E-02  -6.73993127E-05  -1.68671191      0.306804955     -0.104902275    
   9.00000000       800.000000       6.22721761E-02   7.51700449      0.240294307       3.19637899E-10  -7.10579116E-05   4.81706634E-02  -4.90516468E-05  -1.69317818      0.306802243     -0.103311948    
   10.0000000       800.000000       6.26941621E-02   7.57950735      0.239199072       3.15557941E-10  -7.86069286E-05   4.75748256E-02  -4.76607129E-05  -1.69961667      0.306798905     -0.102467448    
   11.0000000       800.000000       6.31151870E-02   7.64244461      0.238116473       3.11543985E-10  -8.39063796E-05   4.69874628E-02  -3.19647115E-05  -1.70607376      0.306797236     -0.102336742    
   12.0000000       800.000000       6.35424033E-02   7.70559978      0.237054482       3.07605080E-10  -8.57374253E-05   4.64080647E-02  -2.71287881E-05  -1.71258044      0.306795239     -0.102736734    
   13.0000000       800.000000       6.39760271E-02   7.76949692      0.236016273       3.03745279E-10  -8.35337123E-05   4.58364263E-02  -1.20337436E-05  -1.71917248      0.306794465     -0.103263289    
   2.00000000       800.000000       6.44085407E-02   7.83382225      0.234999254       2.99958031E-10  -7.76863599E-05   4.52727862E-02  -6.07973197E-06  -1.72583580      0.306794524     -0.103447065    
   3.00000000       800.000000       6.48498610E-02   7.89831066      0.233996689       2.96233482E-10  -6.92749090E-05   4.47167456E-02   1.56531246E-06  -1.73254335      0.306794465     -0.103052258    
   4.00000000       800.000000       6.52926117E-02   7.96304750      0.232999891       2.92561253E-10  -5.95846141E-05   4.41684462E-02   7.72083422E-06  -1.73925245      0.306794971     -0.102042243    
   5.00000000       800.000000       6.57397360E-02   8.02879810      0.232000217       2.88928687E-10  -4.98969057E-05   4.36280817E-02   1.70597668E-05  -1.74591768      0.306796134     -0.100356355    
   6.00000000       800.000000       6.61928579E-02   8.09504509      0.230988652       2.85324847E-10  -4.16663061E-05   4.30948995E-02   2.26446991E-05  -1.75249088      0.306797594      -9.78867933E-02
   7.00000000       800.000000       6.66503683E-02   8.16145802      0.229953885       2.81735635E-10  -3.64356019E-05   4.25686911E-02   3.27734087E-05  -1.75891960      0.306799889      -9.46620181E-02
   8.00000000       800.000000       6.71091229E-02   8.22835445      0.228889793       2.78151946E-10  -3.54040894E-05   4.20494862E-02   3.45239059E-05  -1.76515234      0.306801945      -9.09553915E-02
   9.00000000       800.000000       6.75772652E-02   8.29508305      0.227793545       2.74573031E-10  -3.87888831E-05   4.15369533E-02   4.44128200E-05  -1.77117026      0.306805044      -8.73600394E-02
   10.0000000       800.000000       6.80434331E-02   8.36327362      0.226673976       2.71007439E-10  -4.55024528E-05   4.10316177E-02   4.54747278E-05  -1.77700102      0.306808382      -8.45138952E-02
   11.0000000       800.000000       6.85164854E-02   8.43160915      0.225542113       2.67471489E-10  -5.36562293E-05   4.05332856E-02   4.95272216E-05  -1.78271222      0.306811512      -8.26629475E-02
   12.0000000       800.000000       6.89990669E-02   8.50011826      0.224412173       2.63978200E-10  -6.12182484E-05   4.00410630E-02   5.14577077E-05  -1.78836763      0.306815147      -8.17717835E-02
   13.0000000       800.000000       6.94770738E-02   8.56972027      0.223294944       2.60541561E-10  -6.63302344E-05   3.95554826E-02   5.01716240E-05  -1.79403567      0.306818634      -8.17242712E-02
   2.00000000       800.000000       6.99650571E-02   8.63913631      0.222198665       2.57170341E-10  -6.76177151E-05   3.90762761E-02   5.13130908E-05  -1.79976320      0.306822449      -8.22459385E-02
   3.00000000       800.000000       7.04544336E-02   8.70913506      0.221127316       2.53866733E-10  -6.45752370E-05   3.86034027E-02   4.74521803E-05  -1.80558169      0.306825548      -8.28321576E-02
   4.00000000       800.000000       7.09533468E-02   8.77987480      0.220075607       2.50625271E-10  -5.78576510E-05   3.81366909E-02   4.77454960E-05  -1.81147993      0.306828618      -8.28706697E-02
   5.00000000       800.000000       7.14557767E-02   8.85152435      0.219033182       2.47431658E-10  -4.90265302E-05   3.76766361E-02   4.43436693E-05  -1.81738245      0.306831807      -8.20605680E-02
   6.00000000       800.000000       7.19595850E-02   8.92326069      0.217989579       2.44273074E-10  -3.98535885E-05   3.72217298E-02   4.10868561E-05  -1.82324409      0.306835055      -8.03727657E-02
   7.00000000       800.000000       7.24673644E-02   8.99552822      0.216931880       2.41136888E-10  -3.21628286E-05   3.67736109E-02   3.82519720E-05  -1.82899153      0.306838036      -7.77625516E-02
   8.00000000       800.000000       7.29827210E-02   9.06822109      0.215849221       2.38009307E-10  -2.77412801E-05   3.63309830E-02   3.32753807E-05  -1.83455467      0.306840152      -7.43427873E-02
   9.00000000       800.000000       7.35015273E-02   9.14107132      0.214735448       2.34884390E-10  -2.77092749E-05   3.58937345E-02   2.90561311E-05  -1.83988392      0.306842417      -7.05464035E-02
   10.0000000       800.000000       7.40236938E-02   9.21487141      0.213591963       2.31762803E-10  -3.19084938E-05   3.54631804E-02   2.41382895E-05  -1.84496284      0.306844026      -6.71739504E-02
   11.0000000       800.000000       7.45541826E-02   9.28909588      0.212430149       2.28659244E-10  -3.85849089E-05   3.50373685E-02   1.92175758E-05  -1.84986472      0.306845516      -6.49274513E-02
   12.0000000       800.000000       7.50876293E-02   9.36382198      0.211267337       2.25590310E-10  -4.53672765E-05   3.46171148E-02   1.42521139E-05  -1.85468006      0.306846529      -6.38187081E-02
   13.0000000       800.000000       7.56227747E-02   9.43945217      0.210114807       2.22568644E-10  -5.01367795E-05   3.42017636E-02   9.51577931E-06  -1.85948074      0.306847304      -6.36530370E-02
   2.00000000       800.000000       7.61684179E-02   9.51551723      0.208982810       2.19604127E-10  -5.12570587E-05   3.37925702E-02   5.34071341E-06  -1.86434078      0.306847423      -6.41463846E-02
   3.00000000       800.000000       7.67170042E-02   9.59179592      0.207874700       2.16698146E-10  -4.82257856E-05   3.33881527E-02   1.08114455E-06  -1.86928642      0.306847960      -6.46160543E-02
   4.00000000       800.000000       7.72694573E-02   9.66848755      0.206783593       2.13844636E-10  -4.19753305E-05   3.29889357E-02  -2.48075617E-06  -1.87429333      0.306847841      -6.43494651E-02
   5.00000000       800.000000       7.78230131E-02   9.74612713      0.205696717       2.11028292E-10  -3.43947941E-05   3.25948186E-02  -5.50073992E-06  -1.87926674      0.306847304      -6.30668476E-02
   6.00000000       800.000000       7.83851892E-02   9.82425022      0.204601541       2.08235956E-10  -2.74677423E-05   3.22057270E-02  -8.85698773E-06  -1.88414335      0.306846470      -6.08423650E-02
   7.00000000       800.000000       7.89523125E-02   9.90284920      0.203487962       2.05457013E-10  -2.29604393E-05   3.18217054E-02  -1.15996299E-05  -1.88883924      0.306845456      -5.78233041E-02
   8.00000000       800.000000       7.95280412E-02   9.98241329      0.202348024       2.02684342E-10  -2.20246784E-05   3.14422622E-02  -1.39687991E-05  -1.89330506      0.306844473      -5.44270873E-02
   9.00000000       800.000000       8.01055804E-02   10.0623922      0.201182380       1.99918720E-10  -2.45604260E-05   3.10676936E-02  -1.62486831E-05  -1.89753366      0.306842685      -5.13764285E-02
   10.0000000       800.000000       8.06882754E-02   10.1425762      0.200002059       1.97170100E-10  -2.91852411E-05   3.06982733E-02  -1.83412776E-05  -1.90156806      0.306841880      -4.91983294E-02
   11.0000000       800.000000       8.12722519E-02   10.2231703      0.198819235       1.94451136E-10  -3.38624704E-05   3.03333160E-02  -1.96060046E-05  -1.90549541      0.306840122      -4.80542034E-02
   12.0000000       800.000000       8.18665698E-02   10.3048105      0.197645470       1.91773403E-10  -3.65763299E-05   2.99723949E-02  -2.01755411E-05  -1.90940833      0.306838304      -4.78034467E-02
   13.0000000       800.000000       8.24698508E-02   10.3871059      0.196489751       1.89143937E-10  -3.60616614E-05   2.96164472E-02  -2.04862681E-05  -1.91335368      0.306837082      -4.79280949E-02
   2.00000000       800.000000       8.30690786E-02   10.4702911      0.195350200       1.86560115E-10  -3.24215107E-05   2.92650573E-02  -2.05338365E-05  -1.91733742      0.306835234      -4.77077179E-02
   3.00000000       800.000000       8.36792067E-02   10.5531397      0.194217160       1.84012999E-10  -2.69972716E-05   2.89168414E-02  -1.98750313E-05  -1.92130971      0.306833267      -4.66628410E-02
   4.00000000       800.000000       8.42924491E-02   10.6371202      0.193080097       1.81491280E-10  -2.16627595E-05   2.85740178E-02  -1.90927767E-05  -1.92517889      0.306831986      -4.46873084E-02
   5.00000000       800.000000       8.49149227E-02   10.7222576      0.191927716       1.78984161E-10  -1.81562991E-05   2.82360427E-02  -1.80256411E-05  -1.92886996      0.306830645      -4.19705138E-02
   6.00000000       800.000000       8.55400413E-02   10.8070173      0.190753862       1.76487158E-10  -1.74118722E-05   2.79010590E-02  -1.66297705E-05  -1.93233383      0.306828529      -3.90580259E-02
   7.00000000       800.000000       8.61672983E-02   10.8929453      0.189563066       1.74002465E-10  -1.91144627E-05   2.75714993E-02  -1.48971940E-05  -1.93557680      0.306827545      -3.65394875E-02
   8.00000000       800.000000       8.68062824E-02   10.9799843      0.188362002       1.71538408E-10  -2.19692665E-05   2.72447076E-02  -1.31793286E-05  -1.93865430      0.306826383      -3.47791836E-02
   9.00000000       800.000000       8.74475688E-02   11.0664978      0.187162474       1.69104300E-10  -2.42467304E-05   2.69230269E-02  -1.13413471E-05  -1.94163871      0.306825370      -3.38612534E-02
   10.0000000       800.000000       8.80924463E-02   11.1543617      0.185972616       1.66706926E-10  -2.45255105E-05   2.66039819E-02  -9.45005104E-06  -1.94459784      0.306824625      -3.34566310E-02
   11.0000000       800.000000       8.87458175E-02   11.2425718      0.184794202       1.64347896E-10  -2.25009553E-05   2.62904987E-02  -7.68450809E-06  -1.94755566      0.306823969      -3.29335108E-02
   12.0000000       800.000000       8.94047245E-02   11.3320246      0.183620945       1.62021022E-10  -1.89943876E-05   2.59791110E-02  -6.02184173E-06  -1.95046365      0.306823403      -3.18525843E-02
   13.0000000       800.000000       9.00711343E-02   11.4218473      0.182445228       1.59718752E-10  -1.54187401E-05   2.56728642E-02  -4.23941128E-06  -1.95327020      0.306823045      -3.00660469E-02
   2.00000000       800.000000       9.07422155E-02   11.5118284      0.181258470       1.57433538E-10  -1.31140387E-05   2.53698044E-02  -2.53413327E-06  -1.95589876      0.306823164      -2.77556740E-02
   3.00000000       800.000000       9.14164707E-02   11.6033077      0.180058062       1.55163424E-10  -1.26095265E-05   2.50704344E-02  -8.59084764E-07  -1.95832801      0.306822747      -2.54218541E-02
   4.00000000       800.000000       9.20993984E-02   11.6952047      0.178847045       1.52910642E-10  -1.34611046E-05   2.47753225E-02   9.30041779E-07  -1.96056712      0.306822866      -2.34481171E-02
   5.00000000       800.000000       9.27866399E-02   11.7873383      0.177631512       1.50680357E-10  -1.46326620E-05   2.44829152E-02   2.51380789E-06  -1.96266162      0.306823134      -2.20246613E-02
   6.00000000       800.000000       9.34779644E-02   11.8806105      0.176419273       1.48478910E-10  -1.49600655E-05   2.41946951E-02   3.92356424E-06  -1.96466875      0.306823224      -2.10938435E-02
   7.00000000       800.000000       9.41774696E-02   11.9743528      0.175212771       1.46308091E-10  -1.38737769E-05   2.39102710E-02   5.13949726E-06  -1.96662045      0.306823969      -2.02255249E-02
   8.00000000       800.000000       9.48819369E-02   12.0688763      0.174009770       1.44165041E-10  -1.17323043E-05   2.36282609E-02   6.04448041E-06  -1.96849251      0.306824356      -1.90386064E-02
   9.00000000       800.000000       9.55979601E-02   12.1640635      0.172804803       1.42045889E-10  -9.41579037E-06   2.33503208E-02   6.71218459E-06  -1.97024572      0.306824923      -1.74082890E-02
   10.0000000       800.000000       9.63135287E-02   12.2600622      0.171591952       1.39945097E-10  -7.81017752E-06   2.30755974E-02   7.20192747E-06  -1.97183514      0.306825757      -1.54283298E-02
   11.0000000       800.000000       9.70358253E-02   12.3568468      0.170370147       1.37861347E-10  -7.29869225E-06   2.28042696E-02   7.50278014E-06  -1.97323036      0.306826830      -1.34199932E-02
   12.0000000       800.000000       9.77677032E-02   12.4544106      0.169141188       1.35796693E-10  -7.56279314E-06   2.25368124E-02   7.73061674E-06  -1.97444844      0.306827128      -1.16752815E-02
   13.0000000       800.000000       9.85076427E-02   12.5523767      0.167909488       1.33753883E-10  -7.85277007E-06   2.22709104E-02   7.86120108E-06  -1.97552073      0.306827813      -1.03092752E-02
   2.00000000       800.000000       9.92456749E-02   12.6510534      0.166679040       1.31736039E-10  -7.47320883E-06   2.20103171E-02   7.87270528E-06  -1.97648847      0.306828648      -9.18461382E-03
   3.00000000       800.000000       9.99961421E-02   12.7503929      0.165451095       1.29743633E-10  -6.26417022E-06   2.17513945E-02   7.79282072E-06  -1.97735012      0.306829691      -8.01511668E-03
   4.00000000       800.000000      0.100751281       12.8514633      0.164222658       1.27774583E-10  -4.61516083E-06   2.14958489E-02   7.55476185E-06  -1.97809601      0.306830734      -6.60352828E-03
   5.00000000       800.000000      0.101513669       12.9527330      0.162990406       1.25825489E-10  -3.14944236E-06   2.12438665E-02   7.19753416E-06  -1.97868729      0.306830853      -4.91765141E-03
   6.00000000       800.000000      0.102282949       13.0543804      0.161752149       1.23894853E-10  -2.30147111E-06   2.09948886E-02   6.73583463E-06  -1.97909820      0.306831896      -3.13606136E-03
   7.00000000       800.000000      0.103057869       13.1565609      0.160508275       1.21982952E-10  -1.98598946E-06   2.07481161E-02   6.17815795E-06  -1.97933078      0.306832492      -1.50152238E-03
   8.00000000       800.000000      0.103839546       13.2604132      0.159262016       1.20091520E-10  -1.75471496E-06   2.05041505E-02   5.57303474E-06  -1.97940898      0.306833684      -9.79115648E-05
   9.00000000       800.000000      0.104626514       13.3645535      0.158016041       1.18222626E-10  -1.17855825E-06   2.02637296E-02   4.92388881E-06  -1.97934651      0.306833953       1.15128583E-03
   10.0000000       800.000000      0.105420068       13.4691267      0.156770274       1.16376138E-10  -1.28173596E-07   2.00269371E-02   4.25943608E-06  -1.97916353      0.306834042       2.41376599E-03
   11.0000000       800.000000      0.106228657       13.5754204      0.155524045       1.14550973E-10   1.12376051E-06   1.97913367E-02   3.56826445E-06  -1.97883964      0.306834340       3.84801137E-03
   12.0000000       800.000000      0.107034281       13.6821260      0.154274032       1.12744848E-10   2.12756595E-06   1.95594393E-02   2.86155228E-06  -1.97834826      0.306834400       5.45815332E-03
   13.0000000       800.000000      0.107849084       13.7891541      0.153019890       1.10956556E-10   2.65867948E-06   1.93300135E-02   2.13781573E-06  -1.97766340      0.306834608       7.07780151E-03
   2.00000000       800.000000      0.108672515       13.8981247      0.151761979       1.09187409E-10   2.87846683E-06   1.91040039E-02   1.42617216E-06  -1.97681427      0.306834966       8.56402051E-03
   3.00000000       800.000000      0.109497771       14.0066690      0.150503352       1.07438829E-10   3.14329600E-06   1.88797973E-02   7.32201102E-07  -1.97580242      0.306835115       9.88817215E-03
   4.00000000       800.000000      0.110339761       14.1170921      0.149244860       1.05710898E-10   3.74770434E-06   1.86586678E-02   8.23047657E-08  -1.97464132      0.306835234       1.11074680E-02
   5.00000000       800.000000      0.111177742       14.2269335      0.147987127       1.04003937E-10   4.75037677E-06   1.84402969E-02  -5.08812434E-07  -1.97333300      0.306834906       1.23461699E-02
   6.00000000       800.000000      0.112030037       14.3394938      0.146729171       1.02317217E-10   5.95788742E-06   1.82253551E-02  -1.04659046E-06  -1.97188449      0.306834608       1.36880763E-02
   7.00000000       800.000000      0.112885214       14.4517355      0.145469204       1.00649086E-10   7.11680332E-06   1.80118810E-02  -1.54559564E-06  -1.97025573      0.306834579       1.51138306E-02
   8.00000000       800.000000      0.113750286       14.5650282      0.144207209       9.89997390E-11   8.12764756E-06   1.78002361E-02  -1.98211160E-06  -1.96845007      0.306834042       1.65346079E-02
   9.00000000       800.000000      0.114624061       14.6793976      0.142943233       9.73683079E-11   9.07293179E-06   1.75924487E-02  -2.35613356E-06  -1.96647716      0.306834221       1.78910699E-02
   10.0000000       800.000000      0.115506783       14.7940674      0.141678661       9.57568053E-11   1.00817688E-05   1.73864830E-02  -2.64822279E-06  -1.96434247      0.306834012       1.91944204E-02
   11.0000000       800.000000      0.116393380       14.9101496      0.140412927       9.41633299E-11   1.11886375E-05   1.71824880E-02  -2.85663805E-06  -1.96203136      0.306833655       2.04946734E-02
   12.0000000       800.000000      0.117281690       15.0272551      0.139147639       9.25889851E-11   1.23047084E-05   1.69820711E-02  -2.98608552E-06  -1.95954514      0.306833297       2.18344796E-02
   13.0000000       800.000000      0.118191823       15.1445360      0.137879431       9.10326398E-11   1.33016056E-05   1.67835169E-02  -3.04797982E-06  -1.95689261      0.306832820       2.32122038E-02
   2.00000000       800.000000      0.119099334       15.2630339      0.136610880       8.94920527E-11   1.41234632E-05   1.65864881E-02  -3.05630238E-06  -1.95404351      0.306832105       2.45831534E-02
   3.00000000       800.000000      0.120015435       15.3828135      0.135339707       8.79721365E-11   1.48284598E-05   1.63926892E-02  -3.02064291E-06  -1.95099723      0.306831956       2.59052943E-02
   4.00000000       800.000000      0.120940529       15.5036430      0.134067744       8.64686933E-11   1.55152338E-05   1.62010211E-02  -2.94542247E-06  -1.94780684      0.306831956       2.71774083E-02
   5.00000000       800.000000      0.121867239       15.6249332      0.132796511       8.49817161E-11   1.62359756E-05   1.60112977E-02  -2.83084364E-06  -1.94441378      0.306831777       2.84276996E-02
   6.00000000       800.000000      0.122810721       15.7464323      0.131525472       8.35144245E-11   1.69744308E-05   1.58243272E-02  -2.67673181E-06  -1.94083202      0.306831270       2.96757575E-02
   7.00000000       800.000000      0.123757191       15.8707790      0.130251929       8.20645288E-11   1.76957728E-05   1.56398527E-02  -2.48625975E-06  -1.93710887      0.306831092       3.09195351E-02
   8.00000000       800.000000      0.124716990       15.9948425      0.128978908       8.06307729E-11   1.83964767E-05   1.54568413E-02  -2.26703878E-06  -1.93315005      0.306830674       3.21388617E-02
   9.00000000       800.000000      0.125679165       16.1200333      0.127705812       7.92149263E-11   1.91172676E-05   1.52753117E-02  -2.02573824E-06  -1.92905164      0.306830078       3.33204232E-02
   10.0000000       800.000000      0.126648560       16.2460766      0.126434788       7.78171416E-11   1.99085644E-05   1.50973024E-02  -1.76888818E-06  -1.92475832      0.306829929       3.44684795E-02
   11.0000000       800.000000      0.127627030       16.3736973      0.125163257       7.64361005E-11   2.07890080E-05   1.49203679E-02  -1.50188737E-06  -1.92028987      0.306829602       3.56012955E-02
   12.0000000       800.000000      0.128622070       16.5009899      0.123893209       7.50722332E-11   2.17276665E-05   1.47463176E-02  -1.23017276E-06  -1.91562986      0.306829751       3.67337577E-02
   13.0000000       800.000000      0.129615709       16.6299458      0.122621335       7.37258449E-11   2.26737902E-05   1.45734567E-02  -9.60932198E-07  -1.91078973      0.306829631       3.78672332E-02
   2.00000000       800.000000      0.130617574       16.7607040      0.121352844       7.23966234E-11   2.36007891E-05   1.44039178E-02  -6.97045436E-07  -1.90578854      0.306829482       3.89913693E-02
   3.00000000       800.000000      0.131631613       16.8909397      0.120083831       7.10831394E-11   2.45026877E-05   1.42350933E-02  -4.40887021E-07  -1.90054846      0.306829423       4.00947370E-02
   4.00000000       800.000000      0.132658064       17.0234966      0.118815057       6.97868568E-11   2.53750441E-05   1.40685868E-02  -1.94989710E-07  -1.89518118      0.306829393       4.11782674E-02
   5.00000000       800.000000      0.133689612       17.1564980      0.117550291       6.85069224E-11   2.62225585E-05   1.39042921E-02   3.67959956E-08  -1.88962698      0.306829393       4.22427133E-02
   6.00000000       800.000000      0.134727374       17.2917385      0.116282865       6.72431347E-11   2.70628534E-05   1.37416488E-02   2.53671146E-07  -1.88385808      0.306829542       4.32863049E-02
   7.00000000       800.000000      0.135772675       17.4260139      0.115019202       6.59953966E-11   2.78964944E-05   1.35806035E-02   4.52695218E-07  -1.87789404      0.306829512       4.43059541E-02
   8.00000000       800.000000      0.136831790       17.5625153      0.113755576       6.47643536E-11   2.87389739E-05   1.34224044E-02   6.26769690E-07  -1.87176871      0.306829870       4.53038141E-02
   9.00000000       800.000000      0.137887821       17.6995029      0.112495504       6.35499639E-11   2.96014641E-05   1.32651394E-02   7.72998192E-07  -1.86545503      0.306829721       4.62825634E-02
   10.0000000       800.000000      0.138969555       17.8388729      0.111235507       6.23501181E-11   3.04738951E-05   1.31104887E-02   8.88768284E-07  -1.85894787      0.306829393       4.72421721E-02
   11.0000000       800.000000      0.140046909       17.9775219      0.109978259       6.11677237E-11   3.13537530E-05   1.29569750E-02   9.75332000E-07  -1.85227144      0.306829393       4.81848046E-02
   12.0000000       800.000000      0.141143247       18.1181393      0.108723745       6.00007613E-11   3.22345950E-05   1.28056174E-02   1.03514469E-06  -1.84540093      0.306829751       4.91092578E-02
   13.0000000       800.000000      0.142242312       18.2606220      0.107471012       5.88494878E-11   3.31221345E-05   1.26556382E-02   1.07148435E-06  -1.83834898      0.306830317       5.00078127E-02
   2.00000000       800.000000      0.143348306       18.4025784      0.106220745       5.77136360E-11   3.40327533E-05   1.25080058E-02   1.08793427E-06  -1.83112252      0.306830436       5.08788712E-02
   3.00000000       800.000000      0.144470185       18.5468769      0.104972385       5.65929699E-11   3.49780275E-05   1.23617668E-02   1.08779625E-06  -1.82369339      0.306830496       5.17256968E-02
   4.00000000       800.000000      0.145599216       18.6916237      0.103726715       5.54875659E-11   3.59616461E-05   1.22168884E-02   1.07355379E-06  -1.81613314      0.306831002       5.25526181E-02
   5.00000000       800.000000      0.146730632       18.8387299      0.102487914       5.43974969E-11   3.69720328E-05   1.20738335E-02   1.04706942E-06  -1.80836022      0.306830972       5.33631593E-02
   6.00000000       800.000000      0.147886083       18.9852219      0.101246968       5.33234186E-11   3.79855919E-05   1.19326664E-02   1.00856028E-06  -1.80040622      0.306831330       5.41584082E-02
   7.00000000       800.000000      0.149040878       19.1336536      0.100010939       5.22636621E-11   3.89769957E-05   1.17933257E-02   9.58529313E-07  -1.79226589      0.306831390       5.49403280E-02
   8.00000000       800.000000      0.150206983       19.2841053       9.87788886E-02   5.12186404E-11   3.99209275E-05   1.16555365E-02   8.97639381E-07  -1.78396726      0.306831270       5.57053983E-02
   9.00000000       800.000000      0.151375279       19.4338169       9.75510627E-02   5.01896441E-11   4.08105843E-05   1.15189562E-02   8.26669918E-07  -1.77544463      0.306831211       5.64434975E-02
   10.0000000       800.000000      0.152559474       19.5859928       9.63238925E-02   4.91736582E-11   4.16558141E-05   1.13844862E-02   7.47607260E-07  -1.76678586      0.306831270       5.71534932E-02
   11.0000000       800.000000      0.153755501       19.7391071       9.51010361E-02   4.81732917E-11   4.24667778E-05   1.12512643E-02   6.61958609E-07  -1.75795567      0.306831360       5.78352138E-02
   12.0000000       800.000000      0.154966682       19.8943138       9.38834250E-02   4.71879480E-11   4.32575362E-05   1.11197550E-02   5.70835141E-07  -1.74896276      0.306831419       5.84858432E-02
   13.0000000       800.000000      0.156182289       20.0499210       9.26701948E-02   4.62153059E-11   4.40456970E-05   1.09897712E-02   4.75064297E-07  -1.73975158      0.306831628       5.91061898E-02
   2.00000000       800.000000      0.157407701       20.2067699       9.14590284E-02   4.52585504E-11   4.48419341E-05   1.08607952E-02   3.75646039E-07  -1.73041797      0.306831509       5.96982017E-02
   3.00000000       800.000000      0.158632427       20.3635406       9.02550370E-02   4.43160578E-11   4.56503476E-05   1.07341725E-02   2.74288993E-07  -1.72087538      0.306831658       6.02659658E-02
   4.00000000       800.000000      0.159881696       20.5234394       8.90538841E-02   4.33865027E-11   4.64675977E-05   1.06085585E-02   1.72740314E-07  -1.71123385      0.306831509       6.08061254E-02
   5.00000000       800.000000      0.161134437       20.6836548       8.78595188E-02   4.24725324E-11   4.73018845E-05   1.04844403E-02   7.22884366E-08  -1.70134258      0.306831628       6.13160096E-02
   6.00000000       800.000000      0.162408039       20.8466339       8.66696909E-02   4.15724469E-11   4.81580355E-05   1.03612933E-02  -2.37770106E-08  -1.69137692      0.306831598       6.18018918E-02
   7.00000000       800.000000      0.163673609       21.0080662       8.54846686E-02   4.06858852E-11   4.90331440E-05   1.02404533E-02  -1.13033437E-07  -1.68122065      0.306831598       6.22590892E-02
   8.00000000       800.000000      0.164970547       21.1726456       8.43065828E-02   3.98134234E-11   4.99419111E-05   1.01203909E-02  -1.92847679E-07  -1.67090571      0.306831628       6.26871064E-02
   9.00000000       800.000000      0.166260168       21.3390827       8.31330717E-02   3.89543536E-11   5.08767334E-05   1.00021046E-02  -2.61234675E-07  -1.66046798      0.306831509       6.30970746E-02
   10.0000000       800.000000      0.167571649       21.5048828       8.19646269E-02   3.81091651E-11   5.18128290E-05   9.88527387E-03  -3.15943510E-07  -1.64985549      0.306831509       6.34849593E-02
   11.0000000       800.000000      0.168884769       21.6747990       8.08029920E-02   3.72776497E-11   5.27450429E-05   9.76937078E-03  -3.57399358E-07  -1.63911438      0.306831419       6.38461709E-02
   12.0000000       800.000000      0.170220941       21.8437004       7.96474740E-02   3.64594500E-11   5.36633052E-05   9.65496618E-03  -3.86326832E-07  -1.62820899      0.306831449       6.41874447E-02
   13.0000000       800.000000      0.171562597       22.0148487       7.84985647E-02   3.56540006E-11   5.45503208E-05   9.54203214E-03  -4.03399468E-07  -1.61717176      0.306831360       6.45062029E-02
   2.00000000       800.000000      0.172911152       22.1867790       7.73551613E-02   3.48622034E-11   5.54047292E-05   9.42994654E-03  -4.10244638E-07  -1.60598254      0.306831360       6.47962317E-02
   3.00000000       800.000000      0.174262822       22.3595982       7.62197897E-02   3.40833473E-11   5.62350251E-05   9.31941438E-03  -4.08528166E-07  -1.59466970      0.306831211       6.50580153E-02
   4.00000000       800.000000      0.175636902       22.5350342       7.50901923E-02   3.33179040E-11   5.70475640E-05   9.21057910E-03  -4.00213395E-07  -1.58320999      0.306831181       6.52929619E-02
   5.00000000       800.000000      0.177029908       22.7109966       7.39662349E-02   3.25646697E-11   5.78458821E-05   9.10277292E-03  -3.87035129E-07  -1.57165825      0.306831151       6.54994845E-02
   6.00000000       800.000000      0.178427994       22.8897495       7.28507563E-02   3.18243661E-11   5.86373208E-05   8.99639912E-03  -3.70185518E-07  -1.55994689      0.306831151       6.56778365E-02
   7.00000000       800.000000      0.179832757       23.0675335       7.17422590E-02   3.10965524E-11   5.94193989E-05   8.89058318E-03  -3.51219711E-07  -1.54810870      0.306831032       6.58332184E-02
   8.00000000       800.000000      0.181247130       23.2492962       7.06410855E-02   3.03815341E-11   6.01828215E-05   8.78669322E-03  -3.30702221E-07  -1.53613317      0.306830913       6.59637675E-02
   9.00000000       800.000000      0.182678327       23.4303741       6.95469603E-02   2.96790197E-11   6.09316667E-05   8.68391432E-03  -3.09117269E-07  -1.52412355      0.306830913       6.60643876E-02
   10.0000000       800.000000      0.184120178       23.6137962       6.84610829E-02   2.89885928E-11   6.16802572E-05   8.58171750E-03  -2.86428104E-07  -1.51194429      0.306830823       6.61358461E-02
   11.0000000       800.000000      0.185574606       23.7995758       6.73839375E-02   2.83104859E-11   6.24378954E-05   8.48149974E-03  -2.62144397E-07  -1.49964619      0.306830972       6.61788359E-02
   12.0000000       800.000000      0.187039450       23.9845982       6.63130060E-02   2.76444041E-11   6.32207157E-05   8.38221889E-03  -2.36489157E-07  -1.48726320      0.306830853       6.61913380E-02
   13.0000000       800.000000      0.188515589       24.1725788       6.52524233E-02   2.69905435E-11   6.40406724E-05   8.28364398E-03  -2.09258147E-07  -1.47479069      0.306830883       6.61767051E-02
   2.00000000       800.000000      0.190003842       24.3626595       6.41993880E-02   2.63487149E-11   6.48955320E-05   8.18646420E-03  -1.80477429E-07  -1.46223605      0.306830823       6.61380142E-02
   3.00000000       800.000000      0.191507503       24.5538692       6.31536916E-02   2.57186304E-11   6.57787750E-05   8.09093285E-03  -1.51006631E-07  -1.44956791      0.306830794       6.60768375E-02
   4.00000000       800.000000      0.193027228       24.7454605       6.21176697E-02   2.51002587E-11   6.66654742E-05   7.99572654E-03  -1.21694669E-07  -1.43681622      0.306830913       6.59983084E-02
   5.00000000       800.000000      0.194553345       24.9383144       6.10906482E-02   2.44931454E-11   6.75316551E-05   7.90214632E-03  -9.34743127E-08  -1.42398453      0.306830823       6.58986047E-02
   6.00000000       800.000000      0.196085945       25.1336231       6.00717179E-02   2.38978941E-11   6.83628750E-05   7.80993141E-03  -6.68412525E-08  -1.41106164      0.306830883       6.57768771E-02
   7.00000000       800.000000      0.197636858       25.3313236       5.90617098E-02   2.33133356E-11   6.91435271E-05   7.71837030E-03  -4.25082654E-08  -1.39808631      0.306830913       6.56350926E-02
   8.00000000       800.000000      0.199212298       25.5304661       5.80621436E-02   2.27404519E-11   6.98630320E-05   7.62748765E-03  -2.09169979E-08  -1.38502967      0.306830764       6.54696226E-02
   9.00000000       800.000000      0.200781316       25.7297115       5.70704788E-02   2.21783390E-11   7.05291241E-05   7.53796846E-03  -1.87379645E-09  -1.37190545      0.306830853       6.52761608E-02
   10.0000000       800.000000      0.202371761       25.9304714       5.60872592E-02   2.16269676E-11   7.11611938E-05   7.44994031E-03   1.48843311E-08  -1.35871100      0.306830883       6.50557652E-02
   11.0000000       800.000000      0.203978211       26.1335907       5.51155806E-02   2.10866342E-11   7.17748335E-05   7.36236386E-03   2.93830436E-08  -1.34548426      0.306830913       6.48081526E-02
   12.0000000       800.000000      0.205590189       26.3390236       5.41518442E-02   2.05571966E-11   7.23996927E-05   7.27635622E-03   4.16776444E-08  -1.33215749      0.306831032       6.45282343E-02
   13.0000000       800.000000      0.207215562       26.5462608       5.31987771E-02   2.00383096E-11   7.30677348E-05   7.19070248E-03   5.24862216E-08  -1.31882453      0.306831062       6.42253384E-02
   2.00000000       800.000000      0.208862230       26.7531796       5.22546545E-02   1.95298621E-11   7.37646551E-05   7.10660405E-03   6.20793514E-08  -1.30543876      0.306831062       6.39096648E-02
   3.00000000       800.000000      0.210511744       26.9634609       5.13211265E-02   1.90319687E-11   7.44594217E-05   7.02289212E-03   7.05786078E-08  -1.29201591      0.306831002       6.35757670E-02
   4.00000000       800.000000      0.212182373       27.1744270       5.03987037E-02   1.85439424E-11   7.51599291E-05   6.94079604E-03   7.87481724E-08  -1.27856004      0.306831062       6.32148683E-02
   5.00000000       800.000000      0.213867262       27.3881035       4.94848378E-02   1.80662811E-11   7.58903407E-05   6.85914373E-03   8.63725020E-08  -1.26509309      0.306831151       6.28319830E-02
   6.00000000       800.000000      0.215570495       27.6017551       4.85819951E-02   1.75986222E-11   7.66379599E-05   6.77871751E-03   9.32268804E-08  -1.25157404      0.306831121       6.24387749E-02
   7.00000000       800.000000      0.217280358       27.8196926       4.76893783E-02   1.71409519E-11   7.73606371E-05   6.69921376E-03   9.91555780E-08  -1.23807883      0.306831032       6.20354451E-02
   8.00000000       800.000000      0.218995273       28.0367794       4.68071178E-02   1.66925449E-11   7.80329428E-05   6.62051560E-03   1.03651942E-07  -1.22452271      0.306831032       6.16141707E-02
   9.00000000       800.000000      0.220740929       28.2576332       4.59336862E-02   1.62541473E-11   7.86587407E-05   6.54293457E-03   1.06705684E-07  -1.21095645      0.306831092       6.11721501E-02
   10.0000000       800.000000      0.222490728       28.4788132       4.50722799E-02   1.58250392E-11   7.92404971E-05   6.46605948E-03   1.08173872E-07  -1.19741917      0.306831092       6.07136264E-02
   11.0000000       800.000000      0.224248633       28.7025547       4.42206934E-02   1.54051147E-11   7.97785906E-05   6.39030337E-03   1.07756605E-07  -1.18382907      0.306831211       6.02364689E-02
   12.0000000       800.000000      0.226034790       28.9273281       4.33799475E-02   1.49947936E-11   8.02958966E-05   6.31524064E-03   1.05799707E-07  -1.17029572      0.306831270       5.97396940E-02
   13.0000000       800.000000      0.227838799       29.1540203       4.25491929E-02   1.45932797E-11   8.08031327E-05   6.24102727E-03   1.02737673E-07  -1.15671980      0.306831270       5.92282861E-02
   2.00000000       800.000000      0.229636580       29.3828106       4.17294614E-02   1.42004524E-11   8.13002916E-05   6.16816711E-03   9.87588038E-08  -1.14318788      0.306831330       5.86996153E-02
   3.00000000       800.000000      0.231463313       29.6143074       4.09200601E-02   1.38167785E-11   8.18205299E-05   6.09571906E-03   9.43716074E-08  -1.12968385      0.306831330       5.81471846E-02
   4.00000000       800.000000      0.233298600       29.8444633       4.01234776E-02   1.34417156E-11   8.23984374E-05   6.02408033E-03   8.95987142E-08  -1.11614561      0.306831211       5.75776733E-02
   5.00000000       800.000000      0.235164225       30.0788250       3.93362269E-02   1.30754773E-11   8.30214049E-05   5.95347583E-03   8.47753938E-08  -1.10267258      0.306831121       5.70035353E-02
   6.00000000       800.000000      0.237021416       30.3152733       3.85590531E-02   1.27174616E-11   8.36461404E-05   5.88346785E-03   7.97341002E-08  -1.08923173      0.306831002       5.64242341E-02
   7.00000000       800.000000      0.238909259       30.5545444       3.77938636E-02   1.23679331E-11   8.42487716E-05   5.81442937E-03   7.41850883E-08  -1.07586193      0.306830943       5.58341183E-02
   8.00000000       800.000000      0.240805298       30.7942753       3.70384380E-02   1.20264762E-11   8.48258205E-05   5.74612245E-03   6.81471377E-08  -1.06246197      0.306831062       5.52323982E-02
   9.00000000       800.000000      0.242732763       31.0363560       3.62941362E-02   1.16928958E-11   8.53835081E-05   5.67885162E-03   6.16267215E-08  -1.04915142      0.306831002       5.46167865E-02
   10.0000000       800.000000      0.244650185       31.2805672       3.55608910E-02   1.13676343E-11   8.59283609E-05   5.61214238E-03   5.47196777E-08  -1.03582573      0.306831062       5.39916679E-02
   11.0000000       800.000000      0.246601894       31.5240726       3.48379873E-02   1.10496456E-11   8.64368485E-05   5.54635096E-03   4.77127671E-08  -1.02258742      0.306831002       5.33632524E-02
   12.0000000       800.000000      0.248575494       31.7732716       3.41255106E-02   1.07395577E-11   8.68831848E-05   5.48096932E-03   4.10068282E-08  -1.00940931      0.306831002       5.27276471E-02
   13.0000000       800.000000      0.250549018       32.0229034       3.34242918E-02   1.04367574E-11   8.72597229E-05   5.41682262E-03   3.48651312E-08 -0.996289492      0.306831002       5.20845577E-02
   2.00000000       800.000000      0.252544135       32.2734489       3.27336937E-02   1.01414450E-11   8.75662299E-05   5.35302283E-03   2.93191533E-08 -0.983216166      0.306830972       5.14324494E-02
   3.00000000       800.000000      0.254557490       32.5260506       3.20538655E-02   9.85340195E-12   8.78411956E-05   5.29021164E-03   2.44684433E-08 -0.970205009      0.306830972       5.07618673E-02
   4.00000000       800.000000      0.256586730       32.7818604       3.13845649E-02   9.57272109E-12   8.81608503E-05   5.22808824E-03   2.02534558E-08 -0.957273781      0.306831002       5.00763506E-02
   5.00000000       800.000000      0.258610994       33.0395813       3.07262912E-02   9.29886723E-12   8.85413756E-05   5.16694598E-03   1.64909650E-08 -0.944405019      0.306831002       4.93902490E-02
   6.00000000       800.000000      0.260681123       33.2992859       3.00788973E-02   9.03192625E-12   8.89432340E-05   5.10602165E-03   1.30128539E-08 -0.931624413      0.306830943       4.87053879E-02
   7.00000000       800.000000      0.262756377       33.5623474       2.94418633E-02   8.77146793E-12   8.93421238E-05   5.04608359E-03   9.58660173E-09 -0.918912590      0.306830913       4.80165370E-02
   8.00000000       800.000000      0.264846563       33.8261070       2.88153235E-02   8.51807427E-12   8.97465943E-05   4.98681469E-03   6.20694118E-09 -0.906287432      0.306830883       4.73206528E-02
   9.00000000       800.000000      0.266964108       34.0918350       2.82005053E-02   8.27098372E-12   9.01717576E-05   4.92852740E-03   2.79027224E-09 -0.893733740      0.306830913       4.66228165E-02
   10.0000000       800.000000      0.269089431       34.3593788       2.75950972E-02   8.03039232E-12   9.05807683E-05   4.87044360E-03  -5.54566726E-10 -0.881290376      0.306830913       4.59299199E-02
   11.0000000       800.000000      0.271236569       34.6304741       2.69997921E-02   7.79584904E-12   9.09317241E-05   4.81324503E-03  -3.69152775E-09 -0.868933618      0.306830913       4.52374071E-02
   12.0000000       800.000000      0.273390830       34.9008446       2.64146496E-02   7.56752733E-12   9.12139731E-05   4.75691119E-03  -6.56867405E-09 -0.856656492      0.306830883       4.45437767E-02
   13.0000000       800.000000      0.275573671       35.1773834       2.58401763E-02   7.34513231E-12   9.14312768E-05   4.70087677E-03  -9.14506426E-09 -0.844475508      0.306830943       4.38471437E-02
   2.00000000       800.000000      0.277770936       35.4531212       2.52757166E-02   7.12856900E-12   9.16149293E-05   4.64585377E-03  -1.13988996E-08 -0.832395017      0.306830943       4.31454666E-02
   3.00000000       800.000000      0.279982239       35.7325478       2.47213673E-02   6.91781138E-12   9.17970174E-05   4.59119584E-03  -1.33848310E-08 -0.820413649      0.306831032       4.24421504E-02
   4.00000000       800.000000      0.282222867       36.0137329       2.41771080E-02   6.71270158E-12   9.19966478E-05   4.53750137E-03  -1.52049804E-08 -0.808531880      0.306831032       4.17371020E-02
   5.00000000       800.000000      0.284471065       36.2968369       2.36430056E-02   6.51314636E-12   9.22304171E-05   4.48415894E-03  -1.69026322E-08 -0.796757102      0.306830972       4.10324521E-02
   6.00000000       800.000000      0.286742091       36.5804558       2.31186599E-02   6.31903167E-12   9.24826381E-05   4.43149498E-03  -1.85041955E-08 -0.785093248      0.306831002       4.03339900E-02
   7.00000000       800.000000      0.289016098       36.8690605       2.26037949E-02   6.13007345E-12   9.27267974E-05   4.37929016E-03  -1.99639221E-08 -0.773533225      0.306831002       3.96394245E-02
   8.00000000       800.000000      0.291324228       37.1585426       2.20990218E-02   5.94629901E-12   9.29579328E-05   4.32784297E-03  -2.12498339E-08 -0.762084782      0.306831002       3.89470942E-02
   9.00000000       800.000000      0.293644518       37.4530144       2.16036737E-02   5.76774999E-12   9.31744507E-05   4.27721394E-03  -2.23313794E-08 -0.750754893      0.306831002       3.82585898E-02
   10.0000000       800.000000      0.296003997       37.7481918       2.11177915E-02   5.59393460E-12   9.33650954E-05   4.22691042E-03  -2.31536834E-08 -0.739530206      0.306831002       3.75748761E-02
   11.0000000       800.000000      0.298353791       38.0451622       2.06413548E-02   5.42499812E-12   9.35173812E-05   4.17716615E-03  -2.37181634E-08 -0.728426814      0.306830972       3.68960761E-02
   12.0000000       800.000000      0.300734103       38.3437805       2.01740637E-02   5.26077142E-12   9.36336801E-05   4.12838254E-03  -2.40249776E-08 -0.717430353      0.306830972       3.62203866E-02
   13.0000000       800.000000      0.303147912       38.6467476       1.97159238E-02   5.10113479E-12   9.37243312E-05   4.07981453E-03  -2.40823326E-08 -0.706547260      0.306831062       3.55482474E-02
   2.00000000       800.000000      0.305555582       38.9513550       1.92668177E-02   4.94597028E-12   9.38013181E-05   4.03189752E-03  -2.38914453E-08 -0.695788085      0.306831092       3.48801203E-02
   3.00000000       800.000000      0.307996303       39.2577019       1.88266877E-02   4.79521371E-12   9.38664671E-05   3.98446759E-03  -2.34253363E-08 -0.685146391      0.306831121       3.42175327E-02
   4.00000000       800.000000      0.310469896       39.5681572       1.83953475E-02   4.64874059E-12   9.39151432E-05   3.93772498E-03  -2.26419790E-08 -0.674625397      0.306831062       3.35612856E-02
   5.00000000       800.000000      0.312931180       39.8770142       1.79727934E-02   4.50644903E-12   9.39390084E-05   3.89162311E-03  -2.15309015E-08 -0.664225996      0.306831062       3.29114348E-02
   6.00000000       800.000000      0.315432847       40.1933212       1.75588615E-02   4.36822540E-12   9.39375823E-05   3.84590030E-03  -2.00989270E-08 -0.653945446      0.306831032       3.22668850E-02
   7.00000000       800.000000      0.317947745       40.5082169       1.71533767E-02   4.23398816E-12   9.39300226E-05   3.80064710E-03  -1.83699385E-08 -0.643786371      0.306831002       3.16271223E-02
   8.00000000       800.000000      0.320495814       40.8281288       1.67562962E-02   4.10363367E-12   9.39343372E-05   3.75618460E-03  -1.64290768E-08 -0.633750498      0.306831002       3.09928358E-02
   9.00000000       800.000000      0.323059022       41.1489258       1.63675137E-02   3.97709166E-12   9.39535530E-05   3.71195772E-03  -1.44011816E-08 -0.623840332      0.306830972       3.03664636E-02
   10.0000000       800.000000      0.325634599       41.4749947       1.59868412E-02   3.85422553E-12   9.39783276E-05   3.66844377E-03  -1.24129365E-08 -0.614053488      0.306830943       2.97481902E-02
   11.0000000       800.000000      0.328246117       41.8027420       1.56142376E-02   3.73493901E-12   9.39967431E-05   3.62524507E-03  -1.05824167E-08 -0.604390323      0.306830972       2.91385856E-02
   12.0000000       800.000000      0.330868602       42.1312904       1.52494619E-02   3.61917310E-12   9.39964957E-05   3.58286570E-03  -8.99574015E-09 -0.594848871      0.306830972       2.85372436E-02
   13.0000000       800.000000      0.333499759       42.4624519       1.48925744E-02   3.50681355E-12   9.39597376E-05   3.54070193E-03  -7.69898456E-09 -0.585428894      0.306830943       2.79454831E-02
   2.00000000       800.000000      0.336178690       42.7972488       1.45432511E-02   3.39774433E-12   9.38843878E-05   3.49903642E-03  -6.69602640E-09 -0.576133728      0.306830913       2.73606163E-02
   3.00000000       800.000000      0.338866234       43.1343956       1.42013170E-02   3.29193877E-12   9.37837394E-05   3.45801865E-03  -5.94664185E-09 -0.566960990      0.306830913       2.67823618E-02
   4.00000000       800.000000      0.341564178       43.4764404       1.38670504E-02   3.18924531E-12   9.36736978E-05   3.41736409E-03  -5.40124123E-09 -0.557910502      0.306830913       2.62117889E-02
   5.00000000       800.000000      0.344298780       43.8198090       1.35398824E-02   3.08965744E-12   9.35720818E-05   3.37724900E-03  -5.00307618E-09 -0.548981547      0.306830943       2.56478023E-02
   6.00000000       800.000000      0.347046673       44.1641579       1.32199619E-02   2.99304873E-12   9.34959244E-05   3.33757279E-03  -4.69519978E-09 -0.540177345      0.306830943       2.50918418E-02
   7.00000000       800.000000      0.349838823       44.5138283       1.29071074E-02   2.89932661E-12   9.34430936E-05   3.29844630E-03  -4.42555903E-09 -0.531497598      0.306830943       2.45451462E-02
   8.00000000       800.000000      0.352615893       44.8651733       1.26011223E-02   2.80845898E-12   9.33954798E-05   3.25965951E-03  -4.14548662E-09 -0.522937357      0.306830943       2.40088981E-02
   9.00000000       800.000000      0.355454803       45.2186356       1.23020820E-02   2.72033763E-12   9.33238261E-05   3.22143780E-03  -3.81703780E-09 -0.514496624      0.306830943       2.34826859E-02
   10.0000000       800.000000      0.358279139       45.5763397       1.20094270E-02   2.63487149E-12   9.32085677E-05   3.18345963E-03  -3.41181772E-09 -0.506175935      0.306830913       2.29659248E-02
   11.0000000       800.000000      0.361149102       45.9357567       1.17234979E-02   2.55195236E-12   9.30455062E-05   3.14617157E-03  -2.91610780E-09 -0.497974396      0.306830913       2.24577412E-02
   12.0000000       800.000000      0.364027262       46.2968864       1.14440117E-02   2.47160777E-12   9.28482696E-05   3.10928514E-03  -2.33702857E-09 -0.489890456      0.306830913       2.19567847E-02
   13.0000000       800.000000      0.366944253       46.6631355       1.11707635E-02   2.39369245E-12   9.26436260E-05   3.07273353E-03  -1.69645153E-09 -0.481924474      0.306830913       2.14633401E-02
   2.00000000       800.000000      0.369876415       47.0312233       1.09037179E-02   2.31817408E-12   9.24538472E-05   3.03652533E-03  -1.02097220E-09 -0.474073410      0.306830913       2.09778715E-02
   3.00000000       800.000000      0.372847915       47.4044495       1.06428182E-02   2.24496788E-12   9.22824620E-05   3.00089386E-03  -3.42156498E-10 -0.466346055      0.306830913       2.05010269E-02
   4.00000000       800.000000      0.375840873       47.7758026       1.03878751E-02   2.17401661E-12   9.21228348E-05   2.96582119E-03   3.12257581E-10 -0.458725303      0.306830913       2.00338513E-02
   5.00000000       800.000000      0.378836393       48.1548996       1.01387370E-02   2.10525586E-12   9.19640661E-05   2.93074921E-03   9.22948495E-10 -0.451225519      0.306830913       1.95755549E-02
   6.00000000       800.000000      0.381849557       48.5329056       9.89533216E-03   2.03861233E-12   9.18001606E-05   2.89639155E-03   1.48039969E-09 -0.443834841      0.306830943       1.91263445E-02
   7.00000000       800.000000      0.384928495       48.9166336       9.65758879E-03   1.97403227E-12   9.16322751E-05   2.86241528E-03   1.98309791E-09 -0.436559737      0.306830943       1.86855104E-02
   8.00000000       800.000000      0.388007849       49.3037720       9.42530297E-03   1.91145407E-12   9.14630800E-05   2.82870489E-03   2.43401765E-09 -0.429393560      0.306830913       1.82534717E-02
   9.00000000       800.000000      0.391112477       49.6939621       9.19842068E-03   1.85081854E-12   9.12956166E-05   2.79558753E-03   2.83596457E-09 -0.422337800      0.306830913       1.78296417E-02
   10.0000000       800.000000      0.394236952       50.0870171       8.97678826E-03   1.79207549E-12   9.11211464E-05   2.76277121E-03   3.18785998E-09 -0.415391982      0.306830883       1.74148828E-02
   11.0000000       800.000000      0.397388846       50.4830971       8.76038894E-03   1.73514881E-12   9.09288647E-05   2.73034070E-03   3.48523255E-09 -0.408553034      0.306830943       1.70090161E-02
   12.0000000       800.000000      0.400564700       50.8813133       8.54895543E-03   1.67998829E-12   9.07073118E-05   2.69806222E-03   3.72164255E-09 -0.401818186      0.306830943       1.66115910E-02
   13.0000000       800.000000      0.403795749       51.2825050       8.34249984E-03   1.62656900E-12   9.04556582E-05   2.66647339E-03   3.89123356E-09 -0.395187587      0.306830972       1.62221473E-02
   2.00000000       800.000000      0.406995207       51.6878319       8.14088713E-03   1.57481070E-12   9.01813619E-05   2.63509410E-03   3.99254985E-09 -0.388668567      0.306830943       1.58407930E-02
   3.00000000       800.000000      0.410275906       52.0953789       7.94399157E-03   1.52466288E-12   8.98996223E-05   2.60410644E-03   4.03253964E-09 -0.382241100      0.306831002       1.54661369E-02
   4.00000000       800.000000      0.413564175       52.5095062       7.75179733E-03   1.47611719E-12   8.96329293E-05   2.57351482E-03   4.02547773E-09 -0.375922740      0.306830972       1.50983185E-02
   5.00000000       800.000000      0.416869521       52.9231834       7.56409625E-03   1.42908060E-12   8.93956749E-05   2.54335557E-03   3.98451583E-09 -0.369705498      0.306830972       1.47385839E-02
   6.00000000       800.000000      0.420203984       53.3436661       7.38091487E-03   1.38350811E-12   8.91736636E-05   2.51341052E-03   3.91812138E-09 -0.363583565      0.306831002       1.43875871E-02
   7.00000000       800.000000      0.423574746       53.7655487       7.20205065E-03   1.33940515E-12   8.89452713E-05   2.48385244E-03   3.83160836E-09 -0.357565701      0.306830972       1.40449349E-02
   8.00000000       800.000000      0.426962882       54.1887779       7.02749705E-03   1.29668140E-12   8.86941270E-05   2.45473348E-03   3.72648268E-09 -0.351640344      0.306830972       1.37101160E-02
   9.00000000       800.000000      0.430381179       54.6191368       6.85697747E-03   1.25528787E-12   8.84192996E-05   2.42577656E-03   3.60193408E-09 -0.345811844      0.306831002       1.33826286E-02
   10.0000000       800.000000      0.433835030       55.0515404       6.69058692E-03   1.21521142E-12   8.81331071E-05   2.39740638E-03   3.45663342E-09 -0.340075731      0.306831002       1.30614424E-02
   11.0000000       800.000000      0.437294513       55.4855461       6.52814424E-03   1.17640587E-12   8.78618157E-05   2.36905506E-03   3.29043370E-09 -0.334433913      0.306831062       1.27465632E-02
   12.0000000       800.000000      0.440796643       55.9234009       6.36959961E-03   1.13882677E-12   8.76200866E-05   2.34127091E-03   3.10577408E-09 -0.328883141      0.306831032       1.24386214E-02
   13.0000000       800.000000      0.444335788       56.3692284       6.21489668E-03   1.10244257E-12   8.73987156E-05   2.31371867E-03   2.90322055E-09 -0.323423684      0.306831032       1.21385604E-02
   2.00000000       800.000000      0.447884768       56.8128738       6.06390880E-03   1.06720589E-12   8.71772863E-05   2.28646840E-03   2.68514766E-09 -0.318052858      0.306831002       1.18462397E-02
   3.00000000       800.000000      0.451492101       57.2652702       5.91657404E-03   1.03308237E-12   8.69395517E-05   2.25970312E-03   2.45641196E-09 -0.312769055      0.306831002       1.15608796E-02
   4.00000000       800.000000      0.455087274       57.7184486       5.77261113E-03   1.00004879E-12   8.66797054E-05   2.23303679E-03   2.22238383E-09 -0.307572454      0.306831002       1.12823397E-02
   5.00000000       800.000000      0.458740443       58.1730003       5.63225569E-03   9.68058424E-13   8.64048270E-05   2.20680283E-03   1.98831529E-09 -0.302458346      0.306831002       1.10095991E-02
   6.00000000       800.000000      0.462410837       58.6358948       5.49519015E-03   9.37082551E-13   8.61338995E-05   2.18091463E-03   1.75844539E-09 -0.297431886      0.306831002       1.07426783E-02
   7.00000000       800.000000      0.466109008       59.0983734       5.36142709E-03   9.07091080E-13   8.58777130E-05   2.15526810E-03   1.53555679E-09 -0.292484999      0.306831002       1.04820831E-02
   8.00000000       800.000000      0.469850868       59.5668716       5.23091247E-03   8.78060049E-13   8.56339611E-05   2.12989119E-03   1.32257283E-09 -0.287619531      0.306831002       1.02278078E-02
   9.00000000       800.000000      0.473630607       60.0369263       5.10353316E-03   8.49948258E-13   8.53904567E-05   2.10476154E-03   1.12220555E-09 -0.282834113      0.306831002       9.98010579E-03
   10.0000000       800.000000      0.477417022       60.5153427       4.97922255E-03   8.22728983E-13   8.51250879E-05   2.07997323E-03   9.36672628E-10 -0.278128535      0.306831002       9.73897614E-03
   11.0000000       800.000000      0.481236160       60.9947357       4.85786982E-03   7.96364873E-13   8.48173877E-05   2.05560820E-03   7.67461872E-10 -0.273497224      0.306831032       9.50415898E-03
   12.0000000       800.000000      0.485106736       61.4788399       4.73941956E-03   7.70844055E-13   8.44574752E-05   2.03132862E-03   6.15347384E-10 -0.268943429      0.306831032       9.27504245E-03
   13.0000000       800.000000      0.489003509       61.9645309       4.62384289E-03   7.46139804E-13   8.40496214E-05   2.00747629E-03   4.80238904E-10 -0.264462918      0.306831032       9.05128196E-03
   2.00000000       800.000000      0.492917389       62.4534645       4.51103039E-03   7.22204794E-13   8.36094841E-05   1.98377250E-03   3.61464358E-10 -0.260057688      0.306831002       8.83219671E-03
   3.00000000       800.000000      0.496857613       62.9518318       4.40092850E-03   6.99047807E-13   8.31599900E-05   1.96042098E-03   2.57586508E-10 -0.255722821      0.306831002       8.61777645E-03
   4.00000000       800.000000      0.500846684       63.4490204       4.29347297E-03   6.76618267E-13   8.27260737E-05   1.93738879E-03   1.66665584E-10 -0.251458138      0.306831002       8.40808824E-03
   5.00000000       800.000000      0.504872501       63.9528084       4.18863306E-03   6.54904353E-13   8.23295413E-05   1.91453251E-03   8.75477121E-11 -0.247264370      0.306831002       8.20297562E-03
   6.00000000       800.000000      0.508909047       64.4573593       4.08637431E-03   6.33882486E-13   8.19889319E-05   1.89205771E-03   2.04060033E-11 -0.243143842      0.306831002       8.00254475E-03
   7.00000000       800.000000      0.512971818       64.9687729       3.98652721E-03   6.13538408E-13   8.17205946E-05   1.86968909E-03  -3.33079953E-11 -0.239087448      0.306831002       7.80664338E-03
   8.00000000       800.000000      0.517089903       65.4843674       3.88916652E-03   5.93842358E-13   8.15361855E-05   1.84774038E-03  -7.12022524E-11 -0.235101521      0.306831002       7.61540933E-03
   9.00000000       800.000000      0.521240056       66.0012741       3.79413785E-03   5.74777097E-13   8.14408195E-05   1.82594254E-03  -9.06588207E-11 -0.231181055      0.306831002       7.42900278E-03
   10.0000000       800.000000      0.525399923       66.5273361       3.70144029E-03   5.56323705E-13   8.14287341E-05   1.80438755E-03  -8.99034597E-11 -0.227325276      0.306831002       7.24756299E-03
   11.0000000       800.000000      0.529633105       67.0519409       3.61097464E-03   5.38459793E-13   8.14743762E-05   1.78320310E-03  -6.91147140E-11 -0.223533899      0.306831002       7.07168411E-03
   12.0000000       800.000000      0.533852458       67.5886993       3.52272484E-03   5.21162378E-13   8.15368403E-05   1.76221190E-03  -3.09376622E-11 -0.219804093      0.306831002       6.90107141E-03
   13.0000000       800.000000      0.538169861       68.1238251       3.43652256E-03   5.04411020E-13   8.15762978E-05   1.74140895E-03   1.87864602E-11 -0.216134101      0.306831002       6.73555629E-03
   2.00000000       800.000000      0.542478204       68.6609192       3.35237081E-03   4.88191356E-13   8.15583262E-05   1.72089669E-03   7.27786026E-11 -0.212524682      0.306831002       6.57466520E-03
   3.00000000       800.000000      0.546837091       69.2043610       3.27023189E-03   4.72481971E-13   8.14612140E-05   1.70057709E-03   1.23836330E-10 -0.208973423      0.306831002       6.41832687E-03
   4.00000000       800.000000      0.551184714       69.7545853       3.19005200E-03   4.57271482E-13   8.12826183E-05   1.68052723E-03   1.66206118E-10 -0.205481127      0.306831002       6.26559369E-03
   5.00000000       800.000000      0.555633724       70.3113556       3.11178644E-03   4.42540969E-13   8.10425918E-05   1.66077842E-03   1.96931221E-10 -0.202038556      0.306831002       6.11610804E-03
   6.00000000       800.000000      0.560065687       70.8701859       3.03539471E-03   4.28277666E-13   8.07789693E-05   1.64112600E-03   2.15749335E-10 -0.198654637      0.306831002       5.96963568E-03
   7.00000000       800.000000      0.564574599       71.4266510       2.96083535E-03   4.14467099E-13   8.05260861E-05   1.62173540E-03   2.24473981E-10 -0.195325017      0.306831002       5.82637032E-03
   8.00000000       800.000000      0.569091976       71.9988251       2.88808788E-03   4.01095010E-13   8.03102375E-05   1.60264957E-03   2.26178465E-10 -0.192051426      0.306831002       5.68630220E-03
   9.00000000       800.000000      0.573642910       72.5662689       2.81702168E-03   3.88147468E-13   8.01410570E-05   1.58373686E-03   2.24048433E-10 -0.188827455      0.306831002       5.55006135E-03
   10.0000000       800.000000      0.578249216       73.1417236       2.74765771E-03   3.75610974E-13   8.00097841E-05   1.56501832E-03   2.20370680E-10 -0.185657308      0.306831002       5.41754859E-03
   11.0000000       800.000000      0.582887828       73.7225037       2.67998572E-03   3.63476474E-13   7.99002519E-05   1.54657639E-03   2.16096932E-10 -0.182537451      0.306831002       5.28887194E-03
   12.0000000       800.000000      0.587557673       74.3115692       2.61391280E-03   3.51720714E-13   7.97916073E-05   1.52827601E-03   2.11002465E-10 -0.179465115      0.306831002       5.16410591E-03
   13.0000000       800.000000      0.592285097       74.9019089       2.54938449E-03   3.40340576E-13   7.96684180E-05   1.51022582E-03   2.03951439E-10 -0.176444232      0.306831002       5.04293060E-03
   2.00000000       800.000000      0.597044110       75.4963303       2.48639449E-03   3.29310011E-13   7.95275337E-05   1.49246014E-03   1.93652261E-10 -0.173468277      0.306831002       4.92492877E-03
   3.00000000       800.000000      0.601813197       76.0937424       2.42487458E-03   3.18634225E-13   7.93812651E-05   1.47484394E-03   1.79122786E-10 -0.170539290      0.306831002       4.81007015E-03
   4.00000000       800.000000      0.606662095       76.6995621       2.36479566E-03   3.08292291E-13   7.92451974E-05   1.45738921E-03   1.60245428E-10 -0.167656124      0.306831002       4.69819130E-03
   5.00000000       800.000000      0.611538589       77.3089294       2.30612885E-03   2.98274209E-13   7.91363491E-05   1.44010258E-03   1.37801423E-10 -0.164816484      0.306831002       4.58941283E-03
   6.00000000       800.000000      0.616429627       77.9216690       2.24881829E-03   2.88571738E-13   7.90636113E-05   1.42310618E-03   1.13253414E-10 -0.162020624      0.306831002       4.48385160E-03
   7.00000000       800.000000      0.621346176       78.5425873       2.19283486E-03   2.79171461E-13   7.90289268E-05   1.40624878E-03   8.84933238E-11 -0.159265965      0.306831002       4.38142801E-03
   8.00000000       800.000000      0.626343310       79.1605453       2.13816063E-03   2.70064705E-13   7.90313425E-05   1.38968870E-03   6.55588570E-11 -0.156553298      0.306831002       4.28214809E-03
   9.00000000       800.000000      0.631355822       79.7936478       2.08474416E-03   2.61242986E-13   7.90768172E-05   1.37324759E-03   4.63380861E-11 -0.153881699      0.306831002       4.18580463E-03
   10.0000000       800.000000      0.636449695       80.4251099       2.03255145E-03   2.52694946E-13   7.91764978E-05   1.35702291E-03   3.23103454E-11 -0.151246294      0.306831002       4.09239391E-03
   11.0000000       800.000000      0.641569495       81.0633545       1.98155781E-03   2.44412319E-13   7.93433064E-05   1.34088041E-03   2.42804075E-11 -0.148649663      0.306831002       4.00175899E-03
   12.0000000       800.000000      0.646703839       81.7070923       1.93174684E-03   2.36386350E-13   7.95872838E-05   1.32507423E-03   2.22198388E-11 -0.146090910      0.306831002       3.91427195E-03
   13.0000000       800.000000      0.651862979       82.3593216       1.88304088E-03   2.28611401E-13   7.99023837E-05   1.30938052E-03   2.52749991E-11 -0.143567875      0.306831002       3.82975931E-03
   2.00000000       800.000000      0.657104909       83.0148392       1.83544238E-03   2.21073173E-13   8.02736904E-05   1.29385153E-03   3.19670262E-11 -0.141078487      0.306831002       3.74894333E-03
   3.00000000       800.000000      0.662361264       83.6720734       1.78885995E-03   2.13774853E-13   8.06678363E-05   1.27845968E-03   4.05758517E-11 -0.138620600      0.306831002       3.67118418E-03
   4.00000000       800.000000      0.667716920       84.3404617       1.74340641E-03   2.06691218E-13   8.10636557E-05   1.26336794E-03   4.95138722E-11 -0.136195675      0.306831002       3.59739410E-03
   5.00000000       800.000000      0.673070669       85.0116577       1.69891084E-03   1.99828665E-13   8.14465602E-05   1.24835968E-03   5.76091674E-11 -0.133797780      0.306831002       3.52628552E-03
   6.00000000       800.000000      0.678464949       85.6865540       1.65536196E-03   1.93180920E-13   8.18259723E-05   1.23357389E-03   6.41930190E-11 -0.131429806      0.306831002       3.45983100E-03
   7.00000000       800.000000      0.683868349       86.3630829       1.61286152E-03   1.86728589E-13   8.22208822E-05   1.21886097E-03   6.84742194E-11 -0.129084408      0.306831002       3.39436461E-03
   8.00000000       800.000000      0.689361989       87.0500107       1.57128647E-03   1.80480292E-13   8.27299082E-05   1.20447739E-03   6.98527972E-11 -0.126768768      0.306831002       3.33551713E-03
   9.00000000       800.000000      0.694936693       87.7468338       1.53066521E-03   1.74426418E-13   8.33718077E-05   1.19017286E-03   6.79979684E-11 -0.124466389      0.306831002       3.27621563E-03
   10.0000000       800.000000      0.700467765       88.4404068       1.49092695E-03   1.68559882E-13   8.42277004E-05   1.17605529E-03   6.19607768E-11 -0.122197784      0.306831002       3.22776381E-03
   11.0000000       800.000000      0.706084132       89.1438522       1.45216635E-03   1.62877009E-13   8.52858138E-05   1.16205297E-03   5.17625873E-11 -0.119925700      0.306831002       3.17565794E-03
   12.0000000       800.000000      0.711785257       89.8559036       1.41424255E-03   1.57373504E-13   8.65988113E-05   1.14824018E-03   3.78785232E-11 -0.117694400      0.306831002       3.14420066E-03
   13.0000000       800.000000      0.717506111       90.5660553       1.37726532E-03   1.52044474E-13   8.79792206E-05   1.13463460E-03   2.16404655E-11 -0.115435585      0.306831002       3.10010789E-03
   2.00000000       800.000000      0.723254204       91.2924652       1.34107564E-03   1.46881937E-13   8.95341946E-05   1.12121867E-03   4.50670144E-12 -0.113226727      0.306831002       3.09497258E-03
   3.00000000       800.000000      0.729030788       92.0148239       1.30575872E-03   1.41885242E-13   9.08772854E-05   1.10791763E-03  -1.12879185E-11 -0.110936984      0.306831002       3.05662211E-03
   4.00000000       800.000000      0.734885931       92.7492523       1.27130654E-03   1.37053915E-13   9.23962580E-05   1.09481788E-03  -2.41876328E-11 -0.108752780      0.306831002       3.09082214E-03
   5.00000000       800.000000      0.740812361       93.4854507       1.23774307E-03   1.32383091E-13   9.34361815E-05   1.08187471E-03  -3.31410524E-11 -0.106379271      0.306831002       3.05116596E-03
   6.00000000       800.000000      0.746736884       94.2303009       1.20508310E-03   1.27871373E-13   9.49747264E-05   1.06912921E-03  -3.81503995E-11 -0.104214162      0.306831002       3.14793107E-03
   7.00000000       800.000000      0.752711892       94.9802017       1.17334572E-03   1.23526379E-13   9.57130906E-05   1.05650700E-03  -3.95048022E-11 -0.101654045      0.306831002       3.09079140E-03
   8.00000000       800.000000      0.758787692       95.7357407       1.14266493E-03   1.19343635E-13   9.76730153E-05   1.04427699E-03  -3.90252067E-11  -9.95452777E-02  0.306831002       3.29546840E-03
   9.00000000       800.000000      0.764886141       96.4991150       1.11309183E-03   1.15338769E-13   9.84570506E-05   1.03205175E-03  -3.63798748E-11  -9.66339335E-02  0.306831002       3.17448424E-03
   10.0000000       800.000000      0.770997465       97.2638321       1.08454772E-03   1.11492189E-13   1.00644582E-04   1.02035841E-03  -3.56028818E-11  -9.46676508E-02  0.306831002       3.66589078E-03
   11.0000000       800.000000      0.777200460       98.0346756       1.05769606E-03   1.07877967E-13   1.14212009E-04   1.00843667E-03  -3.22751131E-11  -9.09598470E-02  0.306831002       3.32160061E-03
   12.0000000       800.000000      0.783445537       98.8157425       1.02573493E-03   1.03787977E-13   5.97644139E-05   9.97542171E-04   8.99903925E-21  -8.94835815E-02  0.306831002      -1.35125348E-03
   13.0000000       800.000000      0.789714217       99.6048737       1.00181869E-03   1.00566528E-13   5.95351048E-05   9.85702733E-04  -4.25374146E-22  -9.30820704E-02  0.306831002      -4.56165895E-03
