   0.00000000       190.000000       3.40428352E-02   1.01702809       1.70719321E-03   1.67824591E-11  -8.21648240E-02   1.67559159      -2.19380243E-11  -3.85803566E-03  -7.46847300E-13  -4.32697088E-02
   1.00000000       197.000000       3.40447091E-02   1.05104125       1.67931814E-03   1.59736998E-11  -7.50884414E-02   1.56010187       1.24446877E-14  -5.33109112E-03  -7.46423865E-13   1.36192720E-02
   2.00000000       200.000000       3.40499915E-02   1.08514261       1.65276276E-03   1.52278155E-11   6.32407293E-02   1.20022035      -5.09714410E-02  -2.93062278E-03  -1.73558237E-03   3.10953148E-02
   3.00000000       200.000000       3.40571664E-02   1.11914527       2.28024460E-03   2.03700494E-11  0.128159165       1.09732020      -9.78141557E-03  -3.21329152E-03  -2.06870260E-03  -2.10927092E-02
   4.00000000       200.000000       3.40652503E-02   1.15326166       3.07508651E-03   2.66594143E-11  0.145620123       1.00633132       4.95092198E-02  -4.36749961E-03  -3.82154540E-04  -3.70313972E-02
   5.00000000       200.000000       3.40752266E-02   1.18727005       4.06403514E-03   3.42222604E-11  0.135656804      0.925272226      0.138901055      -5.73667092E-03   4.35107667E-03  -4.69201393E-02
   6.00000000       200.000000       3.40886116E-02   1.22141874       5.33437915E-03   4.36662997E-11  0.114879377      0.855775714      0.260831594      -7.56583922E-03   1.32426703E-02  -6.11082874E-02
   7.00000000       200.000000       3.41038704E-02   1.25543642       6.91093691E-03   5.50356219E-11   9.18785408E-02  0.797612965      0.412979245      -9.90388077E-03   2.73271669E-02  -7.15422332E-02
   8.00000000       200.000000       3.41209993E-02   1.28956389       8.72301310E-03   6.76288817E-11   6.97562918E-02  0.748144209      0.572786331      -1.24469372E-02   4.68717515E-02  -8.01216364E-02
   9.00000000       200.000000       3.41415480E-02   1.32373023       1.08223902E-02   8.17421131E-11   4.91075031E-02  0.705246985      0.710399985      -1.53732710E-02   7.11261630E-02  -9.74813551E-02
   10.0000000       200.000000       3.41642797E-02   1.35789859       1.33853024E-02   9.85574816E-11   3.15168016E-02  0.668100655      0.811228693      -1.91054251E-02   9.88405049E-02 -0.125297830    
   11.0000000       200.000000       3.41873281E-02   1.39207828       1.65446326E-02   1.18829863E-10   1.72248315E-02  0.635852396      0.876438797      -2.39374992E-02  0.128803834     -0.164975479    
   2.00000000       200.000000       3.42125520E-02   1.42626679       2.04527676E-02   1.43377685E-10   6.22041058E-03  0.607934833      0.895997465      -3.03899590E-02  0.159459203     -0.206148848    
   3.00000000       200.000000       3.42412032E-02   1.46045995       2.50350423E-02   1.71387307E-10  -1.71441825E-05  0.583820462      0.860160410      -3.80495675E-02  0.188912868     -0.239477247    
   4.00000000       200.000000       3.42717990E-02   1.49468386       3.01586278E-02   2.01731382E-10  -4.00631782E-03  0.562175870      0.776991129      -4.67976332E-02  0.215542525     -0.273965567    
   5.00000000       200.000000       3.43041234E-02   1.52902329       3.58534530E-02   2.34447239E-10  -7.24928733E-03  0.541974366      0.640408754      -5.68376258E-02  0.237511799     -0.311501533    
   6.00000000       200.000000       3.43400165E-02   1.56331646       4.22729440E-02   2.70356293E-10  -9.99430381E-03  0.522927403      0.430646271      -6.81809708E-02  0.252300650     -0.351531446    
   7.00000000       200.000000       3.43780145E-02   1.59766877       4.95934263E-02   3.10353993E-10  -1.19480640E-02  0.504978836      0.145991087      -8.09941590E-02  0.257319361     -0.396753699    
   8.00000000       400.000000       3.44163403E-02   1.63212323       5.76874427E-02   3.53398727E-10  -1.25762569E-02  0.488059610     -0.181613162      -9.54752713E-02  0.251068652     -0.436185151    
   9.00000000       400.000000       3.44596468E-02   1.66651404       6.63270056E-02   3.97929523E-10  -1.21289100E-02  0.472110510     -0.509135187     -0.111036584      0.233524948     -0.473660648    
   10.0000000       400.000000       3.45019177E-02   1.70102203       7.56213963E-02   4.44496523E-10  -1.11016612E-02  0.457075655     -0.800158799     -0.128139555      0.205917403     -0.520362079    
   11.0000000       400.000000       3.45477760E-02   1.73553383       8.55178013E-02   4.92667962E-10  -9.84400325E-03  0.442862600      -1.01312983     -0.146968007      0.170915484     -0.571210563    
   12.0000000       400.000000       3.45973931E-02   1.77006423       9.58498344E-02   5.41407363E-10  -8.54543597E-03  0.429359019      -1.09898603     -0.167635828      0.132894486     -0.619941592    
   13.0000000       400.000000       3.46456654E-02   1.80469894      0.106287681       5.88850080E-10  -7.32984301E-03  0.416452855      -1.01404393     -0.189894810       9.77609754E-02 -0.650205135    
   2.00000000       400.000000       3.46989296E-02   1.83938944      0.116387725       6.32651542E-10  -6.32084580E-03  0.404071689     -0.744715273     -0.212725341       7.19196424E-02 -0.645593882    
   3.00000000       400.000000       3.47537622E-02   1.87406790      0.125766799       6.70965838E-10  -5.59781818E-03  0.392192572     -0.334784776     -0.234734088       6.02844395E-02 -0.606460035    
   4.00000000       400.000000       3.48123796E-02   1.90886545      0.134148449       7.02642999E-10  -5.15976315E-03  0.380825102      0.112960823     -0.254913837       6.42168149E-02 -0.544346511    
   5.00000000       400.000000       3.48717459E-02   1.94381344      0.141335294       7.27018223E-10  -4.95216902E-03  0.369970083      0.463730961     -0.272665292       8.03873762E-02 -0.472569287    
   6.00000000       400.000000       3.49331126E-02   1.97864985      0.147401646       7.44851014E-10  -4.89417417E-03  0.359622627      0.619910300     -0.287900895      0.102042347     -0.400472909    
   7.00000000       400.000000       3.49960364E-02   2.01366401      0.152415380       7.56811336E-10  -4.89109661E-03  0.349776745      0.560203791     -0.300669461      0.121647306     -0.335221708    
   8.00000000       400.000000       3.50628383E-02   2.04869795      0.156596005       7.64276642E-10  -4.88212006E-03  0.340414524      0.366425008     -0.311385900      0.134494990     -0.284968466    
   9.00000000       400.000000       3.51311862E-02   2.08382654      0.160215184       7.68770159E-10  -4.79902653E-03  0.331519276      0.156422004     -0.320671886      0.139990106     -0.252329171    
   10.0000000       400.000000       3.52015831E-02   2.11898565      0.163450256       7.71281428E-10  -4.62764502E-03  0.323065132       5.63653605E-03 -0.329132795      0.140188366     -0.236268714    
   11.0000000       400.000000       3.52728553E-02   2.15418029      0.166441634       7.72547082E-10  -4.41223802E-03  0.315025032      -8.64994824E-02 -0.337323785      0.137137219     -0.234949529    
   12.0000000       400.000000       3.53475511E-02   2.18945503      0.169255763       7.72942543E-10  -4.19272017E-03  0.307364494     -0.161896095     -0.345725268      0.131414354     -0.247445658    
   13.0000000       400.000000       3.54251340E-02   2.22494793      0.171976954       7.72875930E-10  -3.98786366E-03  0.300045967     -0.229841694     -0.354836047      0.123272106     -0.272919506    
   2.00000000       400.000000       3.55066359E-02   2.26028228      0.174714491       7.72858721E-10  -3.79381445E-03  0.293026268     -0.254740417     -0.365083247      0.114227377     -0.306787074    
   3.00000000       400.000000       3.55888382E-02   2.29589605      0.177542955       7.73213660E-10  -3.57222301E-03  0.286271840     -0.206190959     -0.376646429      0.106889524     -0.338933140    
   4.00000000       400.000000       3.56727764E-02   2.33153582      0.180425540       7.73759445E-10  -3.32525000E-03  0.279752493     -0.100501761     -0.389235884      0.103304669     -0.358623177    
   5.00000000       400.000000       3.57585363E-02   2.36718988      0.183253929       7.74032227E-10  -3.06272157E-03  0.273451537       2.45310981E-02 -0.402263463      0.104181997     -0.360313952    
   6.00000000       400.000000       3.58451568E-02   2.40296197      0.185875982       7.73409947E-10  -2.82070483E-03  0.267358780      0.126793548     -0.415035576      0.108726881     -0.345646769    
   7.00000000       400.000000       3.59365791E-02   2.43895650      0.188193560       7.71530673E-10  -2.63275788E-03  0.261469364      0.172505140     -0.427074432      0.114926219     -0.324369907    
   8.00000000       400.000000       3.60317938E-02   2.47496963      0.190204218       7.68436870E-10  -2.50428100E-03  0.255778909      0.146207720     -0.438380450      0.120194271     -0.306867093    
   9.00000000       400.000000       3.61256152E-02   2.51087451      0.191991702       7.64513897E-10  -2.43377150E-03  0.250278980       6.13067895E-02 -0.449216992      0.122408867     -0.297372431    
   10.0000000       400.000000       3.62243615E-02   2.54723430      0.193683743       7.60299990E-10  -2.39910930E-03  0.244960248      -4.01007496E-02 -0.459894568      0.120956339     -0.296580613    
   11.0000000       400.000000       3.63236889E-02   2.58347154      0.195405409       7.56286089E-10  -2.36595981E-03  0.239814103     -0.104305759     -0.470734447      0.117167599     -0.301197320    
   12.0000000       400.000000       3.64281610E-02   2.61973166      0.197179973       7.52560625E-10  -2.30934122E-03  0.234830946      -9.87917706E-02 -0.481807172      0.113568902     -0.305147976    
   13.0000000       400.000000       3.65312435E-02   2.65625191      0.198969856       7.48961559E-10  -2.24662665E-03  0.230004579      -3.48652378E-02 -0.492996752      0.112295136     -0.304831088    
   2.00000000       400.000000       3.66381556E-02   2.69287086      0.200691223       7.45178697E-10  -2.19530379E-03  0.225329772       3.48964073E-02 -0.504112899      0.113573514     -0.301643670    
   3.00000000       400.000000       3.67491208E-02   2.72951531      0.202327803       7.41157302E-10  -2.16477551E-03  0.220797300       6.60104156E-02 -0.515133977      0.115999624     -0.302143246    
   4.00000000       400.000000       3.68596762E-02   2.76648116      0.203972042       7.37238381E-10  -2.13298644E-03  0.216402814       6.03752956E-02 -0.526353121      0.118224934     -0.305780351    
   5.00000000       400.000000       3.69738303E-02   2.80324292      0.205597699       7.33329064E-10  -2.08500028E-03  0.212140143       4.46035974E-02 -0.537711442      0.119874164     -0.309649080    
   6.00000000       400.000000       3.70923392E-02   2.84031177      0.207239255       7.29546312E-10  -2.02708435E-03  0.208002299       3.89903635E-02 -0.549287319      0.121320315     -0.311869830    
   7.00000000       400.000000       3.72101963E-02   2.87746811      0.208811671       7.25592086E-10  -1.96147594E-03  0.203981325       4.71295379E-02 -0.560884655      0.123074085     -0.309892863    
   8.00000000       400.000000       3.73310633E-02   2.91468883      0.210317165       7.21477489E-10  -1.90648320E-03  0.200075924       5.95970415E-02 -0.572387278      0.125298902     -0.305904895    
   9.00000000       400.000000       3.74547355E-02   2.95214677      0.211740047       7.17157667E-10  -1.84554467E-03  0.196284041       6.61902651E-02 -0.583762288      0.127778172     -0.304020196    
   10.0000000       400.000000       3.75822932E-02   2.98967767      0.213123813       7.12788051E-10  -1.79114693E-03  0.192594916       6.35653809E-02 -0.595201135      0.130167186     -0.304259151    
   11.0000000       400.000000       3.77115831E-02   3.02733731      0.214448363       7.08298697E-10  -1.72935624E-03  0.189009711       5.38527668E-02 -0.606669247      0.132198036     -0.306596726    
   12.0000000       400.000000       3.78417671E-02   3.06507659      0.215786695       7.03934244E-10  -1.67033437E-03  0.185518965       3.78000401E-02 -0.618365407      0.133628368     -0.308773756    
   13.0000000       400.000000       3.79736088E-02   3.10296249      0.217073798       6.99482916E-10  -1.59796316E-03  0.182125658       1.47030586E-02 -0.630079567      0.134186864     -0.310886711    
   2.00000000       400.000000       3.81093584E-02   3.14102793      0.218394741       6.95214886E-10  -1.52889255E-03  0.178817093      -1.21279256E-02 -0.642019093      0.133724436     -0.311773002    
   3.00000000       400.000000       3.82481478E-02   3.17926812      0.219665259       6.90864088E-10  -1.44562137E-03  0.175597489      -3.48763242E-02 -0.653887033      0.132390425     -0.311460763    
   4.00000000       400.000000       3.83906849E-02   3.21746230      0.220958844       6.86655621E-10  -1.36861298E-03  0.172457546      -4.19209972E-02 -0.665888369      0.130781278     -0.309151262    
   5.00000000       400.000000       3.85340862E-02   3.25593615      0.222159266       6.82230383E-10  -1.27786410E-03  0.169402584      -3.36924680E-02 -0.677667499      0.129482999     -0.305835605    
   6.00000000       400.000000       3.86794209E-02   3.29459786      0.223342434       6.77827294E-10  -1.19653076E-03  0.166420430      -2.00184137E-02 -0.689502776      0.128708631     -0.301171511    
   7.00000000       400.000000       3.88261117E-02   3.33332801      0.224389747       6.73090250E-10  -1.11475901E-03  0.163515791      -1.19374897E-02 -0.701010346      0.128245041     -0.294566512    
   8.00000000       400.000000       3.89781781E-02   3.37215042      0.225367844       6.68226141E-10  -1.04717736E-03  0.160683751      -1.19280852E-02 -0.712420821      0.127780259     -0.287648916    
   9.00000000       400.000000       3.91310640E-02   3.41121101      0.226206943       6.63034849E-10  -9.86080151E-04  0.157926768      -1.50024388E-02 -0.723477185      0.127193078     -0.280285180    
   10.0000000       400.000000       3.92854065E-02   3.45050335      0.226973653       6.57722266E-10  -9.35130171E-04  0.155232787      -1.43648097E-02 -0.734399736      0.126628608     -0.274560481    
   11.0000000       400.000000       3.94439995E-02   3.48992372      0.227637261       6.52204402E-10  -8.89075047E-04  0.152600363      -9.61033534E-03 -0.745094001      0.126249999     -0.268243581    
   12.0000000       400.000000       3.96043137E-02   3.52931929      0.228213772       6.46533049E-10  -8.51402816E-04  0.150032550      -8.76658130E-03 -0.755605280      0.125902548     -0.262568086    
   13.0000000       400.000000       3.97699885E-02   3.56905532      0.228709325       6.40732578E-10  -8.20859044E-04  0.147527441      -1.63978208E-02 -0.765936196      0.125250190     -0.257369459    
   2.00000000       400.000000       3.99327539E-02   3.60901117      0.229143962       6.34861497E-10  -7.94738065E-04  0.145081967      -2.69498285E-02 -0.776118100      0.124174222     -0.253981560    
   3.00000000       400.000000       4.01016437E-02   3.64905024      0.229550451       6.29012398E-10  -7.67089310E-04  0.142697364      -3.32233422E-02 -0.786262393      0.122841828     -0.251247823    
   4.00000000       400.000000       4.02740240E-02   3.68916464      0.229914099       6.23147589E-10  -7.41141150E-04  0.140356585      -3.45465504E-02 -0.796311855      0.121450782     -0.247801065    
   5.00000000       400.000000       4.04453352E-02   3.72949243      0.230246603       6.17295159E-10  -7.13727321E-04  0.138077974      -3.42692658E-02 -0.806265652      0.120064721     -0.244614244    
   6.00000000       400.000000       4.06209007E-02   3.77015471      0.230549067       6.11460993E-10  -6.87255058E-04  0.135844886      -3.34440209E-02 -0.816143990      0.118705921     -0.241466984    
   7.00000000       400.000000       4.08019014E-02   3.81062984      0.230815962       6.05628103E-10  -6.57797616E-04  0.133666813      -2.82772463E-02 -0.825925708      0.117552198     -0.239080608    
   8.00000000       400.000000       4.09835242E-02   3.85157919      0.231060073       5.99832739E-10  -6.28681504E-04  0.131532162      -1.71042271E-02 -0.835696459      0.116851248     -0.235387653    
   9.00000000       400.000000       4.11677249E-02   3.89264297      0.231245875       5.93979865E-10  -5.97982784E-04  0.129452318      -3.92891280E-03 -0.845262766      0.116689473     -0.231424645    
   10.0000000       800.000000       4.13518026E-02   3.93391180      0.231422022       5.88198656E-10  -5.65683702E-04  0.127410516       7.03041535E-03 -0.854792237      0.116980053     -0.227314875    
   11.0000000       800.000000       4.15420607E-02   3.97551847      0.231516883       5.82303983E-10  -5.34945226E-04  0.125417382       1.64473653E-02 -0.864107609      0.117663473     -0.221975237    
   12.0000000       800.000000       4.17331755E-02   4.01692963      0.231575251       5.76414416E-10  -5.10351325E-04  0.123464435       2.47158557E-02 -0.873278081      0.118694954     -0.217179254    
   13.0000000       800.000000       4.19295840E-02   4.05884504      0.231568545       5.70457459E-10  -4.82183386E-04  0.121551402       2.98704505E-02 -0.882276714      0.119947426     -0.212659478    
   2.00000000       800.000000       4.21275869E-02   4.10084629      0.231517211       5.64486735E-10  -4.62511292E-04  0.119681820       2.95725223E-02 -0.891152918      0.121193074     -0.207934365    
   3.00000000       800.000000       4.23264094E-02   4.14324856      0.231409803       5.58473490E-10  -4.39607626E-04  0.117850333       2.43176166E-02 -0.899837077      0.122222483     -0.203909427    
   4.00000000       800.000000       4.25276794E-02   4.18554831      0.231269509       5.52478618E-10  -4.22227546E-04  0.116057649       1.78724080E-02 -0.908455491      0.122982472     -0.200538754    
   5.00000000       800.000000       4.27326299E-02   4.22826385      0.231089219       5.46481860E-10  -4.01791825E-04  0.114298210       1.33478874E-02 -0.916935563      0.123552866     -0.197452337    
   6.00000000       800.000000       4.29400988E-02   4.27117634      0.230885431       5.40522571E-10  -3.84092913E-04  0.112579226       1.03921918E-02 -0.925371766      0.123998858     -0.194775611    
   7.00000000       800.000000       4.31519486E-02   4.31416321      0.230652809       5.34591205E-10  -3.63933359E-04  0.110894248       7.94841722E-03 -0.933704317      0.124342136     -0.192091405    
   8.00000000       800.000000       4.33655083E-02   4.35740662      0.230403706       5.28711352E-10  -3.45120352E-04  0.109242119       7.82030635E-03 -0.941991687      0.124681160     -0.189527586    
   9.00000000       800.000000       4.35808785E-02   4.40067959      0.230129644       5.22865973E-10  -3.25338013E-04  0.107623212       1.06839575E-02 -0.950183511      0.125146866     -0.186768904    
   10.0000000       800.000000       4.38009016E-02   4.44439697      0.229834616       5.17061949E-10  -3.07239156E-04  0.106035821       1.34390015E-02 -0.958312094      0.125735611     -0.184069186    
   11.0000000       800.000000       4.40220647E-02   4.48833799      0.229514852       5.11291620E-10  -2.90293654E-04  0.104479790       1.32092312E-02 -0.966349542      0.126316935     -0.181272134    
   12.0000000       800.000000       4.42490242E-02   4.53246212      0.229174554       5.05562370E-10  -2.75663100E-04  0.102953412       1.03655532E-02 -0.974313498      0.126775771     -0.178658977    
   13.0000000       800.000000       4.44775447E-02   4.57707596      0.228814960       4.99874753E-10  -2.62211950E-04  0.101455346       6.92964671E-03 -0.982201636      0.127083763     -0.176381975    
   2.00000000       800.000000       4.47068773E-02   4.62136841      0.228436887       4.94235097E-10  -2.49877397E-04   9.99874994E-02   3.04303528E-03 -0.990042746      0.127220005     -0.174417973    
   3.00000000       800.000000       4.49385233E-02   4.66624355      0.228042543       4.88643903E-10  -2.38818291E-04   9.85443741E-02  -1.99703290E-03 -0.997838557      0.127130091     -0.172255203    
   4.00000000       800.000000       4.51754220E-02   4.71121693      0.227632940       4.83100226E-10  -2.28521938E-04   9.71363112E-02  -5.90673368E-03  -1.00556636      0.126863301     -0.170047134    
   5.00000000       800.000000       4.54156250E-02   4.75678205      0.227208063       4.77607232E-10  -2.18327754E-04   9.57470834E-02  -6.86532026E-03  -1.01324022      0.126551479     -0.167961136    
   6.00000000       800.000000       4.56556603E-02   4.80203438      0.226765364       4.72155814E-10  -2.08622616E-04   9.43883732E-02  -6.53746724E-03  -1.02086151      0.126253188     -0.165694892    
   7.00000000       800.000000       4.59001064E-02   4.84787893      0.226302594       4.66743977E-10  -2.00178125E-04   9.30486172E-02  -6.57014642E-03  -1.02841043      0.125951380     -0.163074985    
   8.00000000       800.000000       4.61495221E-02   4.89382601      0.225820556       4.61369470E-10  -1.92621636E-04   9.17365178E-02  -6.64642639E-03  -1.03587401      0.125644669     -0.160575405    
   9.00000000       800.000000       4.64015417E-02   4.94037914      0.225320116       4.56034599E-10  -1.85364319E-04   9.04524550E-02  -6.33208780E-03  -1.04327404      0.125350997     -0.158421531    
   10.0000000       800.000000       4.66544069E-02   4.98703766      0.224799678       4.50737503E-10  -1.78982795E-04   8.91864523E-02  -6.87136501E-03  -1.05061352      0.125030339     -0.156222910    
   11.0000000       800.000000       4.69110720E-02   5.03345490      0.224263638       4.45483428E-10  -1.73166380E-04   8.79407451E-02  -8.29138421E-03  -1.05788982      0.124641635     -0.154165819    
   12.0000000       800.000000       4.71705161E-02   5.08080530      0.223715663       4.40280395E-10  -1.67090329E-04   8.67207870E-02  -8.95110611E-03  -1.06511843      0.124219067     -0.152478814    
   13.0000000       800.000000       4.74330559E-02   5.12793064      0.223153993       4.35123604E-10  -1.61045566E-04   8.55251551E-02  -8.78812838E-03  -1.07231629      0.123802245     -0.150863126    
   2.00000000       800.000000       4.76989783E-02   5.17558718      0.222582832       4.30020075E-10  -1.55566580E-04   8.43477175E-02  -8.28749686E-03  -1.07947206      0.123407014     -0.149175152    
   3.00000000       800.000000       4.79672700E-02   5.22343826      0.222003415       4.24974056E-10  -1.50228472E-04   8.31902027E-02  -7.29718711E-03  -1.08658671      0.123057015     -0.147626877    
   4.00000000       800.000000       4.82396744E-02   5.27148342      0.221416458       4.19982493E-10  -1.45055965E-04   8.20494518E-02  -5.71190566E-03  -1.09367585      0.122781537     -0.146219119    
   5.00000000       800.000000       4.85143214E-02   5.32006216      0.220822409       4.15046497E-10  -1.40595788E-04   8.09326172E-02  -4.42002155E-03  -1.10073411      0.122567035     -0.144734919    
   6.00000000       800.000000       4.87925000E-02   5.36836243      0.220222324       4.10168316E-10  -1.36579794E-04   7.98339397E-02  -3.71625833E-03  -1.10775578      0.122385643     -0.143323481    
   7.00000000       800.000000       4.90735136E-02   5.41723442      0.219617024       4.05346479E-10  -1.32861984E-04   7.87513256E-02  -3.05627147E-03  -1.11476099      0.122235715     -0.142042205    
   8.00000000       800.000000       4.93605398E-02   5.46674824      0.219007060       4.00581096E-10  -1.29635009E-04   7.76931643E-02  -2.39685318E-03  -1.12173784      0.122117266     -0.140734494    
   9.00000000       800.000000       4.96459454E-02   5.51635075      0.218393326       3.95873528E-10  -1.26869680E-04   7.66449869E-02  -1.74804206E-03  -1.12869382      0.122030571     -0.139373928    
   10.0000000       800.000000       4.99367975E-02   5.56616688      0.217776015       3.91222027E-10  -1.24290818E-04   7.56193772E-02  -7.73963926E-04  -1.13561773      0.121991850     -0.138028175    
   11.0000000       800.000000       5.02316244E-02   5.61612844      0.217153400       3.86625676E-10  -1.21930083E-04   7.46062323E-02   3.94690753E-04  -1.14251590      0.122011729     -0.136674076    
   12.0000000       800.000000       5.05279116E-02   5.66623640      0.216525152       3.82080367E-10  -1.19902921E-04   7.36120269E-02   1.33831846E-03  -1.14938796      0.122079358     -0.135244370    
   13.0000000       800.000000       5.08273505E-02   5.71697474      0.215891153       3.77583242E-10  -1.18123127E-04   7.26346448E-02   2.07421929E-03  -1.15622520      0.122185133     -0.133781418    
   2.00000000       800.000000       5.11321910E-02   5.76780939      0.215248257       3.73132636E-10  -1.16456766E-04   7.16716647E-02   2.60444358E-03  -1.16303039      0.122317888     -0.132347926    
   3.00000000       800.000000       5.14377542E-02   5.81939650      0.214598879       3.68727188E-10  -1.14837618E-04   7.07254857E-02   2.90975836E-03  -1.16980159      0.122467689     -0.130910873    
   4.00000000       800.000000       5.17485440E-02   5.87104797      0.213942587       3.64369646E-10  -1.13110764E-04   6.97945133E-02   3.18139815E-03  -1.17654037      0.122632444     -0.129489660    
   5.00000000       800.000000       5.20629622E-02   5.92277527      0.213279068       3.60056512E-10  -1.11219575E-04   6.88784122E-02   3.51704750E-03  -1.18324339      0.122815326     -0.128088668    
   6.00000000       800.000000       5.23787588E-02   5.97483015      0.212609217       3.55787594E-10  -1.09263099E-04   6.79778457E-02   3.78406397E-03  -1.18991673      0.123013705     -0.126672879    
   7.00000000       800.000000       5.26992045E-02   6.02751064      0.211933002       3.51566304E-10  -1.07218999E-04   6.70916662E-02   3.92264035E-03  -1.19655561      0.123220399     -0.125304639    
   8.00000000       800.000000       5.30240014E-02   6.08028364      0.211250767       3.47386869E-10  -1.05097730E-04   6.62141219E-02   3.92916473E-03  -1.20316553      0.123428769     -0.123988762    
   9.00000000       800.000000       5.33496812E-02   6.13364077      0.210563481       3.43254591E-10  -1.03019564E-04   6.53536990E-02   3.78133613E-03  -1.20974469      0.123630524     -0.122707173    
   10.0000000       800.000000       5.36804311E-02   6.18732548      0.209870562       3.39167250E-10  -1.00933037E-04   6.45093620E-02   3.53199570E-03  -1.21629810      0.123820052     -0.121483043    
   11.0000000       800.000000       5.40157408E-02   6.24103832      0.209174842       3.35125566E-10  -9.88292304E-05   6.36746660E-02   3.28427949E-03  -1.22282612      0.123997487     -0.120293356    
   12.0000000       800.000000       5.43518029E-02   6.29508209      0.208475724       3.31130928E-10  -9.67984015E-05   6.28512502E-02   2.99796974E-03  -1.22933567      0.124160409     -0.119129270    
   13.0000000       800.000000       5.46922497E-02   6.34962225      0.207775518       3.27184002E-10  -9.47665540E-05   6.20425269E-02   2.66748946E-03  -1.23581541      0.124306291     -0.118002556    
   2.00000000       800.000000       5.50380871E-02   6.40445566      0.207071289       3.23282623E-10  -9.27757428E-05   6.12484440E-02   2.30124244E-03  -1.24228680      0.124433115     -0.116903298    
   3.00000000       800.000000       5.53847216E-02   6.45976830      0.206368059       3.19430316E-10  -9.08557195E-05   6.04607128E-02   1.87942234E-03  -1.24872518      0.124537058     -0.115817837    
   4.00000000       800.000000       5.57359010E-02   6.51546860      0.205661580       3.15622639E-10  -8.89186194E-05   5.96913137E-02   1.44819182E-03  -1.25514889      0.124617465     -0.114745393    
   5.00000000       800.000000       5.60912378E-02   6.57112312      0.204953820       3.11860565E-10  -8.70600270E-05   5.89293577E-02   1.02407532E-03  -1.26155961      0.124675259     -0.113670707    
   6.00000000       800.000000       5.64479530E-02   6.62756824      0.204246312       3.08144288E-10  -8.52203448E-05   5.81805073E-02   6.05375390E-04  -1.26794660      0.124709383     -0.112580381    
   7.00000000       800.000000       5.68098128E-02   6.68420267      0.203533858       3.04468367E-10  -8.34239399E-05   5.74394315E-02   2.14793079E-04  -1.27431118      0.124721467     -0.111485206    
   8.00000000       800.000000       5.71758151E-02   6.74102211      0.202818081       3.00834385E-10  -8.18105254E-05   5.67124896E-02  -1.50049571E-04  -1.28065538      0.124713093     -0.110335656    
   9.00000000       800.000000       5.75454868E-02   6.79867172      0.202101037       2.97239511E-10  -8.03734947E-05   5.59952743E-02  -4.97290341E-04  -1.28696549      0.124684155     -0.109131910    
   10.0000000       800.000000       5.79212233E-02   6.85620070      0.201379701       2.93684910E-10  -7.91298735E-05   5.52880540E-02  -8.01924616E-04  -1.29325306      0.124637835     -0.107898526    
   11.0000000       800.000000       5.82982525E-02   6.91421032      0.200654954       2.90168167E-10  -7.79753173E-05   5.45922965E-02  -1.07694406E-03  -1.29950786      0.124574959     -0.106641024    
   12.0000000       800.000000       5.86755127E-02   6.97270107      0.199926287       2.86690005E-10  -7.68814352E-05   5.39078079E-02  -1.30208943E-03  -1.30572903      0.124498770     -0.105374530    
   13.0000000       800.000000       5.90622984E-02   7.03143930      0.199193925       2.83248314E-10  -7.58174501E-05   5.32285310E-02  -1.48046552E-03  -1.31191444      0.124411292     -0.104096942    
   2.00000000       800.000000       5.94485030E-02   7.09108067      0.198456526       2.79842732E-10  -7.47636077E-05   5.25619872E-02  -1.62189908E-03  -1.31806386      0.124314941     -0.102817915    
   3.00000000       800.000000       5.98436110E-02   7.15043688      0.197715461       2.76470874E-10  -7.37412702E-05   5.19053787E-02  -1.71364390E-03  -1.32417917      0.124212250     -0.101541974    
   4.00000000       800.000000       6.02373928E-02   7.21079636      0.196970031       2.73135292E-10  -7.27395891E-05   5.12557998E-02  -1.76815444E-03  -1.33025539      0.124105804     -0.100276440    
   5.00000000       800.000000       6.06374219E-02   7.27131176      0.196218878       2.69832906E-10  -7.17625298E-05   5.06186150E-02  -1.77850248E-03  -1.33630002      0.123997875      -9.90279615E-02
   6.00000000       800.000000       6.10392392E-02   7.33202028      0.195464596       2.66565270E-10  -7.08087173E-05   4.99881580E-02  -1.75133464E-03  -1.34230602      0.123891175      -9.78021324E-02
   7.00000000       800.000000       6.14471473E-02   7.39313030      0.194705337       2.63331135E-10  -6.98756048E-05   4.93684374E-02  -1.69075234E-03  -1.34828031      0.123787150      -9.66009721E-02
   8.00000000       800.000000       6.18590638E-02   7.45494413      0.193944782       2.60132083E-10  -6.89689041E-05   4.87569384E-02  -1.59847655E-03  -1.35421157      0.123688295      -9.54240486E-02
   9.00000000       800.000000       6.22721761E-02   7.51700449      0.193180561       2.56967503E-10  -6.80864032E-05   4.81530949E-02  -1.48176332E-03  -1.36012053      0.123596117      -9.42693800E-02
   10.0000000       800.000000       6.26941621E-02   7.57950735      0.192413792       2.53837479E-10  -6.72388342E-05   4.75575924E-02  -1.34138484E-03  -1.36599171      0.123512052      -9.31349918E-02
   11.0000000       800.000000       6.31151870E-02   7.64244461      0.191645250       2.50742788E-10  -6.64282197E-05   4.69718315E-02  -1.18443067E-03  -1.37183547      0.123437315      -9.20158774E-02
   12.0000000       800.000000       6.35424033E-02   7.70559978      0.190873206       2.47681098E-10  -6.56542761E-05   4.63923961E-02  -1.01345463E-03  -1.37765265      0.123372704      -9.09103304E-02
   13.0000000       800.000000       6.39760271E-02   7.76949692      0.190100238       2.44653298E-10  -6.49090725E-05   4.58220057E-02  -8.34565260E-04  -1.38343632      0.123319380      -8.98129195E-02
   2.00000000       800.000000       6.44085407E-02   7.83382225      0.189327255       2.41659553E-10  -6.41833685E-05   4.52576652E-02  -6.50582951E-04  -1.38918233      0.123277321      -8.87182280E-02
   3.00000000       800.000000       6.48498610E-02   7.89831066      0.188549295       2.38700476E-10  -6.34690441E-05   4.47024181E-02  -4.66487691E-04  -1.39490378      0.123247072      -8.76212493E-02
   4.00000000       800.000000       6.52926117E-02   7.96304750      0.187773451       2.35773706E-10  -6.27512491E-05   4.41570990E-02  -2.85240763E-04  -1.40058851      0.123228647      -8.65181088E-02
   5.00000000       800.000000       6.57397360E-02   8.02879810      0.186992079       2.32878383E-10  -6.20218343E-05   4.36156616E-02  -1.11064881E-04  -1.40624595      0.123221189      -8.53998214E-02
   6.00000000       800.000000       6.61928579E-02   8.09504509      0.186211422       2.30013730E-10  -6.12760996E-05   4.30827960E-02   5.35869258E-05  -1.41185582      0.123224765      -8.42645168E-02
   7.00000000       800.000000       6.66503683E-02   8.16145802      0.185428247       2.27182828E-10  -6.05155583E-05   4.25567217E-02   2.05750184E-04  -1.41743159      0.123238526      -8.31079334E-02
   8.00000000       800.000000       6.71091229E-02   8.22835445      0.184641108       2.24378918E-10  -5.97453327E-05   4.20379378E-02   3.43428255E-04  -1.42297316      0.123261556      -8.19296464E-02
   9.00000000       800.000000       6.75772652E-02   8.29508305      0.183851436       2.21606566E-10  -5.89736010E-05   4.15266715E-02   4.64663375E-04  -1.42846370      0.123293050      -8.07313249E-02
   10.0000000       800.000000       6.80434331E-02   8.36327362      0.183058754       2.18860083E-10  -5.82064495E-05   4.10217419E-02   5.68276097E-04  -1.43391955      0.123331621      -7.95171261E-02
   11.0000000       800.000000       6.85164854E-02   8.43160915      0.182263106       2.16143520E-10  -5.74464611E-05   4.05216217E-02   6.53395604E-04  -1.43933070      0.123376355      -7.82938674E-02
   12.0000000       800.000000       6.89990669E-02   8.50011826      0.181461856       2.13455434E-10  -5.66892268E-05   4.00314294E-02   7.19613861E-04  -1.44467986      0.123425998      -7.70684704E-02
   13.0000000       800.000000       6.94770738E-02   8.56972027      0.180659369       2.10792037E-10  -5.59253676E-05   3.95451039E-02   7.66939251E-04  -1.44998503      0.123479404      -7.58489445E-02
   2.00000000       800.000000       6.99650571E-02   8.63913631      0.179850295       2.08159504E-10  -5.51429330E-05   3.90684679E-02   7.95763626E-04  -1.45527184      0.123535104      -7.46398717E-02
   3.00000000       800.000000       7.04544336E-02   8.70913506      0.179041490       2.05550452E-10  -5.43320239E-05   3.85965817E-02   8.06838449E-04  -1.46048427      0.123592019      -7.34447837E-02
   4.00000000       800.000000       7.09533468E-02   8.77987480      0.178227410       2.02966380E-10  -5.34898791E-05   3.81300040E-02   8.01224960E-04  -1.46564555      0.123648629      -7.22640231E-02
   5.00000000       800.000000       7.14557767E-02   8.85152435      0.177409634       2.00411104E-10  -5.26208678E-05   3.76682803E-02   7.80234113E-04  -1.47077608      0.123704419      -7.10968003E-02
   6.00000000       800.000000       7.19595850E-02   8.92326069      0.176590428       1.97883876E-10  -5.17369699E-05   3.72158699E-02   7.45360681E-04  -1.47585011      0.123758100      -6.99423254E-02
   7.00000000       800.000000       7.24673644E-02   8.99552822      0.175768569       1.95381655E-10  -5.08533158E-05   3.67664695E-02   6.98276388E-04  -1.48087943      0.123808749      -6.87995255E-02
   8.00000000       800.000000       7.29827210E-02   9.06822109      0.174943626       1.92904887E-10  -4.99836460E-05   3.63239981E-02   6.40772283E-04  -1.48585153      0.123855338      -6.76691607E-02
   9.00000000       800.000000       7.35015273E-02   9.14107132      0.174118981       1.90454763E-10  -4.91359242E-05   3.58886383E-02   5.74690988E-04  -1.49078512      0.123897813      -6.65513203E-02
   10.0000000       800.000000       7.40236938E-02   9.21487141      0.173290074       1.88031549E-10  -4.83093645E-05   3.54560688E-02   5.01915696E-04  -1.49566734      0.123934828      -6.54468462E-02
   11.0000000       800.000000       7.45541826E-02   9.28909588      0.172459453       1.85633911E-10  -4.74929620E-05   3.50324176E-02   4.24350670E-04  -1.50051093      0.123966686      -6.43551350E-02
   12.0000000       800.000000       7.50876293E-02   9.36382198      0.171627015       1.83263946E-10  -4.66714409E-05   3.46127488E-02   3.43852153E-04  -1.50530839      0.123992428      -6.32731766E-02
   13.0000000       800.000000       7.56227747E-02   9.43945217      0.170794815       1.80916324E-10  -4.58313807E-05   3.41968760E-02   2.62204820E-04  -1.51003742      0.124012098      -6.21945448E-02
   2.00000000       800.000000       7.61684179E-02   9.51551723      0.169958889       1.78598650E-10  -4.49673389E-05   3.37887742E-02   1.81091193E-04  -1.51474035      0.124025971      -6.11117035E-02
   3.00000000       800.000000       7.67170042E-02   9.59179592      0.169123366       1.76301765E-10  -4.40843614E-05   3.33856493E-02   1.02061116E-04  -1.51938200      0.124033816      -6.00173585E-02
   4.00000000       800.000000       7.72694573E-02   9.66848755      0.168284357       1.74030790E-10  -4.31931549E-05   3.29870358E-02   2.65083308E-05  -1.52399492      0.124035738      -5.89070655E-02
   5.00000000       800.000000       7.78230131E-02   9.74612713      0.167445213       1.71786557E-10  -4.23063575E-05   3.25926468E-02  -4.43346835E-05  -1.52851188      0.124032326      -5.77794388E-02
   6.00000000       800.000000       7.83851892E-02   9.82425022      0.166602373       1.69561878E-10  -4.14332681E-05   3.22036408E-02  -1.09417480E-04  -1.53300405      0.124023929      -5.66353239E-02
   7.00000000       800.000000       7.89523125E-02   9.90284920      0.165757537       1.67362985E-10  -4.05785286E-05   3.18201408E-02  -1.67882288E-04  -1.53743327      0.124010719      -5.54779656E-02
   8.00000000       800.000000       7.95280412E-02   9.98241329      0.164910674       1.65184644E-10  -3.97423901E-05   3.14407274E-02  -2.19067311E-04  -1.54178941      0.123993501      -5.43096922E-02
   9.00000000       800.000000       8.01055804E-02   10.0623922      0.164060757       1.63029618E-10  -3.89229717E-05   3.10668536E-02  -2.62513175E-04  -1.54611421      0.123972155      -5.31327277E-02
   10.0000000       800.000000       8.06882754E-02   10.1425762      0.163207948       1.60895672E-10  -3.81186146E-05   3.06980386E-02  -2.97949242E-04  -1.55033398      0.123948120      -5.19501530E-02
   11.0000000       800.000000       8.12722519E-02   10.2231703      0.162352055       1.58785096E-10  -3.73282892E-05   3.03324200E-02  -3.25278321E-04  -1.55452228      0.123921551      -5.07647917E-02
   12.0000000       800.000000       8.18665698E-02   10.3048105      0.161492109       1.56694657E-10  -3.65520355E-05   2.99709681E-02  -3.44565779E-04  -1.55862081      0.123893626      -4.95796762E-02
   13.0000000       800.000000       8.24698508E-02   10.3871059      0.160630226       1.54625174E-10  -3.57905737E-05   2.96167862E-02  -3.56014963E-04  -1.56266701      0.123864025      -4.83980216E-02
   2.00000000       800.000000       8.30690786E-02   10.4702911      0.159766927       1.52577909E-10  -3.50437076E-05   2.92657036E-02  -3.59962432E-04  -1.56663430      0.123834118      -4.72235270E-02
   3.00000000       800.000000       8.36792067E-02   10.5531397      0.158898324       1.50548657E-10  -3.43100073E-05   2.89176553E-02  -3.56853794E-04  -1.57054412      0.123804353      -4.60591093E-02
   4.00000000       800.000000       8.42924491E-02   10.6371202      0.158028975       1.48544135E-10  -3.35861951E-05   2.85747908E-02  -3.47230671E-04  -1.57436180      0.123774990      -4.49075773E-02
   5.00000000       800.000000       8.49149227E-02   10.7222576      0.157155350       1.46557808E-10  -3.28679962E-05   2.82365270E-02  -3.31714982E-04  -1.57814312      0.123746812      -4.37695049E-02
   6.00000000       800.000000       8.55400413E-02   10.8070173      0.156280309       1.44592768E-10  -3.21521729E-05   2.79028937E-02  -3.10993142E-04  -1.58184421      0.123720132      -4.26450148E-02
   7.00000000       800.000000       8.61672983E-02   10.8929453      0.155402169       1.42647019E-10  -3.14378376E-05   2.75726337E-02  -2.85799266E-04  -1.58546746      0.123695672      -4.15320992E-02
   8.00000000       800.000000       8.68062824E-02   10.9799843      0.154523671       1.40721892E-10  -3.07276423E-05   2.72468440E-02  -2.56895873E-04  -1.58901107      0.123673543      -4.04283255E-02
   9.00000000       800.000000       8.74475688E-02   11.0664978      0.153644577       1.38818804E-10  -3.00254869E-05   2.69242954E-02  -2.25068434E-04  -1.59249187      0.123653673      -3.93316373E-02
   10.0000000       800.000000       8.80924463E-02   11.1543617      0.152762264       1.36936434E-10  -2.93347766E-05   2.66066026E-02  -1.91109517E-04  -1.59591353      0.123636819      -3.82400453E-02
   11.0000000       800.000000       8.87458175E-02   11.2425718      0.151878178       1.35073674E-10  -2.86558734E-05   2.62929946E-02  -1.55807589E-04  -1.59927571      0.123622820      -3.71522009E-02
   12.0000000       800.000000       8.94047245E-02   11.3320246      0.150992244       1.33229913E-10  -2.79843352E-05   2.59827431E-02  -1.19931421E-04  -1.60254312      0.123612277      -3.60673256E-02
   13.0000000       800.000000       9.00711343E-02   11.4218473      0.150104880       1.31407746E-10  -2.73142832E-05   2.56759264E-02  -8.42136869E-05  -1.60574353      0.123604842      -3.49837281E-02
   2.00000000       800.000000       9.07422155E-02   11.5118284      0.149217278       1.29603800E-10  -2.66383686E-05   2.53745634E-02  -4.93348343E-05  -1.60885596      0.123600192      -3.38991582E-02
   3.00000000       800.000000       9.14164707E-02   11.6033077      0.148327515       1.27820574E-10  -2.59503267E-05   2.50747278E-02  -1.59129941E-05  -1.61192012      0.123598844      -3.28111313E-02
   4.00000000       800.000000       9.20993984E-02   11.6952047      0.147435144       1.26054750E-10  -2.52471509E-05   2.47796457E-02   1.55095640E-05  -1.61489034      0.123600341      -3.17167863E-02
   5.00000000       800.000000       9.27866399E-02   11.7873383      0.146542385       1.24308050E-10  -2.45300798E-05   2.44872384E-02   4.44718935E-05  -1.61777782      0.123604268      -3.06143574E-02
   6.00000000       800.000000       9.34779644E-02   11.8806105      0.145647913       1.22579294E-10  -2.38037937E-05   2.41997968E-02   7.05992861E-05  -1.62058318      0.123610847      -2.95027550E-02
   7.00000000       800.000000       9.41774696E-02   11.9743528      0.144749776       1.20871160E-10  -2.30747810E-05   2.39147898E-02   9.36040378E-05  -1.62331879      0.123619914      -2.83828303E-02
   8.00000000       800.000000       9.48819369E-02   12.0688763      0.143851414       1.19178542E-10  -2.23490897E-05   2.36331150E-02   1.13281181E-04  -1.62596393      0.123630293      -2.72559915E-02
   9.00000000       800.000000       9.55979601E-02   12.1640635      0.142950028       1.17504867E-10  -2.16305998E-05   2.33561937E-02   1.29504246E-04  -1.62850571      0.123642892      -2.61252467E-02
   10.0000000       800.000000       9.63135287E-02   12.2600622      0.142045408       1.15848074E-10  -2.09213595E-05   2.30816044E-02   1.42218487E-04  -1.63097107      0.123656452      -2.49935407E-02
   11.0000000       800.000000       9.70358253E-02   12.3568468      0.141141251       1.14208774E-10  -2.02214724E-05   2.28109974E-02   1.51434375E-04  -1.63335097      0.123671308      -2.38640662E-02
   12.0000000       800.000000       9.77677032E-02   12.4544106      0.140233606       1.12586114E-10  -1.95288885E-05   2.25419309E-02   1.57220697E-04  -1.63561356      0.123686656      -2.27398984E-02
   13.0000000       800.000000       9.85076427E-02   12.5523767      0.139322743       1.10982168E-10  -1.88395334E-05   2.22777817E-02   1.59701434E-04  -1.63781035      0.123702213      -2.16241125E-02
   2.00000000       800.000000       9.92456749E-02   12.6510534      0.138410211       1.09393238E-10  -1.81475571E-05   2.20154878E-02   1.59050265E-04  -1.63989568      0.123718180      -2.05193050E-02
   3.00000000       800.000000       9.99961421E-02   12.7503929      0.137495458       1.07821869E-10  -1.74462239E-05   2.17582826E-02   1.55486399E-04  -1.64189041      0.123733751      -1.94268692E-02
   4.00000000       800.000000      0.100751281       12.8514633      0.136580110       1.06266641E-10  -1.67295530E-05   2.15031821E-02   1.49270592E-04  -1.64379656      0.123748928      -1.83471981E-02
   5.00000000       800.000000      0.101513669       12.9527330      0.135663092       1.04728996E-10  -1.59948213E-05   2.12509111E-02   1.40697972E-04  -1.64560568      0.123763002      -1.72794349E-02
   6.00000000       800.000000      0.102282949       13.0543804      0.134742886       1.03207429E-10  -1.52443718E-05   2.10006926E-02   1.30088985E-04  -1.64731264      0.123776227      -1.62213650E-02
   7.00000000       800.000000      0.103057869       13.1565609      0.133821964       1.01702341E-10  -1.44850310E-05   2.07555704E-02   1.17781179E-04  -1.64893639      0.123788506      -1.51707595E-02
   8.00000000       800.000000      0.103839546       13.2604132      0.132901222       1.00214670E-10  -1.37254347E-05   2.05116756E-02   1.04120401E-04  -1.65045178      0.123799503      -1.41263213E-02
   9.00000000       800.000000      0.104626514       13.3645535      0.131978497       9.87418411E-11  -1.29729488E-05   2.02713516E-02   8.94534460E-05  -1.65188503      0.123808749      -1.30877122E-02
   10.0000000       800.000000      0.105420068       13.4691267      0.131053269       9.72865746E-11  -1.22300917E-05   2.00345963E-02   7.41237018E-05  -1.65319693      0.123816326      -1.20550497E-02
   11.0000000       800.000000      0.106228657       13.5754204      0.130129233       9.58464488E-11  -1.14950735E-05   1.97991095E-02   5.84639893E-05  -1.65443194      0.123822704      -1.10283140E-02
   12.0000000       800.000000      0.107034281       13.6821260      0.129203036       9.44231429E-11  -1.07627884E-05   1.95684172E-02   4.27898849E-05  -1.65555024      0.123827241      -1.00066401E-02
   13.0000000       800.000000      0.107849084       13.7891541      0.128276408       9.30150817E-11  -1.00269735E-05   1.93394795E-02   2.73967635E-05  -1.65657783      0.123830445      -8.98802839E-03
   2.00000000       800.000000      0.108672515       13.8981247      0.127348065       9.16230425E-11  -9.28402460E-06   1.91118959E-02   1.25530823E-05  -1.65749514      0.123831332      -7.97023438E-03
   3.00000000       800.000000      0.109497771       14.0066690      0.126420408       9.02466851E-11  -8.53386973E-06   1.88893694E-02  -1.50163146E-06  -1.65831757      0.123831384      -6.95080683E-03
   4.00000000       800.000000      0.110339761       14.1170921      0.125489980       8.88855725E-11  -7.78018966E-06   1.86682940E-02  -1.45607328E-05  -1.65902495      0.123829797      -5.92808472E-03
   5.00000000       800.000000      0.111177742       14.2269335      0.124560222       8.75386638E-11  -7.02798252E-06   1.84489619E-02  -2.64518039E-05  -1.65964031      0.123826884      -4.90188226E-03
   6.00000000       800.000000      0.112030037       14.3394938      0.123627797       8.62084432E-11  -6.28124053E-06   1.82341859E-02  -3.70379166E-05  -1.66012895      0.123822652      -3.87336477E-03
   7.00000000       800.000000      0.112885214       14.4517355      0.122695088       8.48915938E-11  -5.54175722E-06   1.80206317E-02  -4.62167409E-05  -1.66050780      0.123817526      -2.84430897E-03
   8.00000000       800.000000      0.113750286       14.5650282      0.121760771       8.35894687E-11  -4.80866993E-06   1.78105403E-02  -5.39200919E-05  -1.66077065      0.123811461      -1.81676180E-03
   9.00000000       800.000000      0.114624061       14.6793976      0.120825604       8.23023524E-11  -4.07965626E-06   1.76012851E-02  -6.01103238E-05  -1.66091239      0.123804383      -7.92296429E-04
   10.0000000       800.000000      0.115506783       14.7940674      0.119888730       8.10296483E-11  -3.35277036E-06   1.73959006E-02  -6.47792258E-05  -1.66095018      0.123796843       2.28016332E-04
   11.0000000       800.000000      0.116393380       14.9101496      0.118950836       7.97704264E-11  -2.62731601E-06   1.71928369E-02  -6.79435761E-05  -1.66086268      0.123789117       1.24279514E-03
   12.0000000       800.000000      0.117281690       15.0272551      0.118012190       7.85251031E-11  -1.90345850E-06   1.69916172E-02  -6.96447823E-05  -1.66066027      0.123780921       2.25028908E-03
   13.0000000       800.000000      0.118191823       15.1445360      0.117072560       7.72946845E-11  -1.18103958E-06   1.67932101E-02  -6.99463853E-05  -1.66033483      0.123772778       3.24877887E-03
   2.00000000       800.000000      0.119099334       15.2630339      0.116131574       7.60774846E-11  -4.58458658E-07   1.65975094E-02  -6.89334702E-05  -1.65988731      0.123764373       4.23635822E-03
   3.00000000       800.000000      0.120015435       15.3828135      0.115189634       7.48736351E-11   2.67203973E-07   1.64032020E-02  -6.67113854E-05  -1.65932035      0.123756446       5.21150418E-03
   4.00000000       800.000000      0.120940529       15.5036430      0.114247277       7.36841491E-11   9.98843120E-07   1.62121654E-02  -6.34030366E-05  -1.65863621      0.123748779       6.17406378E-03
   5.00000000       800.000000      0.121867239       15.6249332      0.113304473       7.25082841E-11   1.73737624E-06   1.60219818E-02  -5.91460303E-05  -1.65782356      0.123741299       7.12464191E-03
   6.00000000       800.000000      0.122810721       15.7464323      0.112361297       7.13458459E-11   2.48080210E-06   1.58348866E-02  -5.40882611E-05  -1.65688932      0.123734891       8.06421693E-03
   7.00000000       800.000000      0.123757191       15.8707790      0.111417368       7.01970773E-11   3.22514802E-06   1.56506468E-02  -4.83843469E-05  -1.65583491      0.123728879       8.99382774E-03
   8.00000000       800.000000      0.124716990       15.9948425      0.110473327       6.90618535E-11   3.96631503E-06   1.54676056E-02  -4.21896475E-05  -1.65465653      0.123723604       9.91410669E-03
   9.00000000       800.000000      0.125679165       16.1200333      0.109529071       6.79398343E-11   4.70262466E-06   1.52867390E-02  -3.56583005E-05  -1.65335286      0.123719096       1.08249560E-02
   10.0000000       800.000000      0.126648560       16.2460766      0.108584858       6.68310823E-11   5.43491296E-06   1.51087362E-02  -2.89389573E-05  -1.65192580      0.123715483       1.17265070E-02
   11.0000000       800.000000      0.127627030       16.3736973      0.107640848       6.57356877E-11   6.16512034E-06   1.49318278E-02  -2.21708251E-05  -1.65037000      0.123712726       1.26199955E-02
   12.0000000       800.000000      0.128622070       16.5009899      0.106697001       6.46535880E-11   6.89492072E-06   1.47579489E-02  -1.54819318E-05  -1.64868951      0.123710640       1.35062626E-02
   13.0000000       800.000000      0.129615709       16.6299458      0.105753355       6.35840616E-11   7.62430591E-06   1.45860035E-02  -8.98730468E-06  -1.64688611      0.123709321       1.43869109E-02
   2.00000000       800.000000      0.130617574       16.7607040      0.104810059       6.25275803E-11   8.35138508E-06   1.44154700E-02  -2.78839661E-06  -1.64494956      0.123709098       1.52636990E-02
   3.00000000       800.000000      0.131631613       16.8909397      0.103866741       6.14836723E-11   9.07415233E-06   1.42471483E-02   3.02694684E-06  -1.64287984      0.123709522       1.61367338E-02
   4.00000000       800.000000      0.132658064       17.0234966      0.102923781       6.04528372E-11   9.79193737E-06   1.40803196E-02   8.38443066E-06  -1.64069104      0.123710528       1.70051549E-02
   5.00000000       800.000000      0.133689612       17.1564980      0.101980940       5.94338675E-11   1.05062427E-05   1.39160343E-02   1.32224459E-05  -1.63834488      0.123712279       1.78679246E-02
   6.00000000       800.000000      0.134727374       17.2917385      0.101038404       5.84275475E-11   1.12201669E-05   1.37534449E-02   1.74920297E-05  -1.63588309      0.123714887       1.87251810E-02
   7.00000000       800.000000      0.135772675       17.4260139      0.100096509       5.74334573E-11   1.19368151E-05   1.35931689E-02   2.11555653E-05  -1.63329065      0.123717710       1.95755772E-02
   8.00000000       800.000000      0.136831790       17.5625153       9.91549343E-02   5.64513332E-11   1.26587938E-05   1.34349912E-02   2.41873113E-05  -1.63054276      0.123721078       2.04185806E-02
   9.00000000       800.000000      0.137887821       17.6995029       9.82125476E-02   5.54813140E-11   1.33877238E-05   1.32777337E-02   2.65726394E-05  -1.62767386      0.123724617       2.12539770E-02
   10.0000000       800.000000      0.138969555       17.8388729       9.72703770E-02   5.45229938E-11   1.41241708E-05   1.31225772E-02   2.83087393E-05  -1.62465775      0.123728618       2.20801421E-02
   11.0000000       800.000000      0.140046909       17.9775219       9.63297188E-02   5.35766986E-11   1.48681802E-05   1.29698720E-02   2.94046877E-05  -1.62151551      0.123732522       2.28957869E-02
   12.0000000       800.000000      0.141143247       18.1181393       9.53899920E-02   5.26422447E-11   1.56192928E-05   1.28177507E-02   2.98811919E-05  -1.61823034      0.123736955       2.37004291E-02
   13.0000000       800.000000      0.142242312       18.2606220       9.44505930E-02   5.17191498E-11   1.63767891E-05   1.26685891E-02   2.97707538E-05  -1.61480224      0.123741038       2.44928189E-02
   2.00000000       800.000000      0.143348306       18.4025784       9.35108438E-02   5.08076567E-11   1.71400152E-05   1.25202090E-02   2.91160140E-05  -1.61123538      0.123745240       2.52720136E-02
   3.00000000       800.000000      0.144470185       18.5468769       9.25720856E-02   4.99071860E-11   1.79079161E-05   1.23746982E-02   2.79685664E-05  -1.60751808      0.123749398       2.60368902E-02
   4.00000000       800.000000      0.145599216       18.6916237       9.16358680E-02   4.90188029E-11   1.86795896E-05   1.22299194E-02   2.63869497E-05  -1.60367560      0.123753242       2.67874654E-02
   5.00000000       800.000000      0.146730632       18.8387299       9.06992629E-02   4.81415151E-11   1.94534514E-05   1.20871710E-02   2.44341973E-05  -1.59968424      0.123756684       2.75236052E-02
   6.00000000       800.000000      0.147886083       18.9852219       8.97637606E-02   4.72756591E-11   2.02275260E-05   1.19460095E-02   2.21756400E-05  -1.59557843      0.123759866       2.82457173E-02
   7.00000000       800.000000      0.149040878       19.1336536       8.88308212E-02   4.64209782E-11   2.10002108E-05   1.18064880E-02   1.96769979E-05  -1.59130859      0.123762950       2.89536752E-02
   8.00000000       800.000000      0.150206983       19.2841053       8.78982842E-02   4.55768825E-11   2.17707748E-05   1.16688255E-02   1.70022977E-05  -1.58690655      0.123765685       2.96478067E-02
   9.00000000       800.000000      0.151375279       19.4338169       8.69681388E-02   4.47453498E-11   2.25396197E-05   1.15321632E-02   1.42136269E-05  -1.58238018      0.123767883       3.03284861E-02
   10.0000000       800.000000      0.152559474       19.5859928       8.60390589E-02   4.39236772E-11   2.33078426E-05   1.13979541E-02   1.13697251E-05  -1.57767689      0.123769410       3.09960209E-02
   11.0000000       800.000000      0.153755501       19.7391071       8.51121098E-02   4.31132526E-11   2.40764912E-05   1.12647163E-02   8.52580888E-06  -1.57286441      0.123770557       3.16509977E-02
   12.0000000       800.000000      0.154966682       19.8943138       8.41869861E-02   4.23138920E-11   2.48462202E-05   1.11330859E-02   5.73305670E-06  -1.56790376      0.123771586       3.22949328E-02
   13.0000000       800.000000      0.156182289       20.0499210       8.32638368E-02   4.15248461E-11   2.56168787E-05   1.10030835E-02   3.03816114E-06  -1.56283605      0.123772010       3.29277441E-02
   2.00000000       800.000000      0.157407701       20.2067699       8.23424309E-02   4.07466422E-11   2.63871825E-05   1.08742043E-02   4.82852613E-07  -1.55758333      0.123772204       3.35505307E-02
   3.00000000       800.000000      0.158632427       20.3635406       8.14236179E-02   3.99791623E-11   2.71564404E-05   1.07475342E-02  -1.89666002E-06  -1.55221081      0.123771928       3.41635905E-02
   4.00000000       800.000000      0.159881696       20.5234394       8.05066004E-02   3.92224760E-11   2.79241103E-05   1.06219947E-02  -4.06997788E-06  -1.54671669      0.123771273       3.47665325E-02
   5.00000000       800.000000      0.161134437       20.6836548       7.95916617E-02   3.84757608E-11   2.86905470E-05   1.04979482E-02  -6.01262172E-06  -1.54104722      0.123770446       3.53590660E-02
   6.00000000       800.000000      0.162408039       20.8466339       7.86790773E-02   3.77394400E-11   2.94568163E-05   1.03754867E-02  -7.70597944E-06  -1.53527570      0.123769060       3.59406583E-02
   7.00000000       800.000000      0.163673609       21.0080662       7.77687952E-02   3.70131495E-11   3.02243498E-05   1.02538830E-02  -9.13697841E-06  -1.52932811      0.123767488       3.65106463E-02
   8.00000000       800.000000      0.164970547       21.1726456       7.68603906E-02   3.62972118E-11   3.09946627E-05   1.01337731E-02  -1.02980121E-05  -1.52327144      0.123765729       3.70681956E-02
   9.00000000       800.000000      0.166260168       21.3390827       7.59548768E-02   3.55909087E-11   3.17688209E-05   1.00154877E-02  -1.11864238E-05  -1.51704764      0.123763852       3.76126394E-02
   10.0000000       800.000000      0.167571649       21.5048828       7.50518590E-02   3.48947676E-11   3.25473084E-05   9.89872124E-03  -1.18049311E-05  -1.51069868      0.123761788       3.81437093E-02
   11.0000000       800.000000      0.168884769       21.6747990       7.41511062E-02   3.42086151E-11   3.33297066E-05   9.78278369E-03  -1.21610001E-05  -1.50422835      0.123760000       3.86605784E-02
   12.0000000       800.000000      0.170220941       21.8437004       7.32532218E-02   3.35320903E-11   3.41143132E-05   9.66835022E-03  -1.22672154E-05  -1.49760759      0.123757958       3.91625203E-02
   13.0000000       800.000000      0.171562597       22.0148487       7.23583847E-02   3.28651759E-11   3.48991816E-05   9.55554377E-03  -1.21404400E-05  -1.49085617      0.123755805       3.96488011E-02
   2.00000000       800.000000      0.172911152       22.1867790       7.14658797E-02   3.22080244E-11   3.56820237E-05   9.44338460E-03  -1.18013522E-05  -1.48395944      0.123753868       4.01189737E-02
   3.00000000       800.000000      0.174262822       22.3595982       7.05768764E-02   3.15603273E-11   3.64605148E-05   9.33306478E-03  -1.12731905E-05  -1.47690511      0.123751819       4.05728109E-02
   4.00000000       800.000000      0.175636902       22.5350342       6.96908906E-02   3.09221156E-11   3.72326067E-05   9.22393892E-03  -1.05807294E-05  -1.46976233      0.123749726       4.10096198E-02
   5.00000000       800.000000      0.177029908       22.7109966       6.88081384E-02   3.02935038E-11   3.79971025E-05   9.11604986E-03  -9.74946033E-06  -1.46245635      0.123748086       4.14287187E-02
   6.00000000       800.000000      0.178427994       22.8897495       6.79285601E-02   2.96740410E-11   3.87546315E-05   9.00975708E-03  -8.80477819E-06  -1.45503771      0.123746671       4.18299623E-02
   7.00000000       800.000000      0.179832757       23.0675335       6.70531541E-02   2.90642042E-11   3.95073257E-05   8.90393276E-03  -7.77153218E-06  -1.44746757      0.123745278       4.22134213E-02
   8.00000000       800.000000      0.181247130       23.2492962       6.61805645E-02   2.84630566E-11   4.02583173E-05   8.80003907E-03  -6.67405129E-06  -1.43976510      0.123744011       4.25790697E-02
   9.00000000       800.000000      0.182678327       23.4303741       6.53126612E-02   2.78715887E-11   4.10113571E-05   8.69704131E-03  -5.53614655E-06  -1.43195558      0.123743050       4.29271646E-02
   10.0000000       800.000000      0.184120178       23.6137962       6.44478872E-02   2.72890946E-11   4.17693373E-05   8.59496463E-03  -4.38111556E-06  -1.42403662      0.123742290       4.32590395E-02
   11.0000000       800.000000      0.185574606       23.7995758       6.35879710E-02   2.67156401E-11   4.25332328E-05   8.49474035E-03  -3.23133850E-06  -1.41598856      0.123741657       4.35753576E-02
   12.0000000       800.000000      0.187039450       23.9845982       6.27310202E-02   2.61512288E-11   4.33022979E-05   8.39481689E-03  -2.10790290E-06  -1.40779757      0.123741232       4.38771658E-02
   13.0000000       800.000000      0.188515589       24.1725788       6.18796349E-02   2.55954598E-11   4.40735421E-05   8.29692837E-03  -1.02996069E-06  -1.39949811      0.123741090       4.41650636E-02
   2.00000000       800.000000      0.190003842       24.3626595       6.10314943E-02   2.50486715E-11   4.48437968E-05   8.19968432E-03  -1.43031791E-08  -1.39108551      0.123741031       4.44395691E-02
   3.00000000       800.000000      0.191507503       24.5538692       6.01884089E-02   2.45109245E-11   4.56101698E-05   8.10381398E-03   9.24927747E-07  -1.38254440      0.123741172       4.47005257E-02
   4.00000000       800.000000      0.193027228       24.7454605       5.93494885E-02   2.39812979E-11   4.63710312E-05   8.00888147E-03   1.77636275E-06  -1.37389171      0.123741508       4.49475497E-02
   5.00000000       800.000000      0.194553345       24.9383144       5.85151576E-02   2.34606241E-11   4.71262247E-05   7.91499484E-03   2.53128019E-06  -1.36512458      0.123741955       4.51809913E-02
   6.00000000       800.000000      0.196085945       25.1336231       5.76849021E-02   2.29482405E-11   4.78768561E-05   7.82206748E-03   3.18349748E-06  -1.35624635      0.123742700       4.54001874E-02
   7.00000000       800.000000      0.197636858       25.3313236       5.68592772E-02   2.24440137E-11   4.86240024E-05   7.73048634E-03   3.72902173E-06  -1.34724796      0.123743519       4.56038527E-02
   8.00000000       800.000000      0.199212298       25.5304661       5.60398251E-02   2.19480493E-11   4.93693733E-05   7.64018064E-03   4.16600278E-06  -1.33815336      0.123744294       4.57919873E-02
   9.00000000       800.000000      0.200781316       25.7297115       5.52222542E-02   2.14602450E-11   5.01141149E-05   7.55055947E-03   4.49444997E-06  -1.32893324      0.123745434       4.59647477E-02
   10.0000000       800.000000      0.202371761       25.9304714       5.44119217E-02   2.09808924E-11   5.08589364E-05   7.46178394E-03   4.71625481E-06  -1.31962204      0.123746336       4.61213700E-02
   11.0000000       800.000000      0.203978211       26.1335907       5.36055416E-02   2.05096582E-11   5.16047076E-05   7.37438770E-03   4.83504755E-06  -1.31017494      0.123747163       4.62614447E-02
   12.0000000       800.000000      0.205590189       26.3390236       5.28058521E-02   2.00458261E-11   5.23512463E-05   7.28798751E-03   4.85610053E-06  -1.30065310      0.123748116       4.63849939E-02
   13.0000000       800.000000      0.207215562       26.5462608       5.20105138E-02   1.95905549E-11   5.30984762E-05   7.20267743E-03   4.78625907E-06  -1.29104757      0.123749077       4.64907698E-02
   2.00000000       800.000000      0.208862230       26.7531796       5.12196384E-02   1.91428193E-11   5.38459281E-05   7.11821625E-03   4.63367678E-06  -1.28132522      0.123750024       4.65794317E-02
   3.00000000       800.000000      0.210511744       26.9634609       5.04354760E-02   1.87028188E-11   5.45917392E-05   7.03447219E-03   4.40748317E-06  -1.27151465      0.123750947       4.66502905E-02
   4.00000000       800.000000      0.212182373       27.1744270       4.96558398E-02   1.82704407E-11   5.53346581E-05   6.95227413E-03   4.11764404E-06  -1.26160133      0.123751737       4.67046015E-02
   5.00000000       800.000000      0.213867262       27.3881035       4.88812067E-02   1.78460181E-11   5.60725784E-05   6.87044347E-03   3.77449601E-06  -1.25160384      0.123752564       4.67406474E-02
   6.00000000       800.000000      0.215570495       27.6017551       4.81140390E-02   1.74286436E-11   5.68043397E-05   6.79014903E-03   3.38852988E-06  -1.24154139      0.123753212       4.67597395E-02
   7.00000000       800.000000      0.217280358       27.8196926       4.73513231E-02   1.70192541E-11   5.75294252E-05   6.71020569E-03   2.96996041E-06  -1.23136008      0.123753875       4.67615910E-02
   8.00000000       800.000000      0.218995273       28.0367794       4.65946086E-02   1.66173412E-11   5.82484354E-05   6.63180556E-03   2.52884684E-06  -1.22112226      0.123754434       4.67466675E-02
   9.00000000       800.000000      0.220740929       28.2576332       4.58441451E-02   1.62226517E-11   5.89633273E-05   6.55369554E-03   2.07475250E-06  -1.21079898      0.123754844       4.67148498E-02
   10.0000000       800.000000      0.222490728       28.4788132       4.50995527E-02   1.58351422E-11   5.96763093E-05   6.47716224E-03   1.61690161E-06  -1.20042861      0.123755239       4.66668382E-02
   11.0000000       800.000000      0.224248633       28.7025547       4.43623438E-02   1.54547573E-11   6.03894587E-05   6.40102150E-03   1.16402850E-06  -1.18998396      0.123755537       4.66034487E-02
   12.0000000       800.000000      0.226034790       28.9273281       4.36309092E-02   1.50816599E-11   6.11040014E-05   6.32587355E-03   7.24256324E-07  -1.17946661      0.123755582       4.65248153E-02
   13.0000000       800.000000      0.227838799       29.1540203       4.29057367E-02   1.47156159E-11   6.18189224E-05   6.25151582E-03   3.04923617E-07  -1.16881955      0.123755656       4.64333817E-02
   2.00000000       800.000000      0.229636580       29.3828106       4.21854891E-02   1.43566166E-11   6.25327593E-05   6.17795065E-03  -8.75273329E-08  -1.15822077      0.123755693       4.63281348E-02
   3.00000000       800.000000      0.231463313       29.6143074       4.14744690E-02   1.40038970E-11   6.32424635E-05   6.10546255E-03  -4.47707862E-07  -1.14748359      0.123755604       4.62094471E-02
   4.00000000       800.000000      0.233298600       29.8444633       4.07687053E-02   1.36580261E-11   6.39452774E-05   6.03400497E-03  -7.71361385E-07  -1.13673031      0.123755440       4.60780337E-02
   5.00000000       800.000000      0.235164225       30.0788250       4.00699079E-02   1.33194549E-11   6.46390909E-05   5.96305169E-03  -1.05538186E-06  -1.12592316      0.123755299       4.59350273E-02
   6.00000000       800.000000      0.237021416       30.3152733       3.93763296E-02   1.29876838E-11   6.53234165E-05   5.89289470E-03  -1.29777948E-06  -1.11500859      0.123754896       4.57774401E-02
   7.00000000       800.000000      0.238909259       30.5545444       3.86904813E-02   1.26618707E-11   6.59984944E-05   5.82380360E-03  -1.49752748E-06  -1.10407817      0.123754561       4.56072129E-02
   8.00000000       800.000000      0.240805298       30.7942753       3.80112454E-02   1.23423927E-11   6.66644773E-05   5.75531274E-03  -1.65444862E-06  -1.09318519      0.123754255       4.54246625E-02
   9.00000000       800.000000      0.242732763       31.0363560       3.73384915E-02   1.20295267E-11   6.73222312E-05   5.68771036E-03  -1.76908543E-06  -1.08219290      0.123753794       4.52278294E-02
   10.0000000       800.000000      0.244650185       31.2805672       3.66740152E-02   1.17235726E-11   6.79720761E-05   5.62093267E-03  -1.84259841E-06  -1.07108688      0.123753287       4.50176373E-02
   11.0000000       800.000000      0.246601894       31.5240726       3.60159613E-02   1.14231775E-11   6.86150888E-05   5.55489911E-03  -1.87678165E-06  -1.06003535      0.123752736       4.47935499E-02
   12.0000000       800.000000      0.248575494       31.7732716       3.53623442E-02   1.11289606E-11   6.92522735E-05   5.48939314E-03  -1.87385751E-06  -1.04896760      0.123752296       4.45566401E-02
   13.0000000       800.000000      0.250549018       32.0229034       3.47192064E-02   1.08410121E-11   6.98853837E-05   5.42520219E-03  -1.83658267E-06  -1.03779757      0.123751834       4.43053134E-02
   2.00000000       800.000000      0.252544135       32.2734489       3.40801813E-02   1.05587882E-11   7.05158964E-05   5.36133908E-03  -1.76817366E-06  -1.02661121      0.123751350       4.40402254E-02
   3.00000000       800.000000      0.254557490       32.5260506       3.34516540E-02   1.02828562E-11   7.11441025E-05   5.29837469E-03  -1.67222015E-06  -1.01549304      0.123750970       4.37626541E-02
   4.00000000       800.000000      0.256586730       32.7818604       3.28273252E-02   1.00126938E-11   7.17688599E-05   5.23572881E-03  -1.55265911E-06  -1.00428236      0.123750620       4.34718169E-02
   5.00000000       800.000000      0.258610994       33.0395813       3.22110988E-02   9.74804265E-12   7.23886260E-05   5.17443707E-03  -1.41362398E-06 -0.993064463      0.123750314       4.31686006E-02
   6.00000000       800.000000      0.260681123       33.2992859       3.16036977E-02   9.48934247E-12   7.30016181E-05   5.11355186E-03  -1.25936003E-06 -0.981844306      0.123750053       4.28530797E-02
   7.00000000       800.000000      0.262756377       33.5623474       3.10017820E-02   9.23620382E-12   7.36069851E-05   5.05345780E-03  -1.09409109E-06 -0.970620036      0.123749778       4.25259843E-02
   8.00000000       800.000000      0.264846563       33.8261070       3.04074101E-02   8.98860673E-12   7.42045449E-05   4.99412231E-03  -9.21886340E-07 -0.959395587      0.123749509       4.21874151E-02
   9.00000000       800.000000      0.266964108       34.0918350       2.98205167E-02   8.74642372E-12   7.47940285E-05   4.93522594E-03  -7.46627052E-07 -0.948190689      0.123749256       4.18383293E-02
   10.0000000       800.000000      0.269089431       34.3593788       2.92416867E-02   8.50965305E-12   7.53753920E-05   4.87708999E-03  -5.71962573E-07 -0.936990976      0.123749137       4.14787419E-02
   11.0000000       800.000000      0.271236569       34.6304741       2.86704358E-02   8.27831640E-12   7.59470640E-05   4.81981644E-03  -4.01143751E-07 -0.925801933      0.123749055       4.11103778E-02
   12.0000000       800.000000      0.273390830       34.9008446       2.81066988E-02   8.05209805E-12   7.65072837E-05   4.76289401E-03  -2.37037696E-07 -0.914607644      0.123748966       4.07336093E-02
   13.0000000       800.000000      0.275573671       35.1773834       2.75503062E-02   7.83102229E-12   7.70549959E-05   4.70708217E-03  -8.21324093E-08 -0.903422832      0.123748951       4.03482988E-02
   2.00000000       800.000000      0.277770936       35.4531212       2.70013232E-02   7.61512207E-12   7.75909066E-05   4.65175137E-03   6.14964790E-08 -0.892268956      0.123748943       3.99548896E-02
   3.00000000       800.000000      0.279982239       35.7325478       2.64597237E-02   7.40425343E-12   7.81166236E-05   4.59676236E-03   1.92126876E-07 -0.881145418      0.123748913       3.95538509E-02
   4.00000000       800.000000      0.282222867       36.0137329       2.59256493E-02   7.19817565E-12   7.86340024E-05   4.54261620E-03   3.08407152E-07 -0.870030940      0.123749025       3.91449779E-02
   5.00000000       800.000000      0.284471065       36.2968369       2.53991168E-02   6.99699326E-12   7.91447383E-05   4.48917411E-03   4.09349269E-07 -0.858953714      0.123749197       3.87309939E-02
   6.00000000       800.000000      0.286742091       36.5804558       2.48801596E-02   6.80039792E-12   7.96485838E-05   4.43648826E-03   4.94331630E-07 -0.847916007      0.123749368       3.83088216E-02
   7.00000000       800.000000      0.289016098       36.8690605       2.43687481E-02   6.60859084E-12   8.01441493E-05   4.38410882E-03   5.63097956E-07 -0.836910725      0.123749524       3.78818549E-02
   8.00000000       800.000000      0.291324228       37.1585426       2.38648299E-02   6.42154082E-12   8.06294775E-05   4.33255685E-03   6.15750821E-07 -0.825929701      0.123749688       3.74491960E-02
   9.00000000       800.000000      0.293644518       37.4530144       2.33683828E-02   6.23875777E-12   8.11023492E-05   4.28171828E-03   6.52721155E-07 -0.814987779      0.123749912       3.70108522E-02
   10.0000000       800.000000      0.296003997       37.7481918       2.28794124E-02   6.06060211E-12   8.15615931E-05   4.23137797E-03   6.74714784E-07 -0.804115713      0.123750091       3.65669690E-02
   11.0000000       800.000000      0.298353791       38.0451622       2.23978404E-02   5.88663406E-12   8.20064379E-05   4.18155873E-03   6.82666609E-07 -0.793252766      0.123750217       3.61173339E-02
   12.0000000       800.000000      0.300734103       38.3437805       2.19236761E-02   5.71693257E-12   8.24370218E-05   4.13225498E-03   6.77680134E-07 -0.782466471      0.123750426       3.56626138E-02
   13.0000000       800.000000      0.303147912       38.6467476       2.14568842E-02   5.55147768E-12   8.28535194E-05   4.08361480E-03   6.60974081E-07 -0.771723628      0.123750582       3.52026857E-02
   2.00000000       800.000000      0.305555582       38.9513550       2.09975392E-02   5.39031320E-12   8.32564547E-05   4.03563352E-03   6.33835896E-07 -0.761028945      0.123750746       3.47372070E-02
   3.00000000       800.000000      0.307996303       39.2577019       2.05456056E-02   5.23302235E-12   8.36461550E-05   3.98801081E-03   5.97603844E-07 -0.750412464      0.123750970       3.42680477E-02
   4.00000000       800.000000      0.310469896       39.5681572       2.01010965E-02   5.07978078E-12   8.40237408E-05   3.94088915E-03   5.53628070E-07 -0.739854574      0.123751126       3.37934606E-02
   5.00000000       800.000000      0.312931180       39.8770142       1.96638685E-02   4.93044147E-12   8.43905145E-05   3.89472512E-03   5.03279864E-07 -0.729351699      0.123751231       3.33160572E-02
   6.00000000       800.000000      0.315432847       40.1933212       1.92339774E-02   4.78499705E-12   8.47474366E-05   3.84877645E-03   4.47928016E-07 -0.718911350      0.123751365       3.28348614E-02
   7.00000000       800.000000      0.317947745       40.5082169       1.88113973E-02   4.64326754E-12   8.50958095E-05   3.80332023E-03   3.88931085E-07 -0.708549500      0.123751447       3.23500149E-02
   8.00000000       800.000000      0.320495814       40.8281288       1.83961112E-02   4.50525901E-12   8.54346290E-05   3.75851081E-03   3.27622757E-07 -0.698254883      0.123751618       3.18640135E-02
   9.00000000       800.000000      0.323059022       41.1489258       1.79880913E-02   4.37089904E-12   8.57630075E-05   3.71448044E-03   2.65325355E-07 -0.688044667      0.123751670       3.13758068E-02
   10.0000000       800.000000      0.325634599       41.4749947       1.75872520E-02   4.24007834E-12   8.60793079E-05   3.67068429E-03   2.03268968E-07 -0.677905977      0.123751782       3.08864210E-02
   11.0000000       800.000000      0.328246117       41.8027420       1.71936154E-02   4.11274400E-12   8.63826790E-05   3.62744811E-03   1.42589471E-07 -0.667845428      0.123751901       3.03959344E-02
   12.0000000       800.000000      0.330868602       42.1312904       1.68072265E-02   3.98885439E-12   8.66720002E-05   3.58478958E-03   8.42939087E-08 -0.657871485      0.123751931       2.99059507E-02
   13.0000000       800.000000      0.333499759       42.4624519       1.64275263E-02   3.86824904E-12   8.69477008E-05   3.54254921E-03   2.92612388E-08 -0.647979200      0.123751946       2.94160787E-02
   2.00000000       800.000000      0.336178690       42.7972488       1.60551891E-02   3.75096135E-12   8.72099772E-05   3.50086461E-03  -2.17666756E-08 -0.638169527      0.123751946       2.89269201E-02
   3.00000000       800.000000      0.338866234       43.1343956       1.56895667E-02   3.63690198E-12   8.74584293E-05   3.45958141E-03  -6.81976289E-08 -0.628453732      0.123751923       2.84390822E-02
   4.00000000       800.000000      0.341564178       43.4764404       1.53308241E-02   3.52592543E-12   8.76924023E-05   3.41889891E-03  -1.09574621E-07 -0.618821204      0.123751923       2.79525910E-02
   5.00000000       800.000000      0.344298780       43.8198090       1.49788884E-02   3.41800004E-12   8.79119543E-05   3.37856449E-03  -1.45573054E-07 -0.609281659      0.123751879       2.74686944E-02
   6.00000000       800.000000      0.347046673       44.1641579       1.46335792E-02   3.31309351E-12   8.81171727E-05   3.33880773E-03  -1.75980659E-07 -0.599827945      0.123751760       2.69848742E-02
   7.00000000       800.000000      0.349838823       44.5138283       1.42949838E-02   3.21110911E-12   8.83085449E-05   3.29941930E-03  -2.00699802E-07 -0.590475559      0.123751685       2.65057217E-02
   8.00000000       800.000000      0.352615893       44.8651733       1.39629897E-02   3.11195189E-12   8.84872788E-05   3.26061086E-03  -2.19732527E-07 -0.581212163      0.123751618       2.60270201E-02
   9.00000000       800.000000      0.355454803       45.2186356       1.36374477E-02   3.01564069E-12   8.86543494E-05   3.22216470E-03  -2.33174148E-07 -0.572045267      0.123751536       2.55516581E-02
   10.0000000       800.000000      0.358279139       45.5763397       1.33184372E-02   2.92198232E-12   8.88106661E-05   3.18429922E-03  -2.41209761E-07 -0.562975347      0.123751447       2.50784028E-02
   11.0000000       800.000000      0.361149102       45.9357567       1.30056636E-02   2.83103228E-12   8.89572402E-05   3.14674503E-03  -2.44113721E-07 -0.554002702      0.123751335       2.46078409E-02
   12.0000000       800.000000      0.364027262       46.2968864       1.26991794E-02   2.74268629E-12   8.90940646E-05   3.10982950E-03  -2.42234421E-07 -0.545130074      0.123751275       2.41408329E-02
   13.0000000       800.000000      0.366944253       46.6631355       1.23989424E-02   2.65685998E-12   8.92207754E-05   3.07307369E-03  -2.35985809E-07 -0.536356211      0.123751223       2.36765090E-02
   2.00000000       800.000000      0.369876415       47.0312233       1.21048735E-02   2.57350911E-12   8.93387478E-05   3.03689670E-03  -2.25848467E-07 -0.527684510      0.123751141       2.32154187E-02
   3.00000000       800.000000      0.372847915       47.4044495       1.18166339E-02   2.49259554E-12   8.94472323E-05   3.00119189E-03  -2.12339245E-07 -0.519114971      0.123751067       2.27577202E-02
   4.00000000       800.000000      0.375840873       47.7758026       1.15346098E-02   2.41403967E-12   8.95449484E-05   2.96584633E-03  -1.96014511E-07 -0.510644674      0.123750985       2.23036222E-02
   5.00000000       800.000000      0.378836393       48.1548996       1.12586403E-02   2.33779511E-12   8.96312122E-05   2.93090241E-03  -1.77442189E-07 -0.502283275      0.123750918       2.18531806E-02
   6.00000000       800.000000      0.381849557       48.5329056       1.09883435E-02   2.26379028E-12   8.97038990E-05   2.89631588E-03  -1.57182086E-07 -0.494019568      0.123750873       2.14069579E-02
   7.00000000       800.000000      0.384928495       48.9166336       1.07239140E-02   2.19199528E-12   8.97611171E-05   2.86231539E-03  -1.35775494E-07 -0.485865444      0.123750813       2.09653173E-02
   8.00000000       800.000000      0.388007849       49.3037720       1.04651181E-02   2.12233768E-12   8.98030994E-05   2.82859220E-03  -1.13737478E-07 -0.477816612      0.123750754       2.05279868E-02
   9.00000000       800.000000      0.391112477       49.6939621       1.02119585E-02   2.05476196E-12   8.98295621E-05   2.79522478E-03  -9.15394338E-08 -0.469871163      0.123750724       2.00955607E-02
   10.0000000       800.000000      0.394236952       50.0870171       9.96436458E-03   1.98921565E-12   8.98411890E-05   2.76233582E-03  -6.96009437E-08 -0.462033987      0.123750694       1.96683519E-02
   11.0000000       800.000000      0.397388846       50.4830971       9.72220022E-03   1.92565343E-12   8.98397047E-05   2.72985850E-03  -4.82988298E-08 -0.454303145      0.123750664       1.92465466E-02
   12.0000000       800.000000      0.400564700       50.8813133       9.48542543E-03   1.86401936E-12   8.98265644E-05   2.69758538E-03  -2.79597518E-08 -0.446676403      0.123750649       1.88303422E-02
   13.0000000       800.000000      0.403795749       51.2825050       9.25384741E-03   1.80425640E-12   8.98021462E-05   2.66597234E-03  -8.86614693E-09 -0.439156413      0.123750612       1.84201896E-02
   2.00000000       800.000000      0.406995207       51.6878319       9.02757142E-03   1.74633344E-12   8.97639620E-05   2.63452507E-03   8.75342465E-09 -0.431742311      0.123750612       1.80161353E-02
   3.00000000       800.000000      0.410275906       52.0953789       8.80631898E-03   1.69016678E-12   8.97122445E-05   2.60352902E-03   2.47217322E-08 -0.424432874      0.123750649       1.76183265E-02
   4.00000000       800.000000      0.413564175       52.5095062       8.59003887E-03   1.63573983E-12   8.96474739E-05   2.57291435E-03   3.89022503E-08 -0.417228222      0.123750672       1.72268841E-02
   5.00000000       800.000000      0.416869521       52.9231834       8.37873016E-03   1.58297128E-12   8.95710255E-05   2.54251924E-03   5.11980573E-08 -0.410126776      0.123750702       1.68415811E-02
   6.00000000       800.000000      0.420203984       53.3436661       8.17225035E-03   1.53183629E-12   8.94852783E-05   2.51255743E-03   6.15478442E-08 -0.403126627      0.123750724       1.64627489E-02
   7.00000000       800.000000      0.423574746       53.7655487       7.97043741E-03   1.48229833E-12   8.93921824E-05   2.48299306E-03   6.99245462E-08 -0.396239430      0.123750746       1.60903223E-02
   8.00000000       800.000000      0.426962882       54.1887779       7.77332112E-03   1.43428466E-12   8.92923563E-05   2.45380402E-03   7.63282770E-08 -0.389443487      0.123750784       1.57241989E-02
   9.00000000       800.000000      0.430381179       54.6191368       7.58074690E-03   1.38778973E-12   8.91879317E-05   2.42484151E-03   8.07918710E-08 -0.382752270      0.123750791       1.53643712E-02
   10.0000000       800.000000      0.433835030       55.0515404       7.39255035E-03   1.34270264E-12   8.90808005E-05   2.39645247E-03   8.33751486E-08 -0.376163542      0.123750821       1.50107676E-02
   11.0000000       800.000000      0.437294513       55.4855461       7.20881205E-03   1.29905418E-12   8.89729563E-05   2.36808229E-03   8.41677661E-08 -0.369678915      0.123750843       1.46632427E-02
   12.0000000       800.000000      0.440796643       55.9234009       7.02933548E-03   1.25676932E-12   8.88681388E-05   2.34030839E-03   8.32901961E-08 -0.363292247      0.123750918       1.43218739E-02
   13.0000000       800.000000      0.444335788       56.3692284       6.85404800E-03   1.21581499E-12   8.87651477E-05   2.31266837E-03   8.08907430E-08 -0.357000411      0.123750933       1.39864972E-02
   2.00000000       800.000000      0.447884768       56.8128738       6.68292725E-03   1.17614826E-12   8.86659254E-05   2.28548027E-03   7.71492026E-08 -0.350813955      0.123750970       1.36571499E-02
   3.00000000       800.000000      0.451492101       57.2652702       6.51589315E-03   1.13773845E-12   8.85678601E-05   2.25863908E-03   7.22659195E-08 -0.344719917      0.123751000       1.33340266E-02
   4.00000000       800.000000      0.455087274       57.7184486       6.35270867E-03   1.10054674E-12   8.84688197E-05   2.23203958E-03   6.64566002E-08 -0.338723987      0.123751014       1.30168060E-02
   5.00000000       800.000000      0.458740443       58.1730003       6.19359827E-03   1.06453887E-12   8.83628818E-05   2.20573321E-03   5.99387704E-08 -0.332823962      0.123751029       1.27058141E-02
   6.00000000       800.000000      0.462410837       58.6358948       6.03808230E-03   1.02967808E-12   8.82463573E-05   2.17965245E-03   5.29257704E-08 -0.327019542      0.123751059       1.24009466E-02
   7.00000000       800.000000      0.466109008       59.0983734       5.88651933E-03   9.95929359E-13   8.81152446E-05   2.15399289E-03   4.56115536E-08 -0.321309477      0.123751089       1.21021885E-02
   8.00000000       800.000000      0.469850868       59.5668716       5.73845906E-03   9.63259962E-13   8.79663639E-05   2.12862971E-03   3.81696381E-08 -0.315692544      0.123751089       1.18095027E-02
   9.00000000       800.000000      0.473630607       60.0369263       5.59408823E-03   9.31646362E-13   8.77979983E-05   2.10366165E-03   3.07438590E-08 -0.310166836      0.123751119       1.15229255E-02
   10.0000000       800.000000      0.477417022       60.5153427       5.45318145E-03   9.01038955E-13   8.76095291E-05   2.07886612E-03   2.34526993E-08 -0.304732710      0.123751141       1.12424977E-02
   11.0000000       800.000000      0.481236160       60.9947357       5.31569915E-03   8.71427388E-13   8.74079269E-05   2.05425336E-03   1.63941429E-08 -0.299390286      0.123751149       1.09679643E-02
   12.0000000       800.000000      0.485106736       61.4788399       5.18157985E-03   8.42762600E-13   8.72002711E-05   2.03005224E-03   9.65688862E-09 -0.294135630      0.123751156       1.06993597E-02
   13.0000000       800.000000      0.489003509       61.9645309       5.05074579E-03   8.15022691E-13   8.69890428E-05   2.00618198E-03   3.31409722E-09 -0.288967282      0.123751156       1.04367826E-02
   2.00000000       800.000000      0.492917389       62.4534645       4.92313178E-03   7.88181206E-13   8.67799899E-05   1.98264979E-03  -2.56943111E-09 -0.283886850      0.123751156       1.01803280E-02
   3.00000000       800.000000      0.496857613       62.9518318       4.79859207E-03   7.62206650E-13   8.65776237E-05   1.95928547E-03  -7.93380028E-09 -0.278891206      0.123751171       9.92995407E-03
   4.00000000       800.000000      0.500846684       63.4490204       4.67716949E-03   7.37077229E-13   8.63833920E-05   1.93609670E-03  -1.27266198E-08 -0.273980319      0.123751149       9.68569797E-03
   5.00000000       800.000000      0.504872501       63.9528084       4.55870200E-03   7.12759767E-13   8.61962326E-05   1.91338209E-03  -1.69052150E-08 -0.269151300      0.123751141       9.44749545E-03
   6.00000000       800.000000      0.508909047       64.4573593       4.44312114E-03   6.89226887E-13   8.60140426E-05   1.89070124E-03  -2.04391259E-08 -0.264402449      0.123751126       9.21529345E-03
   7.00000000       800.000000      0.512971818       64.9687729       4.33038035E-03   6.66456202E-13   8.58353305E-05   1.86841819E-03  -2.33111734E-08 -0.259733289      0.123751126       8.98894947E-03
   8.00000000       800.000000      0.517089903       65.4843674       4.22037812E-03   6.44422287E-13   8.56601764E-05   1.84645061E-03  -2.55179398E-08 -0.255141526      0.123751119       8.76821205E-03
   9.00000000       800.000000      0.521240056       66.0012741       4.11310885E-03   6.23096030E-13   8.54913378E-05   1.82471646E-03  -2.70686282E-08 -0.250627875      0.123751111       8.55295360E-03
   10.0000000       800.000000      0.525399923       66.5273361       4.00839886E-03   6.02461765E-13   8.53316596E-05   1.80322444E-03  -2.79834911E-08 -0.246191189      0.123751089       8.34299717E-03
   11.0000000       800.000000      0.529633105       67.0519409       3.90628260E-03   5.82491846E-13   8.51848090E-05   1.78193825E-03  -2.82921082E-08 -0.241826922      0.123751082       8.13811086E-03
   12.0000000       800.000000      0.533852458       67.5886993       3.80664435E-03   5.63170495E-13   8.50551733E-05   1.76094880E-03  -2.80350090E-08 -0.237536862      0.123751067       7.93829188E-03
   13.0000000       800.000000      0.538169861       68.1238251       3.70946946E-03   5.44474784E-13   8.49470962E-05   1.74012501E-03  -2.72609295E-08 -0.233317181      0.123751059       7.74327014E-03
   2.00000000       800.000000      0.542478204       68.6609192       3.61466524E-03   5.26381673E-13   8.48634154E-05   1.71961566E-03  -2.60291024E-08 -0.229168460      0.123751044       7.55307684E-03
   3.00000000       800.000000      0.546837091       69.2043610       3.52216745E-03   5.08876741E-13   8.48013588E-05   1.69930712E-03  -2.44063187E-08 -0.225088134      0.123751029       7.36764167E-03
   4.00000000       800.000000      0.551184714       69.7545853       3.43196560E-03   4.91943292E-13   8.47575793E-05   1.67926960E-03  -2.24656400E-08 -0.221079022      0.123751000       7.18697440E-03
   5.00000000       800.000000      0.555633724       70.3113556       3.34392698E-03   4.75549287E-13   8.47236224E-05   1.65940542E-03  -2.02823411E-08 -0.217136905      0.123751007       7.01102335E-03
   6.00000000       800.000000      0.560065687       70.8701859       3.25805857E-03   4.59689361E-13   8.46908297E-05   1.63984555E-03  -1.79302031E-08 -0.213254884      0.123751000       6.83974475E-03
   7.00000000       800.000000      0.564574599       71.4266510       3.17434035E-03   4.44347087E-13   8.46524636E-05   1.62048114E-03  -1.54752016E-08 -0.209445372      0.123750985       6.67305011E-03
   8.00000000       800.000000      0.569091976       71.9988251       3.09255789E-03   4.29498586E-13   8.46019757E-05   1.60137110E-03  -1.29754554E-08 -0.205689713      0.123750985       6.51074620E-03
   9.00000000       800.000000      0.573642910       72.5662689       3.01280967E-03   4.15131227E-13   8.45380710E-05   1.58245990E-03  -1.04762448E-08 -0.202003703      0.123750970       6.35276176E-03
   10.0000000       800.000000      0.578249216       73.1417236       2.93505890E-03   4.01224762E-13   8.44797905E-05   1.56374276E-03  -8.01431810E-09 -0.198371708      0.123750970       6.19900972E-03
   11.0000000       800.000000      0.582887828       73.7225037       2.85914354E-03   3.87776074E-13   8.44362876E-05   1.54526532E-03  -5.62641178E-09 -0.194804743      0.123750955       6.04928518E-03
   12.0000000       800.000000      0.587557673       74.3115692       2.78514065E-03   3.74764808E-13   8.44129536E-05   1.52700173E-03  -3.34002359E-09 -0.191290572      0.123750955       5.90376649E-03
   13.0000000       800.000000      0.592285097       74.9019089       2.71287467E-03   3.62159846E-13   8.44242604E-05   1.50892406E-03  -1.18181720E-09 -0.187840387      0.123750955       5.76244295E-03
   2.00000000       800.000000      0.597044110       75.4963303       2.64239195E-03   3.49969863E-13   8.44738461E-05   1.49108109E-03   8.22408308E-10 -0.184440374      0.123750970       5.62537136E-03
   3.00000000       800.000000      0.601813197       76.0937424       2.57358514E-03   3.38176075E-13   8.45649265E-05   1.47343974E-03   2.64811595E-09 -0.181094095      0.123750955       5.49270073E-03
   4.00000000       800.000000      0.606662095       76.6995621       2.50644539E-03   3.26756905E-13   8.46999756E-05   1.45604520E-03   4.27456515E-09 -0.177801371      0.123750955       5.36422338E-03
   5.00000000       800.000000      0.611538589       77.3089294       2.44088238E-03   3.15706229E-13   8.48728014E-05   1.43882562E-03   5.68532954E-09 -0.174560115      0.123750955       5.23998588E-03
   6.00000000       800.000000      0.616429627       77.9216690       2.37687211E-03   3.05005749E-13   8.50804427E-05   1.42174959E-03   6.86952140E-09 -0.171367660      0.123750955       5.11993049E-03
   7.00000000       800.000000      0.621346176       78.5425873       2.31438363E-03   2.94644869E-13   8.53219826E-05   1.40494539E-03   7.82270959E-09 -0.168222964      0.123750970       5.00395568E-03
   8.00000000       800.000000      0.626343310       79.1605453       2.25335127E-03   2.84614969E-13   8.55997496E-05   1.38829707E-03   8.54699955E-09 -0.165123582      0.123750970       4.89193201E-03
   9.00000000       800.000000      0.631355822       79.7936478       2.19373615E-03   2.74901331E-13   8.59083812E-05   1.37184956E-03   9.04843755E-09 -0.162069067      0.123750970       4.78382595E-03
   10.0000000       800.000000      0.636449695       80.4251099       2.13549589E-03   2.65492923E-13   8.62594316E-05   1.35560054E-03   9.33767197E-09 -0.159059107      0.123750977       4.67951084E-03
   11.0000000       800.000000      0.641569495       81.0633545       2.07859767E-03   2.56382318E-13   8.66477785E-05   1.33944978E-03   9.42807432E-09 -0.156089067      0.123750977       4.57886700E-03
   12.0000000       800.000000      0.646703839       81.7070923       2.02300050E-03   2.47558023E-13   8.70848016E-05   1.32353697E-03   9.33586719E-09 -0.153160080      0.123750977       4.48199082E-03
   13.0000000       800.000000      0.651862979       82.3593216       1.96868391E-03   2.39011691E-13   8.75789628E-05   1.30791345E-03   9.07824838E-09 -0.150268212      0.123751000       4.38867742E-03
   2.00000000       800.000000      0.657104909       83.0148392       1.91558292E-03   2.30732100E-13   8.81370506E-05   1.29229017E-03   8.67512107E-09 -0.147415757      0.123751000       4.29925835E-03
   3.00000000       800.000000      0.662361264       83.6720734       1.86371186E-03   2.22718979E-13   8.87593851E-05   1.27697352E-03   8.14615220E-09 -0.144596264      0.123751007       4.21343790E-03
   4.00000000       800.000000      0.667716920       84.3404617       1.81304710E-03   2.14951063E-13   8.94477562E-05   1.26177305E-03   7.51317231E-09 -0.141811445      0.123751007       4.13210830E-03
   5.00000000       800.000000      0.673070669       85.0116577       1.76349573E-03   2.07425223E-13   9.02024840E-05   1.24675478E-03   6.79726497E-09 -0.139056176      0.123751007       4.05430933E-03
   6.00000000       800.000000      0.678464949       85.6865540       1.71508058E-03   2.00142664E-13   9.10297458E-05   1.23196049E-03   6.02090022E-09 -0.136332214      0.123751014       3.98183335E-03
   7.00000000       800.000000      0.683868349       86.3630829       1.66777114E-03   1.93088736E-13   9.19082086E-05   1.21735304E-03   5.20375076E-09 -0.133631676      0.123751014       3.91252851E-03
   8.00000000       800.000000      0.689361989       87.0500107       1.62155263E-03   1.86258005E-13   9.28532463E-05   1.20282592E-03   4.36368497E-09 -0.130960554      0.123751014       3.85100814E-03
   9.00000000       800.000000      0.694936693       87.7468338       1.57646358E-03   1.79645429E-13   9.38911617E-05   1.18852057E-03   3.51889784E-09 -0.128302768      0.123751014       3.79046821E-03
   10.0000000       800.000000      0.700467765       88.4404068       1.53234240E-03   1.73239773E-13   9.50175454E-05   1.17443397E-03   2.68480704E-09 -0.125669390      0.123751014       3.74301779E-03
   11.0000000       800.000000      0.706084132       89.1438522       1.48931995E-03   1.67048490E-13   9.62047343E-05   1.16039952E-03   1.87684868E-09 -0.123034790      0.123751014       3.69160110E-03
   12.0000000       800.000000      0.711785257       89.8559036       1.44731509E-03   1.61055238E-13   9.75394942E-05   1.14661106E-03   1.10605858E-09 -0.120437168      0.123751029       3.66530102E-03
   13.0000000       800.000000      0.717506111       90.5660553       1.40634447E-03   1.55258917E-13   9.88852262E-05   1.13298174E-03   3.83444027E-10 -0.117794089      0.123751029       3.62106296E-03
   2.00000000       800.000000      0.723254204       91.2924652       1.36639748E-03   1.49661994E-13   1.00440571E-04   1.11960026E-03  -2.81815682E-10 -0.115219429      0.123751029       3.62912496E-03
   3.00000000       800.000000      0.729030788       92.0148239       1.32750452E-03   1.44257233E-13   1.01909267E-04   1.10627688E-03  -8.81492712E-10 -0.112529002      0.123751029       3.58659215E-03
   4.00000000       800.000000      0.734885931       92.7492523       1.28975883E-03   1.39045297E-13   1.03795021E-04   1.09322090E-03  -1.41083989E-09 -0.109970339      0.123751029       3.65301175E-03
   5.00000000       800.000000      0.740812361       93.4854507       1.25304656E-03   1.34021578E-13   1.05295963E-04   1.08032348E-03  -1.86459403E-09 -0.107135028      0.123751029       3.59949726E-03
   6.00000000       800.000000      0.746736884       94.2303009       1.21753174E-03   1.29193707E-13   1.07618413E-04   1.06770545E-03  -2.23950725E-09 -0.104613513      0.123751029       3.76854208E-03
   7.00000000       800.000000      0.752711892       94.9802017       1.18319958E-03   1.24558350E-13   1.08944667E-04   1.05522294E-03  -2.53902277E-09 -0.101483777      0.123751029       3.67039419E-03
   8.00000000       800.000000      0.758787692       95.7357407       1.15017081E-03   1.20128015E-13   1.11945876E-04   1.04309386E-03  -2.75170353E-09  -9.90633667E-02  0.123751029       4.02327580E-03
   9.00000000       800.000000      0.764886141       96.4991150       1.11862435E-03   1.15907148E-13   1.13127338E-04   1.03093672E-03  -2.91941227E-09  -9.53542143E-02  0.123751029       3.78706749E-03
   10.0000000       800.000000      0.770997465       97.2638321       1.08838093E-03   1.11889786E-13   1.16387891E-04   1.01955584E-03  -2.91178615E-09  -9.32488739E-02  0.123751014       4.61078668E-03
   11.0000000       800.000000      0.777200460       98.0346756       1.06049655E-03   1.08163044E-13   1.33488633E-04   1.00779417E-03  -3.17673310E-09  -8.82162154E-02  0.123751014       4.02077893E-03
   12.0000000       800.000000      0.783445537       98.8157425       1.02573493E-03   1.03787977E-13   5.97644139E-05   9.97542171E-04  -9.96278948E-21  -8.69740173E-02  0.123751014      -3.09510157E-03
   13.0000000       800.000000      0.789714217       99.6048737       1.00181869E-03   1.00566528E-13   5.95351048E-05   9.85702733E-04   8.80320181E-20  -9.30820704E-02  0.123751014      -7.73873320E-03
