   0.00000000       190.000000       3.40428352E-02   1.01702809       1.55676249E-03   1.53036594E-11  -8.21648240E-02   1.67559159      -2.24261269E-11  -3.51808127E-03  -7.63463674E-13  -3.97738181E-02
   1.00000000       197.000000       3.40447091E-02   1.05104125       1.53134193E-03   1.45661695E-11  -7.50884414E-02   1.56010187      -3.87505757E-15  -4.87212837E-03  -7.63596272E-13   1.20141525E-02
   2.00000000       200.000000       3.40499915E-02   1.08514261       1.50712638E-03   1.38859887E-11   6.33645877E-02   1.19982207      -4.59916070E-02  -2.69996701E-03  -1.56601728E-03   2.80569121E-02
   3.00000000       200.000000       3.40571664E-02   1.11914527       2.08528247E-03   1.86284304E-11  0.126435235       1.09527159      -5.93444379E-03  -2.96125771E-03  -1.76812662E-03  -1.93245746E-02
   4.00000000       200.000000       3.40652503E-02   1.15326166       2.82062404E-03   2.44534341E-11  0.142743587       1.00385642       5.15788794E-02  -4.01640497E-03  -1.10699848E-05  -3.40725444E-02
   5.00000000       200.000000       3.40752266E-02   1.18727005       3.73877632E-03   3.14833958E-11  0.134334162      0.924087465      0.137557268      -5.28301112E-03   4.67636064E-03  -4.25501727E-02
   6.00000000       200.000000       3.40886116E-02   1.22141874       4.88839671E-03   4.00155464E-11  0.115442336      0.855918884      0.248832852      -6.91686524E-03   1.31589063E-02  -5.34199439E-02
   7.00000000       200.000000       3.41038704E-02   1.25543642       6.29144721E-03   5.01023945E-11   9.32584852E-02  0.798096180      0.379325569      -8.92593618E-03   2.60956492E-02  -6.36777580E-02
   8.00000000       200.000000       3.41209993E-02   1.28956389       7.94223230E-03   6.15756196E-11   7.11423606E-02  0.748684704      0.514555573      -1.12613840E-02   4.36533876E-02  -7.64562935E-02
   9.00000000       200.000000       3.41415480E-02   1.32373023       9.90647171E-03   7.48243065E-11   5.02902381E-02  0.705656350      0.636790335      -1.41451266E-02   6.53945282E-02  -9.07016695E-02
   10.0000000       200.000000       3.41642797E-02   1.35789859       1.22205643E-02   8.99813626E-11   3.11301146E-02  0.668070138      0.732691228      -1.74568016E-02   9.04257596E-02 -0.110668771    
   11.0000000       200.000000       3.41873281E-02   1.39207828       1.50730833E-02   1.08260317E-10   1.61817037E-02  0.635587275      0.792894721      -2.17094757E-02  0.117532820     -0.148788705    
   2.00000000       200.000000       3.42125520E-02   1.42626679       1.86761860E-02   1.30923480E-10   5.47146611E-03  0.607794166      0.811955810      -2.76341047E-02  0.145312846     -0.189139277    
   3.00000000       200.000000       3.42412032E-02   1.46045995       2.28922628E-02   1.56718333E-10  -4.35495254E-04  0.583815455      0.780060649      -3.46571729E-02  0.172023743     -0.220277607    
   4.00000000       200.000000       3.42717990E-02   1.49468386       2.75858175E-02   1.84522106E-10  -4.31251060E-03  0.562227309      0.709495366      -4.27263230E-02  0.196339965     -0.252084404    
   5.00000000       200.000000       3.43041234E-02   1.52902329       3.27947885E-02   2.14446155E-10  -7.42478203E-03  0.542025685      0.588012815      -5.19445650E-02  0.216511965     -0.285347074    
   6.00000000       200.000000       3.43400165E-02   1.56331646       3.86384316E-02   2.47112331E-10  -9.96082928E-03  0.522975206      0.397716582      -6.23142347E-02  0.230170205     -0.320866019    
   7.00000000       200.000000       3.43780145E-02   1.59766877       4.52734008E-02   2.83320145E-10  -1.17828418E-02  0.505012035      0.139961079      -7.39939213E-02  0.234981462     -0.361477464    
   8.00000000       400.000000       3.44163403E-02   1.63212323       5.26156835E-02   3.22328358E-10  -1.24230152E-02  0.488074094     -0.158721521      -8.71818811E-02  0.229518861     -0.397097290    
   9.00000000       400.000000       3.44596468E-02   1.66651404       6.04516640E-02   3.62681163E-10  -1.20306527E-02  0.472091675     -0.458960742     -0.101344079      0.213703468     -0.430136651    
   10.0000000       400.000000       3.45019177E-02   1.70102203       6.88651577E-02   4.04784400E-10  -1.10434201E-02  0.457023263     -0.726008713     -0.116844654      0.188654333     -0.469935209    
   11.0000000       400.000000       3.45477760E-02   1.73553383       7.78060630E-02   4.48241028E-10  -9.81017947E-03  0.442794383     -0.921880126     -0.133793592      0.156805098     -0.513559580    
   12.0000000       400.000000       3.45973931E-02   1.77006423       8.71295482E-02   4.92149599E-10  -8.53055529E-03  0.429286629      -1.00353253     -0.152354538      0.122086689     -0.556837499    
   13.0000000       400.000000       3.46456654E-02   1.80469894       9.65432152E-02   5.34862932E-10  -7.33212801E-03  0.416388839     -0.931042910     -0.172350600       8.98289606E-02 -0.584791183    
   2.00000000       400.000000       3.46989296E-02   1.83938944      0.105652668       5.74297720E-10  -6.34019403E-03  0.404019326     -0.690826595     -0.192907751       6.58573434E-02 -0.582155585    
   3.00000000       400.000000       3.47537622E-02   1.87406790      0.114124581       6.08855244E-10  -5.62866405E-03  0.392152756     -0.320120126     -0.212783992       5.47319092E-02 -0.548104644    
   4.00000000       400.000000       3.48123796E-02   1.90886545      0.121705271       6.37467246E-10  -5.19704167E-03  0.380795240       8.93751308E-02 -0.231037050       5.78431636E-02 -0.492682338    
   5.00000000       400.000000       3.48717459E-02   1.94381344      0.128211230       6.59508170E-10  -4.98960214E-03  0.369948775      0.413360149     -0.247114807       7.22574294E-02 -0.428228021    
   6.00000000       400.000000       3.49331126E-02   1.97864985      0.133703992       6.75632550E-10  -4.93000634E-03  0.359609336      0.559943259     -0.260928631       9.18174237E-02 -0.363235563    
   7.00000000       400.000000       3.49960364E-02   2.01366401      0.138243407       6.86441182E-10  -4.92393179E-03  0.349768996      0.509813249     -0.272515386      0.109658882     -0.304049999    
   8.00000000       400.000000       3.50628383E-02   2.04869795      0.142016649       6.93120839E-10  -4.91141807E-03  0.340411365      0.336970866     -0.282229722      0.121473961     -0.258535713    
   9.00000000       400.000000       3.51311862E-02   2.08382654      0.145285904       6.97134961E-10  -4.82702488E-03  0.331519216      0.148510963     -0.290662497      0.126691028     -0.229105592    
   10.0000000       400.000000       3.52015831E-02   2.11898565      0.148205787       6.99344582E-10  -4.65676887E-03  0.323067218       1.10839820E-02 -0.298343331      0.127081171     -0.214864820    
   11.0000000       400.000000       3.52728553E-02   2.15418029      0.150915012       7.00480063E-10  -4.44077700E-03  0.315029085      -7.48492777E-02 -0.305805415      0.124441303     -0.214197159    
   12.0000000       400.000000       3.53475511E-02   2.18945503      0.153468445       7.00845049E-10  -4.21940675E-03  0.307368040     -0.144988358     -0.313469976      0.119315766     -0.225951657    
   13.0000000       400.000000       3.54251340E-02   2.22494793      0.155948877       7.00844160E-10  -4.01075883E-03  0.300048679     -0.206777960     -0.321796924      0.111990459     -0.249167874    
   2.00000000       400.000000       3.55066359E-02   2.26028228      0.158444434       7.00887903E-10  -3.81229841E-03  0.293028295     -0.228391364     -0.331144363      0.103881456     -0.279460788    
   3.00000000       400.000000       3.55888382E-02   2.29589605      0.161021531       7.01259828E-10  -3.58944829E-03  0.286272019     -0.183753341     -0.341664374       9.73422676E-02 -0.308069587    
   4.00000000       400.000000       3.56727764E-02   2.33153582      0.163646236       7.01800895E-10  -3.34028807E-03  0.279751450      -8.77365097E-02 -0.353096753       9.42124873E-02 -0.325569481    
   5.00000000       400.000000       3.57585363E-02   2.36718988      0.166226193       7.02111036E-10  -3.07659782E-03  0.273449838       2.48643700E-02 -0.364920050       9.51016918E-02 -0.326953024    
   6.00000000       400.000000       3.58451568E-02   2.40296197      0.168618217       7.01603442E-10  -2.83178804E-03  0.267356843      0.116306841     -0.376507908       9.92706567E-02 -0.313703001    
   7.00000000       400.000000       3.59365791E-02   2.43895650      0.170733988       6.99953040E-10  -2.64064898E-03  0.261467665      0.156548113     -0.387438715      0.104896732     -0.294469982    
   8.00000000       400.000000       3.60317938E-02   2.47496963      0.172565311       6.97174762E-10  -2.50913436E-03  0.255776852      0.131951511     -0.397700399      0.109651096     -0.278239131    
   9.00000000       400.000000       3.61256152E-02   2.51087451      0.174182251       6.93596958E-10  -2.43759318E-03  0.250276804       5.50114997E-02 -0.407515258      0.111638367     -0.269323617    
   10.0000000       400.000000       3.62243615E-02   2.54723430      0.175713256       6.89756474E-10  -2.40160408E-03  0.244958013      -3.63471843E-02 -0.417186350      0.110321827     -0.268561929    
   11.0000000       400.000000       3.63236889E-02   2.58347154      0.177266091       6.86081858E-10  -2.36732862E-03  0.239812568      -9.42598134E-02 -0.426999182      0.106897764     -0.272727162    
   12.0000000       400.000000       3.64281610E-02   2.61973166      0.178866982       6.82664703E-10  -2.31143762E-03  0.234829828      -8.95996019E-02 -0.437026769      0.103633955     -0.276344508    
   13.0000000       400.000000       3.65312435E-02   2.65625191      0.180482477       6.79370615E-10  -2.24886718E-03  0.230002180      -3.25065590E-02 -0.447161406      0.102446340     -0.276072115    
   2.00000000       400.000000       3.66381556E-02   2.69287086      0.182037070       6.75914713E-10  -2.19923793E-03  0.225329950       2.98560709E-02 -0.457228690      0.103540376     -0.273225844    
   3.00000000       400.000000       3.67491208E-02   2.72951531      0.183516949       6.72249589E-10  -2.16938462E-03  0.220797166       5.77289574E-02 -0.467212349      0.105661899     -0.274043709    
   4.00000000       400.000000       3.68596762E-02   2.76648116      0.185015544       6.68722577E-10  -2.13843142E-03  0.216403082       5.27003892E-02 -0.477400512      0.107604250     -0.277600884    
   5.00000000       400.000000       3.69738303E-02   2.80324292      0.186494470       6.65191513E-10  -2.08949950E-03  0.212140426       3.86281163E-02 -0.487708807      0.109032601     -0.281320214    
   6.00000000       400.000000       3.70923392E-02   2.84031177      0.187995762       6.61803723E-10  -2.03214656E-03  0.208002374       3.39766480E-02 -0.498236537      0.110292807     -0.283402175    
   7.00000000       400.000000       3.72101963E-02   2.87746811      0.189428449       6.58238519E-10  -1.96565734E-03  0.203981981       4.20125574E-02 -0.508766770      0.111856170     -0.281647503    
   8.00000000       400.000000       3.73310633E-02   2.91468883      0.190804422       6.54541421E-10  -1.91067427E-03  0.200077415       5.39468676E-02 -0.519230843      0.113870129     -0.277951598    
   9.00000000       400.000000       3.74547355E-02   2.95214677      0.192096442       6.50624832E-10  -1.84946298E-03  0.196285263       6.01464882E-02 -0.529554307      0.116122834     -0.276079416    
   10.0000000       400.000000       3.75822932E-02   2.98967767      0.193354428       6.46670051E-10  -1.79564522E-03  0.192596927       5.76603301E-02 -0.539948404      0.118290000     -0.276229888    
   11.0000000       400.000000       3.77115831E-02   3.02733731      0.194552794       6.42587206E-10  -1.73330528E-03  0.189011887       4.87269200E-02 -0.550352395      0.120127238     -0.278364331    
   12.0000000       400.000000       3.78417671E-02   3.06507659      0.195769206       6.38633368E-10  -1.67544128E-03  0.185521856       3.41432430E-02 -0.560978830      0.121419363     -0.280307323    
   13.0000000       400.000000       3.79736088E-02   3.10296249      0.196930915       6.34576114E-10  -1.60151848E-03  0.182126582       1.33637935E-02 -0.571603775      0.121927053     -0.282441497    
   2.00000000       400.000000       3.81093584E-02   3.14102793      0.198138952       6.30735242E-10  -1.53366697E-03  0.178819641      -1.05277384E-02 -0.582468569      0.121525832     -0.283321828    
   3.00000000       400.000000       3.82481478E-02   3.17926812      0.199288398       6.26776020E-10  -1.44735165E-03  0.175598413      -3.09234392E-02 -0.593239129      0.120343029     -0.283193141    
   4.00000000       400.000000       3.83906849E-02   3.21746230      0.200475857       6.23001928E-10  -1.37172383E-03  0.172459081      -3.73607650E-02 -0.604171693      0.118908837     -0.281173617    
   5.00000000       400.000000       3.85340862E-02   3.25593615      0.201566279       6.18990581E-10  -1.27773313E-03  0.169403613      -2.99619772E-02 -0.614866555      0.117754042     -0.278300405    
   6.00000000       400.000000       3.86794209E-02   3.29459786      0.202657610       6.15051565E-10  -1.19807688E-03  0.166423097      -1.75395068E-02 -0.625660837      0.117075875     -0.274030775    
   7.00000000       400.000000       3.88261117E-02   3.33332801      0.203610510       6.10757778E-10  -1.11297728E-03  0.163517460      -1.02617610E-02 -0.636105776      0.116677538     -0.268198460    
   8.00000000       400.000000       3.89781781E-02   3.37215042      0.204519436       6.06408646E-10  -1.04718388E-03  0.160686567      -1.01349354E-02 -0.646525860      0.116282217     -0.261730760    
   9.00000000       400.000000       3.91310640E-02   3.41121101      0.205280736       6.01697026E-10  -9.83492588E-04  0.157927707      -1.30954999E-02 -0.656549096      0.115769945     -0.255052924    
   10.0000000       400.000000       3.92854065E-02   3.45050335      0.205997989       5.96939220E-10  -9.34468582E-04  0.155235335      -1.28083164E-02 -0.666527152      0.115266703     -0.249834046    
   11.0000000       400.000000       3.94439995E-02   3.48992372      0.206596091       5.91920013E-10  -8.86214839E-04  0.152603999      -8.74353852E-03 -0.676218688      0.114921734     -0.243999213    
   12.0000000       400.000000       3.96043137E-02   3.52931929      0.207139879       5.86830362E-10  -8.50755314E-04  0.150035486      -7.93612562E-03 -0.685815573      0.114607513     -0.238919437    
   13.0000000       400.000000       3.97699885E-02   3.56905532      0.207583442       5.81548476E-10  -8.17163091E-04  0.147529438      -1.49825541E-02 -0.695182800      0.114011839     -0.233986735    
   2.00000000       400.000000       3.99327539E-02   3.60901117      0.207993776       5.76264481E-10  -7.94334337E-04  0.145083368      -2.47590207E-02 -0.704465747      0.113022797     -0.231059685    
   3.00000000       400.000000       4.01016437E-02   3.64905024      0.208358437       5.70943015E-10  -7.62972573E-04  0.142698601      -3.05187609E-02 -0.713675320      0.111799031     -0.228545636    
   4.00000000       400.000000       4.02740240E-02   3.68916464      0.208701253       5.65654024E-10  -7.40878575E-04  0.140358433      -3.17191780E-02 -0.722833157      0.110521667     -0.225345984    
   5.00000000       400.000000       4.04453352E-02   3.72949243      0.208999678       5.60331614E-10  -7.09401153E-04  0.138082206      -3.13487612E-02 -0.731865883      0.109253630     -0.222592488    
   6.00000000       400.000000       4.06209007E-02   3.77015471      0.209286928       5.55069712E-10  -6.87256979E-04  0.135849237      -3.05176061E-02 -0.740879416      0.108013846     -0.219642982    
   7.00000000       400.000000       4.08019014E-02   3.81062984      0.209525630       5.49765400E-10  -6.53652532E-04  0.133667752      -2.57499926E-02 -0.749749362      0.106963255     -0.217590928    
   8.00000000       400.000000       4.09835242E-02   3.85157919      0.209762514       5.44544632E-10  -6.29344140E-04  0.131533742      -1.57200024E-02 -0.758674145      0.106319226     -0.214242235    
   9.00000000       400.000000       4.11677249E-02   3.89264297      0.209927738       5.39223222E-10  -5.94436540E-04  0.129454091      -3.67317325E-03 -0.767349839      0.106167793     -0.210732609    
   10.0000000       800.000000       4.13518026E-02   3.93391180      0.210105106       5.34018108E-10  -5.66819508E-04  0.127411291       6.31352887E-03 -0.776064754      0.106429070     -0.207102969    
   11.0000000       800.000000       4.15420607E-02   3.97551847      0.210191309       5.28666222E-10  -5.31912490E-04  0.125418723       1.49387447E-02 -0.784516573      0.107049584     -0.202262580    
   12.0000000       800.000000       4.17331755E-02   4.01692963      0.210262164       5.23363963E-10  -5.11666760E-04  0.123465575       2.23101880E-02 -0.792907476      0.107980549     -0.198037028    
   13.0000000       800.000000       4.19295840E-02   4.05884504      0.210258991       5.17961840E-10  -4.79266077E-04  0.121552207       2.69419067E-02 -0.801085949      0.109110273     -0.193969950    
   2.00000000       800.000000       4.21275869E-02   4.10084629      0.210230738       5.12585585E-10  -4.63650940E-04  0.119685039       2.67434660E-02 -0.809212267      0.110236757     -0.189671814    
   3.00000000       800.000000       4.23264094E-02   4.14324856      0.210136533       5.07133946E-10  -4.36483591E-04  0.117854536       2.20528357E-02 -0.817104876      0.111170277     -0.186075091    
   4.00000000       800.000000       4.25276794E-02   4.18554831      0.210026488       5.01729713E-10  -4.23187739E-04  0.116058379       1.61805023E-02 -0.825001121      0.111858264     -0.182914078    
   5.00000000       800.000000       4.27326299E-02   4.22826385      0.209864557       4.96289454E-10  -3.99190176E-04  0.114300445       1.20457485E-02 -0.832699776      0.112373099     -0.180104569    
   6.00000000       800.000000       4.29400988E-02   4.27117634      0.209693283       4.90910645E-10  -3.84789833E-04  0.112579897       9.43056401E-03 -0.840430558      0.112777986     -0.177696183    
   7.00000000       800.000000       4.31519486E-02   4.31416321      0.209485978       4.85531837E-10  -3.62134073E-04  0.110898539       7.27561302E-03 -0.847996652      0.113092162     -0.175215468    
   8.00000000       800.000000       4.33655083E-02   4.35740662      0.209271610       4.80218976E-10  -3.45435459E-04  0.109243594       7.16769742E-03 -0.855589747      0.113402851     -0.173008725    
   9.00000000       800.000000       4.35808785E-02   4.40067959      0.209027886       4.74921713E-10  -3.24115565E-04  0.107625000       9.75627545E-03 -0.863041103      0.113828003     -0.170415759    
   10.0000000       800.000000       4.38009016E-02   4.44439697      0.208770290       4.69673245E-10  -3.07057519E-04  0.106037639       1.22709386E-02 -0.870482266      0.114365682     -0.168107152    
   11.0000000       800.000000       4.40220647E-02   4.48833799      0.208487064       4.64447536E-10  -2.89294112E-04  0.104481354       1.20734554E-02 -0.877804041      0.114897184     -0.165495306    
   12.0000000       800.000000       4.42490242E-02   4.53246212      0.208187982       4.59265487E-10  -2.75160040E-04  0.102955192       9.49750468E-03 -0.885090828      0.115317464     -0.163247287    
   13.0000000       800.000000       4.44775447E-02   4.57707596      0.207868993       4.54117161E-10  -2.61319248E-04  0.101458840       6.34990493E-03 -0.892287016      0.115599781     -0.161154583    
   2.00000000       800.000000       4.47068773E-02   4.62136841      0.207536131       4.49015686E-10  -2.49201956E-04   9.99892354E-02   2.80109141E-03 -0.899463952      0.115725100     -0.159458622    
   3.00000000       800.000000       4.49385233E-02   4.66624355      0.207187727       4.43955428E-10  -2.38024892E-04   9.85509455E-02  -1.77193771E-03 -0.906583726      0.115645342     -0.157488912    
   4.00000000       800.000000       4.51754220E-02   4.71121693      0.206825659       4.38941744E-10  -2.27939541E-04   9.71373320E-02  -5.32402331E-03 -0.913654387      0.115404896     -0.155543387    
   5.00000000       800.000000       4.54156250E-02   4.75678205      0.206450179       4.33972608E-10  -2.17793524E-04   9.57508013E-02  -6.20517228E-03 -0.920672953      0.115123138     -0.153669283    
   6.00000000       800.000000       4.56556603E-02   4.80203438      0.206059143       4.29043412E-10  -2.08258352E-04   9.43904743E-02  -5.90331666E-03 -0.927650094      0.114853330     -0.151665792    
   7.00000000       800.000000       4.59001064E-02   4.84787893      0.205650389       4.24150437E-10  -1.99850983E-04   9.30507407E-02  -5.92701603E-03 -0.934560478      0.114581570     -0.149341434    
   8.00000000       800.000000       4.61495221E-02   4.89382601      0.205225199       4.19291962E-10  -1.92242864E-04   9.17387605E-02  -6.00286527E-03 -0.941396832      0.114304498     -0.147141710    
   9.00000000       800.000000       4.64015417E-02   4.94037914      0.204783246       4.14469153E-10  -1.84852077E-04   9.04539302E-02  -5.73186995E-03 -0.948178768      0.114038587     -0.145214230    
   10.0000000       800.000000       4.66544069E-02   4.98703766      0.204324260       4.09681927E-10  -1.78376475E-04   8.91882852E-02  -6.23336853E-03 -0.954909325      0.113747567     -0.143223330    
   11.0000000       800.000000       4.69110720E-02   5.03345490      0.203849971       4.04932199E-10  -1.72457003E-04   8.79484341E-02  -7.53739104E-03 -0.961578608      0.113394104     -0.141348898    
   12.0000000       800.000000       4.71705161E-02   5.08080530      0.203364447       4.00227240E-10  -1.66336395E-04   8.67278576E-02  -8.15019011E-03 -0.968208730      0.113009550     -0.139809117    
   13.0000000       800.000000       4.74330559E-02   5.12793064      0.202865809       3.95563388E-10  -1.60305266E-04   8.55257660E-02  -8.00444651E-03 -0.974803627      0.112629995     -0.138327956    
   2.00000000       800.000000       4.76989783E-02   5.17558718      0.202357829       3.90946386E-10  -1.54876529E-04   8.43502060E-02  -7.54743954E-03 -0.981367946      0.112269863     -0.136796072    
   3.00000000       800.000000       4.79672700E-02   5.22343826      0.201842934       3.86381011E-10  -1.49611267E-04   8.31909776E-02  -6.64631696E-03 -0.987894833      0.111951262     -0.135398015    
   4.00000000       800.000000       4.82396744E-02   5.27148342      0.201320231       3.81863902E-10  -1.44549093E-04   8.20518136E-02  -5.21018915E-03 -0.994392276      0.111699820     -0.134123951    
   5.00000000       800.000000       4.85143214E-02   5.32006216      0.200790450       3.77396003E-10  -1.40271339E-04   8.09335411E-02  -4.04000143E-03  -1.00087285      0.111503638     -0.132778570    
   6.00000000       800.000000       4.87925000E-02   5.36836243      0.200256169       3.72980036E-10  -1.36508039E-04   7.98347443E-02  -3.40453791E-03  -1.00731277      0.111337602     -0.131506935    
   7.00000000       800.000000       4.90735136E-02   5.41723442      0.199716628       3.68614861E-10  -1.33049893E-04   7.87539780E-02  -2.81151710E-03  -1.01373899      0.111199677     -0.130373091    
   8.00000000       800.000000       4.93605398E-02   5.46674824      0.199172869       3.64301728E-10  -1.30040935E-04   7.76946172E-02  -2.21397472E-03  -1.02014863      0.111090466     -0.129236341    
   9.00000000       800.000000       4.96459454E-02   5.51635075      0.198625937       3.60042079E-10  -1.27420717E-04   7.66466707E-02  -1.62266148E-03  -1.02653730      0.111009799     -0.128066257    
   10.0000000       800.000000       4.99367975E-02   5.56616688      0.198076978       3.55834751E-10  -1.24910352E-04   7.56222680E-02  -7.35038426E-04  -1.03290081      0.110973172     -0.126910165    
   11.0000000       800.000000       5.02316244E-02   5.61612844      0.197524235       3.51677881E-10  -1.22529920E-04   7.46120289E-02   3.30280338E-04  -1.03924799      0.110989787     -0.125750378    
   12.0000000       800.000000       5.05279116E-02   5.66623640      0.196967572       3.47567725E-10  -1.20389726E-04   7.36190453E-02   1.18992198E-03  -1.04557109      0.111049801     -0.124523528    
   13.0000000       800.000000       5.08273505E-02   5.71697474      0.196405560       3.43505169E-10  -1.18458003E-04   7.26362839E-02   1.86083454E-03  -1.05186713      0.111144371     -0.123247750    
   2.00000000       800.000000       5.11321910E-02   5.76780939      0.195836768       3.39481943E-10  -1.16643118E-04   7.16748163E-02   2.34709447E-03  -1.05813813      0.111264452     -0.121974468    
   3.00000000       800.000000       5.14377542E-02   5.81939650      0.195260450       3.35500960E-10  -1.14913913E-04   7.07285628E-02   2.62944144E-03  -1.06437910      0.111399658     -0.120685540    
   4.00000000       800.000000       5.17485440E-02   5.87104797      0.194679305       3.31562555E-10  -1.13136390E-04   6.97974414E-02   2.88240821E-03  -1.07059109      0.111548737     -0.119399078    
   5.00000000       800.000000       5.20629622E-02   5.92277527      0.194090798       3.27663813E-10  -1.11263944E-04   6.88815415E-02   3.19560710E-03  -1.07677364      0.111715183     -0.118121855    
   6.00000000       800.000000       5.23787588E-02   5.97483015      0.193495274       3.23803845E-10  -1.09411310E-04   6.79788366E-02   3.44555662E-03  -1.08292615      0.111895569     -0.116826415    
   7.00000000       800.000000       5.26992045E-02   6.02751064      0.192895561       3.19985427E-10  -1.07547341E-04   6.70928583E-02   3.57759604E-03  -1.08904898      0.112084188     -0.115573078    
   8.00000000       800.000000       5.30240014E-02   6.08028364      0.192288846       3.16205312E-10  -1.05669591E-04   6.62192479E-02   3.58975818E-03  -1.09514582      0.112274610     -0.114377916    
   9.00000000       800.000000       5.33496812E-02   6.13364077      0.191677123       3.12465498E-10  -1.03864390E-04   6.53572083E-02   3.45982332E-03  -1.10121751      0.112459093     -0.113227949    
   10.0000000       800.000000       5.36804311E-02   6.18732548      0.191061020       3.08766984E-10  -1.02038852E-04   6.45129532E-02   3.23631149E-03  -1.10726202      0.112632826     -0.112141445    
   11.0000000       800.000000       5.40157408E-02   6.24103832      0.190440997       3.05112324E-10  -1.00156009E-04   6.36755452E-02   3.01430980E-03  -1.11329222      0.112795733     -0.111096263    
   12.0000000       800.000000       5.43518029E-02   6.29508209      0.189819053       3.01497660E-10  -9.82928905E-05   6.28549233E-02   2.75584846E-03  -1.11930442      0.112945534     -0.110080183    
   13.0000000       800.000000       5.46922497E-02   6.34962225      0.189195663       2.97926850E-10  -9.63704588E-05   6.20462485E-02   2.45640147E-03  -1.12529552      0.113079801     -0.109100878    
   2.00000000       800.000000       5.50380871E-02   6.40445566      0.188570693       2.94398894E-10  -9.44262647E-05   6.12490810E-02   2.12386157E-03  -1.13127184      0.113196604     -0.108152062    
   3.00000000       800.000000       5.53847216E-02   6.45976830      0.187945142       2.90913599E-10  -9.24855849E-05   6.04663230E-02   1.73900987E-03  -1.13724267      0.113293052     -0.107217215    
   4.00000000       800.000000       5.57359010E-02   6.51546860      0.187317580       2.87471352E-10  -9.04737317E-05   5.96924499E-02   1.34496624E-03  -1.14318562      0.113367900     -0.106292419    
   5.00000000       800.000000       5.60912378E-02   6.57112312      0.186690181       2.84069934E-10  -8.85018235E-05   5.89305200E-02   9.56752861E-04  -1.14912462      0.113421783     -0.105358690    
   6.00000000       800.000000       5.64479530E-02   6.62756824      0.186061591       2.80709872E-10  -8.65480906E-05   5.81817776E-02   5.72824967E-04  -1.15504658      0.113454007     -0.104401916    
   7.00000000       800.000000       5.68098128E-02   6.68420267      0.185429826       2.77385975E-10  -8.46446856E-05   5.74440062E-02   2.13989755E-04  -1.16095638      0.113466173     -0.103438407    
   8.00000000       800.000000       5.71758151E-02   6.74102211      0.184796229       2.74101047E-10  -8.29367928E-05   5.67165948E-02  -1.22190846E-04  -1.16684270      0.113459125     -0.102424115    
   9.00000000       800.000000       5.75454868E-02   6.79867172      0.184158266       2.70851203E-10  -8.14452796E-05   5.59994243E-02  -4.42212302E-04  -1.17270768      0.113433726     -0.101357929    
   10.0000000       800.000000       5.79212233E-02   6.85620070      0.183519110       2.67638522E-10  -8.01846763E-05   5.52922711E-02  -7.23516860E-04  -1.17854023      0.113391951     -0.100268170    
   11.0000000       800.000000       5.82982525E-02   6.91421032      0.182876185       2.64459926E-10  -7.90320119E-05   5.45958504E-02  -9.77983116E-04  -1.18434989      0.113334738      -9.91588235E-02
   12.0000000       800.000000       5.86755127E-02   6.97270107      0.182231084       2.61314637E-10  -7.79505353E-05   5.39092608E-02  -1.18591357E-03  -1.19014394      0.113265291      -9.80420038E-02
   13.0000000       800.000000       5.90622984E-02   7.03143930      0.181580931       2.58202792E-10  -7.68946193E-05   5.32329455E-02  -1.35160098E-03  -1.19589591      0.113185413      -9.69168395E-02
   2.00000000       800.000000       5.94485030E-02   7.09108067      0.180927798       2.55124949E-10  -7.58385067E-05   5.25664128E-02  -1.48277869E-03  -1.20163059      0.113097288      -9.57877263E-02
   3.00000000       800.000000       5.98436110E-02   7.15043688      0.180270895       2.52077137E-10  -7.48110033E-05   5.19097149E-02  -1.56843837E-03  -1.20731974      0.113003418      -9.46567282E-02
   4.00000000       800.000000       6.02373928E-02   7.21079636      0.179609925       2.49060772E-10  -7.38085073E-05   5.12603037E-02  -1.61980151E-03  -1.21298766      0.112905875      -9.35319513E-02
   5.00000000       800.000000       6.06374219E-02   7.27131176      0.178944200       2.46077630E-10  -7.28398081E-05   5.06225042E-02  -1.63033325E-03  -1.21862459      0.112806924      -9.24203768E-02
   6.00000000       800.000000       6.10392392E-02   7.33202028      0.178275466       2.43123688E-10  -7.19039817E-05   4.99928482E-02  -1.60652760E-03  -1.22423363      0.112708844      -9.13292915E-02
   7.00000000       800.000000       6.14471473E-02   7.39313030      0.177602828       2.40199527E-10  -7.09930828E-05   4.93716486E-02  -1.55184593E-03  -1.22981703      0.112613484      -9.02632028E-02
   8.00000000       800.000000       6.18590638E-02   7.45494413      0.176928014       2.37306508E-10  -7.01049794E-05   4.87604253E-02  -1.46807730E-03  -1.23536658      0.112522654      -8.92217383E-02
   9.00000000       800.000000       6.22721761E-02   7.51700449      0.176250920       2.34447406E-10  -6.92342437E-05   4.81566526E-02  -1.36175903E-03  -1.24088788      0.112437859      -8.82017836E-02
   10.0000000       800.000000       6.26941621E-02   7.57950735      0.175570339       2.31617003E-10  -6.83902108E-05   4.75615598E-02  -1.23369088E-03  -1.24638569      0.112360455      -8.72008055E-02
   11.0000000       800.000000       6.31151870E-02   7.64244461      0.174887985       2.28818658E-10  -6.75811752E-05   4.69743349E-02  -1.09035522E-03  -1.25186133      0.112291828      -8.62135217E-02
   12.0000000       800.000000       6.35424033E-02   7.70559978      0.174204350       2.26049679E-10  -6.68152061E-05   4.63952944E-02  -9.34056065E-04  -1.25730753      0.112232506      -8.52365047E-02
   13.0000000       800.000000       6.39760271E-02   7.76949692      0.173517942       2.23312493E-10  -6.60920632E-05   4.58235480E-02  -7.70411512E-04  -1.26273668      0.112183258      -8.42666924E-02
   2.00000000       800.000000       6.44085407E-02   7.83382225      0.172831506       2.20606089E-10  -6.54042888E-05   4.52629849E-02  -6.01960288E-04  -1.26813376      0.112144396      -8.33018422E-02
   3.00000000       800.000000       6.48498610E-02   7.89831066      0.172144130       2.17928578E-10  -6.47392662E-05   4.47077528E-02  -4.33253357E-04  -1.27350509      0.112116322      -8.23379532E-02
   4.00000000       800.000000       6.52926117E-02   7.96304750      0.171453655       2.15283763E-10  -6.40774015E-05   4.41589206E-02  -2.67010502E-04  -1.27884328      0.112098865      -8.13713819E-02
   5.00000000       800.000000       6.57397360E-02   8.02879810      0.170763448       2.12667065E-10  -6.34032913E-05   4.36177813E-02  -1.07087602E-04  -1.28416061      0.112091698      -8.03965628E-02
   6.00000000       800.000000       6.61928579E-02   8.09504509      0.170071185       2.10076304E-10  -6.27057161E-05   4.30847257E-02   4.42767378E-05  -1.28945136      0.112094708      -7.94075802E-02
   7.00000000       800.000000       6.66503683E-02   8.16145802      0.169376224       2.07516337E-10  -6.19802886E-05   4.25585620E-02   1.84348697E-04  -1.29470813      0.112106994      -7.84019902E-02
   8.00000000       800.000000       6.71091229E-02   8.22835445      0.168679029       2.04982933E-10  -6.12292861E-05   4.20398004E-02   3.11294687E-04  -1.29994047      0.112127982      -7.73764551E-02
   9.00000000       800.000000       6.75772652E-02   8.29508305      0.167979896       2.02475217E-10  -6.04603447E-05   4.15283740E-02   4.23280784E-04  -1.30513203      0.112156555      -7.63313472E-02
   10.0000000       800.000000       6.80434331E-02   8.36327362      0.167278603       1.99997088E-10  -5.96858445E-05   4.10236493E-02   5.19222638E-04  -1.31029010      0.112191662      -7.52682462E-02
   11.0000000       800.000000       6.85164854E-02   8.43160915      0.166574195       1.97540123E-10  -5.89171759E-05   4.05270420E-02   5.98274346E-04  -1.31541264      0.112232856      -7.41919577E-02
   12.0000000       800.000000       6.89990669E-02   8.50011826      0.165867165       1.95111233E-10  -5.81592503E-05   4.00334261E-02   6.60034595E-04  -1.32049406      0.112278260      -7.31096342E-02
   13.0000000       800.000000       6.94770738E-02   8.56972027      0.165155053       1.92703492E-10  -5.74094811E-05   3.95504646E-02   7.04469508E-04  -1.32553244      0.112327233      -7.20292553E-02
   2.00000000       800.000000       6.99650571E-02   8.63913631      0.164441422       1.90321370E-10  -5.66566632E-05   3.90704907E-02   7.31893640E-04  -1.33053851      0.112378590      -7.09578767E-02
   3.00000000       800.000000       7.04544336E-02   8.70913506      0.163724169       1.87965171E-10  -5.58882566E-05   3.85976247E-02   7.42966600E-04  -1.33550060      0.112430908      -6.98994175E-02
   4.00000000       800.000000       7.09533468E-02   8.77987480      0.163004711       1.85632190E-10  -5.50967743E-05   3.81320938E-02   7.38629722E-04  -1.34042358      0.112483427      -6.88543990E-02
   5.00000000       800.000000       7.14557767E-02   8.85152435      0.162281528       1.83321788E-10  -5.42843845E-05   3.76735181E-02   7.20063632E-04  -1.34530616      0.112534843      -6.78222403E-02
   6.00000000       800.000000       7.19595850E-02   8.92326069      0.161555544       1.81036075E-10  -5.34616556E-05   3.72179374E-02   6.88634231E-04  -1.35014915      0.112584293      -6.68016002E-02
   7.00000000       800.000000       7.24673644E-02   8.99552822      0.160827905       1.78773579E-10  -5.26429576E-05   3.67716029E-02   6.45870867E-04  -1.35495138      0.112631112      -6.57925680E-02
   8.00000000       800.000000       7.29827210E-02   9.06822109      0.160098374       1.76535675E-10  -5.18379020E-05   3.63293588E-02   5.93419420E-04  -1.35971951      0.112674408      -6.47971183E-02
   9.00000000       800.000000       7.35015273E-02   9.14107132      0.159367055       1.74320752E-10  -5.10468126E-05   3.58908288E-02   5.32979786E-04  -1.36444747      0.112713523      -6.38176501E-02
   10.0000000       800.000000       7.40236938E-02   9.21487141      0.158633754       1.72129921E-10  -5.02600778E-05   3.54613885E-02   4.66278638E-04  -1.36913264      0.112748273      -6.28542304E-02
   11.0000000       800.000000       7.45541826E-02   9.28909588      0.157899439       1.69963654E-10  -4.94616033E-05   3.50347273E-02   3.95066076E-04  -1.37378156      0.112777524      -6.19046390E-02
   12.0000000       800.000000       7.50876293E-02   9.36382198      0.157164380       1.67818565E-10  -4.86372519E-05   3.46150324E-02   3.21055413E-04  -1.37839425      0.112801470      -6.09636791E-02
   13.0000000       800.000000       7.56227747E-02   9.43945217      0.156426832       1.65698635E-10  -4.77808171E-05   3.42021063E-02   2.45882868E-04  -1.38296676      0.112820238      -6.00236319E-02
   2.00000000       800.000000       7.61684179E-02   9.51551723      0.155688226       1.63602604E-10  -4.68988765E-05   3.37911621E-02   1.71105828E-04  -1.38750410      0.112833202      -5.90759292E-02
   3.00000000       800.000000       7.67170042E-02   9.59179592      0.154948965       1.61527486E-10  -4.60099836E-05   3.33880670E-02   9.81479971E-05  -1.39200485      0.112840891      -5.81136085E-02
   4.00000000       800.000000       7.72694573E-02   9.66848755      0.154208735       1.59473115E-10  -4.51367887E-05   3.29895020E-02   2.82968540E-05  -1.39645267      0.112842917      -5.71339726E-02
   5.00000000       800.000000       7.78230131E-02   9.74612713      0.153465360       1.57443170E-10  -4.42977216E-05   3.25951204E-02  -3.73081202E-05  -1.40086055      0.112839997      -5.61378784E-02
   6.00000000       800.000000       7.83851892E-02   9.82425022      0.152720854       1.55432625E-10  -4.34988506E-05   3.22061628E-02  -9.76935044E-05  -1.40522087      0.112832539      -5.51294759E-02
   7.00000000       800.000000       7.89523125E-02   9.90284920      0.151973620       1.53443869E-10  -4.27320883E-05   3.18226926E-02  -1.52059729E-04  -1.40953481      0.112820424      -5.41143119E-02
   8.00000000       800.000000       7.95280412E-02   9.98241329      0.151225194       1.51476401E-10  -4.19804055E-05   3.14433128E-02  -1.99784976E-04  -1.41380417      0.112804323      -5.30949719E-02
   9.00000000       800.000000       8.01055804E-02   10.0623922      0.150474042       1.49528306E-10  -4.12257796E-05   3.10693923E-02  -2.40428781E-04  -1.41801906      0.112785347      -5.20728156E-02
   10.0000000       800.000000       8.06882754E-02   10.1425762      0.149719864       1.47600723E-10  -4.04577622E-05   3.07006855E-02  -2.73723883E-04  -1.42218876      0.112763129      -5.10464646E-02
   11.0000000       800.000000       8.12722519E-02   10.2231703      0.148963213       1.45691015E-10  -3.96770156E-05   3.03351041E-02  -2.99562584E-04  -1.42628038      0.112738945      -5.00142463E-02
   12.0000000       800.000000       8.18665698E-02   10.3048105      0.148204625       1.43801360E-10  -3.88937733E-05   2.99758818E-02  -3.17980011E-04  -1.43032777      0.112712748      -4.89769578E-02
   13.0000000       800.000000       8.24698508E-02   10.3871059      0.147443712       1.41932605E-10  -3.81223072E-05   2.96195317E-02  -3.29147995E-04  -1.43432093      0.112685554      -4.79371548E-02
   2.00000000       800.000000       8.30690786E-02   10.4702911      0.146679983       1.40080170E-10  -3.73742150E-05   2.92684864E-02  -3.33357166E-04  -1.43826127      0.112658069      -4.68994305E-02
   3.00000000       800.000000       8.36792067E-02   10.5531397      0.145914078       1.38248565E-10  -3.66542772E-05   2.89224721E-02  -3.31000309E-04  -1.44214308      0.112630323      -4.58686277E-02
   4.00000000       800.000000       8.42924491E-02   10.6371202      0.145146504       1.36433712E-10  -3.59601217E-05   2.85795778E-02  -3.22569627E-04  -1.44597220      0.112603046      -4.48492132E-02
   5.00000000       800.000000       8.49149227E-02   10.7222576      0.144376740       1.34639216E-10  -3.52841162E-05   2.82412805E-02  -3.08629620E-04  -1.44974124      0.112576813      -4.38435301E-02
   6.00000000       800.000000       8.55400413E-02   10.8070173      0.143601924       1.32862055E-10  -3.46182278E-05   2.79076304E-02  -2.89814459E-04  -1.45344806      0.112552077      -4.28516902E-02
   7.00000000       800.000000       8.61672983E-02   10.8929453      0.142829537       1.31103503E-10  -3.39566104E-05   2.75773220E-02  -2.66801071E-04  -1.45709348      0.112529010      -4.18722220E-02
   8.00000000       800.000000       8.68062824E-02   10.9799843      0.142051250       1.29363575E-10  -3.32976197E-05   2.72514932E-02  -2.40299778E-04  -1.46069324      0.112508222      -4.09027189E-02
   9.00000000       800.000000       8.74475688E-02   11.0664978      0.141275436       1.27645075E-10  -3.26429399E-05   2.69289203E-02  -2.11038292E-04  -1.46422577      0.112489693      -3.99409384E-02
   10.0000000       800.000000       8.80924463E-02   11.1543617      0.140493721       1.25942465E-10  -3.19938408E-05   2.66111810E-02  -1.79749681E-04  -1.46770263      0.112473898      -3.89845595E-02
   11.0000000       800.000000       8.87458175E-02   11.2425718      0.139714286       1.24254995E-10  -3.13488163E-05   2.62977555E-02  -1.47160841E-04  -1.47111714      0.112460673      -3.80329750E-02
   12.0000000       800.000000       8.94047245E-02   11.3320246      0.138933286       1.22590910E-10  -3.07025803E-05   2.59859059E-02  -1.13982998E-04  -1.47447646      0.112450592      -3.70852463E-02
   13.0000000       800.000000       9.00711343E-02   11.4218473      0.138148919       1.20942797E-10  -3.00483334E-05   2.56804936E-02  -8.08892728E-05  -1.47776842      0.112443358      -3.61387804E-02
   2.00000000       800.000000       9.07422155E-02   11.5118284      0.137365893       1.19308591E-10  -2.93819176E-05   2.53777839E-02  -4.85077217E-05  -1.48100698      0.112438984      -3.51901613E-02
   3.00000000       800.000000       9.14164707E-02   11.6033077      0.136581644       1.17694923E-10  -2.87042058E-05   2.50779931E-02  -1.74085199E-05  -1.48418200      0.112437308      -3.42355184E-02
   4.00000000       800.000000       9.20993984E-02   11.6952047      0.135794908       1.16099748E-10  -2.80205441E-05   2.47833561E-02   1.19013275E-05  -1.48728549      0.112438485      -3.32723483E-02
   5.00000000       800.000000       9.27866399E-02   11.7873383      0.135005936       1.14523342E-10  -2.73386759E-05   2.44909916E-02   3.89854213E-05  -1.49032211      0.112442136      -3.23001929E-02
   6.00000000       800.000000       9.34779644E-02   11.8806105      0.134215578       1.12960287E-10  -2.66640836E-05   2.42035929E-02   6.34800526E-05  -1.49330604      0.112448037      -3.13200392E-02
   7.00000000       800.000000       9.41774696E-02   11.9743528      0.133423865       1.11411387E-10  -2.59978497E-05   2.39183139E-02   8.50993165E-05  -1.49620879      0.112456135      -3.03346738E-02
   8.00000000       800.000000       9.48819369E-02   12.0688763      0.132630929       1.09881784E-10  -2.53354065E-05   2.36366838E-02   1.03634957E-04  -1.49904048      0.112465844      -2.93465629E-02
   9.00000000       800.000000       9.55979601E-02   12.1640635      0.131835535       1.08368321E-10  -2.46695108E-05   2.33603865E-02   1.18954747E-04  -1.50180387      0.112477399      -2.83580553E-02
   10.0000000       800.000000       9.63135287E-02   12.2600622      0.131037876       1.06868979E-10  -2.39947021E-05   2.30858400E-02   1.30998480E-04  -1.50449169      0.112489820      -2.73696054E-02
   11.0000000       800.000000       9.70358253E-02   12.3568468      0.130236298       1.05387310E-10  -2.33104547E-05   2.28146110E-02   1.39772281E-04  -1.50709665      0.112503469      -2.63815410E-02
   12.0000000       800.000000       9.77677032E-02   12.4544106      0.129437119       1.03918998E-10  -2.26199209E-05   2.25456394E-02   1.45342594E-04  -1.50962663      0.112517677      -2.53948495E-02
   13.0000000       800.000000       9.85076427E-02   12.5523767      0.128636688       1.02466535E-10  -2.19279264E-05   2.22818088E-02   1.47828483E-04  -1.51207948      0.112532146      -2.44116206E-02
   2.00000000       800.000000       9.92456749E-02   12.6510534      0.127828881       1.01032509E-10  -2.12380037E-05   2.20193528E-02   1.47397732E-04  -1.51445806      0.112546913      -2.34341007E-02
   3.00000000       800.000000       9.99961421E-02   12.7503929      0.127025336       9.96106184E-11  -2.05508040E-05   2.17625406E-02   1.44258869E-04  -1.51675892      0.112561472      -2.24649906E-02
   4.00000000       800.000000      0.100751281       12.8514633      0.126213819       9.82026058E-11  -1.98642538E-05   2.15070844E-02   1.38656338E-04  -1.51895642      0.112575471      -2.15062108E-02
   5.00000000       800.000000      0.101513669       12.9527330      0.125407681       9.68108788E-11  -1.91747640E-05   2.12552566E-02   1.30863642E-04  -1.52108872      0.112588339      -2.05585193E-02
   6.00000000       800.000000      0.102282949       13.0543804      0.124594368       9.54348614E-11  -1.84791315E-05   2.10046899E-02   1.21175188E-04  -1.52316844      0.112600952      -1.96215902E-02
   7.00000000       800.000000      0.103057869       13.1565609      0.123780236       9.40727149E-11  -1.77759830E-05   2.07595695E-02   1.09900422E-04  -1.52514124      0.112612315      -1.86941717E-02
   8.00000000       800.000000      0.103839546       13.2604132      0.122970715       9.27245364E-11  -1.70654148E-05   2.05156766E-02   9.73573042E-05  -1.52701795      0.112622388      -1.77749097E-02
   9.00000000       800.000000      0.104626514       13.3645535      0.122155063       9.13921577E-11  -1.63491241E-05   2.02753637E-02   8.38644482E-05  -1.52883756      0.112631276      -1.68617815E-02
   10.0000000       800.000000      0.105420068       13.4691267      0.121338956       9.00748226E-11  -1.56299411E-05   2.00386029E-02   6.97397409E-05  -1.53056514      0.112638459      -1.59529224E-02
   11.0000000       800.000000      0.106228657       13.5754204      0.120522767       8.87714971E-11  -1.49113748E-05   1.98048800E-02   5.52901329E-05  -1.53220797      0.112644449      -1.50467334E-02
   12.0000000       800.000000      0.107034281       13.6821260      0.119705386       8.74827433E-11  -1.41974187E-05   1.95727125E-02   4.08090418E-05  -1.53378308      0.112648815      -1.41415391E-02
   13.0000000       800.000000      0.107849084       13.7891541      0.118890084       8.62082281E-11  -1.34907741E-05   1.93435270E-02   2.65688341E-05  -1.53525972      0.112651765      -1.32365776E-02
   2.00000000       800.000000      0.108672515       13.8981247      0.118070997       8.49469384E-11  -1.27920512E-05   1.91164464E-02   1.28186966E-05  -1.53663218      0.112652965      -1.23315444E-02
   3.00000000       800.000000      0.109497771       14.0066690      0.117250688       8.37001718E-11  -1.20991144E-05   1.88939273E-02  -2.19565464E-07  -1.53792834      0.112652943      -1.14262635E-02
   4.00000000       800.000000      0.110339761       14.1170921      0.116430491       8.24678520E-11  -1.14073282E-05   1.86727345E-02  -1.23537620E-05  -1.53915370      0.112651661      -1.05208103E-02
   5.00000000       800.000000      0.111177742       14.2269335      0.115608945       8.12484593E-11  -1.07116075E-05   1.84544697E-02  -2.34232066E-05  -1.54027307      0.112648964      -9.61512700E-03
   6.00000000       800.000000      0.112030037       14.3394938      0.114786334       8.00429445E-11  -1.00085244E-05   1.82380863E-02  -3.32993695E-05  -1.54129362      0.112645306      -8.70842021E-03
   7.00000000       800.000000      0.112885214       14.4517355      0.113963135       7.88503152E-11  -9.29828821E-06   1.80246737E-02  -4.18864838E-05  -1.54222429      0.112640604      -7.79984659E-03
   8.00000000       800.000000      0.113750286       14.5650282      0.113138855       7.76709044E-11  -8.58520980E-06   1.78146176E-02  -4.91190222E-05  -1.54306757      0.112634957      -6.88924966E-03
   9.00000000       800.000000      0.114624061       14.6793976      0.112313151       7.65042196E-11  -7.87589215E-06   1.76059119E-02  -5.49602410E-05  -1.54378760      0.112628654      -5.97718731E-03
   10.0000000       800.000000      0.115506783       14.7940674      0.111485079       7.53501220E-11  -7.17677221E-06   1.73999891E-02  -5.93996592E-05  -1.54444349      0.112621747      -5.06557804E-03
   11.0000000       800.000000      0.116393380       14.9101496      0.110657461       7.42093123E-11  -6.49123467E-06   1.71968918E-02  -6.24505847E-05  -1.54498303      0.112614542      -4.15726239E-03
   12.0000000       800.000000      0.117281690       15.0272551      0.109828919       7.30805208E-11  -5.81815584E-06   1.69970952E-02  -6.41484876E-05  -1.54541671      0.112607129      -3.25522898E-03
   13.0000000       800.000000      0.118191823       15.1445360      0.108999826       7.19644344E-11  -5.15203601E-06   1.67973172E-02  -6.45501059E-05  -1.54573238      0.112599514      -2.36228458E-03
   2.00000000       800.000000      0.119099334       15.2630339      0.108168907       7.08606021E-11  -4.48540959E-06   1.66015774E-02  -6.37326157E-05  -1.54598451      0.112591878      -1.47980102E-03
   3.00000000       800.000000      0.120015435       15.3828135      0.107335605       6.97693778E-11  -3.81188602E-06   1.64073184E-02  -6.17917904E-05  -1.54609406      0.112584300      -6.07963535E-04
   4.00000000       800.000000      0.120940529       15.5036430      0.106504232       6.86905047E-11  -3.12841644E-06   1.62162781E-02  -5.88403054E-05  -1.54611313      0.112577282       2.53747043E-04
   5.00000000       800.000000      0.121867239       15.6249332      0.105671376       6.76237052E-11  -2.43605973E-06   1.60265733E-02  -5.50024160E-05  -1.54604280      0.112570517       1.10651273E-03
   6.00000000       800.000000      0.122810721       15.7464323      0.104836591       6.65685215E-11  -1.73881278E-06   1.58396475E-02  -5.04131203E-05  -1.54584467      0.112564467       1.95098063E-03
   7.00000000       800.000000      0.123757191       15.8707790      0.104003511       6.55260707E-11  -1.04155015E-06   1.56552587E-02  -4.52114800E-05  -1.54555619      0.112558708       2.78749154E-03
   8.00000000       800.000000      0.124716990       15.9948425      0.103169180       6.44954645E-11  -3.47759112E-07   1.54723907E-02  -3.95385505E-05  -1.54514062      0.112553887       3.61622940E-03
   9.00000000       800.000000      0.125679165       16.1200333      0.102334514       6.34773414E-11   3.41594301E-07   1.52918687E-02  -3.35338591E-05  -1.54463506      0.112549767       4.43713646E-03
   10.0000000       800.000000      0.126648560       16.2460766      0.101500317       6.24706606E-11   1.02751596E-06   1.51135447E-02  -2.73337992E-05  -1.54404020      0.112546079       5.25068957E-03
   11.0000000       800.000000      0.127627030       16.3736973      0.100664981       6.14758730E-11   1.71186866E-06   1.49370572E-02  -2.10681701E-05  -1.54331076      0.112543292       6.05756836E-03
   12.0000000       800.000000      0.128622070       16.5009899       9.98301506E-02   6.04922848E-11   2.39638189E-06   1.47627918E-02  -1.48581021E-05  -1.54249263      0.112541564       6.85880799E-03
   13.0000000       800.000000      0.129615709       16.6299458       9.89955217E-02   5.95206801E-11   3.08207268E-06   1.45901544E-02  -8.81466622E-06  -1.54155123      0.112540372       7.65577191E-03
   2.00000000       800.000000      0.130617574       16.7607040       9.81604829E-02   5.85605800E-11   3.76873959E-06   1.44196264E-02  -3.03710749E-06  -1.54049516      0.112540163       8.44922289E-03
   3.00000000       800.000000      0.131631613       16.8909397       9.73262712E-02   5.76119222E-11   4.45568458E-06   1.42517025E-02   2.38790540E-06  -1.53931808      0.112540133       9.24008712E-03
   4.00000000       800.000000      0.132658064       17.0234966       9.64917019E-02   5.66744082E-11   5.14240674E-06   1.40852164E-02   7.38692052E-06  -1.53805399      0.112541236       1.00282263E-02
   5.00000000       800.000000      0.133689612       17.1564980       9.56555754E-02   5.57477467E-11   5.82895564E-06   1.39209442E-02   1.18999596E-05  -1.53665888      0.112542875       1.08134029E-02
   6.00000000       800.000000      0.134727374       17.2917385       9.48219821E-02   5.48329611E-11   6.51593609E-06   1.37584852E-02   1.58796956E-05  -1.53515124      0.112545006       1.15950052E-02
   7.00000000       800.000000      0.135772675       17.4260139       9.39879641E-02   5.39279073E-11   7.20431490E-06   1.35981254E-02   1.92917105E-05  -1.53351986      0.112547524       1.23726195E-02
   8.00000000       800.000000      0.136831790       17.5625153       9.31519046E-02   5.30342194E-11   7.89525257E-06   1.34391850E-02   2.21130849E-05  -1.53177559      0.112550750       1.31453006E-02
   9.00000000       800.000000      0.137887821       17.6995029       9.23180059E-02   5.21513319E-11   8.58965177E-06   1.32826986E-02   2.43331906E-05  -1.52990055      0.112554230       1.39123471E-02
   10.0000000       800.000000      0.138969555       17.8388729       9.14844871E-02   5.12791164E-11   9.28816917E-06   1.31275542E-02   2.59521821E-05  -1.52791834      0.112557679       1.46728298E-02
   11.0000000       800.000000      0.140046909       17.9775219       9.06488150E-02   5.04170178E-11   9.99081021E-06   1.29740806E-02   2.69815446E-05  -1.52582443      0.112561546       1.54255806E-02
   12.0000000       800.000000      0.141143247       18.1181393       8.98152143E-02   4.95655045E-11   1.06970056E-05   1.28227593E-02   2.74430859E-05  -1.52357161      0.112565279       1.61699243E-02
   13.0000000       800.000000      0.142242312       18.2606220       8.89818817E-02   4.87244446E-11   1.14060749E-05   1.26728201E-02   2.73683418E-05  -1.52122390      0.112569153       1.69045217E-02
   2.00000000       800.000000      0.143348306       18.4025784       8.81475732E-02   4.78934843E-11   1.21175308E-05   1.25252511E-02   2.67972919E-05  -1.51874566      0.112573117       1.76288765E-02
   3.00000000       800.000000      0.144470185       18.5468769       8.73148665E-02   4.70726166E-11   1.28313077E-05   1.23790018E-02   2.57767861E-05  -1.51615202      0.112576865       1.83416661E-02
   4.00000000       800.000000      0.145599216       18.6916237       8.64825249E-02   4.62621781E-11   1.35477740E-05   1.22349830E-02   2.43587347E-05  -1.51343477      0.112580322       1.90429222E-02
   5.00000000       800.000000      0.146730632       18.8387299       8.56507868E-02   4.54615477E-11   1.42667986E-05   1.20922532E-02   2.25984950E-05  -1.51059973      0.112583712       1.97323970E-02
   6.00000000       800.000000      0.147886083       18.9852219       8.48195553E-02   4.46714332E-11   1.49880279E-05   1.19511057E-02   2.05536944E-05  -1.50762749      0.112586670       2.04102956E-02
   7.00000000       800.000000      0.149040878       19.1336536       8.39898512E-02   4.38911303E-11   1.57102768E-05   1.18116001E-02   1.82821623E-05  -1.50452113      0.112589315       2.10771263E-02
   8.00000000       800.000000      0.150206983       19.2841053       8.31604749E-02   4.31205072E-11   1.64325738E-05   1.16733005E-02   1.58420517E-05  -1.50132215      0.112591699       2.17332840E-02
   9.00000000       800.000000      0.151375279       19.4338169       8.23323950E-02   4.23599766E-11   1.71546926E-05   1.15373181E-02   1.32897994E-05  -1.49797702      0.112593621       2.23786831E-02
   10.0000000       800.000000      0.152559474       19.5859928       8.15054625E-02   4.16091710E-11   1.78768041E-05   1.14022372E-02   1.06801890E-05  -1.49451482      0.112595327       2.30141990E-02
   11.0000000       800.000000      0.153755501       19.7391071       8.06798935E-02   4.08680624E-11   1.85996014E-05   1.12690441E-02   8.06510434E-06  -1.49093652      0.112596601       2.36400347E-02
   12.0000000       800.000000      0.154966682       19.8943138       7.98555538E-02   4.01367065E-11   1.93236756E-05   1.11375330E-02   5.49249853E-06  -1.48721385      0.112597562       2.42571589E-02
   13.0000000       800.000000      0.156182289       20.0499210       7.90326148E-02   3.94148811E-11   2.00486920E-05   1.10077150E-02   3.00632541E-06  -1.48337305      0.112597965       2.48659179E-02
   2.00000000       800.000000      0.157407701       20.2067699       7.82110840E-02   3.87024891E-11   2.07734047E-05   1.08794859E-02   6.45470607E-07  -1.47941589      0.112598002       2.54672971E-02
   3.00000000       800.000000      0.158632427       20.3635406       7.73908570E-02   3.79994716E-11   2.14963584E-05   1.07520940E-02  -1.55639327E-06  -1.47533989      0.112597726       2.60616411E-02
   4.00000000       800.000000      0.159881696       20.5234394       7.65723959E-02   3.73056620E-11   2.22165290E-05   1.06263058E-02  -3.57113572E-06  -1.47111428      0.112597130       2.66484842E-02
   5.00000000       800.000000      0.161134437       20.6836548       7.57551864E-02   3.66211540E-11   2.29338548E-05   1.05023067E-02  -5.37614096E-06  -1.46676660      0.112596437       2.72278953E-02
   6.00000000       800.000000      0.162408039       20.8466339       7.49397352E-02   3.59456388E-11   2.36493670E-05   1.03797987E-02  -6.95417248E-06  -1.46230567      0.112595126       2.77990848E-02
   7.00000000       800.000000      0.163673609       21.0080662       7.41252527E-02   3.52793940E-11   2.43647100E-05   1.02591328E-02  -8.29308010E-06  -1.45771909      0.112593800       2.83611324E-02
   8.00000000       800.000000      0.164970547       21.1726456       7.33132511E-02   3.46219650E-11   2.50815647E-05   1.01390639E-02  -9.38553967E-06  -1.45298231      0.112592407       2.89137531E-02
   9.00000000       800.000000      0.166260168       21.3390827       7.25025833E-02   3.39734803E-11   2.58015498E-05   1.00207208E-02  -1.02286413E-05  -1.44813216      0.112590849       2.94565298E-02
   10.0000000       800.000000      0.167571649       21.5048828       7.16936439E-02   3.33336726E-11   2.65253457E-05   9.90305841E-03  -1.08238992E-05  -1.44315124      0.112588920       2.99886316E-02
   11.0000000       800.000000      0.168884769       21.6747990       7.08864778E-02   3.27025108E-11   2.72531761E-05   9.78799444E-03  -1.11772542E-05  -1.43804407      0.112586968       3.05094477E-02
   12.0000000       800.000000      0.170220941       21.8437004       7.00814426E-02   3.20801788E-11   2.79845317E-05   9.67355259E-03  -1.12988091E-05  -1.43281054      0.112584889       3.10183410E-02
   13.0000000       800.000000      0.171562597       22.0148487       6.92781433E-02   3.14662463E-11   2.87182374E-05   9.56003182E-03  -1.12029256E-05  -1.42744493      0.112582915       3.15150507E-02
   2.00000000       800.000000      0.172911152       22.1867790       6.84771389E-02   3.08608555E-11   2.94531837E-05   9.44859348E-03  -1.09075381E-05  -1.42195690      0.112581231       3.19987163E-02
   3.00000000       800.000000      0.174262822       22.3595982       6.76781237E-02   3.02640135E-11   3.01877863E-05   9.33824945E-03  -1.04334458E-05  -1.41632926      0.112579539       3.24691758E-02
   4.00000000       800.000000      0.175636902       22.5350342       6.68812990E-02   2.96757029E-11   3.09206771E-05   9.22911707E-03  -9.80343884E-06  -1.41058123      0.112577751       3.29256915E-02
   5.00000000       800.000000      0.177029908       22.7109966       6.60871342E-02   2.90957137E-11   3.16511578E-05   9.12093930E-03  -9.04139233E-06  -1.40471387      0.112576112       3.33683826E-02
   6.00000000       800.000000      0.178427994       22.8897495       6.52953610E-02   2.85238291E-11   3.23791792E-05   9.01415665E-03  -8.17153614E-06  -1.39872801      0.112574756       3.37968282E-02
   7.00000000       800.000000      0.179832757       23.0675335       6.45069256E-02   2.79604100E-11   3.31052870E-05   8.90909135E-03  -7.21768902E-06  -1.39261949      0.112573415       3.42112891E-02
   8.00000000       800.000000      0.181247130       23.2492962       6.37202486E-02   2.74050227E-11   3.38307582E-05   8.80443864E-03  -6.20321862E-06  -1.38637269      0.112572268       3.46113741E-02
   9.00000000       800.000000      0.182678327       23.4303741       6.29368201E-02   2.68578475E-11   3.45569242E-05   8.70144553E-03  -5.15074089E-06  -1.38001287      0.112571374       3.49984132E-02
   10.0000000       800.000000      0.184120178       23.6137962       6.21564239E-02   2.63188412E-11   3.52841598E-05   8.60011484E-03  -4.08200322E-06  -1.37354326      0.112570569       3.53728645E-02
   11.0000000       800.000000      0.185574606       23.7995758       6.13787249E-02   2.57876203E-11   3.60123813E-05   8.49917345E-03  -3.01756768E-06  -1.36694288      0.112570010       3.57344262E-02
   12.0000000       800.000000      0.187039450       23.9845982       6.06039278E-02   2.52643843E-11   3.67409011E-05   8.39993451E-03  -1.97650206E-06  -1.36021554      0.112569712       3.60842571E-02
   13.0000000       800.000000      0.188515589       24.1725788       5.98328039E-02   2.47493189E-11   3.74687406E-05   8.30135588E-03  -9.76059937E-07  -1.35338211      0.112569481       3.64226773E-02
   2.00000000       800.000000      0.190003842       24.3626595       5.90646416E-02   2.42416677E-11   3.81952814E-05   8.20435211E-03  -3.14172759E-08  -1.34643769      0.112569451       3.67498510E-02
   3.00000000       800.000000      0.191507503       24.5538692       5.82997091E-02   2.37415920E-11   3.89208035E-05   8.10817629E-03   8.44365445E-07  -1.33936691      0.112569772       3.70658040E-02
   4.00000000       800.000000      0.193027228       24.7454605       5.75383045E-02   2.32496470E-11   3.96463402E-05   8.01328011E-03   1.64035680E-06  -1.33218086      0.112569906       3.73700522E-02
   5.00000000       800.000000      0.194553345       24.9383144       5.67800179E-02   2.27652324E-11   4.03733466E-05   7.91943446E-03   2.34776348E-06  -1.32488465      0.112570293       3.76630165E-02
   6.00000000       800.000000      0.196085945       25.1336231       5.60256802E-02   2.22882338E-11   4.11029578E-05   7.82711711E-03   2.95992663E-06  -1.31746876      0.112570859       3.79447825E-02
   7.00000000       800.000000      0.197636858       25.3313236       5.52744344E-02   2.18183492E-11   4.18349991E-05   7.73554621E-03   3.47249238E-06  -1.30994380      0.112571530       3.82138379E-02
   8.00000000       800.000000      0.199212298       25.5304661       5.45269623E-02   2.13559968E-11   4.25684339E-05   7.64465192E-03   3.88317767E-06  -1.30230415      0.112572357       3.84723060E-02
   9.00000000       800.000000      0.200781316       25.7297115       5.37836291E-02   2.09009268E-11   4.33012247E-05   7.55501632E-03   4.19207890E-06  -1.29455221      0.112573199       3.87176685E-02
   10.0000000       800.000000      0.202371761       25.9304714       5.30419610E-02   2.04530316E-11   4.40308249E-05   7.46671762E-03   4.40118993E-06  -1.28670096      0.112574093       3.89506184E-02
   11.0000000       800.000000      0.203978211       26.1335907       5.23063466E-02   2.00121638E-11   4.47558705E-05   7.37936143E-03   4.51439837E-06  -1.27871740      0.112575002       3.91699970E-02
   12.0000000       800.000000      0.205590189       26.3390236       5.15737981E-02   1.95784240E-11   4.54760193E-05   7.29247974E-03   4.53695066E-06  -1.27064180      0.112575926       3.93756181E-02
   13.0000000       800.000000      0.207215562       26.5462608       5.08445501E-02   1.91517236E-11   4.61926466E-05   7.20729679E-03   4.47536331E-06  -1.26248181      0.112576865       3.95661369E-02
   2.00000000       800.000000      0.208862230       26.7531796       5.01211248E-02   1.87319535E-11   4.69082406E-05   7.12261349E-03   4.33685591E-06  -1.25419557      0.112577759       3.97408865E-02
   3.00000000       800.000000      0.210511744       26.9634609       4.94011194E-02   1.83192680E-11   4.76250752E-05   7.03933509E-03   4.12953432E-06  -1.24580646      0.112578593       3.99009213E-02
   4.00000000       800.000000      0.212182373       27.1744270       4.86845411E-02   1.79133357E-11   4.83444128E-05   6.95665926E-03   3.86199554E-06  -1.23732495      0.112579480       4.00450975E-02
   5.00000000       800.000000      0.213867262       27.3881035       4.79725003E-02   1.75142279E-11   4.90659913E-05   6.87526073E-03   3.54349390E-06  -1.22874987      0.112580232       4.01747189E-02
   6.00000000       800.000000      0.215570495       27.6017551       4.72654812E-02   1.71217467E-11   4.97882866E-05   6.79453788E-03   3.18357002E-06  -1.22007251      0.112580799       4.02898155E-02
   7.00000000       800.000000      0.217280358       27.8196926       4.65629324E-02   1.67358731E-11   5.05095486E-05   6.71501597E-03   2.79193705E-06  -1.21130562      0.112581402       4.03905511E-02
   8.00000000       800.000000      0.218995273       28.0367794       4.58644815E-02   1.63568256E-11   5.12282859E-05   6.63584564E-03   2.37818199E-06  -1.20244575      0.112581909       4.04765457E-02
   9.00000000       800.000000      0.220740929       28.2576332       4.51717973E-02   1.59842400E-11   5.19443092E-05   6.55819150E-03   1.95162784E-06  -1.19350624      0.112582296       4.05488648E-02
   10.0000000       800.000000      0.222490728       28.4788132       4.44830731E-02   1.56181804E-11   5.26585391E-05   6.48117997E-03   1.52108544E-06  -1.18447280      0.112582684       4.06067148E-02
   11.0000000       800.000000      0.224248633       28.7025547       4.37994115E-02   1.52582912E-11   5.33719613E-05   6.40503503E-03   1.09487962E-06  -1.17537284      0.112582855       4.06520106E-02
   12.0000000       800.000000      0.226034790       28.9273281       4.31206860E-02   1.49052472E-11   5.40850160E-05   6.33028941E-03   6.80620076E-07  -1.16615903      0.112583056       4.06834520E-02
   13.0000000       800.000000      0.227838799       29.1540203       4.24473658E-02   1.45578393E-11   5.47971285E-05   6.25591027E-03   2.85120393E-07  -1.15688503      0.112583190       4.07031663E-02
   2.00000000       800.000000      0.229636580       29.3828106       4.17788886E-02   1.42171084E-11   5.55067018E-05   6.18234370E-03  -8.56517985E-08  -1.14756143      0.112583183       4.07108776E-02
   3.00000000       800.000000      0.231463313       29.6143074       4.11158279E-02   1.38824143E-11   5.62122768E-05   6.10986119E-03  -4.26644732E-07  -1.13811862      0.112583086       4.07074094E-02
   4.00000000       800.000000      0.233298600       29.8444633       4.04575765E-02   1.35542836E-11   5.69134354E-05   6.03798172E-03  -7.33764125E-07  -1.12863791      0.112583019       4.06914614E-02
   5.00000000       800.000000      0.235164225       30.0788250       3.98050882E-02   1.32315730E-11   5.76102684E-05   5.96709317E-03  -1.00388127E-06  -1.11904871      0.112582795       4.06640023E-02
   6.00000000       800.000000      0.237021416       30.3152733       3.91568244E-02   1.29149755E-11   5.83039182E-05   5.89694828E-03  -1.23481891E-06  -1.10943794      0.112582460       4.06241268E-02
   7.00000000       800.000000      0.238909259       30.5545444       3.85152884E-02   1.26041538E-11   5.89950032E-05   5.82777103E-03  -1.42528734E-06  -1.09970891      0.112582237       4.05721329E-02
   8.00000000       800.000000      0.240805298       30.7942753       3.78788486E-02   1.22996465E-11   5.96831051E-05   5.75930998E-03  -1.57488250E-06  -1.08994138      0.112581849       4.05080393E-02
   9.00000000       800.000000      0.242732763       31.0363560       3.72473970E-02   1.20000138E-11   6.03672452E-05   5.69153205E-03  -1.68398924E-06  -1.08014357      0.112581454       4.04329784E-02
   10.0000000       800.000000      0.244650185       31.2805672       3.66216861E-02   1.17065897E-11   6.10461066E-05   5.62476041E-03  -1.75370326E-06  -1.07030499      0.112581052       4.03452292E-02
   11.0000000       800.000000      0.246601894       31.5240726       3.60025726E-02   1.14186880E-11   6.17187543E-05   5.55873290E-03  -1.78578296E-06  -1.06032264      0.112580650       4.02445905E-02
   12.0000000       800.000000      0.248575494       31.7732716       3.53861265E-02   1.11360400E-11   6.23858650E-05   5.49318502E-03  -1.78253561E-06  -1.05031383      0.112580232       4.01315279E-02
   13.0000000       800.000000      0.250549018       32.0229034       3.47771198E-02   1.08594080E-11   6.30486393E-05   5.42853493E-03  -1.74667935E-06  -1.04028821      0.112579837       4.00053337E-02
   2.00000000       800.000000      0.252544135       32.2734489       3.41742188E-02   1.05875057E-11   6.37084377E-05   5.36513375E-03  -1.68138126E-06  -1.03021276      0.112579353       3.98654900E-02
   3.00000000       800.000000      0.254557490       32.5260506       3.35770026E-02   1.03219959E-11   6.43661333E-05   5.30166738E-03  -1.59008584E-06  -1.02005756      0.112578921       3.97130549E-02
   4.00000000       800.000000      0.256586730       32.7818604       3.29870358E-02   1.00611750E-11   6.50210422E-05   5.23948576E-03  -1.47652258E-06  -1.00992727      0.112578541       3.95484529E-02
   5.00000000       800.000000      0.258610994       33.0395813       3.24014015E-02   9.80538740E-12   6.56720513E-05   5.17771300E-03  -1.34455036E-06 -0.999728441      0.112578183       3.93710397E-02
   6.00000000       800.000000      0.260681123       33.2992859       3.18215638E-02   9.55491068E-12   6.63178434E-05   5.11716818E-03  -1.19813171E-06 -0.989479482      0.112577893       3.91816497E-02
   7.00000000       800.000000      0.262756377       33.5623474       3.12485807E-02   9.30971446E-12   6.69576111E-05   5.05661778E-03  -1.04113997E-06 -0.979208589      0.112577640       3.89806964E-02
   8.00000000       800.000000      0.264846563       33.8261070       3.06820888E-02   9.06955847E-12   6.75910051E-05   4.99725388E-03  -8.77308253E-07 -0.968902409      0.112577364       3.87681387E-02
   9.00000000       800.000000      0.266964108       34.0918350       3.01201046E-02   8.83392578E-12   6.82173195E-05   4.93836636E-03  -7.10215204E-07 -0.958606601      0.112577230       3.85446288E-02
   10.0000000       800.000000      0.269089431       34.3593788       2.95649134E-02   8.60402114E-12   6.88362488E-05   4.88041062E-03  -5.43212252E-07 -0.948217690      0.112577111       3.83106098E-02
   11.0000000       800.000000      0.271236569       34.6304741       2.90182438E-02   8.37843423E-12   6.94481205E-05   4.82285954E-03  -3.79370960E-07 -0.937879503      0.112577006       3.80664840E-02
   12.0000000       800.000000      0.273390830       34.9008446       2.84757745E-02   8.15793093E-12   7.00526507E-05   4.76626027E-03  -2.21413273E-07 -0.927471995      0.112576932       3.78127918E-02
   13.0000000       800.000000      0.275573671       35.1773834       2.79385243E-02   7.94167163E-12   7.06504070E-05   4.71018068E-03  -7.17651147E-08 -0.917118013      0.112576947       3.75498421E-02
   2.00000000       800.000000      0.277770936       35.4531212       2.74099149E-02   7.73037450E-12   7.12420442E-05   4.65481589E-03   6.74763498E-08 -0.906704664      0.112576954       3.72780003E-02
   3.00000000       800.000000      0.279982239       35.7325478       2.68871821E-02   7.52385133E-12   7.18279116E-05   4.59978217E-03   1.94545606E-07 -0.896342099      0.112576969       3.69977206E-02
   4.00000000       800.000000      0.282222867       36.0137329       2.63705552E-02   7.32158431E-12   7.24076162E-05   4.54588607E-03   3.08019736E-07 -0.885913908      0.112576999       3.67094912E-02
   5.00000000       800.000000      0.284471065       36.2968369       2.58602202E-02   7.12404614E-12   7.29812164E-05   4.49207146E-03   4.06819680E-07 -0.875542045      0.112577140       3.64132375E-02
   6.00000000       800.000000      0.286742091       36.5804558       2.53564939E-02   6.93061710E-12   7.35485737E-05   4.43933951E-03   4.90210084E-07 -0.865121663      0.112577289       3.61092873E-02
   7.00000000       800.000000      0.289016098       36.8690605       2.48593707E-02   6.74180200E-12   7.41098847E-05   4.38691908E-03   5.57797989E-07 -0.854739249      0.112577423       3.57977562E-02
   8.00000000       800.000000      0.291324228       37.1585426       2.43686829E-02   6.55704007E-12   7.46653313E-05   4.33539273E-03   6.09544657E-07 -0.844349265      0.112577572       3.54784541E-02
   9.00000000       800.000000      0.293644518       37.4530144       2.38838606E-02   6.37635300E-12   7.52143533E-05   4.28418349E-03   6.45724981E-07 -0.833992183      0.112577684       3.51521559E-02
   10.0000000       800.000000      0.296003997       37.7481918       2.34059244E-02   6.20001012E-12   7.57563903E-05   4.23401268E-03   6.66922119E-07 -0.823613524      0.112577893       3.48185748E-02
   11.0000000       800.000000      0.298353791       38.0451622       2.29344908E-02   6.02765060E-12   7.62905911E-05   4.18383675E-03   6.73977297E-07 -0.813284278      0.112578116       3.44774276E-02
   12.0000000       800.000000      0.300734103       38.3437805       2.24692859E-02   5.85924712E-12   7.68155223E-05   4.13482450E-03   6.67955590E-07 -0.802980304      0.112578347       3.41297090E-02
   13.0000000       800.000000      0.303147912       38.6467476       2.20108051E-02   5.69496447E-12   7.73305364E-05   4.08583693E-03   6.50096467E-07 -0.792680681      0.112578511       3.37746032E-02
   2.00000000       800.000000      0.305555582       38.9513550       2.15588920E-02   5.53424450E-12   7.78345857E-05   4.03785193E-03   6.21749962E-07 -0.782411516      0.112578683       3.34129594E-02
   3.00000000       800.000000      0.307996303       39.2577019       2.11131461E-02   5.37760765E-12   7.83281066E-05   3.99018591E-03   5.84343297E-07 -0.772185624      0.112578854       3.30443382E-02
   4.00000000       800.000000      0.310469896       39.5681572       2.06741542E-02   5.22460287E-12   7.88111865E-05   3.94336274E-03   5.39333826E-07 -0.761971354      0.112578981       3.26696597E-02
   5.00000000       800.000000      0.312931180       39.8770142       2.02415474E-02   5.07530736E-12   7.92836145E-05   3.89671698E-03   4.88184128E-07 -0.751800537      0.112579122       3.22887041E-02
   6.00000000       800.000000      0.315432847       40.1933212       1.98155902E-02   4.92965477E-12   7.97473112E-05   3.85091617E-03   4.32334872E-07 -0.741682768      0.112579256       3.19018923E-02
   7.00000000       800.000000      0.317947745       40.5082169       1.93960238E-02   4.78757702E-12   8.02019567E-05   3.80541547E-03   3.73177954E-07 -0.731607258      0.112579353       3.15103494E-02
   8.00000000       800.000000      0.320495814       40.8281288       1.89831592E-02   4.64900471E-12   8.06472381E-05   3.76059255E-03   3.12061502E-07 -0.721564054      0.112579480       3.11137978E-02
   9.00000000       800.000000      0.323059022       41.1489258       1.85764376E-02   4.51387061E-12   8.10828133E-05   3.71638732E-03   2.50268329E-07 -0.711580217      0.112579562       3.07125803E-02
   10.0000000       800.000000      0.325634599       41.4749947       1.81764271E-02   4.38209972E-12   8.15078965E-05   3.67254950E-03   1.88996935E-07 -0.701641500      0.112579651       3.03081609E-02
   11.0000000       800.000000      0.328246117       41.8027420       1.77829005E-02   4.25373885E-12   8.19217385E-05   3.62933264E-03   1.29324476E-07 -0.691760480      0.112579733       2.99007334E-02
   12.0000000       800.000000      0.330868602       42.1312904       1.73959732E-02   4.12857986E-12   8.23233859E-05   3.58646293E-03   7.22077900E-08 -0.681933224      0.112579733       2.94901244E-02
   13.0000000       800.000000      0.333499759       42.4624519       1.70152262E-02   4.00666045E-12   8.27125041E-05   3.54412710E-03   1.84732478E-08 -0.672166944      0.112579755       2.90772021E-02
   2.00000000       800.000000      0.336178690       42.7972488       1.66409407E-02   3.88784447E-12   8.30889185E-05   3.50248115E-03  -3.11779367E-08 -0.662460983      0.112579733       2.86623798E-02
   3.00000000       800.000000      0.338866234       43.1343956       1.62729621E-02   3.77214102E-12   8.34522652E-05   3.46096791E-03  -7.61913412E-08 -0.652818263      0.112579711       2.82462332E-02
   4.00000000       800.000000      0.341564178       43.4764404       1.59113351E-02   3.65942389E-12   8.38033229E-05   3.42022581E-03  -1.16129030E-07 -0.643242300      0.112579688       2.78285239E-02
   5.00000000       800.000000      0.344298780       43.8198090       1.55559396E-02   3.54967878E-12   8.41431902E-05   3.37989233E-03  -1.50678346E-07 -0.633731723      0.112579659       2.74093878E-02
   6.00000000       800.000000      0.347046673       44.1641579       1.52067067E-02   3.44284865E-12   8.44728129E-05   3.34007223E-03  -1.79634966E-07 -0.624290705      0.112579621       2.69898064E-02
   7.00000000       800.000000      0.349838823       44.5138283       1.48636708E-02   3.33884634E-12   8.47925621E-05   3.30067216E-03  -2.02912332E-07 -0.614922106      0.112579562       2.65699867E-02
   8.00000000       800.000000      0.352615893       44.8651733       1.45267667E-02   3.23761786E-12   8.51016375E-05   3.26185836E-03  -2.20532627E-07 -0.605627537      0.112579495       2.61495914E-02
   9.00000000       800.000000      0.355454803       45.2186356       1.41959563E-02   3.13911982E-12   8.53996462E-05   3.22339940E-03  -2.32616983E-07 -0.596407533      0.112579435       2.57291142E-02
   10.0000000       800.000000      0.358279139       45.5763397       1.38711613E-02   3.04330259E-12   8.56851475E-05   3.18529131E-03  -2.39396655E-07 -0.587262928      0.112579368       2.53089555E-02
   11.0000000       800.000000      0.361149102       45.9357567       1.35523742E-02   2.95008289E-12   8.59573120E-05   3.14776972E-03  -2.41168976E-07 -0.578198612      0.112579264       2.48887539E-02
   12.0000000       800.000000      0.364027262       46.2968864       1.32394750E-02   2.85939957E-12   8.62167653E-05   3.11078480E-03  -2.38312197E-07 -0.569215953      0.112579182       2.44684853E-02
   13.0000000       800.000000      0.366944253       46.6631355       1.29324235E-02   2.77115982E-12   8.64641697E-05   3.07402201E-03  -2.31250596E-07 -0.560313046      0.112579115       2.40484551E-02
   2.00000000       800.000000      0.369876415       47.0312233       1.26313129E-02   2.68544583E-12   8.67029303E-05   3.03778658E-03  -2.20465566E-07 -0.551495850      0.112579018       2.36294270E-02
   3.00000000       800.000000      0.372847915       47.4044495       1.23358341E-02   2.60210083E-12   8.69332871E-05   3.00206128E-03  -2.06459816E-07 -0.542759955      0.112578966       2.32106391E-02
   4.00000000       800.000000      0.375840873       47.7758026       1.20461918E-02   2.52110117E-12   8.71563752E-05   2.96653435E-03  -1.89783222E-07 -0.534116805      0.112578876       2.27927044E-02
   5.00000000       800.000000      0.378836393       48.1548996       1.17624272E-02   2.44238158E-12   8.73705067E-05   2.93159322E-03  -1.70984535E-07 -0.525559723      0.112578809       2.23767497E-02
   6.00000000       800.000000      0.381849557       48.5329056       1.14840735E-02   2.36591779E-12   8.75738770E-05   2.89699342E-03  -1.50622867E-07 -0.517094910      0.112578765       2.19623484E-02
   7.00000000       800.000000      0.384928495       48.9166336       1.12112658E-02   2.29164149E-12   8.77652492E-05   2.86290795E-03  -1.29238430E-07 -0.508719742      0.112578735       2.15500090E-02
   8.00000000       800.000000      0.388007849       49.3037720       1.09441206E-02   2.21947786E-12   8.79435320E-05   2.82910420E-03  -1.07339886E-07 -0.500440180      0.112578727       2.11400650E-02
   9.00000000       800.000000      0.391112477       49.6939621       1.06824413E-02   2.14942604E-12   8.81087108E-05   2.79572513E-03  -8.54063131E-08 -0.492250741      0.112578683       2.07325630E-02
   10.0000000       800.000000      0.394236952       50.0870171       1.04261497E-02   2.08140298E-12   8.82604509E-05   2.76279449E-03  -6.38616271E-08 -0.484154552      0.112578668       2.03281920E-02
   11.0000000       800.000000      0.397388846       50.4830971       1.01751108E-02   2.01536531E-12   8.83976099E-05   2.73027644E-03  -4.30673204E-08 -0.476159334      0.112578653       1.99271999E-02
   12.0000000       800.000000      0.400564700       50.8813133       9.92940366E-03   1.95128570E-12   8.85192931E-05   2.69796839E-03  -2.33383552E-08 -0.468255371      0.112578623       1.95298083E-02
   13.0000000       800.000000      0.403795749       51.2825050       9.68884863E-03   1.88908719E-12   8.86233247E-05   2.66611530E-03  -4.92707830E-09 -0.460449010      0.112578623       1.91363301E-02
   2.00000000       800.000000      0.406995207       51.6878319       9.45348479E-03   1.82872380E-12   8.87058486E-05   2.63488316E-03   1.19764652E-08 -0.452739894      0.112578601       1.87470075E-02
   3.00000000       800.000000      0.410275906       52.0953789       9.22308583E-03   1.77015976E-12   8.87686037E-05   2.60364683E-03   2.72312981E-08 -0.445126683      0.112578601       1.83621533E-02
   4.00000000       800.000000      0.413564175       52.5095062       8.99768621E-03   1.71334854E-12   8.88151408E-05   2.57301494E-03   4.07312477E-08 -0.437612683      0.112578623       1.79811995E-02
   5.00000000       800.000000      0.416869521       52.9231834       8.77715927E-03   1.65824700E-12   8.88503491E-05   2.54261470E-03   5.23997095E-08 -0.430197358      0.112578601       1.76048577E-02
   6.00000000       800.000000      0.420203984       53.3436661       8.56145937E-03   1.60480353E-12   8.88788782E-05   2.51281145E-03   6.21800353E-08 -0.422878772      0.112578616       1.72326900E-02
   7.00000000       800.000000      0.423574746       53.7655487       8.35044589E-03   1.55297682E-12   8.89051662E-05   2.48301704E-03   7.00423541E-08 -0.415656507      0.112578668       1.68654229E-02
   8.00000000       800.000000      0.426962882       54.1887779       8.14418215E-03   1.50271917E-12   8.89284129E-05   2.45380774E-03   7.59829106E-08 -0.408529550      0.112578675       1.65032111E-02
   9.00000000       800.000000      0.430381179       54.6191368       7.94241019E-03   1.45401172E-12   8.89494695E-05   2.42484035E-03   8.00311568E-08 -0.401509792      0.112578712       1.61457919E-02
   10.0000000       800.000000      0.433835030       55.0515404       7.74527295E-03   1.40675427E-12   8.89658113E-05   2.39623734E-03   8.22546014E-08 -0.394577503      0.112578757       1.57933943E-02
   11.0000000       800.000000      0.437294513       55.4855461       7.55248917E-03   1.36097416E-12   8.89766816E-05   2.36800523E-03   8.27534734E-08 -0.387747675      0.112578787       1.54458871E-02
   12.0000000       800.000000      0.440796643       55.9234009       7.36402441E-03   1.31660091E-12   8.89807125E-05   2.34020804E-03   8.16624492E-08 -0.381016195      0.112578809       1.51033960E-02
   13.0000000       800.000000      0.444335788       56.3692284       7.17985583E-03   1.27360123E-12   8.89765506E-05   2.31263228E-03   7.91396531E-08 -0.374380320      0.112578824       1.47657990E-02
   2.00000000       800.000000      0.447884768       56.8128738       6.99992711E-03   1.23193675E-12   8.89640942E-05   2.28536804E-03   7.53606457E-08 -0.367841661      0.112578854       1.44332582E-02
   3.00000000       800.000000      0.451492101       57.2652702       6.82411436E-03   1.19156941E-12   8.89408984E-05   2.25832779E-03   7.05107936E-08 -0.361397415      0.112578876       1.41056757E-02
   4.00000000       800.000000      0.455087274       57.7184486       6.65237149E-03   1.15246126E-12   8.89080256E-05   2.23171129E-03   6.47769554E-08 -0.355051726      0.112578891       1.37831233E-02
   5.00000000       800.000000      0.458740443       58.1730003       6.48463937E-03   1.11457263E-12   8.88664144E-05   2.20539933E-03   5.83430086E-08 -0.348803133      0.112578899       1.34655088E-02
   6.00000000       800.000000      0.462410837       58.6358948       6.32084720E-03   1.07788724E-12   8.88190189E-05   2.17948598E-03   5.13882448E-08 -0.342648923      0.112578921       1.31534105E-02
   7.00000000       800.000000      0.466109008       59.0983734       6.16095029E-03   1.04235847E-12   8.87675706E-05   2.15376262E-03   4.40865691E-08 -0.336589783      0.112578966       1.28461178E-02
   8.00000000       800.000000      0.469850868       59.5668716       6.00478984E-03   1.00795522E-12   8.87160786E-05   2.12827348E-03   3.66059041E-08 -0.330625117      0.112578981       1.25441542E-02
   9.00000000       800.000000      0.473630607       60.0369263       5.85232489E-03   9.74647012E-13   8.86647613E-05   2.10330030E-03   2.91042017E-08 -0.324754447      0.112579003       1.22474935E-02
   10.0000000       800.000000      0.477417022       60.5153427       5.70352422E-03   9.42397202E-13   8.86137786E-05   2.07850430E-03   2.17279084E-08 -0.318977803      0.112579033       1.19569115E-02
   11.0000000       800.000000      0.481236160       60.9947357       5.55829983E-03   9.11192237E-13   8.85614936E-05   2.05389177E-03   1.46126489E-08 -0.313292056      0.112579040       1.16719501E-02
   12.0000000       800.000000      0.485106736       61.4788399       5.41651901E-03   8.80975577E-13   8.85037080E-05   2.02977099E-03   7.87563081E-09 -0.307698637      0.112579040       1.13929333E-02
   13.0000000       800.000000      0.489003509       61.9645309       5.27819479E-03   8.51727868E-13   8.84310430E-05   2.00573565E-03   1.60541780E-09 -0.302195519      0.112579040       1.11198667E-02
   2.00000000       800.000000      0.492917389       62.4534645       5.14321215E-03   8.23420813E-13   8.83414541E-05   1.98220229E-03  -4.13235890E-09 -0.296779752      0.112579048       1.08526498E-02
   3.00000000       800.000000      0.496857613       62.9518318       5.01147611E-03   7.96022482E-13   8.82363311E-05   1.95881655E-03  -9.29229405E-09 -0.291453153      0.112579048       1.05912117E-02
   4.00000000       800.000000      0.500846684       63.4490204       4.88295453E-03   7.69503818E-13   8.81201122E-05   1.93563837E-03  -1.38441649E-08 -0.286213070      0.112579033       1.03354212E-02
   5.00000000       800.000000      0.504872501       63.9528084       4.75750910E-03   7.43846445E-13   8.80003281E-05   1.91290700E-03  -1.77677890E-08 -0.281058669      0.112579033       1.00852111E-02
   6.00000000       800.000000      0.508909047       64.4573593       4.63515054E-03   7.19019354E-13   8.78836290E-05   1.89022417E-03  -2.10495337E-08 -0.275989413      0.112579040       9.84046701E-03
   7.00000000       800.000000      0.512971818       64.9687729       4.51575080E-03   6.94980098E-13   8.77757775E-05   1.86794053E-03  -2.36820128E-08 -0.271001726      0.112579018       9.60133504E-03
   8.00000000       800.000000      0.517089903       65.4843674       4.39925492E-03   6.71736050E-13   8.76805352E-05   1.84587971E-03  -2.56657859E-08 -0.266099781      0.112579040       9.36774071E-03
   9.00000000       800.000000      0.521240056       66.0012741       4.28560004E-03   6.49225628E-13   8.75991100E-05   1.82421354E-03  -2.70110423E-08 -0.261277080      0.112579033       9.13966633E-03
   10.0000000       800.000000      0.525399923       66.5273361       4.17470234E-03   6.27455173E-13   8.75298356E-05   1.80261815E-03  -2.77396932E-08 -0.256532907      0.112579018       8.91701598E-03
   11.0000000       800.000000      0.529633105       67.0519409       4.06652596E-03   6.06384897E-13   8.74702600E-05   1.78142788E-03  -2.78868022E-08 -0.251868188      0.112579010       8.69969092E-03
   12.0000000       800.000000      0.533852458       67.5886993       3.96096054E-03   5.86002221E-13   8.74179314E-05   1.76034716E-03  -2.74982934E-08 -0.247279361      0.112579010       8.48753657E-03
   13.0000000       800.000000      0.538169861       68.1238251       3.85799143E-03   5.66275867E-13   8.73707759E-05   1.73953851E-03  -2.66300457E-08 -0.242768049      0.112578988       8.28043837E-03
   2.00000000       800.000000      0.542478204       68.6609192       3.75754712E-03   5.47190819E-13   8.73302924E-05   1.71900890E-03  -2.53425778E-08 -0.238333195      0.112578981       8.07831064E-03
   3.00000000       800.000000      0.546837091       69.2043610       3.65954963E-03   5.28724091E-13   8.72962773E-05   1.69878581E-03  -2.37005828E-08 -0.233969420      0.112578966       7.88096339E-03
   4.00000000       800.000000      0.551184714       69.7545853       3.56394192E-03   5.10859042E-13   8.72715536E-05   1.67865388E-03  -2.17671978E-08 -0.229679093      0.112578951       7.68838450E-03
   5.00000000       800.000000      0.555633724       70.3113556       3.47068859E-03   4.93577510E-13   8.72562596E-05   1.65889680E-03  -1.96052650E-08 -0.225459293      0.112578936       7.50046689E-03
   6.00000000       800.000000      0.560065687       70.8701859       3.37968930E-03   4.76856944E-13   8.72571036E-05   1.63931993E-03  -1.72771806E-08 -0.221309900      0.112578928       7.31722778E-03
   7.00000000       800.000000      0.564574599       71.4266510       3.29095940E-03   4.60680214E-13   8.72692472E-05   1.61985506E-03  -1.48399639E-08 -0.217230812      0.112578928       7.13861641E-03
   8.00000000       800.000000      0.569091976       71.9988251       3.20440251E-03   4.45032086E-13   8.73001190E-05   1.60074292E-03  -1.23487496E-08 -0.213218853      0.112578921       6.96468167E-03
   9.00000000       800.000000      0.573642910       72.5662689       3.12002655E-03   4.29895757E-13   8.73445970E-05   1.58182974E-03  -9.85191573E-09 -0.209271938      0.112578906       6.79556513E-03
   10.0000000       800.000000      0.578249216       73.1417236       3.03760241E-03   4.15251655E-13   8.74129619E-05   1.56308478E-03  -7.39702211E-09 -0.205388650      0.112578891       6.63091335E-03
   11.0000000       800.000000      0.582887828       73.7225037       2.95727863E-03   4.01088342E-13   8.75023688E-05   1.54464203E-03  -5.02695841E-09 -0.201574624      0.112578876       6.47093076E-03
   12.0000000       800.000000      0.587557673       74.3115692       2.87889899E-03   3.87375163E-13   8.76051272E-05   1.52635656E-03  -2.77711454E-09 -0.197814763      0.112578869       6.31569419E-03
   13.0000000       800.000000      0.592285097       74.9019089       2.80242669E-03   3.74118000E-13   8.77262937E-05   1.50827633E-03  -6.75852485E-10 -0.194123164      0.112578869       6.16505882E-03
   2.00000000       800.000000      0.597044110       75.4963303       2.72778515E-03   3.61280314E-13   8.78687933E-05   1.49043032E-03   1.25430366E-09 -0.190484375      0.112578869       6.01902464E-03
   3.00000000       800.000000      0.601813197       76.0937424       2.65496084E-03   3.48867907E-13   8.80291263E-05   1.47278514E-03   2.99554048E-09 -0.186902195      0.112578869       5.87745989E-03
   4.00000000       800.000000      0.606662095       76.6995621       2.58388370E-03   3.36852481E-13   8.82173699E-05   1.45532063E-03   4.53484894E-09 -0.183383018      0.112578869       5.74030494E-03
   5.00000000       800.000000      0.611538589       77.3089294       2.51450832E-03   3.25225822E-13   8.84423644E-05   1.43813819E-03   5.86227600E-09 -0.179912388      0.112578854       5.60737168E-03
   6.00000000       800.000000      0.616429627       77.9216690       2.44678953E-03   3.13974134E-13   8.87099523E-05   1.42102817E-03   6.97021818E-09 -0.176495910      0.112578869       5.47881937E-03
   7.00000000       800.000000      0.621346176       78.5425873       2.38065468E-03   3.03082808E-13   8.90330775E-05   1.40425272E-03   7.85490428E-09 -0.173130795      0.112578876       5.35447057E-03
   8.00000000       800.000000      0.626343310       79.1605453       2.31612381E-03   2.92540379E-13   8.94164332E-05   1.38759322E-03   8.51595505E-09 -0.169815049      0.112578891       5.23439003E-03
   9.00000000       800.000000      0.631355822       79.7936478       2.25306093E-03   2.82335461E-13   8.98580038E-05   1.37112779E-03   8.95773500E-09 -0.166547641      0.112578891       5.11857495E-03
   10.0000000       800.000000      0.636449695       80.4251099       2.19149166E-03   2.72455913E-13   9.03531545E-05   1.35487376E-03   9.19048126E-09 -0.163324833      0.112578891       5.00710541E-03
   11.0000000       800.000000      0.641569495       81.0633545       2.13136477E-03   2.62890350E-13   9.08917063E-05   1.33872509E-03   9.22936660E-09 -0.160147324      0.112578891       4.89980495E-03
   12.0000000       800.000000      0.646703839       81.7070923       2.07261345E-03   2.53628309E-13   9.14693737E-05   1.32280320E-03   9.09309428E-09 -0.157012880      0.112578899       4.79680486E-03
   13.0000000       800.000000      0.651862979       82.3593216       2.01521209E-03   2.44660520E-13   9.20840102E-05   1.30707072E-03   8.80259687E-09 -0.153918952      0.112578899       4.69774287E-03
   2.00000000       800.000000      0.657104909       83.0148392       1.95914553E-03   2.35979368E-13   9.27438959E-05   1.29155000E-03   8.37783443E-09 -0.150864288      0.112578906       4.60294960E-03
   3.00000000       800.000000      0.662361264       83.6720734       1.90435629E-03   2.27569943E-13   9.34573909E-05   1.27624266E-03   7.83902721E-09 -0.147845566      0.112578906       4.51177824E-03
   4.00000000       800.000000      0.667716920       84.3404617       1.85081596E-03   2.19432098E-13   9.42439365E-05   1.26100797E-03   7.20441351E-09 -0.144862995      0.112578906       4.42550145E-03
   5.00000000       800.000000      0.673070669       85.0116577       1.79855200E-03   2.11553092E-13   9.51170514E-05   1.24598853E-03   6.49289422E-09 -0.141912207      0.112578906       4.34264541E-03
   6.00000000       800.000000      0.678464949       85.6865540       1.74745929E-03   2.03919970E-13   9.60986436E-05   1.23119273E-03   5.72357983E-09 -0.138993278      0.112578906       4.26599244E-03
   7.00000000       800.000000      0.683868349       86.3630829       1.69762236E-03   1.96536811E-13   9.71625850E-05   1.21647608E-03   4.91548002E-09 -0.136099860      0.112578921       4.19234578E-03
   8.00000000       800.000000      0.689361989       87.0500107       1.64888543E-03   1.89388652E-13   9.83294231E-05   1.20205374E-03   4.08623801E-09 -0.133236393      0.112578928       4.12829919E-03
   9.00000000       800.000000      0.694936693       87.7468338       1.60133059E-03   1.82479791E-13   9.95840237E-05   1.18773861E-03   3.25792948E-09 -0.130384952      0.112578936       4.06435598E-03
   10.0000000       800.000000      0.700467765       88.4404068       1.55485189E-03   1.75786943E-13   1.00932768E-04   1.17354805E-03   2.44361509E-09 -0.127566144      0.112578936       4.01705829E-03
   11.0000000       800.000000      0.706084132       89.1438522       1.50954642E-03   1.69320707E-13   1.02321959E-04   1.15961337E-03   1.66091174E-09 -0.124736823      0.112578951       3.96261830E-03
   12.0000000       800.000000      0.711785257       89.8559036       1.46538659E-03   1.63065308E-13   1.03860628E-04   1.14582584E-03   9.19316512E-10 -0.121945478      0.112578951       3.94005235E-03
   13.0000000       800.000000      0.717506111       90.5660553       1.42229092E-03   1.57023103E-13   1.05395142E-04   1.13219384E-03   2.28286196E-10 -0.119102009      0.112578951       3.89235979E-03
   2.00000000       800.000000      0.723254204       91.2924652       1.38035754E-03   1.51190502E-13   1.07191663E-04   1.11871772E-03  -4.04281414E-10 -0.116340056      0.112578951       3.91037762E-03
   3.00000000       800.000000      0.729030788       92.0148239       1.33958191E-03   1.45567111E-13   1.08865708E-04   1.10549224E-03  -9.71403402E-10 -0.113424361      0.112578951       3.86295933E-03
   4.00000000       800.000000      0.734885931       92.7492523       1.29998173E-03   1.40147131E-13   1.11066467E-04   1.09243754E-03  -1.46851609E-09 -0.110683642      0.112578951       3.95054510E-03
   5.00000000       800.000000      0.740812361       93.4854507       1.26155862E-03   1.34937065E-13   1.12740658E-04   1.07955909E-03  -1.89192684E-09 -0.107593656      0.112578951       3.88883124E-03
   6.00000000       800.000000      0.746736884       94.2303009       1.22447649E-03   1.29934651E-13   1.15446448E-04   1.06696913E-03  -2.23800201E-09 -0.104898170      0.112578951       4.09904076E-03
   7.00000000       800.000000      0.752711892       94.9802017       1.18870137E-03   1.25141136E-13   1.16840311E-04   1.05450768E-03  -2.51181498E-09 -0.101448111      0.112578951       3.98525642E-03
   8.00000000       800.000000      0.758787692       95.7357407       1.15442160E-03   1.20573419E-13   1.20332021E-04   1.04250526E-03  -2.70245670E-09  -9.88769531E-02  0.112578951       4.41564340E-03
   9.00000000       800.000000      0.764886141       96.4991150       1.12175173E-03   1.16237884E-13   1.21454083E-04   1.03038689E-03  -2.85127655E-09  -9.47212428E-02  0.112578951       4.14683297E-03
   10.0000000       800.000000      0.770997465       97.2638321       1.09068793E-03   1.12122876E-13   1.25305480E-04   1.01922452E-03  -2.83261370E-09  -9.25043449E-02  0.112578951       5.13076317E-03
   11.0000000       800.000000      0.777200460       98.0346756       1.06215500E-03   1.08330005E-13   1.44840393E-04   1.00739731E-03  -3.07004355E-09  -8.67769942E-02  0.112578951       4.42460878E-03
   12.0000000       800.000000      0.783445537       98.8157425       1.02573493E-03   1.03787977E-13   5.97644139E-05   9.97542171E-04  -1.92303660E-20  -8.56009349E-02  0.112578951      -4.01022937E-03
   13.0000000       800.000000      0.789714217       99.6048737       1.00181869E-03   1.00566528E-13   5.95351048E-05   9.85702733E-04   6.21339108E-20  -9.30820704E-02  0.112578951      -9.47780535E-03
