   0.00000000       190.000000       3.40428352E-02   1.01702809       1.69038831E-03   1.66172371E-11  -8.21648240E-02   1.67559159       4.36701153E-12  -3.82005936E-03   1.48668756E-13  -4.63614240E-02
   1.00000000       197.000000       3.40447091E-02   1.05104125       1.66278461E-03   1.58164853E-11  -7.50884414E-02   1.56010187       3.97885638E-15  -5.39835729E-03   1.48805122E-13   1.26642454E-02
   2.00000000       200.000000       3.40499915E-02   1.08514261       1.63649418E-03   1.50779111E-11   5.57015650E-02   1.17700660      -4.55003045E-02  -2.95767630E-03  -1.54928560E-03   3.12454011E-02
   3.00000000       200.000000       3.40571664E-02   1.11914527       2.28841044E-03   2.04430552E-11  0.111804321       1.07264531      -5.78371249E-03  -3.27034271E-03  -1.74625858E-03  -2.25419104E-02
   4.00000000       200.000000       3.40652503E-02   1.15326166       3.13754729E-03   2.72008978E-11  0.122091882      0.981464505       4.34560403E-02  -4.49327519E-03  -2.65913113E-04  -3.90443243E-02
   5.00000000       200.000000       3.40752266E-02   1.18727005       4.20815358E-03   3.54358140E-11  0.110550046      0.903126478      0.115276620      -5.93088521E-03   3.66228190E-03  -5.01414239E-02
   6.00000000       200.000000       3.40886116E-02   1.22141874       5.60618890E-03   4.58914365E-11   9.17002037E-02  0.837328196      0.210497901      -7.91120622E-03   1.08380308E-02  -6.78585544E-02
   7.00000000       200.000000       3.41038704E-02   1.25543642       7.39003671E-03   5.88507576E-11   7.09548965E-02  0.782151103      0.331197441      -1.05584217E-02   2.21333802E-02  -7.97452182E-02
   8.00000000       200.000000       3.41209993E-02   1.28956389       9.41308867E-03   7.29789770E-11   5.16779236E-02  0.735170960      0.462711453      -1.33519564E-02   3.79220769E-02  -8.97642523E-02
   9.00000000       200.000000       3.41415480E-02   1.32373023       1.18017150E-02   8.91388838E-11   3.44639570E-02  0.694932640      0.569019496      -1.66860707E-02   5.73493242E-02 -0.112171590    
   10.0000000       200.000000       3.41642797E-02   1.35789859       1.47628440E-02   1.08700764E-10   2.13653818E-02  0.660507560      0.636187851      -2.10138690E-02   7.90837780E-02 -0.145144925    
   11.0000000       200.000000       3.41873281E-02   1.39207828       1.84089411E-02   1.32220068E-10   1.20063592E-02  0.630807996      0.664290309      -2.66068932E-02  0.101794146     -0.183736518    
   2.00000000       200.000000       3.42125520E-02   1.42626679       2.27082651E-02   1.59189051E-10   5.00371074E-03  0.604664981      0.639327288      -3.35816480E-02  0.123668060     -0.217045292    
   3.00000000       200.000000       3.42412032E-02   1.46045995       2.74789836E-02   1.88118743E-10   6.30841125E-04  0.581317902      0.567830741      -4.14648503E-02  0.143111944     -0.244305670    
   4.00000000       200.000000       3.42717990E-02   1.49468386       3.26015465E-02   2.18072713E-10  -2.87372968E-03  0.559813142      0.482365161      -5.03201559E-02  0.159643531     -0.273615181    
   5.00000000       200.000000       3.43041234E-02   1.52902329       3.82404551E-02   2.50056115E-10  -5.99601353E-03  0.539584398      0.350489795      -6.02289587E-02  0.171667293     -0.305041313    
   6.00000000       200.000000       3.43400165E-02   1.56331646       4.45549786E-02   2.84951840E-10  -8.58787261E-03  0.520537376      0.154666170      -7.12600425E-02  0.176978692     -0.339476347    
   7.00000000       200.000000       3.43780145E-02   1.59766877       5.15892729E-02   3.22843363E-10  -1.01336623E-02  0.502601385      -9.19367298E-02  -8.35570320E-02  0.173818201     -0.373710394    
   8.00000000       400.000000       3.44163403E-02   1.63212323       5.91147356E-02   3.62143204E-10  -1.03683993E-02  0.485729218     -0.345813930      -9.69693288E-02  0.161916107     -0.396249890    
   9.00000000       400.000000       3.44596468E-02   1.66651404       6.69837147E-02   4.01870204E-10  -9.81678162E-03  0.469904751     -0.571160078     -0.110848926      0.142235011     -0.417927444    
   10.0000000       400.000000       3.45019177E-02   1.70102203       7.52600804E-02   4.42372416E-10  -8.91013164E-03  0.455048352     -0.737937093     -0.125789866      0.116774485     -0.455639780    
   11.0000000       400.000000       3.45477760E-02   1.73553383       8.38909149E-02   4.83294849E-10  -7.86108989E-03  0.441008508     -0.813909769     -0.142310902       8.86552557E-02 -0.501511276    
   12.0000000       400.000000       3.45973931E-02   1.77006423       9.27072838E-02   5.23655785E-10  -6.80460362E-03  0.427640706     -0.769186676     -0.160466865       6.20441027E-02 -0.539402306    
   13.0000000       400.000000       3.46456654E-02   1.80469894      0.101420179       5.61882985E-10  -5.84909040E-03  0.414844006     -0.591136754     -0.179661006       4.15630788E-02 -0.552711427    
   2.00000000       400.000000       3.46989296E-02   1.83938944      0.109681152       5.96195815E-10  -5.09068277E-03  0.402571172     -0.305226833     -0.198795170       3.09718344E-02 -0.535438359    
   3.00000000       400.000000       3.47537622E-02   1.87406790      0.117215283       6.25343610E-10  -4.56964411E-03  0.390813470       2.02593673E-02 -0.216849297       3.16759348E-02 -0.495039582    
   4.00000000       400.000000       3.48123796E-02   1.90886545      0.123855069       6.48729070E-10  -4.26788535E-03  0.379573375      0.297340870     -0.233233318       4.20267843E-02 -0.441719979    
   5.00000000       400.000000       3.48717459E-02   1.94381344      0.129527435       6.66279587E-10  -4.12709638E-03  0.368844569      0.452262133     -0.247629702       5.77974766E-02 -0.383446991    
   6.00000000       400.000000       3.49331126E-02   1.97864985      0.134304732       6.78667234E-10  -4.08449396E-03  0.358620077      0.457958907     -0.259998858       7.37950802E-02 -0.327009290    
   7.00000000       400.000000       3.49960364E-02   2.01366401      0.138301119       6.86729063E-10  -4.07214696E-03  0.348886281      0.339097172     -0.270496517       8.56623501E-02 -0.277758420    
   8.00000000       400.000000       3.50628383E-02   2.04869795      0.141720265       6.91676050E-10  -4.04617004E-03  0.339628488      0.167125329     -0.279458165       9.15220231E-02 -0.240192950    
   9.00000000       400.000000       3.51311862E-02   2.08382654      0.144752607       6.94575397E-10  -3.95815074E-03  0.330830246       1.81690007E-02 -0.287356853       9.21602175E-02 -0.217652529    
   10.0000000       400.000000       3.52015831E-02   2.11898565      0.147529602       6.96154356E-10  -3.80113209E-03  0.322465032      -6.55573606E-02 -0.294765532       8.98524597E-02 -0.210506737    
   11.0000000       400.000000       3.52728553E-02   2.15418029      0.150157660       6.96965929E-10  -3.60583933E-03  0.314505726      -9.51738060E-02 -0.302192092       8.64953324E-02 -0.216721356    
   12.0000000       400.000000       3.53475511E-02   2.18945503      0.152706265       6.97363500E-10  -3.40284826E-03  0.306914151     -0.110787526     -0.310071200       8.25792402E-02 -0.234354511    
   13.0000000       400.000000       3.54251340E-02   2.22494793      0.155216932       6.97557678E-10  -3.21384589E-03  0.299652100     -0.129598945     -0.318778187       7.79880434E-02 -0.260780752    
   2.00000000       400.000000       3.55066359E-02   2.26028228      0.157745793       6.97799263E-10  -3.04034399E-03  0.292677909     -0.136163801     -0.328568935       7.31536075E-02 -0.290398061    
   3.00000000       400.000000       3.55888382E-02   2.29589605      0.160317793       6.98195224E-10  -2.85556447E-03  0.285957813     -0.114571780     -0.339423150       6.90762773E-02 -0.315204442    
   4.00000000       400.000000       3.56727764E-02   2.33153582      0.162900090       6.98601288E-10  -2.66443216E-03  0.279466003      -6.83739260E-02 -0.351030529       6.66371658E-02 -0.329118788    
   5.00000000       400.000000       3.57585363E-02   2.36718988      0.165417701       6.98693103E-10  -2.47120392E-03  0.273186952      -1.23213986E-02 -0.362932086       6.61966130E-02 -0.329720289    
   6.00000000       400.000000       3.58451568E-02   2.40296197      0.167780891       6.98119618E-10  -2.29800120E-03  0.267111093       3.43293287E-02 -0.374639541       6.74272180E-02 -0.318962544    
   7.00000000       400.000000       3.59365791E-02   2.43895650      0.169939771       6.96696589E-10  -2.16667308E-03  0.261233568       5.43313846E-02 -0.385828495       6.93797171E-02 -0.303459167    
   8.00000000       400.000000       3.60317938E-02   2.47496963      0.171880335       6.94406310E-10  -2.07737717E-03  0.255551666       3.90901044E-02 -0.396479011       7.07882047E-02 -0.289540499    
   9.00000000       400.000000       3.61256152E-02   2.51087451      0.173655480       6.91498747E-10  -2.03702971E-03  0.250056207      -4.79173847E-03 -0.406720936       7.06150979E-02 -0.280043751    
   10.0000000       400.000000       3.62243615E-02   2.54723430      0.175347149       6.88318069E-10  -2.02428759E-03  0.244739890      -5.19506633E-02 -0.416740716       6.87331706E-02 -0.276311159    
   11.0000000       400.000000       3.63236889E-02   2.58347154      0.177017093       6.85120016E-10  -2.01035733E-03  0.239595965      -7.19481856E-02 -0.426767200       6.61196932E-02 -0.276922047    
   12.0000000       400.000000       3.64281610E-02   2.61973166      0.178695455       6.82011059E-10  -1.98291847E-03  0.234616801      -4.78237979E-02 -0.436886966       6.43776506E-02 -0.277003974    
   13.0000000       400.000000       3.65312435E-02   2.65625191      0.180346146       6.78858969E-10  -1.95579836E-03  0.229794398       9.98072140E-03 -0.446976572       6.47422001E-02 -0.274326771    
   2.00000000       400.000000       3.66381556E-02   2.69287086      0.181933507       6.75529632E-10  -1.93934969E-03  0.225122496       6.09942712E-02 -0.456959307       6.69770539E-02 -0.271526664    
   3.00000000       400.000000       3.67491208E-02   2.72951531      0.183464095       6.72055134E-10  -1.93560612E-03  0.220597103       7.59294555E-02 -0.466903985       6.97673932E-02 -0.272558093    
   4.00000000       400.000000       3.68596762E-02   2.76648116      0.184994310       6.68645139E-10  -1.92237436E-03  0.216208816       6.85868412E-02 -0.477022588       7.22954795E-02 -0.276798189    
   5.00000000       400.000000       3.69738303E-02   2.80324292      0.186533645       6.65330846E-10  -1.89573737E-03  0.211952478       6.35765418E-02 -0.487341851       7.46462047E-02 -0.280179918    
   6.00000000       400.000000       3.70923392E-02   2.84031177      0.188039571       6.61957322E-10  -1.85672520E-03  0.207821772       6.99891597E-02 -0.497774482       7.72421807E-02 -0.281713486    
   7.00000000       400.000000       3.72101963E-02   2.87746811      0.189509988       6.58520294E-10  -1.81783934E-03  0.203807652       8.15476850E-02 -0.508272827       8.02766234E-02 -0.280193210    
   8.00000000       400.000000       3.73310633E-02   2.91468883      0.190893114       6.54845733E-10  -1.78098190E-03  0.199913025       8.89215022E-02 -0.518659890       8.35962594E-02 -0.278908461    
   9.00000000       400.000000       3.74547355E-02   2.95214677      0.192248210       6.51141363E-10  -1.73844118E-03  0.196127027       8.72507915E-02 -0.529132426       8.68642777E-02 -0.279820740    
   10.0000000       400.000000       3.75822932E-02   2.98967767      0.193562314       6.47363385E-10  -1.69395970E-03  0.192447677       7.53175020E-02 -0.539657116       8.96948650E-02 -0.281685442    
   11.0000000       400.000000       3.77115831E-02   3.02733731      0.194853216       6.43578635E-10  -1.64418458E-03  0.188868761       5.50852269E-02 -0.550340712       9.17721242E-02 -0.284549206    
   12.0000000       400.000000       3.78417671E-02   3.06507659      0.196140274       6.39844233E-10  -1.58959057E-03  0.185386807       3.00697666E-02 -0.561155260       9.29100439E-02 -0.287206918    
   13.0000000       400.000000       3.79736088E-02   3.10296249      0.197421104       6.36155184E-10  -1.52661116E-03  0.181999639       3.29713500E-03 -0.572115541       9.30353627E-02 -0.289649546    
   2.00000000       400.000000       3.81093584E-02   3.14102793      0.198703527       6.32532859E-10  -1.45782484E-03  0.178698704      -2.26963609E-02 -0.583194315       9.21701789E-02 -0.291231632    
   3.00000000       400.000000       3.82481478E-02   3.17926812      0.199986979       6.28973651E-10  -1.38397771E-03  0.175482139      -4.17976864E-02 -0.594353318       9.05714855E-02 -0.291397095    
   4.00000000       400.000000       3.83906849E-02   3.21746230      0.201245829       6.25395957E-10  -1.30541006E-03  0.172352642      -4.73716296E-02 -0.605526507       8.87530446E-02 -0.289444089    
   5.00000000       400.000000       3.85340862E-02   3.25593615      0.202461317       6.21739160E-10  -1.22713856E-03  0.169301525      -4.30742539E-02 -0.616618156       8.70932713E-02 -0.286818981    
   6.00000000       400.000000       3.86794209E-02   3.29459786      0.203623071       6.17982387E-10  -1.14605599E-03  0.166324154      -3.63341644E-02 -0.627671897       8.56878832E-02 -0.282697231    
   7.00000000       400.000000       3.88261117E-02   3.33332801      0.204695255       6.14012563E-10  -1.07699959E-03  0.163424179      -3.25398445E-02 -0.638529241       8.44243392E-02 -0.277156800    
   8.00000000       400.000000       3.89781781E-02   3.37215042      0.205674887       6.09833573E-10  -1.00999197E-03  0.160599664      -3.17896940E-02 -0.649236023       8.31853151E-02 -0.271503061    
   9.00000000       400.000000       3.91310640E-02   3.41121101      0.206566378       6.05465234E-10  -9.59221739E-04  0.157839790      -3.00511941E-02 -0.659736037       8.20094123E-02 -0.265365452    
   10.0000000       400.000000       3.92854065E-02   3.45050335      0.207360715       6.00887895E-10  -9.08340269E-04  0.155151516      -2.49146838E-02 -0.670044899       8.10306668E-02 -0.260469705    
   11.0000000       400.000000       3.94439995E-02   3.48992372      0.208090186       5.96200311E-10  -8.69968324E-04  0.152526706      -1.88872851E-02 -0.680242717       8.02856386E-02 -0.254806310    
   12.0000000       400.000000       3.96043137E-02   3.52931929      0.208706588       5.91269589E-10  -8.33617756E-04  0.149963498      -1.76652111E-02 -0.690186203       7.95860365E-02 -0.250035882    
   13.0000000       400.000000       3.97699885E-02   3.56905532      0.209287807       5.86324322E-10  -8.10366764E-04  0.147461087      -2.20209453E-02 -0.700089574       7.87102729E-02 -0.245852560    
   2.00000000       400.000000       3.99327539E-02   3.60901117      0.209790021       5.81241333E-10  -7.81421317E-04  0.145019010      -2.70266589E-02 -0.709782660       7.76309744E-02 -0.242903903    
   3.00000000       400.000000       4.01016437E-02   3.64905024      0.210287035       5.76228176E-10  -7.59941875E-04  0.142633647      -2.94115618E-02 -0.719529629       7.64514208E-02 -0.240156680    
   4.00000000       400.000000       4.02740240E-02   3.68916464      0.210716575       5.71115211E-10  -7.31332868E-04  0.140295476      -2.95897555E-02 -0.729084134       7.52598345E-02 -0.236981183    
   5.00000000       400.000000       4.04453352E-02   3.72949243      0.211145848       5.66086178E-10  -7.11287837E-04  0.138020486      -2.91137323E-02 -0.738658011       7.40822256E-02 -0.234188825    
   6.00000000       400.000000       4.06209007E-02   3.77015471      0.211518943       5.60988311E-10  -6.80734811E-04  0.135792792      -2.63889767E-02 -0.748070478       7.30103254E-02 -0.231664047    
   7.00000000       400.000000       4.08019014E-02   3.81062984      0.211890459       5.55970436E-10  -6.56965305E-04  0.133609414      -1.95054263E-02 -0.757522285       7.22144917E-02 -0.229250386    
   8.00000000       400.000000       4.09835242E-02   3.85157919      0.212204412       5.50883783E-10  -6.23771455E-04  0.131480634      -8.76605883E-03 -0.766819894       7.18551651E-02 -0.225712612    
   9.00000000       400.000000       4.11677249E-02   3.89264297      0.212498799       5.45826329E-10  -5.98027778E-04  0.129396513       2.81223841E-03 -0.776064515       7.19708577E-02 -0.222227946    
   10.0000000       800.000000       4.13518026E-02   3.93391180      0.212751001       5.40743783E-10  -5.61624533E-04  0.127358943       1.35634858E-02 -0.785157859       7.25317821E-02 -0.218246296    
   11.0000000       800.000000       4.15420607E-02   3.97551847      0.212955818       5.35621880E-10  -5.34947729E-04  0.125366554       2.33113654E-02 -0.794155836       7.35002309E-02 -0.213502705    
   12.0000000       800.000000       4.17331755E-02   4.01692963      0.213100255       5.30428423E-10  -5.06554730E-04  0.123414665       3.11863553E-02 -0.802938044       7.48017952E-02 -0.208836690    
   13.0000000       800.000000       4.19295840E-02   4.05884504      0.213201746       5.25211930E-10  -4.82632866E-04  0.121509388       3.49574499E-02 -0.811627388       7.62675181E-02 -0.204692304    
   2.00000000       800.000000       4.21275869E-02   4.10084629      0.213245079       5.19935484E-10  -4.59556089E-04  0.119637407       3.34251523E-02 -0.820143223       7.76756480E-02 -0.200357348    
   3.00000000       800.000000       4.23264094E-02   4.14324856      0.213250503       5.14648435E-10  -4.40074364E-04  0.117807515       2.80051883E-02 -0.828546226       7.88609236E-02 -0.196804240    
   4.00000000       800.000000       4.25276794E-02   4.18554831      0.213211074       5.09338127E-10  -4.19565215E-04  0.116018943       2.17419323E-02 -0.836841226       7.97855407E-02 -0.193686306    
   5.00000000       800.000000       4.27326299E-02   4.22826385      0.213143170       5.04042530E-10  -4.01848432E-04  0.114260040       1.65533237E-02 -0.845063567       8.04929733E-02 -0.190845624    
   6.00000000       800.000000       4.29400988E-02   4.27117634      0.213044330       4.98754538E-10  -3.81657592E-04  0.112546146       1.22538228E-02 -0.853191972       8.10191482E-02 -0.188402936    
   7.00000000       800.000000       4.31519486E-02   4.31416321      0.212925389       4.93504182E-10  -3.63070489E-04  0.110860065       9.10469331E-03 -0.861281812       8.14120471E-02 -0.186029941    
   8.00000000       800.000000       4.33655083E-02   4.35740662      0.212783039       4.88276919E-10  -3.42495245E-04  0.109209217       8.67957622E-03 -0.869288564       8.17883834E-02 -0.183547094    
   9.00000000       800.000000       4.35808785E-02   4.40067959      0.212620378       4.83084794E-10  -3.23585700E-04  0.107590660       1.04643842E-02 -0.877241194       8.22444111E-02 -0.181063369    
   10.0000000       800.000000       4.38009016E-02   4.44439697      0.212434039       4.77916373E-10  -3.04371206E-04  0.106005542       1.15947872E-02 -0.885109365       8.27522278E-02 -0.178525001    
   11.0000000       800.000000       4.40220647E-02   4.48833799      0.212227151       4.72779371E-10  -2.87873234E-04  0.104449838       1.04426369E-02 -0.892920434       8.32121149E-02 -0.175978228    
   12.0000000       800.000000       4.42490242E-02   4.53246212      0.211996555       4.67666961E-10  -2.72520585E-04  0.102924682       7.66146230E-03 -0.900645733       8.35510939E-02 -0.173506588    
   13.0000000       800.000000       4.44775447E-02   4.57707596      0.211747602       4.62590771E-10  -2.59195222E-04  0.101429008       4.16209362E-03 -0.908314884       8.37361589E-02 -0.171446189    
   2.00000000       800.000000       4.47068773E-02   4.62136841      0.211479977       4.57548444E-10  -2.46672600E-04   9.99628603E-02  -3.98347009E-04 -0.915934145       8.37183222E-02 -0.169510067    
   3.00000000       800.000000       4.49385233E-02   4.66624355      0.211196065       4.52544863E-10  -2.35943691E-04   9.85227674E-02  -5.44438092E-03 -0.923510551       8.34736302E-02 -0.167456001    
   4.00000000       800.000000       4.51754220E-02   4.71121693      0.210895896       4.47579668E-10  -2.25564378E-04   9.71083567E-02  -8.77912715E-03 -0.931025088       8.30769762E-02 -0.165427297    
   5.00000000       800.000000       4.54156250E-02   4.75678205      0.210580528       4.42654746E-10  -2.15623077E-04   9.57237110E-02  -9.86985769E-03 -0.938496888       8.26288834E-02 -0.163501292    
   6.00000000       800.000000       4.56556603E-02   4.80203438      0.210246727       4.37763215E-10  -2.06297613E-04   9.43624675E-02  -9.93733946E-03 -0.945914090       8.21752399E-02 -0.161292791    
   7.00000000       800.000000       4.59001064E-02   4.84787893      0.209894091       4.32901770E-10  -1.98223745E-04   9.30300280E-02  -9.78174806E-03 -0.953263998       8.17261413E-02 -0.158847928    
   8.00000000       800.000000       4.61495221E-02   4.89382601      0.209522262       4.28071328E-10  -1.90623818E-04   9.17189121E-02  -9.28227883E-03 -0.960535944       8.12977850E-02 -0.156641036    
   9.00000000       800.000000       4.64015417E-02   4.94037914      0.209131837       4.23271279E-10  -1.83728989E-04   9.04301777E-02  -8.72769114E-03 -0.967762470       8.08927566E-02 -0.154565528    
   10.0000000       800.000000       4.66544069E-02   4.98703766      0.208722204       4.18500457E-10  -1.77899725E-04   8.91692191E-02  -9.07722302E-03 -0.974919975       8.04692805E-02 -0.152369350    
   11.0000000       800.000000       4.69110720E-02   5.03345490      0.208297133       4.13767215E-10  -1.72348286E-04   8.79236162E-02  -9.89166740E-03 -0.982018471       8.00053701E-02 -0.150496647    
   12.0000000       800.000000       4.71705161E-02   5.08080530      0.207857773       4.09071776E-10  -1.66679063E-04   8.67035389E-02  -1.01109585E-02 -0.989079416       7.95282722E-02 -0.148875013    
   13.0000000       800.000000       4.74330559E-02   5.12793064      0.207405210       4.04415446E-10  -1.61285599E-04   8.55094641E-02  -9.71783139E-03 -0.996101081       7.90674239E-02 -0.147242159    
   2.00000000       800.000000       4.76989783E-02   5.17558718      0.206942186       3.99804134E-10  -1.56299575E-04   8.43321458E-02  -8.86439160E-03  -1.00308776       7.86446109E-02 -0.145644680    
   3.00000000       800.000000       4.79672700E-02   5.22343826      0.206470370       3.95239313E-10  -1.51307657E-04   8.31749588E-02  -7.35373097E-03  -1.01003599       7.82918334E-02 -0.144232810    
   4.00000000       800.000000       4.82396744E-02   5.27148342      0.205989912       3.90721649E-10  -1.46701757E-04   8.20344314E-02  -5.46163134E-03  -1.01695979       7.80284032E-02 -0.142835364    
   5.00000000       800.000000       4.85143214E-02   5.32006216      0.205501869       3.86249616E-10  -1.42713528E-04   8.09176043E-02  -3.98538448E-03  -1.02385640       7.78351054E-02 -0.141392961    
   6.00000000       800.000000       4.87925000E-02   5.36836243      0.205007344       3.81829401E-10  -1.38991745E-04   7.98189715E-02  -2.94157630E-03  -1.03072178       7.76914954E-02 -0.140102431    
   7.00000000       800.000000       4.90735136E-02   5.41723442      0.204506978       3.77457399E-10  -1.35597584E-04   7.87385479E-02  -2.02931440E-03  -1.03756750       7.75918365E-02 -0.138893068    
   8.00000000       800.000000       4.93605398E-02   5.46674824      0.204001024       3.73134718E-10  -1.32608679E-04   7.76792392E-02  -1.25899329E-03  -1.04439521       7.75297806E-02 -0.137659013    
   9.00000000       800.000000       4.96459454E-02   5.51635075      0.203491986       3.68861636E-10  -1.29858439E-04   7.66324177E-02  -4.30615968E-04  -1.05119765       7.75082335E-02 -0.136423782    
   10.0000000       800.000000       4.99367975E-02   5.56616688      0.202977583       3.64638986E-10  -1.27232604E-04   7.56071955E-02   6.98995427E-04  -1.05797696       7.75432661E-02 -0.135177568    
   11.0000000       800.000000       5.02316244E-02   5.61612844      0.202459306       3.60463381E-10  -1.24810060E-04   7.45986551E-02   1.88626209E-03  -1.06473625       7.76380450E-02 -0.133892164    
   12.0000000       800.000000       5.05279116E-02   5.66623640      0.201934606       3.56332547E-10  -1.22693818E-04   7.36046806E-02   2.87396694E-03  -1.07146859       7.77832046E-02 -0.132541507    
   13.0000000       800.000000       5.08273505E-02   5.71697474      0.201402366       3.52244178E-10  -1.20837278E-04   7.26276636E-02   3.62773263E-03  -1.07816851       7.79677406E-02 -0.131151736    
   2.00000000       800.000000       5.11321910E-02   5.76780939      0.200862184       3.48194362E-10  -1.19119017E-04   7.16661811E-02   4.08713054E-03  -1.08484340       7.81766176E-02 -0.129784286    
   3.00000000       800.000000       5.14377542E-02   5.81939650      0.200314432       3.44184209E-10  -1.17448719E-04   7.07200617E-02   4.31595324E-03  -1.09148133       7.83986822E-02 -0.128418371    
   4.00000000       800.000000       5.17485440E-02   5.87104797      0.199758768       3.40214634E-10  -1.15668976E-04   6.97891638E-02   4.50467039E-03  -1.09809184       7.86316916E-02 -0.127075270    
   5.00000000       800.000000       5.20629622E-02   5.92277527      0.199197218       3.36283473E-10  -1.13749586E-04   6.88723624E-02   4.71581565E-03  -1.10467434       7.88772404E-02 -0.125742167    
   6.00000000       800.000000       5.23787588E-02   5.97483015      0.198627561       3.32390976E-10  -1.11747671E-04   6.79672211E-02   4.84159729E-03  -1.11122358       7.91308060E-02 -0.124404579    
   7.00000000       800.000000       5.26992045E-02   6.02751064      0.198050797       3.28538363E-10  -1.09629473E-04   6.70801848E-02   4.83565824E-03  -1.11774540       7.93856680E-02 -0.123115256    
   8.00000000       800.000000       5.30240014E-02   6.08028364      0.197468489       3.24724359E-10  -1.07450207E-04   6.62078783E-02   4.67564352E-03  -1.12424040       7.96336606E-02 -0.121867903    
   9.00000000       800.000000       5.33496812E-02   6.13364077      0.196880579       3.20949239E-10  -1.05289109E-04   6.53490946E-02   4.34441725E-03  -1.13070917       7.98653886E-02 -0.120664768    
   10.0000000       800.000000       5.36804311E-02   6.18732548      0.196287945       3.17214893E-10  -1.03093000E-04   6.44996092E-02   3.93263111E-03  -1.13715541       8.00764635E-02 -0.119509570    
   11.0000000       800.000000       5.40157408E-02   6.24103832      0.195690006       3.13520737E-10  -1.00898673E-04   6.36669993E-02   3.51589615E-03  -1.14358199       8.02664012E-02 -0.118381642    
   12.0000000       800.000000       5.43518029E-02   6.29508209      0.195089191       3.09868242E-10  -9.87542007E-05   6.28469512E-02   3.06319050E-03  -1.14998591       8.04329515E-02 -0.117285006    
   13.0000000       800.000000       5.46922497E-02   6.34962225      0.194485813       3.06257741E-10  -9.66077132E-05   6.20382242E-02   2.58694682E-03  -1.15636885       8.05743337E-02 -0.116215013    
   2.00000000       800.000000       5.50380871E-02   6.40445566      0.193879902       3.02687708E-10  -9.45235588E-05   6.12432845E-02   2.07437272E-03  -1.16273642       8.06886256E-02 -0.115173817    
   3.00000000       800.000000       5.53847216E-02   6.45976830      0.193271905       2.99159669E-10  -9.24834094E-05   6.04560226E-02   1.52580498E-03  -1.16908574       8.07730928E-02 -0.114146180    
   4.00000000       800.000000       5.57359010E-02   6.51546860      0.192661300       2.95671237E-10  -9.04546177E-05   5.96856885E-02   9.89424996E-04  -1.17542160       8.08282495E-02 -0.113127708    
   5.00000000       800.000000       5.60912378E-02   6.57112312      0.192049235       2.92224273E-10  -8.85319387E-05   5.89248203E-02   4.69061779E-04  -1.18173635       8.08546171E-02 -0.112099700    
   6.00000000       800.000000       5.64479530E-02   6.62756824      0.191434413       2.88815499E-10  -8.66410701E-05   5.81757613E-02  -1.99224742E-05  -1.18803585       8.08534399E-02 -0.111056618    
   7.00000000       800.000000       5.68098128E-02   6.68420267      0.190816343       2.85443669E-10  -8.49005082E-05   5.74345924E-02  -4.63455886E-04  -1.19431722       8.08270648E-02 -0.109994851    
   8.00000000       800.000000       5.71758151E-02   6.74102211      0.190194249       2.82107393E-10  -8.33736631E-05   5.67071550E-02  -8.67105555E-04  -1.20057225       8.07774663E-02 -0.108877510    
   9.00000000       800.000000       5.75454868E-02   6.79867172      0.189567566       2.78807338E-10  -8.20470523E-05   5.59901893E-02  -1.22993579E-03  -1.20680904       8.07066709E-02 -0.107727297    
   10.0000000       800.000000       5.79212233E-02   6.85620070      0.188939065       2.75542117E-10  -8.08863115E-05   5.52837104E-02  -1.54020009E-03  -1.21301413       8.06174651E-02 -0.106557362    
   11.0000000       800.000000       5.82982525E-02   6.91421032      0.188307002       2.72311895E-10  -7.97754401E-05   5.45897633E-02  -1.80015236E-03  -1.21918941       8.05125460E-02 -0.105374247    
   12.0000000       800.000000       5.86755127E-02   6.97270107      0.187669978       2.69113426E-10  -7.86996607E-05   5.39033525E-02  -1.99545966E-03  -1.22533679       8.03954750E-02 -0.104183868    
   13.0000000       800.000000       5.90622984E-02   7.03143930      0.187029079       2.65950539E-10  -7.76092420E-05   5.32241687E-02  -2.13633687E-03  -1.23145497       8.02693143E-02 -0.102983020    
   2.00000000       800.000000       5.94485030E-02   7.09108067      0.186382875       2.62817240E-10  -7.65137229E-05   5.25604188E-02  -2.22508539E-03  -1.23754394       8.01371187E-02 -0.101778075    
   3.00000000       800.000000       5.98436110E-02   7.15043688      0.185732722       2.59714944E-10  -7.54393768E-05   5.19023798E-02  -2.25819438E-03  -1.24360180       8.00018087E-02 -0.100567311    
   4.00000000       800.000000       6.02373928E-02   7.21079636      0.185077533       2.56643762E-10  -7.43968340E-05   5.12543544E-02  -2.24526413E-03  -1.24961746       7.98666701E-02  -9.93567109E-02
   5.00000000       800.000000       6.06374219E-02   7.27131176      0.184417009       2.53603333E-10  -7.34194327E-05   5.06149195E-02  -2.18317076E-03  -1.25560963       7.97342435E-02  -9.81525481E-02
   6.00000000       800.000000       6.10392392E-02   7.33202028      0.183752194       2.50592463E-10  -7.25195277E-05   4.99876924E-02  -2.08205660E-03  -1.26156449       7.96071067E-02  -9.69623402E-02
   7.00000000       800.000000       6.14471473E-02   7.39313030      0.183082923       2.47611209E-10  -7.17053044E-05   4.93671522E-02  -1.94407103E-03  -1.26748085       7.94877037E-02  -9.57956985E-02
   8.00000000       800.000000       6.18590638E-02   7.45494413      0.182410017       2.44660708E-10  -7.09607775E-05   4.87531722E-02  -1.77618070E-03  -1.27337098       7.93777630E-02  -9.46594849E-02
   9.00000000       800.000000       6.22721761E-02   7.51700449      0.181733578       2.41741960E-10  -7.02543548E-05   4.81511243E-02  -1.58409798E-03  -1.27923214       7.92791545E-02  -9.35581028E-02
   10.0000000       800.000000       6.26941621E-02   7.57950735      0.181055576       2.38852188E-10  -6.95548588E-05   4.75560911E-02  -1.37273164E-03  -1.28507042       7.91930780E-02  -9.24883559E-02
   11.0000000       800.000000       6.31151870E-02   7.64244461      0.180372685       2.35995390E-10  -6.88350046E-05   4.69680130E-02  -1.14794075E-03  -1.29087460       7.91206881E-02  -9.14423913E-02
   12.0000000       800.000000       6.35424033E-02   7.70559978      0.179690376       2.33167541E-10  -6.80849334E-05   4.63919863E-02  -9.15041368E-04  -1.29663956       7.90625438E-02  -9.04085785E-02
   13.0000000       800.000000       6.39760271E-02   7.76949692      0.179003030       2.30373137E-10  -6.73095055E-05   4.58208248E-02  -6.79934048E-04  -1.30240369       7.90189803E-02  -8.93758014E-02
   2.00000000       800.000000       6.44085407E-02   7.83382225      0.178317159       2.27605601E-10  -6.65244588E-05   4.52575423E-02  -4.46818303E-04  -1.30812335       7.89902210E-02  -8.83371755E-02
   3.00000000       800.000000       6.48498610E-02   7.89831066      0.177625880       2.24870386E-10  -6.57478085E-05   4.47013639E-02  -2.20469199E-04  -1.31380773       7.89760575E-02  -8.72864500E-02
   4.00000000       800.000000       6.52926117E-02   7.96304750      0.176933557       2.22162441E-10  -6.49919966E-05   4.41533104E-02  -4.83267877E-06  -1.31947947       7.89756477E-02  -8.62223282E-02
   5.00000000       800.000000       6.57397360E-02   8.02879810      0.176240072       2.19486124E-10  -6.42641171E-05   4.36153300E-02   1.96136694E-04  -1.32511234       7.89885744E-02  -8.51400122E-02
   6.00000000       800.000000       6.61928579E-02   8.09504509      0.175544515       2.16837742E-10  -6.35658071E-05   4.30826508E-02   3.79748060E-04  -1.33070636       7.90136904E-02  -8.40419382E-02
   7.00000000       800.000000       6.66503683E-02   8.16145802      0.174844503       2.14213744E-10  -6.28928610E-05   4.25564572E-02   5.43290982E-04  -1.33628178       7.90498182E-02  -8.29279646E-02
   8.00000000       800.000000       6.71091229E-02   8.22835445      0.174141869       2.11621623E-10  -6.22338339E-05   4.20378484E-02   6.84930303E-04  -1.34180653       7.90958703E-02  -8.18018094E-02
   9.00000000       800.000000       6.75772652E-02   8.29508305      0.173434004       2.09051304E-10  -6.15726312E-05   4.15264033E-02   8.03228701E-04  -1.34730041       7.91501701E-02  -8.06671008E-02
   10.0000000       800.000000       6.80434331E-02   8.36327362      0.172724634       2.06509532E-10  -6.08887713E-05   4.10216674E-02   8.97487393E-04  -1.35274124       7.92112350E-02  -7.95278549E-02
   11.0000000       800.000000       6.85164854E-02   8.43160915      0.172014654       2.03990644E-10  -6.01632892E-05   4.05215956E-02   9.67415574E-04  -1.35815084       7.92775080E-02  -7.83865899E-02
   12.0000000       800.000000       6.89990669E-02   8.50011826      0.171295285       2.01499512E-10  -5.93855329E-05   4.00314108E-02   1.01330562E-03  -1.36352122       7.93474391E-02  -7.72427544E-02
   13.0000000       800.000000       6.94770738E-02   8.56972027      0.170576647       1.99028571E-10  -5.85591952E-05   3.95450890E-02   1.03590102E-03  -1.36885953       7.94193447E-02  -7.60970488E-02
   2.00000000       800.000000       6.99650571E-02   8.63913631      0.169854492       1.96584624E-10  -5.77004357E-05   3.90684679E-02   1.03637553E-03  -1.37413526       7.94919357E-02  -7.49490783E-02
   3.00000000       800.000000       7.04544336E-02   8.70913506      0.169126868       1.94168057E-10  -5.68299947E-05   3.85965966E-02   1.01627829E-03  -1.37938297       7.95634985E-02  -7.38036633E-02
   4.00000000       800.000000       7.09533468E-02   8.77987480      0.168395922       1.91771321E-10  -5.59643704E-05   3.81300822E-02   9.77478223E-04  -1.38457954       7.96328261E-02  -7.26669282E-02
   5.00000000       800.000000       7.14557767E-02   8.85152435      0.167662233       1.89399454E-10  -5.51068988E-05   3.76683697E-02   9.22065519E-04  -1.38972807       7.96986669E-02  -7.15464279E-02
   6.00000000       800.000000       7.19595850E-02   8.92326069      0.166923419       1.87050722E-10  -5.42488742E-05   3.72160785E-02   8.52290890E-04  -1.39484000       7.97600225E-02  -7.04476461E-02
   7.00000000       800.000000       7.24673644E-02   8.99552822      0.166183263       1.84728524E-10  -5.33770217E-05   3.67665701E-02   7.70542887E-04  -1.39989996       7.98159614E-02  -6.93701506E-02
   8.00000000       800.000000       7.29827210E-02   9.06822109      0.165441856       1.82425589E-10  -5.24819334E-05   3.63241024E-02   6.79273508E-04  -1.40493000       7.98654333E-02  -6.83101416E-02
   9.00000000       800.000000       7.35015273E-02   9.14107132      0.164695963       1.80149257E-10  -5.15648280E-05   3.58886831E-02   5.80936321E-04  -1.40989923       7.99080580E-02  -6.72623068E-02
   10.0000000       800.000000       7.40236938E-02   9.21487141      0.163950056       1.77895351E-10  -5.06350116E-05   3.54591683E-02   4.77958878E-04  -1.41484034       7.99435303E-02  -6.62207976E-02
   11.0000000       800.000000       7.45541826E-02   9.28909588      0.163199857       1.75667855E-10  -4.97045512E-05   3.50336358E-02   3.72703478E-04  -1.41974044       7.99713209E-02  -6.51820451E-02
   12.0000000       800.000000       7.50876293E-02   9.36382198      0.162450120       1.73461065E-10  -4.87832658E-05   3.46140042E-02   2.67410825E-04  -1.42460167       7.99914002E-02  -6.41432852E-02
   13.0000000       800.000000       7.56227747E-02   9.43945217      0.161696747       1.71280531E-10  -4.78781876E-05   3.41973118E-02   1.64149460E-04  -1.42941129       8.00039023E-02  -6.31019324E-02
   2.00000000       800.000000       7.61684179E-02   9.51551723      0.160941169       1.69121037E-10  -4.69920124E-05   3.37901264E-02   6.48031710E-05  -1.43417728       8.00087750E-02  -6.20559640E-02
   3.00000000       800.000000       7.67170042E-02   9.59179592      0.160184786       1.66983968E-10  -4.61234740E-05   3.33861075E-02  -2.89690597E-05  -1.43890643       8.00064877E-02  -6.10032789E-02
   4.00000000       800.000000       7.72694573E-02   9.66848755      0.159426540       1.64869451E-10  -4.52682289E-05   3.29875052E-02  -1.15745424E-04  -1.44356596       7.99976066E-02  -5.99434711E-02
   5.00000000       800.000000       7.78230131E-02   9.74612713      0.158665493       1.62777208E-10  -4.44193465E-05   3.25928070E-02  -1.94334294E-04  -1.44820154       7.99825564E-02  -5.88746890E-02
   6.00000000       800.000000       7.83851892E-02   9.82425022      0.157901153       1.60706407E-10  -4.35708098E-05   3.22038233E-02  -2.63788679E-04  -1.45276761       7.99616724E-02  -5.77958524E-02
   7.00000000       800.000000       7.89523125E-02   9.90284920      0.157135278       1.58656990E-10  -4.27194427E-05   3.18216011E-02  -3.23409331E-04  -1.45729053       7.99363106E-02  -5.67055456E-02
   8.00000000       800.000000       7.95280412E-02   9.98241329      0.156367004       1.56628002E-10  -4.18670934E-05   3.14412192E-02  -3.72739247E-04  -1.46175492       7.99066499E-02  -5.56036085E-02
   9.00000000       800.000000       8.01055804E-02   10.0623922      0.155596912       1.54617930E-10  -4.10204048E-05   3.10670491E-02  -4.11565969E-04  -1.46616781       7.98736364E-02  -5.44901788E-02
   10.0000000       800.000000       8.06882754E-02   10.1425762      0.154821262       1.52629284E-10  -4.01881989E-05   3.06985695E-02  -4.39896277E-04  -1.47051775       7.98380896E-02  -5.33672199E-02
   11.0000000       800.000000       8.12722519E-02   10.2231703      0.154044569       1.50660096E-10  -3.93786868E-05   3.03339660E-02  -4.57937625E-04  -1.47481132       7.98010230E-02  -5.22385798E-02
   12.0000000       800.000000       8.18665698E-02   10.3048105      0.153262481       1.48709614E-10  -3.85973872E-05   2.99736969E-02  -4.66073427E-04  -1.47904253       7.97627941E-02  -5.11081852E-02
   13.0000000       800.000000       8.24698508E-02   10.3871059      0.152478665       1.46778589E-10  -3.78455843E-05   2.96173226E-02  -4.64849349E-04  -1.48321795       7.97243640E-02  -4.99814004E-02
   2.00000000       800.000000       8.30690786E-02   10.4702911      0.151692361       1.44867410E-10  -3.71200731E-05   2.92663556E-02  -4.54941910E-04  -1.48731220       7.96867311E-02  -4.88623306E-02
   3.00000000       800.000000       8.36792067E-02   10.5531397      0.150902614       1.42973036E-10  -3.64144289E-05   2.89202295E-02  -4.37139592E-04  -1.49134195       7.96501040E-02  -4.77540977E-02
   4.00000000       800.000000       8.42924491E-02   10.6371202      0.150109589       1.41099257E-10  -3.57215831E-05   2.85770390E-02  -4.12318361E-04  -1.49533856       7.96153173E-02  -4.66580652E-02
   5.00000000       800.000000       8.49149227E-02   10.7222576      0.149313882       1.39245310E-10  -3.50357659E-05   2.82385591E-02  -3.81424674E-04  -1.49924946       7.95829371E-02  -4.55750935E-02
   6.00000000       800.000000       8.55400413E-02   10.8070173      0.148516014       1.37407821E-10  -3.43536594E-05   2.79035997E-02  -3.45453387E-04  -1.50310075       7.95534030E-02  -4.45039533E-02
   7.00000000       800.000000       8.61672983E-02   10.8929453      0.147717342       1.35590317E-10  -3.36738340E-05   2.75733583E-02  -3.05420312E-04  -1.50689209       7.95271173E-02  -4.34438698E-02
   8.00000000       800.000000       8.68062824E-02   10.9799843      0.146914035       1.33793546E-10  -3.29957620E-05   2.72492114E-02  -2.62352754E-04  -1.51063037       7.95042962E-02  -4.23936322E-02
   9.00000000       800.000000       8.74475688E-02   11.0664978      0.146109536       1.32011416E-10  -3.23181812E-05   2.69264448E-02  -2.17265566E-04  -1.51428044       7.94853494E-02  -4.13520522E-02
   10.0000000       800.000000       8.80924463E-02   11.1543617      0.145304754       1.30250560E-10  -3.16391415E-05   2.66088434E-02  -1.71143794E-04  -1.51788020       7.94702023E-02  -4.03170921E-02
   11.0000000       800.000000       8.87458175E-02   11.2425718      0.144496217       1.28509522E-10  -3.09562020E-05   2.62939762E-02  -1.24928396E-04  -1.52141976       7.94591606E-02  -3.92863080E-02
   12.0000000       800.000000       8.94047245E-02   11.3320246      0.143686801       1.26784278E-10  -3.02680801E-05   2.59850696E-02  -7.94964508E-05  -1.52488089       7.94520527E-02  -3.82562652E-02
   13.0000000       800.000000       9.00711343E-02   11.4218473      0.142877281       1.25078170E-10  -2.95771079E-05   2.56779790E-02  -3.56451310E-05  -1.52827752       7.94487596E-02  -3.72240208E-02
   2.00000000       800.000000       9.07422155E-02   11.5118284      0.142063022       1.23391783E-10  -2.88873434E-05   2.53753606E-02   5.91513344E-06  -1.53161263       7.94494227E-02  -3.61869037E-02
   3.00000000       800.000000       9.14164707E-02   11.6033077      0.141247451       1.21720758E-10  -2.82028723E-05   2.50770561E-02   4.45668011E-05  -1.53487027       7.94534832E-02  -3.51436883E-02
   4.00000000       800.000000       9.20993984E-02   11.6952047      0.140433595       1.20067914E-10  -2.75253878E-05   2.47804672E-02   7.97881657E-05  -1.53805733       7.94608071E-02  -3.40943225E-02
   5.00000000       800.000000       9.27866399E-02   11.7873383      0.139615476       1.18431265E-10  -2.68530257E-05   2.44897306E-02   1.11156703E-04  -1.54116750       7.94711411E-02  -3.30397785E-02
   6.00000000       800.000000       9.34779644E-02   11.8806105      0.138795018       1.16812088E-10  -2.61817750E-05   2.42006127E-02   1.38348114E-04  -1.54421794       7.94840008E-02  -3.19806784E-02
   7.00000000       800.000000       9.41774696E-02   11.9743528      0.137972802       1.15211160E-10  -2.55072609E-05   2.39173397E-02   1.61138989E-04  -1.54718137       7.94991404E-02  -3.09176072E-02
   8.00000000       800.000000       9.48819369E-02   12.0688763      0.137148067       1.13625193E-10  -2.48261113E-05   2.36356985E-02   1.79402137E-04  -1.55005693       7.95162618E-02  -2.98514199E-02
   9.00000000       800.000000       9.55979601E-02   12.1640635      0.136318669       1.12055101E-10  -2.41366160E-05   2.33577248E-02   1.93103973E-04  -1.55285954       7.95345977E-02  -2.87830271E-02
   10.0000000       800.000000       9.63135287E-02   12.2600622      0.135489076       1.10501740E-10  -2.34389372E-05   2.30830666E-02   2.02296811E-04  -1.55558085       7.95541629E-02  -2.77136229E-02
   11.0000000       800.000000       9.70358253E-02   12.3568468      0.134658828       1.08964782E-10  -2.27342480E-05   2.28118915E-02   2.07115852E-04  -1.55822265       7.95744359E-02  -2.66454108E-02
   12.0000000       800.000000       9.77677032E-02   12.4544106      0.133825064       1.07442236E-10  -2.20232978E-05   2.25446466E-02   2.07770820E-04  -1.56077147       7.95945823E-02  -2.55806409E-02
   13.0000000       800.000000       9.85076427E-02   12.5523767      0.132988021       1.05936322E-10  -2.13067233E-05   2.22787205E-02   2.04532975E-04  -1.56324172       7.96146467E-02  -2.45214812E-02
   2.00000000       800.000000       9.92456749E-02   12.6510534      0.132149965       1.04445744E-10  -2.05849501E-05   2.20183767E-02   1.97732355E-04  -1.56562424       7.96344429E-02  -2.34694984E-02
   3.00000000       800.000000       9.99961421E-02   12.7503929      0.131310135       1.02971257E-10  -1.98586531E-05   2.17592549E-02   1.87737940E-04  -1.56791258       7.96530619E-02  -2.24260762E-02
   4.00000000       800.000000      0.100751281       12.8514633      0.130466208       1.01510099E-10  -1.91285435E-05   2.15042010E-02   1.74955145E-04  -1.57012987       7.96707645E-02  -2.13921405E-02
   5.00000000       800.000000      0.101513669       12.9527330      0.129623130       1.00066101E-10  -1.83949578E-05   2.12519057E-02   1.59812145E-04  -1.57224333       7.96870068E-02  -2.03684289E-02
   6.00000000       800.000000      0.102282949       13.0543804      0.128777385       9.86369944E-11  -1.76578069E-05   2.10036729E-02   1.42749836E-04  -1.57427764       7.97015354E-02  -1.93551537E-02
   7.00000000       800.000000      0.103057869       13.1565609      0.127929524       9.72233266E-11  -1.69168088E-05   2.07566880E-02   1.24215308E-04  -1.57622182       7.97142908E-02  -1.83517020E-02
   8.00000000       800.000000      0.103839546       13.2604132      0.127080113       9.58245497E-11  -1.61718544E-05   2.05146391E-02   1.04650862E-04  -1.57806122       7.97252059E-02  -1.73569415E-02
   9.00000000       800.000000      0.104626514       13.3645535      0.126229689       9.44409620E-11  -1.54237860E-05   2.02743132E-02   8.44868337E-05  -1.57983768       7.97340274E-02  -1.63689479E-02
   10.0000000       800.000000      0.105420068       13.4691267      0.125378132       9.30727301E-11  -1.46742659E-05   2.00357568E-02   6.41365914E-05  -1.58150053       7.97407925E-02  -1.53856836E-02
   11.0000000       800.000000      0.106228657       13.5754204      0.124525450       9.17186535E-11  -1.39260401E-05   1.98020451E-02   4.39893956E-05  -1.58309281       7.97454044E-02  -1.44058345E-02
   12.0000000       800.000000      0.107034281       13.6821260      0.123671755       9.03795372E-11  -1.31819015E-05   1.95696075E-02   2.44032562E-05  -1.58458138       7.97480196E-02  -1.34277893E-02
   13.0000000       800.000000      0.107849084       13.7891541      0.122816987       8.90566718E-11  -1.24433018E-05   1.93407126E-02   5.70153361E-06  -1.58597302       7.97487646E-02  -1.24505078E-02
   2.00000000       800.000000      0.108672515       13.8981247      0.121961243       8.77466780E-11  -1.17101499E-05   1.91152319E-02  -1.18307607E-05  -1.58727217       7.97473863E-02  -1.14736548E-02
   3.00000000       800.000000      0.109497771       14.0066690      0.121103503       8.64506244E-11  -1.09802622E-05   1.88906360E-02  -2.79489705E-05  -1.58847558       7.97443464E-02  -1.04968296E-02
   4.00000000       800.000000      0.110339761       14.1170921      0.120244272       8.51696214E-11  -1.02505619E-05   1.86699592E-02  -4.24511090E-05  -1.58958924       7.97397941E-02  -9.51985829E-03
   5.00000000       800.000000      0.111177742       14.2269335      0.119383536       8.39015524E-11  -9.51791208E-06   1.84517074E-02  -5.51783342E-05  -1.59059429       7.97335431E-02  -8.54236633E-03
   6.00000000       800.000000      0.112030037       14.3394938      0.118523456       8.26482077E-11  -8.78089759E-06   1.82369519E-02  -6.60158039E-05  -1.59149122       7.97262043E-02  -7.56370742E-03
   7.00000000       800.000000      0.112885214       14.4517355      0.117661141       8.14090947E-11  -8.04039246E-06   1.80233829E-02  -7.48915918E-05  -1.59229314       7.97177330E-02  -6.58415491E-03
   8.00000000       800.000000      0.113750286       14.5650282      0.116796643       8.01822012E-11  -7.29901967E-06   1.78118926E-02  -8.17762848E-05  -1.59298599       7.97084346E-02  -5.60390903E-03
   9.00000000       800.000000      0.114624061       14.6793976      0.115932211       7.89694282E-11  -6.56034626E-06   1.76045932E-02  -8.66796472E-05  -1.59356964       7.96984285E-02  -4.62418748E-03
   10.0000000       800.000000      0.115506783       14.7940674      0.115065105       7.77692979E-11  -5.82731400E-06   1.73987616E-02  -8.96481361E-05  -1.59404588       7.96881020E-02  -3.64691392E-03
   11.0000000       800.000000      0.116393380       14.9101496      0.114197828       7.65827957E-11  -5.10124255E-06   1.71955414E-02  -9.07627764E-05  -1.59442091       7.96775892E-02  -2.67403550E-03
   12.0000000       800.000000      0.117281690       15.0272551      0.113328159       7.54089013E-11  -4.38137158E-06   1.69944577E-02  -9.01340973E-05  -1.59467280       7.96669796E-02  -1.70783931E-03
   13.0000000       800.000000      0.118191823       15.1445360      0.112458169       7.42475456E-11  -3.66530412E-06   1.67960394E-02  -8.78981955E-05  -1.59481692       7.96565935E-02  -7.50200823E-04
   2.00000000       800.000000      0.119099334       15.2630339      0.111585967       7.30995750E-11  -2.95033533E-06   1.65989678E-02  -8.42125519E-05  -1.59485078       7.96465427E-02   1.97745307E-04
   3.00000000       800.000000      0.120015435       15.3828135      0.110713989       7.19643789E-11  -2.23494021E-06   1.64060090E-02  -7.92495193E-05  -1.59477234       7.96371549E-02   1.13571063E-03
   4.00000000       800.000000      0.120940529       15.5036430      0.109839663       7.08415965E-11  -1.51955612E-06   1.62136573E-02  -7.31926775E-05  -1.59457457       7.96282068E-02   2.06369301E-03
   5.00000000       800.000000      0.121867239       15.6249332      0.108965717       6.97317898E-11  -8.06305252E-07   1.60252415E-02  -6.62317689E-05  -1.59427249       7.96201825E-02   2.98184576E-03
   6.00000000       800.000000      0.122810721       15.7464323      0.108090527       6.86345772E-11  -9.78160415E-08   1.58383008E-02  -5.85574126E-05  -1.59385276       7.96130002E-02   3.89025267E-03
   7.00000000       800.000000      0.123757191       15.8707790      0.107214428       6.75491330E-11   6.04376680E-07   1.56526826E-02  -5.03588781E-05  -1.59331441       7.96067119E-02   4.78867069E-03
   8.00000000       800.000000      0.124716990       15.9948425      0.106338881       6.64770600E-11   1.30102114E-06   1.54696647E-02  -4.18206982E-05  -1.59265625       7.96015114E-02   5.67693217E-03
   9.00000000       800.000000      0.125679165       16.1200333      0.105461791       6.54167900E-11   1.99528154E-06   1.52893113E-02  -3.31200572E-05  -1.59189677       7.95973316E-02   6.55526156E-03
   10.0000000       800.000000      0.126648560       16.2460766      0.104584947       6.43689130E-11   2.69110046E-06   1.51105253E-02  -2.44256771E-05  -1.59100306       7.95942321E-02   7.42463674E-03
   11.0000000       800.000000      0.127627030       16.3736973      0.103707783       6.33334704E-11   3.39100166E-06   1.49345398E-02  -1.58944767E-05  -1.59000361       7.95922205E-02   8.28650873E-03
   12.0000000       800.000000      0.128622070       16.5009899      0.102830768       6.23100668E-11   4.09578752E-06   1.47601143E-02  -7.66968515E-06  -1.58888292       7.95912221E-02   9.14234761E-03
   13.0000000       800.000000      0.129615709       16.6299458      0.101953097       6.12988063E-11   4.80465724E-06   1.45876640E-02   1.20625799E-07  -1.58763433       7.95911849E-02   9.99345537E-03
   2.00000000       800.000000      0.130617574       16.7607040      0.101076029       6.02999109E-11   5.51595986E-06   1.44181438E-02   7.36475977E-06  -1.58628023       7.95921758E-02   1.08406311E-02
   3.00000000       800.000000      0.131631613       16.8909397      0.100198179       5.93119581E-11   6.22865309E-06   1.42492335E-02   1.39683543E-05  -1.58479786       7.95940384E-02   1.16836997E-02
   4.00000000       800.000000      0.132658064       17.0234966       9.93204117E-02   5.83363288E-11   6.94283153E-06   1.40835186E-02   1.98550970E-05  -1.58318198       7.95967132E-02   1.25232050E-02
   5.00000000       800.000000      0.133689612       17.1564980       9.84433815E-02   5.73719787E-11   7.65917048E-06   1.39187127E-02   2.49669301E-05  -1.58146322       7.95999467E-02   1.33583378E-02
   6.00000000       800.000000      0.134727374       17.2917385       9.75660607E-02   5.64191506E-11   8.37843527E-06   1.37560442E-02   2.92641871E-05  -1.57961488       7.96038881E-02   1.41886454E-02
   7.00000000       800.000000      0.135772675       17.4260139       9.66877639E-02   5.54775600E-11   9.10095787E-06   1.35955960E-02   3.27248636E-05  -1.57763052       7.96083435E-02   1.50143709E-02
   8.00000000       800.000000      0.136831790       17.5625153       9.58092883E-02   5.45476893E-11   9.82667279E-06   1.34368539E-02   3.53443611E-05  -1.57551241       7.96132982E-02   1.58341769E-02
   9.00000000       800.000000      0.137887821       17.6995029       9.49326903E-02   5.36283656E-11   1.05557911E-05   1.32801831E-02   3.71338647E-05  -1.57328439       7.96183646E-02   1.66471172E-02
   10.0000000       800.000000      0.138969555       17.8388729       9.40553099E-02   5.27201442E-11   1.12887074E-05   1.31251868E-02   3.81193204E-05  -1.57090235       7.96236098E-02   1.74525063E-02
   11.0000000       800.000000      0.140046909       17.9775219       9.31772664E-02   5.18231985E-11   1.20255918E-05   1.29722366E-02   3.83400875E-05  -1.56841195       7.96289146E-02   1.82487238E-02
   12.0000000       800.000000      0.141143247       18.1181393       9.22992676E-02   5.09369942E-11   1.27660596E-05   1.28208939E-02   3.78471450E-05  -1.56577706       7.96343163E-02   1.90355051E-02
   13.0000000       800.000000      0.142242312       18.2606220       9.14237499E-02   5.00613301E-11   1.35091914E-05   1.26711195E-02   3.67011489E-05  -1.56301689       7.96395093E-02   1.98113006E-02
   2.00000000       800.000000      0.143348306       18.4025784       9.05462950E-02   4.91966676E-11   1.42539238E-05   1.25233410E-02   3.49705952E-05  -1.56011701       7.96445683E-02   2.05757283E-02
   3.00000000       800.000000      0.144470185       18.5468769       8.96698833E-02   4.83424481E-11   1.49995658E-05   1.23770684E-02   3.27298803E-05  -1.55709636       7.96493292E-02   2.13276539E-02
   4.00000000       800.000000      0.145599216       18.6916237       8.87945369E-02   4.74989041E-11   1.57462910E-05   1.22324014E-02   3.00574866E-05  -1.55392027       7.96536729E-02   2.20663827E-02
   5.00000000       800.000000      0.146730632       18.8387299       8.79195929E-02   4.66662195E-11   1.64946523E-05   1.20897964E-02   2.70336968E-05  -1.55064404       7.96576738E-02   2.27918532E-02
   6.00000000       800.000000      0.147886083       18.9852219       8.70453566E-02   4.58437073E-11   1.72451382E-05   1.19488882E-02   2.37394343E-05  -1.54722083       7.96612799E-02   2.35041883E-02
   7.00000000       800.000000      0.149040878       19.1336536       8.61722082E-02   4.50318949E-11   1.79975323E-05   1.18089244E-02   2.02541451E-05  -1.54365528       7.96642005E-02   2.42039245E-02
   8.00000000       800.000000      0.150206983       19.2841053       8.53001028E-02   4.42299010E-11   1.87510141E-05   1.16712470E-02   1.66550162E-05  -1.53997803       7.96666667E-02   2.48912014E-02
   9.00000000       800.000000      0.151375279       19.4338169       8.44292343E-02   4.34389295E-11   1.95052125E-05   1.15352860E-02   1.30154313E-05  -1.53614545       7.96686634E-02   2.55669001E-02
   10.0000000       800.000000      0.152559474       19.5859928       8.35596249E-02   4.26577697E-11   2.02597857E-05   1.14003457E-02   9.40430346E-06  -1.53220165       7.96700343E-02   2.62311809E-02
   11.0000000       800.000000      0.153755501       19.7391071       8.26913267E-02   4.18871535E-11   2.10149410E-05   1.12669170E-02   5.88510420E-06  -1.52812612       7.96709806E-02   2.68847551E-02
   12.0000000       800.000000      0.154966682       19.8943138       8.18241686E-02   4.11260435E-11   2.17711677E-05   1.11354413E-02   2.51481856E-06  -1.52389717       7.96713457E-02   2.75278240E-02
   13.0000000       800.000000      0.156182289       20.0499210       8.09585452E-02   4.03752413E-11   2.25283038E-05   1.10054091E-02  -6.56400857E-07  -1.51953924       7.96712264E-02   2.81613879E-02
   2.00000000       800.000000      0.157407701       20.2067699       8.00948590E-02   3.96346081E-11   2.32857219E-05   1.08771976E-02  -3.58596844E-06  -1.51507115       7.96707347E-02   2.87854262E-02
   3.00000000       800.000000      0.158632427       20.3635406       7.92325214E-02   3.89036407E-11   2.40421687E-05   1.07498402E-02  -6.23895176E-06  -1.51046383       7.96697140E-02   2.94013247E-02
   4.00000000       800.000000      0.159881696       20.5234394       7.83718303E-02   3.81823011E-11   2.47962344E-05   1.06242448E-02  -8.58811018E-06  -1.50570893       7.96683580E-02   3.00082397E-02
   5.00000000       800.000000      0.161134437       20.6836548       7.75127038E-02   3.74707973E-11   2.55470677E-05   1.05000511E-02  -1.06135931E-05  -1.50082421       7.96667039E-02   3.06064077E-02
   6.00000000       800.000000      0.162408039       20.8466339       7.66556263E-02   3.67687998E-11   2.62944650E-05   1.03777898E-02  -1.23027339E-05  -1.49581754       7.96646997E-02   3.11946683E-02
   7.00000000       800.000000      0.163673609       21.0080662       7.58002400E-02   3.60763711E-11   2.70393411E-05   1.02561889E-02  -1.36496292E-05  -1.49064505       7.96624795E-02   3.17731947E-02
   8.00000000       800.000000      0.164970547       21.1726456       7.49464333E-02   3.53932335E-11   2.77832551E-05   1.01365875E-02  -1.46543907E-05  -1.48534429       7.96601549E-02   3.23403999E-02
   9.00000000       800.000000      0.166260168       21.3390827       7.40943775E-02   3.47195397E-11   2.85278311E-05   1.00178057E-02  -1.53232431E-05  -1.47992659       7.96574876E-02   3.28959785E-02
   10.0000000       800.000000      0.167571649       21.5048828       7.32450783E-02   3.40547729E-11   2.92741624E-05   9.90104489E-03  -1.56672850E-05  -1.47438002       7.96548277E-02   3.34396474E-02
   11.0000000       800.000000      0.168884769       21.6747990       7.23972917E-02   3.33994984E-11   3.00221836E-05   9.78509616E-03  -1.57028408E-05  -1.46867645       7.96522722E-02   3.39702629E-02
   12.0000000       800.000000      0.170220941       21.8437004       7.15518147E-02   3.27531752E-11   3.07707996E-05   9.67067853E-03  -1.54502177E-05  -1.46284568       7.96495602E-02   3.44878025E-02
   13.0000000       800.000000      0.171562597       22.0148487       7.07083344E-02   3.21159141E-11   3.15186044E-05   9.55774914E-03  -1.49337911E-05  -1.45689189       7.96470866E-02   3.49912979E-02
   2.00000000       800.000000      0.172911152       22.1867790       6.98675588E-02   3.14875764E-11   3.22649721E-05   9.44655854E-03  -1.41812561E-05  -1.45081186       7.96446353E-02   3.54801975E-02
   3.00000000       800.000000      0.174262822       22.3595982       6.90291449E-02   3.08680685E-11   3.30099429E-05   9.33595374E-03  -1.32228997E-05  -1.44458020       7.96422884E-02   3.59535851E-02
   4.00000000       800.000000      0.175636902       22.5350342       6.81927875E-02   3.02575777E-11   3.37544370E-05   9.22629144E-03  -1.20908198E-05  -1.43822443       7.96402171E-02   3.64113934E-02
   5.00000000       800.000000      0.177029908       22.7109966       6.73598349E-02   2.96560415E-11   3.44994041E-05   9.11889784E-03  -1.08183121E-05  -1.43174267       7.96382055E-02   3.68529223E-02
   6.00000000       800.000000      0.178427994       22.8897495       6.65289834E-02   2.90626221E-11   3.52456227E-05   9.01217572E-03  -9.43900341E-06  -1.42511964       7.96364918E-02   3.72785293E-02
   7.00000000       800.000000      0.179832757       23.0675335       6.57022372E-02   2.84785182E-11   3.59928381E-05   8.90678074E-03  -7.98594829E-06  -1.41837823       7.96350017E-02   3.76891531E-02
   8.00000000       800.000000      0.181247130       23.2492962       6.48778304E-02   2.79028398E-11   3.67409848E-05   8.80241208E-03  -6.49129925E-06  -1.41150844       7.96339139E-02   3.80845480E-02
   9.00000000       800.000000      0.182678327       23.4303741       6.40563369E-02   2.73356615E-11   3.74897572E-05   8.69941618E-03  -4.98580675E-06  -1.40452468       7.96330348E-02   3.84652391E-02
   10.0000000       800.000000      0.184120178       23.6137962       6.32388890E-02   2.67770701E-11   3.82389335E-05   8.59784614E-03  -3.49839797E-06  -1.39741409       7.96323270E-02   3.88313048E-02
   11.0000000       800.000000      0.185574606       23.7995758       6.24240264E-02   2.62270414E-11   3.89889174E-05   8.49720091E-03  -2.05567130E-06  -1.39017248       7.96320364E-02   3.91835012E-02
   12.0000000       800.000000      0.187039450       23.9845982       6.16131201E-02   2.56851398E-11   3.97399381E-05   8.39790236E-03  -6.81504275E-07  -1.38281083       7.96318725E-02   3.95214260E-02
   13.0000000       800.000000      0.188515589       24.1725788       6.08057454E-02   2.51516100E-11   4.04912280E-05   8.29901826E-03   6.03457636E-07  -1.37532353       7.96319768E-02   3.98469344E-02
   2.00000000       800.000000      0.190003842       24.3626595       6.00011796E-02   2.46263929E-11   4.12418958E-05   8.20206478E-03   1.78189543E-06  -1.36772490       7.96322972E-02   4.01592627E-02
   3.00000000       800.000000      0.191507503       24.5538692       5.92015162E-02   2.41090151E-11   4.19908756E-05   8.10620096E-03   2.83986742E-06  -1.36000061       7.96328709E-02   4.04595882E-02
   4.00000000       800.000000      0.193027228       24.7454605       5.84048219E-02   2.35994627E-11   4.27376544E-05   8.01099092E-03   3.76682351E-06  -1.35216594       7.96336532E-02   4.07471247E-02
   5.00000000       800.000000      0.194553345       24.9383144       5.76122962E-02   2.30988735E-11   4.34820249E-05   7.91740138E-03   4.55546797E-06  -1.34421051       7.96345249E-02   4.10217829E-02
   6.00000000       800.000000      0.196085945       25.1336231       5.68238273E-02   2.26050168E-11   4.42245691E-05   7.82451965E-03   5.20161666E-06  -1.33614028       7.96355307E-02   4.12831530E-02
   7.00000000       800.000000      0.197636858       25.3313236       5.60387485E-02   2.21197834E-11   4.49663603E-05   7.73291569E-03   5.70401244E-06  -1.32795918       7.96365961E-02   4.15304862E-02
   8.00000000       800.000000      0.199212298       25.5304661       5.52577525E-02   2.16422765E-11   4.57085625E-05   7.64261046E-03   6.06400954E-06  -1.31966329       7.96377435E-02   4.17643748E-02
   9.00000000       800.000000      0.200781316       25.7297115       5.44813424E-02   2.11721959E-11   4.64519944E-05   7.55305821E-03   6.28544467E-06  -1.31125152       7.96390176E-02   4.19837087E-02
   10.0000000       800.000000      0.202371761       25.9304714       5.37091009E-02   2.07098175E-11   4.71970852E-05   7.46467849E-03   6.37437324E-06  -1.30273652       7.96403736E-02   4.21891101E-02
   11.0000000       800.000000      0.203978211       26.1335907       5.29411323E-02   2.02549106E-11   4.79434275E-05   7.37706386E-03   6.33895024E-06  -1.29410243       7.96416700E-02   4.23789099E-02
   12.0000000       800.000000      0.205590189       26.3390236       5.21774739E-02   1.98074335E-11   4.86903300E-05   7.29041779E-03   6.18925151E-06  -1.28538179       7.96429142E-02   4.25533354E-02
   13.0000000       800.000000      0.207215562       26.5462608       5.14178500E-02   1.93672283E-11   4.94368760E-05   7.20525673E-03   5.93671803E-06  -1.27653742       7.96442479E-02   4.27125059E-02
   2.00000000       800.000000      0.208862230       26.7531796       5.06622270E-02   1.89344755E-11   5.01819995E-05   7.12030102E-03   5.59408136E-06  -1.26760912       7.96453729E-02   4.28552814E-02
   3.00000000       800.000000      0.210511744       26.9634609       4.99117784E-02   1.85093572E-11   5.09251222E-05   7.03691412E-03   5.17482204E-06  -1.25857282       7.96464011E-02   4.29820977E-02
   4.00000000       800.000000      0.212182373       27.1744270       4.91672680E-02   1.80910356E-11   5.16657892E-05   6.95433933E-03   4.69279803E-06  -1.24943078       7.96474069E-02   4.30924892E-02
   5.00000000       800.000000      0.213867262       27.3881035       4.84268442E-02   1.76799391E-11   5.24037132E-05   6.87287981E-03   4.16177409E-06  -1.24021316       7.96483010E-02   4.31865938E-02
   6.00000000       800.000000      0.215570495       27.6017551       4.76915129E-02   1.72760365E-11   5.31386249E-05   6.79221144E-03   3.59548289E-06  -1.23089397       7.96489567E-02   4.32644039E-02
   7.00000000       800.000000      0.217280358       27.8196926       4.69607189E-02   1.68790780E-11   5.38701606E-05   6.71266997E-03   3.00688635E-06  -1.22148526       7.96496645E-02   4.33263816E-02
   8.00000000       800.000000      0.218995273       28.0367794       4.62359972E-02   1.64893117E-11   5.45977346E-05   6.63379719E-03   2.40841860E-06  -1.21199417       7.96501935E-02   4.33733873E-02
   9.00000000       800.000000      0.220740929       28.2576332       4.55157012E-02   1.61061962E-11   5.53209793E-05   6.55614212E-03   1.81158350E-06  -1.20240915       7.96505958E-02   4.34043445E-02
   10.0000000       800.000000      0.222490728       28.4788132       4.48015817E-02   1.57297855E-11   5.60399349E-05   6.47925073E-03   1.22703102E-06  -1.19274664       7.96509013E-02   4.34210747E-02
   11.0000000       800.000000      0.224248633       28.7025547       4.40922864E-02   1.53602981E-11   5.67549178E-05   6.40300754E-03   6.64352115E-07  -1.18299174       7.96510801E-02   4.34225872E-02
   12.0000000       800.000000      0.226034790       28.9273281       4.33890373E-02   1.49976333E-11   5.74660808E-05   6.32794062E-03   1.31969884E-07  -1.17319381       7.96511024E-02   4.34104614E-02
   13.0000000       800.000000      0.227838799       29.1540203       4.26903889E-02   1.46417496E-11   5.81735439E-05   6.25395589E-03  -3.62892877E-07  -1.16331935       7.96510130E-02   4.33851257E-02
   2.00000000       800.000000      0.229636580       29.3828106       4.19990085E-02   1.42922618E-11   5.88771218E-05   6.18042424E-03  -8.14200121E-07  -1.15336740       7.96508342E-02   4.33462337E-02
   3.00000000       800.000000      0.231463313       29.6143074       4.13127467E-02   1.39490390E-11   5.95761921E-05   6.10752543E-03  -1.21709172E-06  -1.14333761       7.96505660E-02   4.32946943E-02
   4.00000000       800.000000      0.233298600       29.8444633       4.06306498E-02   1.36121123E-11   6.02703440E-05   6.03595795E-03  -1.56787303E-06  -1.13321209       7.96502233E-02   4.32308801E-02
   5.00000000       800.000000      0.235164225       30.0788250       3.99566367E-02   1.32817169E-11   6.09587478E-05   5.96508896E-03  -1.86397529E-06  -1.12307131       7.96498358E-02   4.31533866E-02
   6.00000000       800.000000      0.237021416       30.3152733       3.92864160E-02   1.29579073E-11   6.16420730E-05   5.89495385E-03  -2.10391704E-06  -1.11284542       7.96492770E-02   4.30637673E-02
   7.00000000       800.000000      0.238909259       30.5545444       3.86232622E-02   1.26404234E-11   6.23216401E-05   5.82586089E-03  -2.28723593E-06  -1.10256279       7.96486959E-02   4.29608449E-02
   8.00000000       800.000000      0.240805298       30.7942753       3.79662253E-02   1.23282088E-11   6.29991773E-05   5.75740170E-03  -2.41448561E-06  -1.09228528       7.96480700E-02   4.28453051E-02
   9.00000000       800.000000      0.242732763       31.0363560       3.73159498E-02   1.20224768E-11   6.36761615E-05   5.68962470E-03  -2.48713741E-06  -1.08184445       7.96474889E-02   4.27158363E-02
   10.0000000       800.000000      0.244650185       31.2805672       3.66716757E-02   1.17227374E-11   6.43532840E-05   5.62286051E-03  -2.50770086E-06  -1.07142150       7.96468630E-02   4.25740555E-02
   11.0000000       800.000000      0.246601894       31.5240726       3.60335223E-02   1.14290062E-11   6.50295551E-05   5.55683719E-03  -2.47958656E-06  -1.06097114       7.96462744E-02   4.24193628E-02
   12.0000000       800.000000      0.248575494       31.7732716       3.54003832E-02   1.11409337E-11   6.57028722E-05   5.49130328E-03  -2.40702843E-06  -1.05045748       7.96456933E-02   4.22522612E-02
   13.0000000       800.000000      0.250549018       32.0229034       3.47743221E-02   1.08583195E-11   6.63704486E-05   5.42710861E-03  -2.29492912E-06  -1.03981352       7.96450451E-02   4.20714505E-02
   2.00000000       800.000000      0.252544135       32.2734489       3.41544747E-02   1.05816484E-11   6.70306836E-05   5.36323944E-03  -2.14867691E-06  -1.02927518       7.96445087E-02   4.18779589E-02
   3.00000000       800.000000      0.254557490       32.5260506       3.35395001E-02   1.03100410E-11   6.76834243E-05   5.30027878E-03  -1.97385225E-06  -1.01859224       7.96439871E-02   4.16710079E-02
   4.00000000       800.000000      0.256586730       32.7818604       3.29335928E-02   1.00449891E-11   6.83293183E-05   5.23762498E-03  -1.77618904E-06  -1.00796783       7.96435848E-02   4.14509363E-02
   5.00000000       800.000000      0.258610994       33.0395813       3.23328003E-02   9.78515793E-12   6.89698791E-05   5.17630111E-03  -1.56130625E-06 -0.997270405       7.96431750E-02   4.12179194E-02
   6.00000000       800.000000      0.260681123       33.2992859       3.17381173E-02   9.53004342E-12   6.96056377E-05   5.11531904E-03  -1.33475055E-06 -0.986544371       7.96428323E-02   4.09721732E-02
   7.00000000       800.000000      0.262756377       33.5623474       3.11513450E-02   9.28103080E-12   7.02360630E-05   5.05520590E-03  -1.10169412E-06 -0.975801647       7.96425492E-02   4.07149643E-02
   8.00000000       800.000000      0.264846563       33.8261070       3.05706430E-02   9.03735420E-12   7.08591906E-05   4.99553699E-03  -8.67077858E-07 -0.965055346       7.96422660E-02   4.04466391E-02
   9.00000000       800.000000      0.266964108       34.0918350       2.99977157E-02   8.79827201E-12   7.14733615E-05   4.93696285E-03  -6.35411141E-07 -0.954296410       7.96421319E-02   4.01670486E-02
   10.0000000       800.000000      0.269089431       34.3593788       2.94312164E-02   8.56485109E-12   7.20779572E-05   4.87893028E-03  -4.10756996E-07 -0.943528891       7.96420351E-02   3.98770273E-02
   11.0000000       800.000000      0.271236569       34.6304741       2.88718753E-02   8.33611305E-12   7.26731814E-05   4.82151657E-03  -1.96699460E-07 -0.932756782       7.96419606E-02   3.95769961E-02
   12.0000000       800.000000      0.273390830       34.9008446       2.83177570E-02   8.11273271E-12   7.32597691E-05   4.76456061E-03   3.69476227E-09 -0.921985567       7.96419755E-02   3.92673016E-02
   13.0000000       800.000000      0.275573671       35.1773834       2.77721360E-02   7.89413066E-12   7.38388626E-05   4.70849266E-03   1.87864487E-07 -0.911213517       7.96420425E-02   3.89484391E-02
   2.00000000       800.000000      0.277770936       35.4531212       2.72324905E-02   7.68027222E-12   7.44108474E-05   4.65302868E-03   3.53731053E-07 -0.900445879       7.96421245E-02   3.86210009E-02
   3.00000000       800.000000      0.279982239       35.7325478       2.66996045E-02   7.47153641E-12   7.49752944E-05   4.59845457E-03   4.99722830E-07 -0.889679193       7.96422735E-02   3.82855199E-02
   4.00000000       800.000000      0.282222867       36.0137329       2.61737518E-02   7.26731869E-12   7.55318033E-05   4.54425439E-03   6.24742142E-07 -0.878920436       7.96424598E-02   3.79421189E-02
   5.00000000       800.000000      0.284471065       36.2968369       2.56550442E-02   7.06755314E-12   7.60795956E-05   4.49083000E-03   7.28171415E-07 -0.868178308       7.96426386E-02   3.75912413E-02
   6.00000000       800.000000      0.286742091       36.5804558       2.51434725E-02   6.87261099E-12   7.66185913E-05   4.43772459E-03   8.09845574E-07 -0.857445657       7.96428770E-02   3.72330695E-02
   7.00000000       800.000000      0.289016098       36.8690605       2.46389788E-02   6.68195447E-12   7.71492050E-05   4.38571349E-03   8.70018653E-07 -0.846724689       7.96430930E-02   3.68675105E-02
   8.00000000       800.000000      0.291324228       37.1585426       2.41413936E-02   6.49592576E-12   7.76714369E-05   4.33415640E-03   9.09330424E-07 -0.836033344       7.96433687E-02   3.64951640E-02
   9.00000000       800.000000      0.293644518       37.4530144       2.36507673E-02   6.31401225E-12   7.81852650E-05   4.28295089E-03   9.28766724E-07 -0.825375497       7.96436593E-02   3.61157656E-02
   10.0000000       800.000000      0.296003997       37.7481918       2.31662821E-02   6.13650884E-12   7.86907403E-05   4.23242431E-03   9.29621308E-07 -0.814739823       7.96439275E-02   3.57296839E-02
   11.0000000       800.000000      0.298353791       38.0451622       2.26895139E-02   5.96332228E-12   7.91871207E-05   4.18275455E-03   9.13456233E-07 -0.804146588       7.96442255E-02   3.53375338E-02
   12.0000000       800.000000      0.300734103       38.3437805       2.22194009E-02   5.79420713E-12   7.96727763E-05   4.13329480E-03   8.82017559E-07 -0.793558180       7.96444491E-02   3.49385776E-02
   13.0000000       800.000000      0.303147912       38.6467476       2.17562709E-02   5.62909658E-12   8.01467540E-05   4.08464577E-03   8.37187372E-07 -0.783033609       7.96446651E-02   3.45338248E-02
   2.00000000       800.000000      0.305555582       38.9513550       2.12999601E-02   5.46790824E-12   8.06075550E-05   4.03666217E-03   7.80908863E-07 -0.772542298       7.96449259E-02   3.41230147E-02
   3.00000000       800.000000      0.307996303       39.2577019       2.08506901E-02   5.31079651E-12   8.10549827E-05   3.98915587E-03   7.15137162E-07 -0.762107611       7.96451718E-02   3.37063149E-02
   4.00000000       800.000000      0.310469896       39.5681572       2.04083435E-02   5.15741529E-12   8.14892483E-05   3.94218229E-03   6.41796760E-07 -0.751703620       7.96454102E-02   3.32837738E-02
   5.00000000       800.000000      0.312931180       39.8770142       1.99728683E-02   5.00795629E-12   8.19115085E-05   3.89573886E-03   5.62766445E-07 -0.741360903       7.96455666E-02   3.28563526E-02
   6.00000000       800.000000      0.315432847       40.1933212       1.95443910E-02   4.86220612E-12   8.23236333E-05   3.84990056E-03   4.79865037E-07 -0.731057346       7.96456933E-02   3.24242450E-02
   7.00000000       800.000000      0.317947745       40.5082169       1.91227831E-02   4.72012490E-12   8.27274780E-05   3.80428531E-03   3.94840953E-07 -0.720822036       7.96458274E-02   3.19876932E-02
   8.00000000       800.000000      0.320495814       40.8281288       1.87081862E-02   4.58163065E-12   8.31243015E-05   3.75946355E-03   3.09397251E-07 -0.710637212       7.96459317E-02   3.15471292E-02
   9.00000000       800.000000      0.323059022       41.1489258       1.83002539E-02   4.44670082E-12   8.35145984E-05   3.71542969E-03   2.25158558E-07 -0.700516343       7.96459988E-02   3.11033633E-02
   10.0000000       800.000000      0.325634599       41.4749947       1.78993177E-02   4.31524911E-12   8.38970664E-05   3.67157999E-03   1.43625087E-07 -0.690455258       7.96460435E-02   3.06573361E-02
   11.0000000       800.000000      0.328246117       41.8027420       1.75049864E-02   4.18720484E-12   8.42697918E-05   3.62838036E-03   6.61369768E-08 -0.680469394       7.96460733E-02   3.02092582E-02
   12.0000000       800.000000      0.330868602       42.1312904       1.71175823E-02   4.06253807E-12   8.46299517E-05   3.58553254E-03  -6.15988949E-09 -0.670544922       7.96460658E-02   2.97596287E-02
   13.0000000       800.000000      0.333499759       42.4624519       1.67368148E-02   3.94108964E-12   8.49763965E-05   3.54323653E-03  -7.23170928E-08 -0.660699785       7.96460435E-02   2.93091219E-02
   2.00000000       800.000000      0.336178690       42.7972488       1.63628142E-02   3.82288081E-12   8.53078454E-05   3.50155029E-03  -1.31605802E-07 -0.650921404       7.96459839E-02   2.88578495E-02
   3.00000000       800.000000      0.338866234       43.1343956       1.59955006E-02   3.70777454E-12   8.56244878E-05   3.46022449E-03  -1.83495246E-07 -0.641216040       7.96459243E-02   2.84056142E-02
   4.00000000       800.000000      0.341564178       43.4764404       1.56345814E-02   3.59578968E-12   8.59273277E-05   3.41952289E-03  -2.27640456E-07 -0.631588638       7.96458721E-02   2.79529449E-02
   5.00000000       800.000000      0.344298780       43.8198090       1.52803613E-02   3.48683105E-12   8.62178713E-05   3.37916915E-03  -2.63863342E-07 -0.622044086       7.96457604E-02   2.75011808E-02
   6.00000000       800.000000      0.347046673       44.1641579       1.49325691E-02   3.38078632E-12   8.64975518E-05   3.33940564E-03  -2.92159513E-07 -0.612579525       7.96456262E-02   2.70495731E-02
   7.00000000       800.000000      0.349838823       44.5138283       1.45911798E-02   3.27763836E-12   8.67655472E-05   3.30002047E-03  -3.12660632E-07 -0.603194714       7.96455219E-02   2.65984554E-02
   8.00000000       800.000000      0.352615893       44.8651733       1.42561896E-02   3.17732320E-12   8.70214571E-05   3.26118222E-03  -3.25645175E-07 -0.593894660       7.96453953E-02   2.61484049E-02
   9.00000000       800.000000      0.355454803       45.2186356       1.39274187E-02   3.07975780E-12   8.72636519E-05   3.22276168E-03  -3.31516844E-07 -0.584679425       7.96452761E-02   2.57000104E-02
   10.0000000       800.000000      0.358279139       45.5763397       1.36050098E-02   2.98485260E-12   8.74906473E-05   3.18471156E-03  -3.30784900E-07 -0.575551510       7.96451420E-02   2.52520703E-02
   11.0000000       800.000000      0.361149102       45.9357567       1.32885948E-02   2.89260890E-12   8.77025304E-05   3.14714783E-03  -3.24021528E-07 -0.566512346       7.96450227E-02   2.48058252E-02
   12.0000000       800.000000      0.364027262       46.2968864       1.29784979E-02   2.80296641E-12   8.79007275E-05   3.11002927E-03  -3.11870480E-07 -0.557562888       7.96449259E-02   2.43607983E-02
   13.0000000       800.000000      0.366944253       46.6631355       1.26742832E-02   2.71583797E-12   8.80878652E-05   3.07359383E-03  -2.95002849E-07 -0.548704267       7.96448439E-02   2.39173640E-02
   2.00000000       800.000000      0.369876415       47.0312233       1.23762460E-02   2.63120732E-12   8.82662425E-05   3.03735444E-03  -2.74124687E-07 -0.539938748       7.96447396E-02   2.34753545E-02
   3.00000000       800.000000      0.372847915       47.4044495       1.20838750E-02   2.54895519E-12   8.84379333E-05   3.00153578E-03  -2.49974534E-07 -0.531267107       7.96446651E-02   2.30358634E-02
   4.00000000       800.000000      0.375840873       47.7758026       1.17976265E-02   2.46907356E-12   8.86019698E-05   2.96602794E-03  -2.23304383E-07 -0.522693992       7.96445534E-02   2.25988291E-02
   5.00000000       800.000000      0.378836393       48.1548996       1.15173263E-02   2.39149304E-12   8.87558126E-05   2.93116760E-03  -1.94854906E-07 -0.514214337       7.96445012E-02   2.21639983E-02
   6.00000000       800.000000      0.381849557       48.5329056       1.12425927E-02   2.31615313E-12   8.88952127E-05   2.89666024E-03  -1.65336587E-07 -0.505834877       7.96444565E-02   2.17324980E-02
   7.00000000       800.000000      0.384928495       48.9166336       1.09734926E-02   2.24300634E-12   8.90160809E-05   2.86249258E-03  -1.35399702E-07 -0.497550219       7.96444044E-02   2.13041883E-02
   8.00000000       800.000000      0.388007849       49.3037720       1.07101044E-02   2.17201821E-12   8.91157106E-05   2.82870349E-03  -1.05625084E-07 -0.489366710       7.96443671E-02   2.08795518E-02
   9.00000000       800.000000      0.391112477       49.6939621       1.04522705E-02   2.10310480E-12   8.91937088E-05   2.79533351E-03  -7.65145529E-08 -0.481283844       7.96443224E-02   2.04586908E-02
   10.0000000       800.000000      0.394236952       50.0870171       1.01998933E-02   2.03623815E-12   8.92508033E-05   2.76244222E-03  -4.84873688E-08 -0.473297030       7.96443075E-02   2.00417489E-02
   11.0000000       800.000000      0.397388846       50.4830971       9.95297078E-03   1.97135385E-12   8.92894968E-05   2.72992603E-03  -2.18993090E-08 -0.465416908       7.96443000E-02   1.96288861E-02
   12.0000000       800.000000      0.400564700       50.8813133       9.71127301E-03   1.90841678E-12   8.93150136E-05   2.69785430E-03   2.93679148E-09 -0.457635552       7.96443000E-02   1.92202628E-02
   13.0000000       800.000000      0.403795749       51.2825050       9.47490521E-03   1.84735755E-12   8.93315882E-05   2.66599795E-03   2.57404391E-08 -0.449955940       7.96443075E-02   1.88166816E-02
   2.00000000       800.000000      0.406995207       51.6878319       9.24371928E-03   1.78815914E-12   8.93425749E-05   2.63454951E-03   4.62698857E-08 -0.442379504       7.96443298E-02   1.84174795E-02
   3.00000000       800.000000      0.410275906       52.0953789       9.01760347E-03   1.73071681E-12   8.93533943E-05   2.60353670E-03   6.43102069E-08 -0.434905469       7.96443447E-02   1.80233289E-02
   4.00000000       800.000000      0.413564175       52.5095062       8.79651867E-03   1.67504747E-12   8.93678589E-05   2.57298234E-03   7.96892650E-08 -0.427531540       7.96443820E-02   1.76346861E-02
   5.00000000       800.000000      0.416869521       52.9231834       8.58032610E-03   1.62106190E-12   8.93865654E-05   2.54252111E-03   9.22912520E-08 -0.420260280       7.96444267E-02   1.72515716E-02
   6.00000000       800.000000      0.420203984       53.3436661       8.36900808E-03   1.56872334E-12   8.94061523E-05   2.51255766E-03   1.02075973E-07 -0.413092852       7.96444565E-02   1.68743357E-02
   7.00000000       800.000000      0.423574746       53.7655487       8.16238299E-03   1.51800588E-12   8.94195909E-05   2.48298841E-03   1.09082599E-07 -0.406025827       7.96445236E-02   1.65030845E-02
   8.00000000       800.000000      0.426962882       54.1887779       7.96047598E-03   1.46881736E-12   8.94179466E-05   2.45379773E-03   1.13429280E-07 -0.399057776       7.96445385E-02   1.61380544E-02
   9.00000000       800.000000      0.430381179       54.6191368       7.76303886E-03   1.42117579E-12   8.93939068E-05   2.42481730E-03   1.15296984E-07 -0.392185062       7.96445906E-02   1.57787651E-02
   10.0000000       800.000000      0.433835030       55.0515404       7.57017918E-03   1.37498194E-12   8.93438628E-05   2.39623175E-03   1.14903010E-07 -0.385418177       7.96446428E-02   1.54250320E-02
   11.0000000       800.000000      0.437294513       55.4855461       7.38167251E-03   1.33021589E-12   8.92696407E-05   2.36800499E-03   1.12475369E-07 -0.378746390       7.96446726E-02   1.50766745E-02
   12.0000000       800.000000      0.440796643       55.9234009       7.19755609E-03   1.28683999E-12   8.91771924E-05   2.34021293E-03   1.08243604E-07 -0.372182697       7.96447247E-02   1.47334263E-02
   13.0000000       800.000000      0.444335788       56.3692284       7.01766973E-03   1.24482943E-12   8.90749361E-05   2.31263437E-03   1.02426391E-07 -0.365711480       7.96447620E-02   1.43956188E-02
   2.00000000       800.000000      0.447884768       56.8128738       6.84196642E-03   1.20413564E-12   8.89716757E-05   2.28537596E-03   9.52399830E-08 -0.359332353       7.96447992E-02   1.40635669E-02
   3.00000000       800.000000      0.451492101       57.2652702       6.67040143E-03   1.16471752E-12   8.88736322E-05   2.25840672E-03   8.69055725E-08 -0.353061169       7.96448514E-02   1.37355588E-02
   4.00000000       800.000000      0.455087274       57.7184486       6.50281226E-03   1.12654070E-12   8.87841161E-05   2.23173993E-03   7.76546969E-08 -0.346881479       7.96448812E-02   1.34143066E-02
   5.00000000       800.000000      0.458740443       58.1730003       6.33918494E-03   1.08958090E-12   8.87032656E-05   2.20548688E-03   6.77343266E-08 -0.340802401       7.96449110E-02   1.30981710E-02
   6.00000000       800.000000      0.462410837       58.6358948       6.17950456E-03   1.05378325E-12   8.86277267E-05   2.17959331E-03   5.73976386E-08 -0.334817439       7.96449408E-02   1.27880350E-02
   7.00000000       800.000000      0.466109008       59.0983734       6.02368172E-03   1.01913302E-12   8.85517074E-05   2.15387275E-03   4.68932164E-08 -0.328927785       7.96449706E-02   1.24838687E-02
   8.00000000       800.000000      0.469850868       59.5668716       5.87150361E-03   9.85587805E-13   8.84677502E-05   2.12848908E-03   3.64521568E-08 -0.323133290       7.96449855E-02   1.21856062E-02
   9.00000000       800.000000      0.473630607       60.0369263       5.72297163E-03   9.53107818E-13   8.83674729E-05   2.10335758E-03   2.62718114E-08 -0.317430228       7.96449929E-02   1.18936198E-02
   10.0000000       800.000000      0.477417022       60.5153427       5.57804853E-03   9.21673978E-13   8.82457462E-05   2.07856414E-03   1.65147593E-08 -0.311820805       7.96450227E-02   1.16076963E-02
   11.0000000       800.000000      0.481236160       60.9947357       5.43662719E-03   8.91245899E-13   8.81053493E-05   2.05417816E-03   7.31231609E-09 -0.306302518       7.96450227E-02   1.13274222E-02
   12.0000000       800.000000      0.485106736       61.4788399       5.29862382E-03   8.61792625E-13   8.79511863E-05   2.02989765E-03  -1.22942212E-09 -0.300874472       7.96450302E-02   1.10529941E-02
   13.0000000       800.000000      0.489003509       61.9645309       5.16398251E-03   8.33297082E-13   8.77904604E-05   2.00602412E-03  -9.02866049E-09 -0.295537412       7.96450078E-02   1.07843820E-02
   2.00000000       800.000000      0.492917389       62.4534645       5.03261900E-03   8.05712593E-13   8.76332488E-05   1.98233430E-03  -1.60148161E-08 -0.290286839       7.96450004E-02   1.05213616E-02
   3.00000000       800.000000      0.496857613       62.9518318       4.90444619E-03   7.79025932E-13   8.74895850E-05   1.95896975E-03  -2.21268959E-08 -0.285122603       7.96449855E-02   1.02642030E-02
   4.00000000       800.000000      0.500846684       63.4490204       4.77943104E-03   7.53198339E-13   8.73633035E-05   1.93592755E-03  -2.73163749E-08 -0.280045241       7.96449780E-02   1.00130979E-02
   5.00000000       800.000000      0.504872501       63.9528084       4.65746829E-03   7.28204227E-13   8.72525270E-05   1.91307056E-03  -3.15537783E-08 -0.275052398       7.96449557E-02   9.76804923E-03
   6.00000000       800.000000      0.508909047       64.4573593       4.53848671E-03   7.04018603E-13   8.71496231E-05   1.89053069E-03  -3.48319880E-08 -0.270143032       7.96449408E-02   9.52910725E-03
   7.00000000       800.000000      0.512971818       64.9687729       4.42239130E-03   6.80626020E-13   8.70480071E-05   1.86824542E-03  -3.71711515E-08 -0.265315890       7.96449259E-02   9.29607265E-03
   8.00000000       800.000000      0.517089903       65.4843674       4.30914760E-03   6.57978121E-13   8.69404539E-05   1.84618437E-03  -3.86124590E-08 -0.260566562       7.96449110E-02   9.06878896E-03
   9.00000000       800.000000      0.521240056       66.0012741       4.19866620E-03   6.36059402E-13   8.68260540E-05   1.82438781E-03  -3.92145232E-08 -0.255899251       7.96448737E-02   8.84711370E-03
   10.0000000       800.000000      0.525399923       66.5273361       4.09086840E-03   6.14854684E-13   8.67073104E-05   1.80291908E-03  -3.90446893E-08 -0.251306295       7.96448514E-02   8.63049272E-03
   11.0000000       800.000000      0.529633105       67.0519409       3.98568483E-03   5.94337405E-13   8.65913025E-05   1.78160856E-03  -3.81769460E-08 -0.246791586       7.96448365E-02   8.41910578E-03
   12.0000000       800.000000      0.533852458       67.5886993       3.88313923E-03   5.74483711E-13   8.64849208E-05   1.76062039E-03  -3.66879895E-08 -0.242354855       7.96447992E-02   8.21254775E-03
   13.0000000       800.000000      0.538169861       68.1238251       3.78305698E-03   5.55272787E-13   8.63952519E-05   1.73984095E-03  -3.46598448E-08 -0.237988725       7.96447769E-02   8.01104959E-03
   2.00000000       800.000000      0.542478204       68.6609192       3.68540012E-03   5.36686255E-13   8.63236419E-05   1.71932695E-03  -3.21771552E-08 -0.233696505       7.96447620E-02   7.81445019E-03
   3.00000000       800.000000      0.546837091       69.2043610       3.59018450E-03   5.18705955E-13   8.62647721E-05   1.69898244E-03  -2.93282909E-08 -0.229476601       7.96447471E-02   7.62284268E-03
   4.00000000       800.000000      0.551184714       69.7545853       3.49728181E-03   5.01301854E-13   8.62106390E-05   1.67894666E-03  -2.62003930E-08 -0.225325763       7.96447471E-02   7.43619865E-03
   5.00000000       800.000000      0.555633724       70.3113556       3.40665062E-03   4.84470157E-13   8.61548688E-05   1.65910751E-03  -2.28782859E-08 -0.221244648       7.96447322E-02   7.25431647E-03
   6.00000000       800.000000      0.560065687       70.8701859       3.31826811E-03   4.68184085E-13   8.60949440E-05   1.63954846E-03  -1.94370386E-08 -0.217233315       7.96447247E-02   7.07709696E-03
   7.00000000       800.000000      0.564574599       71.4266510       3.23197618E-03   4.52424719E-13   8.60337241E-05   1.62024598E-03  -1.59426570E-08 -0.213289186       7.96447247E-02   6.90427702E-03
   8.00000000       800.000000      0.569091976       71.9988251       3.14785796E-03   4.37179915E-13   8.59751308E-05   1.60105864E-03  -1.24549953E-08 -0.209403753       7.96447173E-02   6.73590042E-03
   9.00000000       800.000000      0.573642910       72.5662689       3.06580192E-03   4.22427691E-13   8.59366555E-05   1.58214488E-03  -9.02576591E-09 -0.205590785       7.96447024E-02   6.57177158E-03
   10.0000000       800.000000      0.578249216       73.1417236       2.98575265E-03   4.08160295E-13   8.59390930E-05   1.56339933E-03  -5.71044323E-09 -0.201834649       7.96446949E-02   6.41199155E-03
   11.0000000       800.000000      0.582887828       73.7225037       2.90767010E-03   3.94352465E-13   8.59888314E-05   1.54495239E-03  -2.56324006E-09 -0.198145747       7.96446949E-02   6.25654962E-03
   12.0000000       800.000000      0.587557673       74.3115692       2.83148163E-03   3.81001518E-13   8.60858927E-05   1.52667193E-03   3.65160235E-10 -0.194512859       7.96446949E-02   6.10578293E-03
   13.0000000       800.000000      0.592285097       74.9019089       2.75715766E-03   3.68073573E-13   8.62271918E-05   1.50867016E-03   3.03055359E-09 -0.190940335       7.96446949E-02   5.95965236E-03
   2.00000000       800.000000      0.597044110       75.4963303       2.68464116E-03   3.55574375E-13   8.64006215E-05   1.49079354E-03   5.39758105E-09 -0.187425315       7.96446949E-02   5.81823988E-03
   3.00000000       800.000000      0.601813197       76.0937424       2.61386321E-03   3.43472104E-13   8.65952243E-05   1.47315313E-03   7.44283168E-09 -0.183964297       7.96447024E-02   5.68149099E-03
   4.00000000       800.000000      0.606662095       76.6995621       2.54477747E-03   3.31755402E-13   8.68053612E-05   1.45573961E-03   9.15629617E-09 -0.180557847       7.96447024E-02   5.54910395E-03
   5.00000000       800.000000      0.611538589       77.3089294       2.47734808E-03   3.20419797E-13   8.70271251E-05   1.43844145E-03   1.05386402E-08 -0.177204534       7.96447173E-02   5.42101031E-03
   6.00000000       800.000000      0.616429627       77.9216690       2.41150614E-03   3.09446235E-13   8.72622550E-05   1.42144214E-03   1.15992744E-08 -0.173901841       7.96447173E-02   5.29707130E-03
   7.00000000       800.000000      0.621346176       78.5425873       2.34720390E-03   2.98822897E-13   8.75245460E-05   1.40455004E-03   1.23542279E-08 -0.170648634       7.96447173E-02   5.17711462E-03
   8.00000000       800.000000      0.626343310       79.1605453       2.28440203E-03   2.88536773E-13   8.78209903E-05   1.38789776E-03   1.28206334E-08 -0.167442486       7.96447247E-02   5.06120408E-03
   9.00000000       800.000000      0.631355822       79.7936478       2.22311239E-03   2.78580924E-13   8.81572996E-05   1.37143070E-03   1.30186431E-08 -0.164283231       7.96447322E-02   4.94923582E-03
   10.0000000       800.000000      0.636449695       80.4251099       2.16320762E-03   2.68937379E-13   8.85379195E-05   1.35517481E-03   1.29686137E-08 -0.161168128       7.96447322E-02   4.84128715E-03
   11.0000000       800.000000      0.641569495       81.0633545       2.10469775E-03   2.59602290E-13   8.89650473E-05   1.33914850E-03   1.26918023E-08 -0.158096522       7.96447471E-02   4.73718857E-03
   12.0000000       800.000000      0.646703839       81.7070923       2.04755529E-03   2.50561995E-13   8.94420809E-05   1.32322288E-03   1.22108359E-08 -0.155065551       7.96447620E-02   4.63712169E-03
   13.0000000       800.000000      0.651862979       82.3593216       1.99171645E-03   2.41807740E-13   8.99771840E-05   1.30748842E-03   1.15491163E-08 -0.152074233       7.96447620E-02   4.54074051E-03
   2.00000000       800.000000      0.657104909       83.0148392       1.93714316E-03   2.33327409E-13   9.05773632E-05   1.29198644E-03   1.07315570E-08 -0.149122387       7.96447769E-02   4.44856007E-03
   3.00000000       800.000000      0.662361264       83.6720734       1.88384275E-03   2.25116665E-13   9.12434552E-05   1.27655512E-03   9.78382442E-09 -0.146204650       7.96447843E-02   4.35998430E-03
   4.00000000       800.000000      0.667716920       84.3404617       1.83174573E-03   2.17171130E-13   9.19843151E-05   1.26145792E-03   8.73300721E-09 -0.143322423       7.96447918E-02   4.27624118E-03
   5.00000000       800.000000      0.673070669       85.0116577       1.78086641E-03   2.09469757E-13   9.28005393E-05   1.24644034E-03   7.60755370E-09 -0.140470982       7.96447918E-02   4.19591600E-03
   6.00000000       800.000000      0.678464949       85.6865540       1.73114857E-03   2.02019011E-13   9.37063305E-05   1.23161857E-03   6.43570752E-09 -0.137650892       7.96448067E-02   4.12160158E-03
   7.00000000       800.000000      0.683868349       86.3630829       1.68256043E-03   1.94802155E-13   9.46710716E-05   1.21690158E-03   5.24372945E-09 -0.134855941       7.96448067E-02   4.05005971E-03
   8.00000000       800.000000      0.689361989       87.0500107       1.63516903E-03   1.87816369E-13   9.57297962E-05   1.20240764E-03   4.05530187E-09 -0.132090583       7.96448067E-02   3.98751209E-03
   9.00000000       800.000000      0.694936693       87.7468338       1.58881361E-03   1.81052547E-13   9.68897366E-05   1.18809415E-03   2.89831625E-09 -0.129337266       7.96448067E-02   3.92496632E-03
   10.0000000       800.000000      0.700467765       88.4404068       1.54359383E-03   1.74509021E-13   9.81521080E-05   1.17397425E-03   1.79021054E-09 -0.126611397       7.96448067E-02   3.87791591E-03
   11.0000000       800.000000      0.706084132       89.1438522       1.49941049E-03   1.68180194E-13   9.94857037E-05   1.15997402E-03   7.53694718E-10 -0.123883240       7.96448067E-02   3.82450316E-03
   12.0000000       800.000000      0.711785257       89.8559036       1.45635207E-03   1.62059087E-13   1.00976577E-04   1.14625145E-03  -1.99231312E-10 -0.121191151       7.96448067E-02   3.80073208E-03
   13.0000000       800.000000      0.717506111       90.5660553       1.41431391E-03   1.56143205E-13   1.02468206E-04   1.13255752E-03  -1.05650066E-09 -0.118452035       7.96448067E-02   3.75416595E-03
   2.00000000       800.000000      0.723254204       91.2924652       1.37343328E-03   1.50427563E-13   1.04186016E-04   1.11914135E-03  -1.81043891E-09 -0.115779787       7.96448067E-02   3.76835978E-03
   3.00000000       800.000000      0.729030788       92.0148239       1.33360212E-03   1.44914191E-13   1.05764317E-04   1.10585638E-03  -2.45765031E-09 -0.112973407       7.96448067E-02   3.72261461E-03
   4.00000000       800.000000      0.734885931       92.7492523       1.29488716E-03   1.39600747E-13   1.07800573E-04   1.09287596E-03  -2.99743741E-09 -0.110335864       7.96448067E-02   3.80075071E-03
   5.00000000       800.000000      0.740812361       93.4854507       1.25734287E-03   1.34480805E-13   1.09319153E-04   1.07997668E-03  -3.43167561E-09 -0.107365631       7.96448067E-02   3.74226435E-03
   6.00000000       800.000000      0.746736884       94.2303009       1.22108951E-03   1.29567228E-13   1.11787449E-04   1.06738589E-03  -3.76174514E-09 -0.104765072       7.96447992E-02   3.93185299E-03
   7.00000000       800.000000      0.752711892       94.9802017       1.18602347E-03   1.24859799E-13   1.13050672E-04   1.05482154E-03  -3.99652267E-09 -0.101470999       7.96447992E-02   3.82656441E-03
   8.00000000       800.000000      0.758787692       95.7357407       1.15242915E-03   1.20364751E-13   1.16268893E-04   1.04282855E-03  -4.12693257E-09  -9.89815071E-02   7.96447992E-02   4.21451498E-03
   9.00000000       800.000000      0.764886141       96.4991150       1.12025789E-03   1.16075376E-13   1.17363124E-04   1.03068189E-03  -4.19919877E-09  -9.50491428E-02   7.96447992E-02   3.96961765E-03
   10.0000000       800.000000      0.770997465       97.2638321       1.08957384E-03   1.12013683E-13   1.20952798E-04   1.01941812E-03  -4.06375644E-09  -9.28833038E-02   7.96447992E-02   4.86161187E-03
   11.0000000       800.000000      0.777200460       98.0346756       1.06143567E-03   1.08254212E-13   1.39548036E-04   1.00757636E-03  -4.19875823E-09  -8.75233486E-02   7.96447992E-02   4.22337092E-03
   12.0000000       800.000000      0.783445537       98.8157425       1.02573493E-03   1.03787977E-13   5.97644139E-05   9.97542171E-04   1.75679300E-20  -8.62927064E-02   7.96447992E-02  -3.53561598E-03
   13.0000000       800.000000      0.789714217       99.6048737       1.00181869E-03   1.00566528E-13   5.95351048E-05   9.85702733E-04  -5.05532853E-20  -9.30820704E-02   7.96447992E-02  -8.60151649E-03
