   0.00000000       190.000000       3.40428352E-02   1.01702809       2.41999398E-03   2.37895988E-11  -8.21648240E-02   1.67559159      -5.47152384E-12  -5.46887098E-03  -1.86269430E-13  -7.50323012E-02
   1.00000000       197.000000       3.40447091E-02   1.05104125       2.38047726E-03   2.26431426E-11  -7.50884414E-02   1.56010187      -4.34878277E-15  -8.02323781E-03  -1.86418535E-13   1.23422956E-02
   2.00000000       200.000000       3.40499915E-02   1.08514261       2.34283437E-03   2.15858754E-11   5.10126129E-02   1.15138292       1.14617199E-02  -4.62841056E-03   3.90272646E-04   4.14663628E-02
   3.00000000       200.000000       3.40571664E-02   1.11914527       3.41435522E-03   3.05014139E-11   8.76440033E-02   1.03830636       5.92712387E-02  -5.19909617E-03   2.40885443E-03  -3.67470905E-02
   4.00000000       200.000000       3.40652503E-02   1.15326166       4.86574788E-03   4.21836212E-11   8.89766738E-02  0.948458970      0.125946611      -7.13170134E-03   6.69927197E-03  -6.67103454E-02
   5.00000000       200.000000       3.40752266E-02   1.18727005       6.79477258E-03   5.72172067E-11   7.75314048E-02  0.876131415      0.234674513      -9.74484440E-03   1.46961138E-02  -8.87186378E-02
   6.00000000       200.000000       3.40886116E-02   1.22141874       9.23698489E-03   7.56122248E-11   6.33342341E-02  0.816677988      0.387689650      -1.31792510E-02   2.79122032E-02 -0.113181561    
   7.00000000       200.000000       3.41038704E-02   1.25543642       1.22721186E-02   9.77297063E-11   4.80867550E-02  0.766326427      0.539352596      -1.74631476E-02   4.63065952E-02 -0.144046634    
   8.00000000       200.000000       3.41209993E-02   1.28956389       1.60999745E-02   1.24822166E-10   3.32986005E-02  0.722974718      0.640112698      -2.30070744E-02   6.81485459E-02 -0.182670921    
   9.00000000       200.000000       3.41415480E-02   1.32373023       2.09345277E-02   1.58119892E-10   2.09091138E-02  0.685942709      0.690958440      -2.99329013E-02   9.17390212E-02 -0.232103348    
   10.0000000       200.000000       3.41642797E-02   1.35789859       2.69434024E-02   1.98387431E-10   1.02934279E-02  0.654179513      0.707118094      -3.88609730E-02  0.115896709     -0.292111158    
   11.0000000       200.000000       3.41873281E-02   1.39207828       3.41941454E-02   2.45595211E-10   3.81729146E-03  0.626670063      0.674573064      -4.98990640E-02  0.138958618     -0.349073291    
   2.00000000       200.000000       3.42125520E-02   1.42626679       4.22469489E-02   2.96158736E-10  -2.31944505E-04  0.602108896      0.641029000      -6.27378821E-02  0.160890713     -0.398997635    
   3.00000000       200.000000       3.42412032E-02   1.46045995       5.07884361E-02   3.47692097E-10  -3.69295478E-03  0.579126954      0.589634001      -7.72127360E-02  0.181080833     -0.440643311    
   4.00000000       200.000000       3.42717990E-02   1.49468386       5.98258525E-02   4.00177391E-10  -6.29509753E-03  0.557476103      0.455816358      -9.29285511E-02  0.196702763     -0.469242513    
   5.00000000       200.000000       3.43041234E-02   1.52902329       6.92894235E-02   4.53085930E-10  -7.87785556E-03  0.537142754      0.249086544     -0.109392516      0.205248237     -0.486128241    
   6.00000000       200.000000       3.43400165E-02   1.56331646       7.91156590E-02   5.05983921E-10  -8.58760346E-03  0.518100202      -3.30774259E-04 -0.126299217      0.205236688     -0.501202941    
   7.00000000       200.000000       3.43780145E-02   1.59766877       8.93538892E-02   5.59174096E-10  -8.68516695E-03  0.500289083     -0.265027374     -0.143834144      0.196125403     -0.523192465    
   8.00000000       400.000000       3.44163403E-02   1.63212323       9.99719352E-02   6.12437101E-10  -8.36360641E-03  0.483616501     -0.512639225     -0.162292048      0.178482130     -0.550981581    
   9.00000000       400.000000       3.44596468E-02   1.66651404      0.110842295       6.65000166E-10  -7.78499851E-03  0.467961669     -0.712644756     -0.181783229      0.153925478     -0.586823642    
   10.0000000       400.000000       3.45019177E-02   1.70102203      0.121971652       7.16941340E-10  -7.01615913E-03  0.453194797     -0.837335110     -0.202759832      0.125035390     -0.629018545    
   11.0000000       400.000000       3.45477760E-02   1.73553383      0.133192033       7.67319541E-10  -6.13615941E-03  0.439190835     -0.858048916     -0.225217342       9.53913257E-02 -0.664351106    
   12.0000000       400.000000       3.45973931E-02   1.77006423      0.144261673       8.14862067E-10  -5.23114949E-03  0.425856560     -0.752753437     -0.248696491       6.93488345E-02 -0.681231797    
   13.0000000       400.000000       3.46456654E-02   1.80469894      0.154878199       8.58048577E-10  -4.37818794E-03  0.413134128     -0.517780960     -0.272387892       5.14091142E-02 -0.673354089    
   2.00000000       400.000000       3.46989296E-02   1.83938944      0.164712489       8.95330921E-10  -3.64884525E-03  0.400990605     -0.185628965     -0.295391381       4.49679531E-02 -0.641355813    
   3.00000000       400.000000       3.47537622E-02   1.87406790      0.173466638       9.25444943E-10  -3.09397699E-03  0.389398515      0.164754868     -0.316932201       5.06939255E-02 -0.589922190    
   4.00000000       400.000000       3.48123796E-02   1.90886545      0.180964291       9.47855017E-10  -2.73107411E-03  0.378336757      0.428145260     -0.336429954       6.55982718E-02 -0.525607407    
   5.00000000       400.000000       3.48717459E-02   1.94381344      0.187216997       9.63031099E-10  -2.53724633E-03  0.367784053      0.520986140     -0.353558362       8.37657228E-02 -0.456340820    
   6.00000000       400.000000       3.49331126E-02   1.97864985      0.192393064       9.72199765E-10  -2.45330040E-03  0.357721895      0.426273108     -0.368283570       9.86562520E-02 -0.390636235    
   7.00000000       400.000000       3.49960364E-02   2.01366401      0.196745649       9.76932868E-10  -2.41682748E-03  0.348137379      0.210499689     -0.380874753      0.106022775     -0.336901605    
   8.00000000       400.000000       3.50628383E-02   2.04869795      0.200540021       9.78747194E-10  -2.37853592E-03  0.339015007      -1.68985482E-02 -0.391885996      0.105430342     -0.301116973    
   9.00000000       400.000000       3.51311862E-02   2.08382654      0.203988060       9.78809922E-10  -2.30337214E-03  0.330332041     -0.160115615     -0.402010709       9.98051837E-02 -0.286214262    
   10.0000000       400.000000       3.52015831E-02   2.11898565      0.207276434       9.78082060E-10  -2.18309741E-03  0.322063386     -0.182586282     -0.412016124       9.33781564E-02 -0.291126639    
   11.0000000       400.000000       3.52728553E-02   2.15418029      0.210490257       9.77002368E-10  -2.02264683E-03  0.314177215     -0.115804330     -0.422528356       8.92933831E-02 -0.311508238    
   12.0000000       400.000000       3.53475511E-02   2.18945503      0.213644937       9.75655001E-10  -1.84651848E-03  0.306633830      -2.66327243E-02 -0.434015304       8.83519799E-02 -0.341249973    
   13.0000000       400.000000       3.54251340E-02   2.22494793      0.216739357       9.74042624E-10  -1.68231747E-03  0.299395680       2.58149244E-02 -0.446679890       8.92663151E-02 -0.370997608    
   2.00000000       400.000000       3.55066359E-02   2.26028228      0.219728559       9.71981162E-10  -1.54186587E-03  0.292427748       1.90745182E-02 -0.460331351       8.99437964E-02 -0.392617881    
   3.00000000       400.000000       3.55888382E-02   2.29589605      0.222584844       9.69375469E-10  -1.42992730E-03  0.285704941      -2.01988760E-02 -0.474592030       8.92249346E-02 -0.401818454    
   4.00000000       400.000000       3.56727764E-02   2.33153582      0.225300521       9.66205671E-10  -1.34519767E-03  0.279205590      -5.34606874E-02 -0.488964111       8.73178914E-02 -0.398331374    
   5.00000000       400.000000       3.57585363E-02   2.36718988      0.227873936       9.62497526E-10  -1.27709878E-03  0.272919834      -6.57521933E-02 -0.503045142       8.49667490E-02 -0.388389677    
   6.00000000       400.000000       3.58451568E-02   2.40296197      0.230326727       9.58366164E-10  -1.21556071E-03  0.266845822      -5.65985814E-02 -0.516773880       8.29379186E-02 -0.378221631    
   7.00000000       400.000000       3.59365791E-02   2.43895650      0.232679009       9.53906620E-10  -1.16607687E-03  0.260975808      -3.43761444E-02 -0.530194223       8.17024857E-02 -0.368960619    
   8.00000000       400.000000       3.60317938E-02   2.47496963      0.234885335       9.48951584E-10  -1.12231530E-03  0.255302042      -9.42575838E-03 -0.543328464       8.13628137E-02 -0.360998243    
   9.00000000       400.000000       3.61256152E-02   2.51087451      0.236981705       9.43665146E-10  -1.10502902E-03  0.249816462       7.52400095E-03 -0.556243837       8.16347376E-02 -0.353437304    
   10.0000000       400.000000       3.62243615E-02   2.54723430      0.238926843       9.37900979E-10  -1.09817239E-03  0.244509712       1.32281668E-02 -0.568899333       8.21138993E-02 -0.349235386    
   11.0000000       400.000000       3.63236889E-02   2.58347154      0.240820959       9.32061872E-10  -1.11600012E-03  0.239372328       1.49240782E-02 -0.581579626       8.26559439E-02 -0.346394122    
   12.0000000       400.000000       3.64281610E-02   2.61973166      0.242593467       9.25883314E-10  -1.12539530E-03  0.234400555       2.55914759E-02 -0.594100296       8.35881233E-02 -0.343594968    
   13.0000000       400.000000       3.65312435E-02   2.65625191      0.244332463       9.19716414E-10  -1.13974209E-03  0.229585320       5.05754799E-02 -0.606648862       8.54358077E-02 -0.338981718    
   2.00000000       400.000000       3.66381556E-02   2.69287086      0.245945826       9.13210341E-10  -1.14792062E-03  0.224914104       8.09720010E-02 -0.618904173       8.84025544E-02 -0.332787365    
   3.00000000       400.000000       3.67491208E-02   2.72951531      0.247491539       9.06596964E-10  -1.16743403E-03  0.220392644       9.77121890E-02 -0.631071031       9.19932127E-02 -0.328136951    
   4.00000000       400.000000       3.68596762E-02   2.76648116      0.248934656       8.99752328E-10  -1.18303788E-03  0.216008767       9.75307748E-02 -0.643058419       9.55884531E-02 -0.325696796    
   5.00000000       400.000000       3.69738303E-02   2.80324292      0.250352472       8.92960150E-10  -1.19966210E-03  0.211753726       9.29823294E-02 -0.655119359       9.90263075E-02 -0.324990988    
   6.00000000       400.000000       3.70923392E-02   2.84031177      0.251703560       8.86076046E-10  -1.20741536E-03  0.207629144       9.39834714E-02 -0.667127430      0.102512307     -0.324424654    
   7.00000000       400.000000       3.72101963E-02   2.87746811      0.253051430       8.79319006E-10  -1.22114108E-03  0.203623638       9.74332094E-02 -0.679224133      0.106137738     -0.324302346    
   8.00000000       400.000000       3.73310633E-02   2.91468883      0.254339337       8.72494632E-10  -1.22093211E-03  0.199735820       9.54036340E-02 -0.691302598      0.109699480     -0.326515377    
   9.00000000       400.000000       3.74547355E-02   2.95214677      0.255683154       8.65993111E-10  -1.22749922E-03  0.195957869       8.08997452E-02 -0.703644753      0.112729602     -0.329491794    
   10.0000000       400.000000       3.75822932E-02   2.98967767      0.256959528       8.59394333E-10  -1.21510320E-03  0.192286193       5.46065569E-02 -0.716026962      0.114781797     -0.334515095    
   11.0000000       400.000000       3.77115831E-02   3.02733731      0.258324087       8.53215776E-10  -1.20768673E-03  0.188715041       2.16378942E-02 -0.728829861      0.115597911     -0.339445621    
   12.0000000       400.000000       3.78417671E-02   3.06507659      0.259618193       8.46918591E-10  -1.17907696E-03  0.185243979      -9.06041171E-03 -0.741672635      0.115255035     -0.344483018    
   13.0000000       400.000000       3.79736088E-02   3.10296249      0.260999799       8.41025194E-10  -1.15498272E-03  0.181863531      -3.36758941E-02 -0.754947841      0.113976113     -0.347993493    
   2.00000000       400.000000       3.81093584E-02   3.14102793      0.262286365       8.34936287E-10  -1.11156469E-03  0.178576246      -5.24419099E-02 -0.768149972      0.111977570     -0.350611418    
   3.00000000       400.000000       3.82481478E-02   3.17926812      0.263648450       8.29193547E-10  -1.07684673E-03  0.175370499      -6.47774637E-02 -0.781719804      0.109499857     -0.351349086    
   4.00000000       400.000000       3.83906849E-02   3.21746230      0.264880747       8.23147439E-10  -1.02215819E-03  0.172249600      -6.88717067E-02 -0.795076728      0.106855847     -0.351534694    
   5.00000000       400.000000       3.85340862E-02   3.25593615      0.266166538       8.17373169E-10  -9.84001206E-04  0.169204518      -6.51467666E-02 -0.808759272      0.104345441     -0.351009041    
   6.00000000       400.000000       3.86794209E-02   3.29459786      0.267303675       8.11248901E-10  -9.24900640E-04  0.166241661      -5.91579787E-02 -0.822179496      0.102057435     -0.349063635    
   7.00000000       400.000000       3.88261117E-02   3.33332801      0.268463343       8.05293054E-10  -8.90526921E-04  0.163352400      -5.19079342E-02 -0.835815668      0.100042045     -0.345668495    
   8.00000000       400.000000       3.89781781E-02   3.37215042      0.269447565       7.98922484E-10  -8.37663596E-04  0.160530940      -4.51000817E-02 -0.849073350       9.82841775E-02 -0.342513293    
   9.00000000       400.000000       3.91310640E-02   3.41121101      0.270485520       7.92818255E-10  -8.14505562E-04  0.157778740      -3.53472941E-02 -0.862569094       9.69010144E-02 -0.338458300    
   10.0000000       400.000000       3.92854065E-02   3.45050335      0.271339118       7.86283316E-10  -7.66288547E-04  0.155094638      -2.44189631E-02 -0.875614583       9.59416404E-02 -0.334133267    
   11.0000000       400.000000       3.94439995E-02   3.48992372      0.272250086       7.80025156E-10  -7.54167733E-04  0.152473941      -1.46564003E-02 -0.888874769       9.53635126E-02 -0.329676479    
   12.0000000       400.000000       3.96043137E-02   3.52931929      0.272979379       7.73356990E-10  -7.13946880E-04  0.149920821      -1.12145590E-02 -0.901674330       9.49194431E-02 -0.325282693    
   13.0000000       400.000000       3.97699885E-02   3.56905532      0.273764789       7.66957720E-10  -7.11592380E-04  0.147422612      -1.20191844E-02 -0.914695501       9.44413170E-02 -0.321999252    
   2.00000000       400.000000       3.99327539E-02   3.60901117      0.274409920       7.60276730E-10  -6.75899908E-04  0.144985154      -1.39016034E-02 -0.927340329       9.38863307E-02 -0.318074614    
   3.00000000       400.000000       4.01016437E-02   3.64905024      0.275094658       7.53814733E-10  -6.76025404E-04  0.142601371      -1.48453582E-02 -0.940151274       9.32908356E-02 -0.314589143    
   4.00000000       400.000000       4.02740240E-02   3.68916464      0.275650501       7.47108764E-10  -6.41238119E-04  0.140266702      -1.47340242E-02 -0.952623785       9.26975235E-02 -0.311547011    
   5.00000000       400.000000       4.04453352E-02   3.72949243      0.276263237       7.40666639E-10  -6.40892598E-04  0.137996167      -1.41622387E-02 -0.965298474       9.21248347E-02 -0.307930052    
   6.00000000       400.000000       4.06209007E-02   3.77015471      0.276724398       7.33927197E-10  -6.01476990E-04  0.135771811      -1.07452013E-02 -0.977587819       9.16882455E-02 -0.304818332    
   7.00000000       400.000000       4.08019014E-02   3.81062984      0.277262956       7.27498006E-10  -5.99049148E-04  0.133593887      -4.51300852E-03 -0.990119398       9.15040970E-02 -0.301654965    
   8.00000000       400.000000       4.09835242E-02   3.85157919      0.277641296       7.20756510E-10  -5.54154860E-04  0.131469071       5.39366482E-03  -1.00225759       9.17250365E-02 -0.297543764    
   9.00000000       400.000000       4.11677249E-02   3.89264297      0.278074831       7.14265314E-10  -5.50936384E-04  0.129386947       1.55831287E-02  -1.01456153       9.23667327E-02 -0.293275803    
   10.0000000       800.000000       4.13518026E-02   3.93391180      0.278386950       7.07568670E-10  -5.01631992E-04  0.127350315       2.56781615E-02  -1.02645898       9.34285149E-02 -0.289475948    
   11.0000000       800.000000       4.15420607E-02   3.97551847      0.278709948       7.01003422E-10  -4.95003362E-04  0.125360504       3.38237286E-02  -1.03855777       9.48337018E-02 -0.284258127    
   12.0000000       800.000000       4.17331755E-02   4.01692963      0.278910160       6.94234836E-10  -4.55789850E-04  0.123412609       3.89847308E-02  -1.05013239       9.64606553E-02 -0.279860139    
   13.0000000       800.000000       4.19295840E-02   4.05884504      0.279123336       6.87605750E-10  -4.47942963E-04  0.121500336       3.94473597E-02  -1.06197155       9.81145501E-02 -0.275731832    
   2.00000000       800.000000       4.21275869E-02   4.10084629      0.279236078       6.80834000E-10  -4.16240335E-04  0.119633771       3.54266465E-02  -1.07330668       9.96067524E-02 -0.271661103    
   3.00000000       800.000000       4.23264094E-02   4.14324856      0.279356033       6.74184875E-10  -4.07591811E-04  0.117806226       2.84445267E-02  -1.08491385      0.100810729     -0.268470615    
   4.00000000       800.000000       4.25276794E-02   4.18554831      0.279401481       6.67459199E-10  -3.81536200E-04  0.116018921       2.04096176E-02  -1.09608698      0.101678744     -0.264986515    
   5.00000000       800.000000       4.27326299E-02   4.22826385      0.279451728       6.60849986E-10  -3.71530798E-04  0.114261016       1.30161084E-02  -1.10750663      0.102235220     -0.262613356    
   6.00000000       800.000000       4.29400988E-02   4.27117634      0.279445380       6.54206189E-10  -3.48007801E-04  0.112548180       6.98037352E-03  -1.11858881      0.102534860     -0.259536088    
   7.00000000       800.000000       4.31519486E-02   4.31416321      0.279441416       6.47669196E-10  -3.35850229E-04  0.110863648       3.38783232E-03  -1.12985134      0.102681033     -0.257220060    
   8.00000000       800.000000       4.33655083E-02   4.35740662      0.279388189       6.41117270E-10  -3.13738798E-04  0.109213464       2.48247292E-03  -1.14084077      0.102788828     -0.254067838    
   9.00000000       800.000000       4.35808785E-02   4.40067959      0.279327124       6.34645836E-10  -3.00303189E-04  0.107596628       3.09906038E-03  -1.15194106      0.102923617     -0.251300812    
   10.0000000       800.000000       4.38009016E-02   4.44439697      0.279217780       6.28160302E-10  -2.81012850E-04  0.106012113       3.28869116E-03  -1.16280043      0.103067853     -0.247857645    
   11.0000000       800.000000       4.40220647E-02   4.48833799      0.279090315       6.21731167E-10  -2.68519245E-04  0.104459606       2.34101876E-03  -1.17370975      0.103170820     -0.244843483    
   12.0000000       800.000000       4.42490242E-02   4.53246212      0.278919101       6.15298867E-10  -2.53467413E-04  0.102934897       1.52881417E-04  -1.18441558      0.103177682     -0.241419226    
   13.0000000       800.000000       4.44775447E-02   4.57707596      0.278724730       6.08911088E-10  -2.42773967E-04  0.101439871      -3.38349305E-03  -1.19512951      0.103027157     -0.238771796    
   2.00000000       800.000000       4.47068773E-02   4.62136841      0.278495431       6.02539685E-10  -2.31445068E-04   9.99739170E-02  -7.92272389E-03  -1.20570934      0.102673128     -0.235750869    
   3.00000000       800.000000       4.49385233E-02   4.66624355      0.278244048       5.96212524E-10  -2.22390925E-04   9.85328481E-02  -1.19781764E-02  -1.21626389      0.102134712     -0.233300582    
   4.00000000       800.000000       4.51754220E-02   4.71121693      0.277966201       5.89921778E-10  -2.12948522E-04   9.71202776E-02  -1.43204825E-02  -1.22673094      0.101487547     -0.230766311    
   5.00000000       800.000000       4.54156250E-02   4.75678205      0.277666986       5.83675941E-10  -2.04543234E-04   9.57344770E-02  -1.48794539E-02  -1.23717225      0.100812070     -0.228431150    
   6.00000000       800.000000       4.56556603E-02   4.80203438      0.277345359       5.77471182E-10  -1.96564375E-04   9.43759382E-02  -1.41837718E-02  -1.24753785      0.100164339     -0.225819454    
   7.00000000       800.000000       4.59001064E-02   4.84787893      0.277003109       5.71312830E-10  -1.89389801E-04   9.30437148E-02  -1.26179149E-02  -1.25784457       9.95851234E-02 -0.223399594    
   8.00000000       800.000000       4.61495221E-02   4.89382601      0.276640862       5.65200053E-10  -1.82650940E-04   9.17330533E-02  -1.06534557E-02  -1.26809990       9.90935788E-02 -0.221052557    
   9.00000000       800.000000       4.64015417E-02   4.94037914      0.276259243       5.59132241E-10  -1.76991147E-04   9.04426947E-02  -9.31869075E-03  -1.27830303       9.86611620E-02 -0.218703896    
   10.0000000       800.000000       4.66544069E-02   4.98703766      0.275859058       5.53114443E-10  -1.72108077E-04   8.91778544E-02  -8.99754744E-03  -1.28845274       9.82414633E-02 -0.216492102    
   11.0000000       800.000000       4.69110720E-02   5.03345490      0.275444388       5.47149881E-10  -1.67589460E-04   8.79375115E-02  -8.87611229E-03  -1.29855871       9.78249311E-02 -0.214485452    
   12.0000000       800.000000       4.71705161E-02   5.08080530      0.275015354       5.41238832E-10  -1.63348639E-04   8.67172554E-02  -8.46634991E-03  -1.30863023       9.74257439E-02 -0.212590635    
   13.0000000       800.000000       4.74330559E-02   5.12793064      0.274573147       5.35384348E-10  -1.59402640E-04   8.55227560E-02  -7.67768035E-03  -1.31867170       9.70614403E-02 -0.210715860    
   2.00000000       800.000000       4.76989783E-02   5.17558718      0.274118721       5.29586652E-10  -1.55441841E-04   8.43461081E-02  -6.18017325E-03  -1.32867777       9.67667773E-02 -0.208872601    
   3.00000000       800.000000       4.79672700E-02   5.22343826      0.273653656       5.23846189E-10  -1.51555345E-04   8.31889063E-02  -3.97025282E-03  -1.33865237       9.65763479E-02 -0.207061037    
   4.00000000       800.000000       4.82396744E-02   5.27148342      0.273176163       5.18160514E-10  -1.47968705E-04   8.20479915E-02  -1.85211573E-03  -1.34859657       9.64869484E-02 -0.205203593    
   5.00000000       800.000000       4.85143214E-02   5.32006216      0.272687197       5.12528520E-10  -1.44525402E-04   8.09326395E-02  -2.35400992E-04  -1.35850728       9.64754522E-02 -0.203388467    
   6.00000000       800.000000       4.87925000E-02   5.36836243      0.272186130       5.06950593E-10  -1.41349083E-04   7.98340142E-02   1.00960699E-03  -1.36838818       9.65246409E-02 -0.201604635    
   7.00000000       800.000000       4.90735136E-02   5.41723442      0.271672249       5.01424180E-10  -1.38547053E-04   7.87518695E-02   1.80839491E-03  -1.37823749       9.66135561E-02 -0.199829385    
   8.00000000       800.000000       4.93605398E-02   5.46674824      0.271147490       4.95949781E-10  -1.35968919E-04   7.76942968E-02   2.35009263E-03  -1.38805878       9.67295319E-02 -0.198079392    
   9.00000000       800.000000       4.96459454E-02   5.51635075      0.270610899       4.90526397E-10  -1.33544701E-04   7.66459256E-02   3.07270023E-03  -1.39784765       9.68820825E-02 -0.196317405    
   10.0000000       800.000000       4.99367975E-02   5.56616688      0.270063281       4.85155416E-10  -1.31209745E-04   7.56223276E-02   3.99415148E-03  -1.40760732       9.70813632E-02 -0.194549948    
   11.0000000       800.000000       5.02316244E-02   5.61612844      0.269504756       4.79832341E-10  -1.28943866E-04   7.46121705E-02   4.88002505E-03  -1.41733873       9.73267034E-02 -0.192822635    
   12.0000000       800.000000       5.05279116E-02   5.66623640      0.268935025       4.74562500E-10  -1.26673811E-04   7.36194998E-02   5.55373076E-03  -1.42703617       9.76071134E-02 -0.191132665    
   13.0000000       800.000000       5.08273505E-02   5.71697474      0.268355876       4.69343175E-10  -1.24398561E-04   7.26406053E-02   5.88859385E-03  -1.43670821       9.79063585E-02 -0.189480245    
   2.00000000       800.000000       5.11321910E-02   5.76780939      0.267767400       4.64174005E-10  -1.22209327E-04   7.16760531E-02   5.85875753E-03  -1.44635379       9.82061028E-02 -0.187876239    
   3.00000000       800.000000       5.14377542E-02   5.81939650      0.267170131       4.59057875E-10  -1.20053839E-04   7.07292333E-02   5.62891690E-03  -1.45597911       9.84956771E-02 -0.186317518    
   4.00000000       800.000000       5.17485440E-02   5.87104797      0.266564876       4.53991761E-10  -1.17856223E-04   6.97983652E-02   5.40269911E-03  -1.46558630       9.87752900E-02 -0.184795171    
   5.00000000       800.000000       5.20629622E-02   5.92277527      0.265952408       4.48978882E-10  -1.15606446E-04   6.88828230E-02   5.19027747E-03  -1.47516215       9.90452468E-02 -0.183301836    
   6.00000000       800.000000       5.23787588E-02   5.97483015      0.265331954       4.44018378E-10  -1.13285707E-04   6.79817721E-02   4.92481235E-03  -1.48472559       9.93034169E-02 -0.181820229    
   7.00000000       800.000000       5.26992045E-02   6.02751064      0.264706641       4.39108638E-10  -1.10887857E-04   6.70938790E-02   4.55419486E-03  -1.49426997       9.95433554E-02 -0.180356264    
   8.00000000       800.000000       5.30240014E-02   6.08028364      0.264074266       4.34250746E-10  -1.08488239E-04   6.62228838E-02   4.02098615E-03  -1.50379181       9.97565985E-02 -0.178910509    
   9.00000000       800.000000       5.33496812E-02   6.13364077      0.263435006       4.29446007E-10  -1.06105981E-04   6.53603971E-02   3.37444711E-03  -1.51330340       9.99365672E-02 -0.177466407    
   10.0000000       800.000000       5.36804311E-02   6.18732548      0.262792259       4.24691171E-10  -1.03769285E-04   6.45141974E-02   2.70532281E-03  -1.52278972      0.100081757     -0.176009059    
   11.0000000       800.000000       5.40157408E-02   6.24103832      0.262142330       4.19984714E-10  -1.01493410E-04   6.36793897E-02   2.05586571E-03  -1.53225744      0.100192972     -0.174536332    
   12.0000000       800.000000       5.43518029E-02   6.29508209      0.261487722       4.15330409E-10  -9.92631685E-05   6.28612563E-02   1.44017802E-03  -1.54169846      0.100271121     -0.173052028    
   13.0000000       800.000000       5.46922497E-02   6.34962225      0.260826826       4.10723955E-10  -9.71175905E-05   6.20525070E-02   8.46320414E-04  -1.55112791      0.100317486     -0.171547875    
   2.00000000       800.000000       5.50380871E-02   6.40445566      0.260158360       4.06160633E-10  -9.51192778E-05   6.12534881E-02   2.55344843E-04  -1.56051922      0.100331545     -0.170015946    
   3.00000000       800.000000       5.53847216E-02   6.45976830      0.259481311       4.01642969E-10  -9.32267940E-05   6.04705662E-02  -3.18273378E-04  -1.56990743      0.100313850     -0.168439969    
   4.00000000       800.000000       5.57359010E-02   6.51546860      0.258796573       3.97168604E-10  -9.15001146E-05   5.96967787E-02  -8.47697724E-04  -1.57924545      0.100266635     -0.166820660    
   5.00000000       800.000000       5.60912378E-02   6.57112312      0.258104563       3.92735566E-10  -8.99279621E-05   5.89349158E-02  -1.31542783E-03  -1.58855629      0.100192741     -0.165168926    
   6.00000000       800.000000       5.64479530E-02   6.62756824      0.257404119       3.88341248E-10  -8.84378242E-05   5.81862368E-02  -1.70620612E-03  -1.59782767      0.100096509     -0.163505927    
   7.00000000       800.000000       5.68098128E-02   6.68420267      0.256691396       3.83993809E-10  -8.70329313E-05   5.74490614E-02  -2.02300632E-03  -1.60706413       9.99816805E-02 -0.161836401    
   8.00000000       800.000000       5.71758151E-02   6.74102211      0.255976766       3.79684478E-10  -8.56952756E-05   5.67183122E-02  -2.28294125E-03  -1.61626935       9.98510718E-02 -0.160154849    
   9.00000000       800.000000       5.75454868E-02   6.79867172      0.255252004       3.75409426E-10  -8.44354217E-05   5.60011640E-02  -2.48015998E-03  -1.62544596       9.97082442E-02 -0.158482000    
   10.0000000       800.000000       5.79212233E-02   6.85620070      0.254519224       3.71181308E-10  -8.32176229E-05   5.52975163E-02  -2.61279475E-03  -1.63457847       9.95571017E-02 -0.156807885    
   11.0000000       800.000000       5.82982525E-02   6.91421032      0.253777087       3.66990105E-10  -8.20432324E-05   5.45975193E-02  -2.67922436E-03  -1.64366829       9.94008705E-02 -0.155139163    
   12.0000000       800.000000       5.86755127E-02   6.97270107      0.253033221       3.62837871E-10  -8.09218691E-05   5.39137200E-02  -2.67615798E-03  -1.65273082       9.92437005E-02 -0.153479010    
   13.0000000       800.000000       5.90622984E-02   7.03143930      0.252275199       3.58728880E-10  -7.98393303E-05   5.32378033E-02  -2.62094056E-03  -1.66174436       9.90888700E-02 -0.151824310    
   2.00000000       800.000000       5.94485030E-02   7.09108067      0.251514465       3.54653695E-10  -7.88036778E-05   5.25680780E-02  -2.51279515E-03  -1.67070735       9.89395529E-02 -0.150178239    
   3.00000000       800.000000       5.98436110E-02   7.15043688      0.250741839       3.50621282E-10  -7.78080866E-05   5.19116670E-02  -2.36276235E-03  -1.67965949       9.87982824E-02 -0.148532793    
   4.00000000       800.000000       6.02373928E-02   7.21079636      0.249963984       3.46624923E-10  -7.68568789E-05   5.12646958E-02  -2.17297231E-03  -1.68854868       9.86674204E-02 -0.146889642    
   5.00000000       800.000000       6.06374219E-02   7.27131176      0.249183312       3.42667672E-10  -7.59488394E-05   5.06274253E-02  -1.95185887E-03  -1.69741189       9.85491425E-02 -0.145243943    
   6.00000000       800.000000       6.10392392E-02   7.33202028      0.248392656       3.38746975E-10  -7.50815307E-05   4.99968566E-02  -1.70418830E-03  -1.70622170       9.84450206E-02 -0.143593714    
   7.00000000       800.000000       6.14471473E-02   7.39313030      0.247594863       3.34864275E-10  -7.42557968E-05   4.93764654E-02  -1.43870874E-03  -1.71499288       9.83564779E-02 -0.141934350    
   8.00000000       800.000000       6.18590638E-02   7.45494413      0.246793941       3.31017574E-10  -7.34588029E-05   4.87621054E-02  -1.16257486E-03  -1.72372675       9.82845798E-02 -0.140265256    
   9.00000000       800.000000       6.22721761E-02   7.51700449      0.245986864       3.27206512E-10  -7.26824364E-05   4.81583290E-02  -8.81947752E-04  -1.73240924       9.82297063E-02 -0.138581574    
   10.0000000       800.000000       6.26941621E-02   7.57950735      0.245167181       3.23431920E-10  -7.19208256E-05   4.75630425E-02  -6.01818494E-04  -1.74103940       9.81920585E-02 -0.136879951    
   11.0000000       800.000000       6.31151870E-02   7.64244461      0.244347677       3.19695076E-10  -7.11637113E-05   4.69765328E-02  -3.28257214E-04  -1.74962795       9.81713235E-02 -0.135159448    
   12.0000000       800.000000       6.35424033E-02   7.70559978      0.243517235       3.15989901E-10  -7.04096237E-05   4.63987030E-02  -6.67135537E-05  -1.75816488       9.81670320E-02 -0.133417353    
   13.0000000       800.000000       6.39760271E-02   7.76949692      0.242677853       3.12320253E-10  -6.96571005E-05   4.58278954E-02   1.78496077E-04  -1.76665366       9.81783941E-02 -0.131653577    
   2.00000000       800.000000       6.44085407E-02   7.83382225      0.241831928       3.08682468E-10  -6.89041481E-05   4.52646501E-02   4.03615239E-04  -1.77506614       9.82044265E-02 -0.129870653    
   3.00000000       800.000000       6.48498610E-02   7.89831066      0.240980238       3.05079323E-10  -6.81478778E-05   4.47083451E-02   6.05379057E-04  -1.78343165       9.82436091E-02 -0.128071666    
   4.00000000       800.000000       6.52926117E-02   7.96304750      0.240122229       3.01505848E-10  -6.73834147E-05   4.41598818E-02   7.81330571E-04  -1.79173815       9.82947201E-02 -0.126259729    
   5.00000000       800.000000       6.57397360E-02   8.02879810      0.239254862       2.97964958E-10  -6.66052001E-05   4.36191931E-02   9.29689326E-04  -1.79997897       9.83558670E-02 -0.124440111    
   6.00000000       800.000000       6.61928579E-02   8.09504509      0.238381058       2.94457070E-10  -6.58070858E-05   4.30871472E-02   1.04936236E-03  -1.80813766       9.84253362E-02 -0.122614287    
   7.00000000       800.000000       6.66503683E-02   8.16145802      0.237497583       2.90976132E-10  -6.49855210E-05   4.25625928E-02   1.13988400E-03  -1.81627405       9.85013843E-02 -0.120782942    
   8.00000000       800.000000       6.71091229E-02   8.22835445      0.236603349       2.87529306E-10  -6.41389706E-05   4.20437530E-02   1.20144559E-03  -1.82429993       9.85818207E-02 -0.118948087    
   9.00000000       800.000000       6.75772652E-02   8.29508305      0.235705584       2.84109902E-10  -6.32674273E-05   4.15287465E-02   1.23484212E-03  -1.83227503       9.86654162E-02 -0.117111206    
   10.0000000       800.000000       6.80434331E-02   8.36327362      0.234799013       2.80723222E-10  -6.23712549E-05   4.10240665E-02   1.24133378E-03  -1.84018040       9.87498164E-02 -0.115273602    
   11.0000000       800.000000       6.85164854E-02   8.43160915      0.233883724       2.77365242E-10  -6.14513920E-05   4.05272506E-02   1.22262677E-03  -1.84801567       9.88335386E-02 -0.113436840    
   12.0000000       800.000000       6.89990669E-02   8.50011826      0.232960343       2.74034767E-10  -6.05088317E-05   4.00334559E-02   1.18083495E-03  -1.85579205       9.89149511E-02 -0.111600474    
   13.0000000       800.000000       6.94770738E-02   8.56972027      0.232032731       2.70737516E-10  -5.95456659E-05   3.95503938E-02   1.11835136E-03  -1.86348879       9.89928097E-02 -0.109765105    
   2.00000000       800.000000       6.99650571E-02   8.63913631      0.231095597       2.67466826E-10  -5.85618072E-05   3.90702374E-02   1.03779475E-03  -1.87108529       9.90653560E-02 -0.107929900    
   3.00000000       800.000000       7.04544336E-02   8.70913506      0.230151862       2.64225336E-10  -5.75563026E-05   3.85975130E-02   9.42042505E-04  -1.87864470       9.91318598E-02 -0.106092408    
   4.00000000       800.000000       7.09533468E-02   8.77987480      0.229200721       2.61017735E-10  -5.65299488E-05   3.81317176E-02   8.34056758E-04  -1.88610172       9.91910696E-02 -0.104248777    
   5.00000000       800.000000       7.14557767E-02   8.85152435      0.228242546       2.57836641E-10  -5.54855760E-05   3.76722291E-02   7.16812618E-04  -1.89348781       9.92421135E-02 -0.102396391    
   6.00000000       800.000000       7.19595850E-02   8.92326069      0.227279603       2.54680943E-10  -5.44264803E-05   3.72165255E-02   5.93257428E-04  -1.90078235       9.92846861E-02 -0.100532539    
   7.00000000       800.000000       7.24673644E-02   8.99552822      0.226307675       2.51556470E-10  -5.33555831E-05   3.67678478E-02   4.66284197E-04  -1.90800178       9.93186235E-02  -9.86541361E-02
   8.00000000       800.000000       7.29827210E-02   9.06822109      0.225326031       2.48461307E-10  -5.22753253E-05   3.63253616E-02   3.38665908E-04  -1.91513085       9.93433446E-02  -9.67602432E-02
   9.00000000       800.000000       7.35015273E-02   9.14107132      0.224339724       2.45390819E-10  -5.11862272E-05   3.58888060E-02   2.12994739E-04  -1.92218065       9.93589163E-02  -9.48501304E-02
   10.0000000       800.000000       7.40236938E-02   9.21487141      0.223346621       2.42347226E-10  -5.00881615E-05   3.54592428E-02   9.16468271E-05  -1.92912650       9.93657336E-02  -9.29218978E-02
   11.0000000       800.000000       7.45541826E-02   9.28909588      0.222345054       2.39331527E-10  -4.89815720E-05   3.50336246E-02  -2.32679467E-05  -1.93598270       9.93639529E-02  -9.09759328E-02
   12.0000000       800.000000       7.50876293E-02   9.36382198      0.221336290       2.36339642E-10  -4.78685834E-05   3.46127711E-02  -1.29936991E-04  -1.94274485       9.93544012E-02  -8.90113190E-02
   13.0000000       800.000000       7.56227747E-02   9.43945217      0.220316693       2.33377456E-10  -4.67520949E-05   3.41968611E-02  -2.26835749E-04  -1.94939506       9.93371308E-02  -8.70287791E-02
   2.00000000       800.000000       7.61684179E-02   9.51551723      0.219293088       2.30437613E-10  -4.56362432E-05   3.37886624E-02  -3.12745629E-04  -1.95594776       9.93132740E-02  -8.50290582E-02
   3.00000000       800.000000       7.67170042E-02   9.59179592      0.218260005       2.27526123E-10  -4.45253136E-05   3.33842859E-02  -3.86752654E-04  -1.96239424       9.92836207E-02  -8.30135196E-02
   4.00000000       800.000000       7.72694573E-02   9.66848755      0.217217058       2.24636962E-10  -4.34233261E-05   3.29838768E-02  -4.48247360E-04  -1.96873093       9.92489830E-02  -8.09851438E-02
   5.00000000       800.000000       7.78230131E-02   9.74612713      0.216169149       2.21771809E-10  -4.23335041E-05   3.25908698E-02  -4.96905937E-04  -1.97495413       9.92104113E-02  -7.89454579E-02
   6.00000000       800.000000       7.83851892E-02   9.82425022      0.215112180       2.18931345E-10  -4.12590198E-05   3.22017707E-02  -5.32687758E-04  -1.98106849       9.91685763E-02  -7.68978074E-02
   7.00000000       800.000000       7.89523125E-02   9.90284920      0.214043379       2.16116069E-10  -4.02027799E-05   3.18166539E-02  -5.55807492E-04  -1.98705781       9.91247743E-02  -7.48435482E-02
   8.00000000       800.000000       7.95280412E-02   9.98241329      0.212967917       2.13323345E-10  -3.91663234E-05   3.14386450E-02  -5.66706469E-04  -1.99292755       9.90796313E-02  -7.27852955E-02
   9.00000000       800.000000       8.01055804E-02   10.0623922      0.211885810       2.10553991E-10  -3.81503487E-05   3.10643967E-02  -5.66026371E-04  -1.99867356       9.90344137E-02  -7.07256943E-02
   10.0000000       800.000000       8.06882754E-02   10.1425762      0.210794166       2.07807979E-10  -3.71536917E-05   3.06932069E-02  -5.54577447E-04  -2.00429726       9.89895090E-02  -6.86668828E-02
   11.0000000       800.000000       8.12722519E-02   10.2231703      0.209692463       2.05087017E-10  -3.61734819E-05   3.03275064E-02  -5.33312326E-04  -2.00980067       9.89461541E-02  -6.66100755E-02
   12.0000000       800.000000       8.18665698E-02   10.3048105      0.208584294       2.02387579E-10  -3.52050993E-05   2.99682282E-02  -5.03300398E-04  -2.01516747       9.89049599E-02  -6.45562485E-02
   13.0000000       800.000000       8.24698508E-02   10.3871059      0.207469061       1.99712968E-10  -3.42421081E-05   2.96117757E-02  -4.65698773E-04  -2.02040172       9.88666862E-02  -6.25035539E-02
   2.00000000       800.000000       8.30690786E-02   10.4702911      0.206345320       1.97060479E-10  -3.32791242E-05   2.92593818E-02  -4.21745615E-04  -2.02551699       9.88314599E-02  -6.04524910E-02
   3.00000000       800.000000       8.36792067E-02   10.5531397      0.205214635       1.94432442E-10  -3.23143286E-05   2.89131589E-02  -3.72717448E-04  -2.03048778       9.88003463E-02  -5.83994798E-02
   4.00000000       800.000000       8.42924491E-02   10.6371202      0.204075873       1.91827082E-10  -3.13484379E-05   2.85699330E-02  -3.19898420E-04  -2.03532219       9.87733901E-02  -5.63419126E-02
   5.00000000       800.000000       8.49149227E-02   10.7222576      0.202929854       1.89244773E-10  -3.03834859E-05   2.82310583E-02  -2.64549279E-04  -2.04001522       9.87510458E-02  -5.42777851E-02
   6.00000000       800.000000       8.55400413E-02   10.8070173      0.201776326       1.86684834E-10  -2.94236052E-05   2.78959740E-02  -2.07899051E-04  -2.04457426       9.87332389E-02  -5.22049814E-02
   7.00000000       800.000000       8.61672983E-02   10.8929453      0.200615227       1.84147697E-10  -2.84724065E-05   2.75655948E-02  -1.51119908E-04  -2.04898310       9.87201408E-02  -5.01231328E-02
   8.00000000       800.000000       8.68062824E-02   10.9799843      0.199446335       1.81632445E-10  -2.75314451E-05   2.72397511E-02  -9.53138879E-05  -2.05324244       9.87118334E-02  -4.80330139E-02
   9.00000000       800.000000       8.74475688E-02   11.0664978      0.198269904       1.79139634E-10  -2.66007755E-05   2.69170832E-02  -4.14782298E-05  -2.05735421       9.87082124E-02  -4.59347628E-02
   10.0000000       800.000000       8.80924463E-02   11.1543617      0.197085902       1.76669027E-10  -2.56790518E-05   2.65989844E-02   9.50339654E-06  -2.06130743       9.87090245E-02  -4.38292697E-02
   11.0000000       800.000000       8.87458175E-02   11.2425718      0.195894077       1.74219528E-10  -2.47623921E-05   2.62840018E-02   5.68626929E-05  -2.06510353       9.87142548E-02  -4.17184718E-02
   12.0000000       800.000000       8.94047245E-02   11.3320246      0.194695368       1.71792261E-10  -2.38462835E-05   2.59749573E-02   9.99510085E-05  -2.06873369       9.87230837E-02  -3.96025069E-02
   13.0000000       800.000000       9.00711343E-02   11.4218473      0.193487510       1.69385020E-10  -2.29271209E-05   2.56677065E-02   1.38245858E-04  -2.07220650       9.87354442E-02  -3.74815539E-02
   2.00000000       800.000000       9.07422155E-02   11.5118284      0.192272723       1.66999498E-10  -2.20028214E-05   2.53646877E-02   1.71351829E-04  -2.07551551       9.87511277E-02  -3.53572965E-02
   3.00000000       800.000000       9.14164707E-02   11.6033077      0.191050217       1.64636429E-10  -2.10722592E-05   2.50651855E-02   1.99002796E-04  -2.07864952       9.87693146E-02  -3.32308672E-02
   4.00000000       800.000000       9.20993984E-02   11.6952047      0.189820319       1.62292041E-10  -2.01347593E-05   2.47695260E-02   2.21054201E-04  -2.08161259       9.87896025E-02  -3.11043244E-02
   5.00000000       800.000000       9.27866399E-02   11.7873383      0.188581303       1.59969316E-10  -1.91892614E-05   2.44776439E-02   2.37482149E-04  -2.08440208       9.88117680E-02  -2.89800819E-02
   6.00000000       800.000000       9.34779644E-02   11.8806105      0.187336624       1.57666852E-10  -1.82345830E-05   2.41892114E-02   2.48364755E-04  -2.08701301       9.88348052E-02  -2.68597864E-02
   7.00000000       800.000000       9.41774696E-02   11.9743528      0.186082363       1.55384997E-10  -1.72694581E-05   2.39035320E-02   2.53881240E-04  -2.08944416       9.88588259E-02  -2.47450508E-02
   8.00000000       800.000000       9.48819369E-02   12.0688763      0.184823096       1.53123556E-10  -1.62927900E-05   2.36214548E-02   2.54293962E-04  -2.09168935       9.88829061E-02  -2.26375833E-02
   9.00000000       800.000000       9.55979601E-02   12.1640635      0.183555499       1.50882501E-10  -1.53034925E-05   2.33450774E-02   2.49942474E-04  -2.09375381       9.89068523E-02  -2.05383450E-02
   10.0000000       800.000000       9.63135287E-02   12.2600622      0.182280108       1.48661763E-10  -1.43007874E-05   2.30704043E-02   2.41228845E-04  -2.09563041       9.89299938E-02  -1.84477996E-02
   11.0000000       800.000000       9.70358253E-02   12.3568468      0.180998251       1.46461232E-10  -1.32840105E-05   2.27973424E-02   2.28609337E-04  -2.09732294       9.89522710E-02  -1.63662843E-02
   12.0000000       800.000000       9.77677032E-02   12.4544106      0.179709882       1.44281212E-10  -1.22531046E-05   2.25296039E-02   2.12586179E-04  -2.09882331       9.89729911E-02  -1.42937684E-02
   13.0000000       800.000000       9.85076427E-02   12.5523767      0.178414106       1.42121342E-10  -1.12098205E-05   2.22653281E-02   1.93693326E-04  -2.10012674       9.89920944E-02  -1.22289406E-02
   2.00000000       800.000000       9.92456749E-02   12.6510534      0.177111372       1.39981707E-10  -1.01573023E-05   2.20031254E-02   1.72480184E-04  -2.10124063       9.90093052E-02  -1.01711415E-02
   3.00000000       800.000000       9.99961421E-02   12.7503929      0.175803855       1.37861750E-10  -9.09973915E-06   2.17438396E-02   1.49500382E-04  -2.10215306       9.90241468E-02  -8.12021177E-03
   4.00000000       800.000000      0.100751281       12.8514633      0.174488634       1.35762096E-10  -8.04242700E-06   2.14883965E-02   1.25304403E-04  -2.10286784       9.90367010E-02  -6.07627537E-03
   5.00000000       800.000000      0.101513669       12.9527330      0.173168361       1.33682732E-10  -6.98740860E-06   2.12364048E-02   1.00434867E-04  -2.10338235       9.90470797E-02  -4.03939234E-03
   6.00000000       800.000000      0.102282949       13.0543804      0.171841472       1.31622865E-10  -5.93270715E-06   2.09875088E-02   7.54056382E-05  -2.10369229       9.90547091E-02  -2.01018318E-03
   7.00000000       800.000000      0.103057869       13.1565609      0.170508832       1.29582997E-10  -4.87570605E-06   2.07404941E-02   5.06965662E-05  -2.10379291       9.90598425E-02   1.05900290E-05
   8.00000000       800.000000      0.103839546       13.2604132      0.169170111       1.27562530E-10  -3.81438554E-06   2.04964280E-02   2.67472024E-05  -2.10368824       9.90625545E-02   2.02269480E-03
   9.00000000       800.000000      0.104626514       13.3645535      0.167825758       1.25561964E-10  -2.74610602E-06   2.02560481E-02   3.95123425E-06  -2.10337329       9.90628973E-02   4.02592728E-03
   10.0000000       800.000000      0.105420068       13.4691267      0.166475892       1.23581145E-10  -1.66704649E-06   2.00187564E-02  -1.73495500E-05  -2.10284185       9.90612209E-02   6.02007471E-03
   11.0000000       800.000000      0.106228657       13.5754204      0.165120527       1.21619367E-10  -5.74450496E-07   1.97832137E-02  -3.68660476E-05  -2.10210538       9.90573615E-02   8.00489914E-03
   12.0000000       800.000000      0.107034281       13.6821260      0.163759321       1.19676699E-10   5.32150409E-07   1.95511151E-02  -5.43636379E-05  -2.10114217       9.90516990E-02   9.98023152E-03
   13.0000000       800.000000      0.107849084       13.7891541      0.162393123       1.17753585E-10   1.65112397E-06   1.93216521E-02  -6.96619027E-05  -2.09995437       9.90440845E-02   1.19462078E-02
   2.00000000       800.000000      0.108672515       13.8981247      0.161021605       1.15849420E-10   2.77916251E-06   1.90961082E-02  -8.26341784E-05  -2.09855247       9.90350619E-02   1.39018465E-02
   3.00000000       800.000000      0.109497771       14.0066690      0.159644827       1.13964192E-10   3.91220692E-06   1.88713577E-02  -9.32037219E-05  -2.09691739       9.90249962E-02   1.58456974E-02
   4.00000000       800.000000      0.110339761       14.1170921      0.158262655       1.12097893E-10   5.04632317E-06   1.86500922E-02  -1.01341742E-04  -2.09506750       9.90138054E-02   1.77762527E-02
   5.00000000       800.000000      0.111177742       14.2269335      0.156875908       1.10250586E-10   6.17824753E-06   1.84323415E-02  -1.07064028E-04  -2.09298086       9.90018696E-02   1.96912326E-02
   6.00000000       800.000000      0.112030037       14.3394938      0.155484319       1.08422347E-10   7.30553938E-06   1.82153452E-02  -1.10428831E-04  -2.09067464       9.89893079E-02   2.15887781E-02
   7.00000000       800.000000      0.112885214       14.4517355      0.154087633       1.06612261E-10   8.42647842E-06   1.80017725E-02  -1.11533431E-04  -2.08812571       9.89768878E-02   2.34672241E-02
   8.00000000       800.000000      0.113750286       14.5650282      0.152686939       1.04821256E-10   9.54012103E-06   1.77915301E-02  -1.10510002E-04  -2.08535433       9.89643037E-02   2.53249966E-02
   9.00000000       800.000000      0.114624061       14.6793976      0.151281998       1.03049236E-10   1.06462685E-05   1.75822135E-02  -1.07520580E-04  -2.08234906       9.89519283E-02   2.71605216E-02
   10.0000000       800.000000      0.115506783       14.7940674      0.149873346       1.01295236E-10   1.17453101E-05   1.73762236E-02  -1.02755381E-04  -2.07910132       9.89399105E-02   2.89724451E-02
   11.0000000       800.000000      0.116393380       14.9101496      0.148460686       9.95601795E-11   1.28376878E-05   1.71735305E-02  -9.64241699E-05  -2.07562685       9.89286900E-02   3.07599232E-02
   12.0000000       800.000000      0.117281690       15.0272551      0.147044763       9.78433515E-11   1.39238018E-05   1.69717055E-02  -8.87554197E-05  -2.07191157       9.89184156E-02   3.25224921E-02
   13.0000000       800.000000      0.118191823       15.1445360      0.145625249       9.61458968E-11   1.50042533E-05   1.67732239E-02  -7.99847257E-05  -2.06796789       9.89091471E-02   3.42594944E-02
   2.00000000       800.000000      0.119099334       15.2630339      0.144203067       9.44666359E-11   1.60793570E-05   1.65774468E-02  -7.03511760E-05  -2.06378579       9.89004746E-02   3.59708667E-02
   3.00000000       800.000000      0.120015435       15.3828135      0.142778173       9.28066096E-11   1.71483280E-05   1.63830779E-02  -6.00907952E-05  -2.05936742       9.88934413E-02   3.76572087E-02
   4.00000000       800.000000      0.120940529       15.5036430      0.141350552       9.11646245E-11   1.82111744E-05   1.61905773E-02  -4.94327505E-05  -2.05471516       9.88872796E-02   3.93178686E-02
   5.00000000       800.000000      0.121867239       15.6249332      0.139920682       8.95417421E-11   1.92710304E-05   1.60016231E-02  -3.86000756E-05  -2.04982257       9.88825411E-02   4.09526862E-02
   6.00000000       800.000000      0.122810721       15.7464323      0.138489172       8.79365261E-11   2.03287327E-05   1.58144496E-02  -2.78074112E-05  -2.04469132       9.88792628E-02   4.25623544E-02
   7.00000000       800.000000      0.123757191       15.8707790      0.137055963       8.63508848E-11   2.13814510E-05   1.56288091E-02  -1.72534783E-05  -2.03932548       9.88771841E-02   4.41468805E-02
   8.00000000       800.000000      0.124716990       15.9948425      0.135621041       8.47825074E-11   2.24301384E-05   1.54457102E-02  -7.11537086E-06  -2.03372240       9.88762006E-02   4.57049310E-02
   9.00000000       800.000000      0.125679165       16.1200333      0.134184852       8.32332606E-11   2.34781655E-05   1.52653335E-02   2.45011256E-06  -2.02788162       9.88765657E-02   4.72358689E-02
   10.0000000       800.000000      0.126648560       16.2460766      0.132747546       8.17021104E-11   2.45266565E-05   1.50867943E-02   1.13065207E-05  -2.02180910       9.88780707E-02   4.87403348E-02
   11.0000000       800.000000      0.127627030       16.3736973      0.131309047       8.01894245E-11   2.55762407E-05   1.49102826E-02   1.93398610E-05  -2.01549053       9.88803878E-02   5.02178445E-02
   12.0000000       800.000000      0.128622070       16.5009899      0.129870072       7.86946272E-11   2.66259631E-05   1.47358244E-02   2.64600694E-05  -2.00893211       9.88837928E-02   5.16683385E-02
   13.0000000       800.000000      0.129615709       16.6299458      0.128430411       7.72181485E-11   2.76730152E-05   1.45631181E-02   3.25999717E-05  -2.00214863       9.88880694E-02   5.30911013E-02
   2.00000000       800.000000      0.130617574       16.7607040      0.126990393       7.57596832E-11   2.87151033E-05   1.43925669E-02   3.77156321E-05  -1.99511933       9.88931805E-02   5.44846840E-02
   3.00000000       800.000000      0.131631613       16.8909397      0.125550330       7.43193285E-11   2.97516708E-05   1.42238606E-02   4.17854390E-05  -1.98785663       9.88983288E-02   5.58476970E-02
   4.00000000       800.000000      0.132658064       17.0234966      0.124110721       7.28967373E-11   3.07831433E-05   1.40571641E-02   4.48087158E-05  -1.98035967       9.89044011E-02   5.71780093E-02
   5.00000000       800.000000      0.133689612       17.1564980      0.122671522       7.14921317E-11   3.18111342E-05   1.38930371E-02   4.68028520E-05  -1.97262812       9.89107341E-02   5.84744960E-02
   6.00000000       800.000000      0.134727374       17.2917385      0.121232741       7.01050815E-11   3.28380302E-05   1.37302093E-02   4.78031288E-05  -1.96466815       9.89172757E-02   5.97356223E-02
   7.00000000       800.000000      0.135772675       17.4260139      0.119795144       6.87360238E-11   3.38663885E-05   1.35691604E-02   4.78607872E-05  -1.95647156       9.89236236E-02   6.09606765E-02
   8.00000000       800.000000      0.136831790       17.5625153      0.118358552       6.73847506E-11   3.48975154E-05   1.34109585E-02   4.70403174E-05  -1.94805050       9.89300162E-02   6.21487312E-02
   9.00000000       800.000000      0.137887821       17.6995029      0.116923369       6.60512825E-11   3.59315709E-05   1.32536953E-02   4.54185647E-05  -1.93939483       9.89363194E-02   6.32997155E-02
   10.0000000       800.000000      0.138969555       17.8388729      0.115489960       6.47352102E-11   3.69667068E-05   1.30989011E-02   4.30812397E-05  -1.93051958       9.89422426E-02   6.44133091E-02
   11.0000000       800.000000      0.140046909       17.9775219      0.114058979       6.34371791E-11   3.80007623E-05   1.29455123E-02   4.01224679E-05  -1.92141891       9.89481136E-02   6.54895604E-02
   12.0000000       800.000000      0.141143247       18.1181393      0.112630717       6.21565577E-11   3.90327914E-05   1.27941156E-02   3.66416134E-05  -1.91210485       9.89531726E-02   6.65266812E-02
   13.0000000       800.000000      0.142242312       18.2606220      0.111205161       6.08934708E-11   4.00635618E-05   1.26441317E-02   3.27401031E-05  -1.90256965       9.89576727E-02   6.75247163E-02
   2.00000000       800.000000      0.143348306       18.4025784      0.109781392       5.96481128E-11   4.10930152E-05   1.24965375E-02   2.85192109E-05  -1.89281964       9.89619344E-02   6.84841871E-02
   3.00000000       800.000000      0.144470185       18.5468769      0.108363084       5.84200813E-11   4.21189361E-05   1.23497238E-02   2.40784393E-05  -1.88285887       9.89652947E-02   6.94040805E-02
   4.00000000       800.000000      0.145599216       18.6916237      0.106947213       5.72092790E-11   4.31416374E-05   1.22053642E-02   1.95139564E-05  -1.87268853       9.89680886E-02   7.02850372E-02
   5.00000000       800.000000      0.146730632       18.8387299      0.105535373       5.60162160E-11   4.41636694E-05   1.20620942E-02   1.49195594E-05  -1.86231053       9.89703909E-02   7.11282194E-02
   6.00000000       800.000000      0.147886083       18.9852219      0.104128458       5.48404516E-11   4.51837368E-05   1.19209494E-02   1.03838274E-05  -1.85173941       9.89719033E-02   7.19336867E-02
   7.00000000       800.000000      0.149040878       19.1336536      0.102725573       5.36818680E-11   4.61976888E-05   1.17818462E-02   5.98612814E-06  -1.84096205       9.89727601E-02   7.27010667E-02
   8.00000000       800.000000      0.150206983       19.2841053      0.101326957       5.25407808E-11   4.72056963E-05   1.16437888E-02   1.79677772E-06  -1.82996488       9.89729986E-02   7.34299347E-02
   9.00000000       800.000000      0.151375279       19.4338169       9.99344885E-02   5.14166001E-11   4.82099167E-05   1.15072569E-02  -2.12208670E-06  -1.81880724       9.89727303E-02   7.41208196E-02
   10.0000000       800.000000      0.152559474       19.5859928       9.85464379E-02   5.03090104E-11   4.92120926E-05   1.13729537E-02  -5.71752889E-06  -1.80743945       9.89718810E-02   7.47728795E-02
   11.0000000       800.000000      0.153755501       19.7391071       9.71646458E-02   4.92183655E-11   5.02153271E-05   1.12396609E-02  -8.94634559E-06  -1.79591632       9.89705473E-02   7.53870234E-02
   12.0000000       800.000000      0.154966682       19.8943138       9.57887173E-02   4.81445959E-11   5.12212755E-05   1.11081852E-02  -1.17767677E-05  -1.78418314       9.89685133E-02   7.59627819E-02
   13.0000000       800.000000      0.156182289       20.0499210       9.44179595E-02   4.70883055E-11   5.22282280E-05   1.09782349E-02  -1.41868941E-05  -1.77226710       9.89663973E-02   7.65013397E-02
   2.00000000       800.000000      0.157407701       20.2067699       9.30560529E-02   4.60481826E-11   5.32332815E-05   1.08490866E-02  -1.61636181E-05  -1.76017320       9.89639908E-02   7.70031139E-02
   3.00000000       800.000000      0.158632427       20.3635406       9.16977972E-02   4.50247166E-11   5.42331727E-05   1.07226400E-02  -1.77027705E-05  -1.74791145       9.89611223E-02   7.74675980E-02
   4.00000000       800.000000      0.159881696       20.5234394       9.03474540E-02   4.40170192E-11   5.52249003E-05   1.05970213E-02  -1.88079121E-05  -1.73552763       9.89579707E-02   7.78938159E-02
   5.00000000       800.000000      0.161134437       20.6836548       8.90043452E-02   4.30260376E-11   5.62065507E-05   1.04728574E-02  -1.94899494E-05  -1.72291815       9.89549458E-02   7.82806650E-02
   6.00000000       800.000000      0.162408039       20.8466339       8.76686946E-02   4.20517128E-11   5.71786877E-05   1.03499414E-02  -1.97663539E-05  -1.71017528       9.89517793E-02   7.86280036E-02
   7.00000000       800.000000      0.163673609       21.0080662       8.63403529E-02   4.10926952E-11   5.81426284E-05   1.02289934E-02  -1.96609708E-05  -1.69731021       9.89486426E-02   7.89344236E-02
   8.00000000       800.000000      0.164970547       21.1726456       8.50201696E-02   4.01505357E-11   5.91005628E-05   1.01089478E-02  -1.92032476E-05  -1.68423891       9.89454836E-02   7.92002827E-02
   9.00000000       800.000000      0.166260168       21.3390827       8.37081596E-02   3.92239331E-11   6.00543171E-05   9.99067537E-03  -1.84278833E-05  -1.67104268       9.89422426E-02   7.94248879E-02
   10.0000000       800.000000      0.167571649       21.5048828       8.24034363E-02   3.83133594E-11   6.10046700E-05   9.87385400E-03  -1.73729513E-05  -1.65773702       9.89393741E-02   7.96095431E-02
   11.0000000       800.000000      0.168884769       21.6747990       8.11081529E-02   3.74183323E-11   6.19503044E-05   9.75798815E-03  -1.60789295E-05  -1.64427722       9.89366770E-02   7.97547176E-02
   12.0000000       800.000000      0.170220941       21.8437004       7.98224136E-02   3.65390287E-11   6.28870985E-05   9.64356028E-03  -1.45878394E-05  -1.63069546       9.89341661E-02   7.98626170E-02
   13.0000000       800.000000      0.171562597       22.0148487       7.85447210E-02   3.56751087E-11   6.38113124E-05   9.53091215E-03  -1.29418286E-05  -1.61699629       9.89320204E-02   7.99298957E-02
   2.00000000       800.000000      0.172911152       22.1867790       7.72770047E-02   3.48268844E-11   6.47210036E-05   9.41889733E-03  -1.11827840E-05  -1.60315931       9.89300460E-02   7.99599588E-02
   3.00000000       800.000000      0.174262822       22.3595982       7.60197714E-02   3.39942623E-11   6.56110569E-05   9.30921361E-03  -9.35095431E-06  -1.58921158       9.89284366E-02   7.99528360E-02
   4.00000000       800.000000      0.175636902       22.5350342       7.47715384E-02   3.31765206E-11   6.64822437E-05   9.19955783E-03  -7.48369803E-06  -1.57513738       9.89271924E-02   7.99060091E-02
   5.00000000       800.000000      0.177029908       22.7109966       7.35339224E-02   3.23739612E-11   6.73476607E-05   9.09219123E-03  -5.61882325E-06  -1.56102836       9.89261195E-02   7.98201486E-02
   6.00000000       800.000000      0.178427994       22.8897495       7.23050609E-02   3.15864730E-11   6.82081736E-05   8.98549892E-03  -3.79112248E-06  -1.54677105       9.89253744E-02   7.97002837E-02
   7.00000000       800.000000      0.179832757       23.0675335       7.10874945E-02   3.08131229E-11   6.90590168E-05   8.88047088E-03  -2.03111153E-06  -1.53250492       9.89249945E-02   7.95446336E-02
   8.00000000       800.000000      0.181247130       23.2492962       6.98818788E-02   3.00561798E-11   6.99039520E-05   8.77606496E-03  -3.65665215E-07  -1.51810837       9.89249274E-02   7.93546066E-02
   9.00000000       800.000000      0.182678327       23.4303741       6.86861873E-02   2.93122054E-11   7.07429353E-05   8.67316127E-03   1.18198147E-06  -1.50359666       9.89251733E-02   7.91324526E-02
   10.0000000       800.000000      0.184120178       23.6137962       6.75059780E-02   2.85826501E-11   7.15748465E-05   8.57162569E-03   2.59259741E-06  -1.48902512       9.89256725E-02   7.88768902E-02
   11.0000000       800.000000      0.185574606       23.7995758       6.63315430E-02   2.78685824E-11   7.23999328E-05   8.47116765E-03   3.85050134E-06  -1.47442806       9.89264548E-02   7.85915703E-02
   12.0000000       800.000000      0.187039450       23.9845982       6.51713312E-02   2.71673881E-11   7.32148692E-05   8.37183744E-03   4.94411506E-06  -1.45974827       9.89274532E-02   7.82765895E-02
   13.0000000       800.000000      0.188515589       24.1725788       6.40233234E-02   2.64820717E-11   7.40155010E-05   8.27404205E-03   5.86650913E-06  -1.44504666       9.89285111E-02   7.79311135E-02
   2.00000000       800.000000      0.190003842       24.3626595       6.28833175E-02   2.58086053E-11   7.48023958E-05   8.17683339E-03   6.61414424E-06  -1.43029821       9.89297554E-02   7.75557831E-02
   3.00000000       800.000000      0.191507503       24.5538692       6.17587082E-02   2.51504425E-11   7.55763613E-05   8.08135234E-03   7.18681122E-06  -1.41546321       9.89310369E-02   7.71516636E-02
   4.00000000       800.000000      0.193027228       24.7454605       6.06474876E-02   2.45049918E-11   7.63366552E-05   7.98647851E-03   7.58738679E-06  -1.40059006       9.89326090E-02   7.67189190E-02
   5.00000000       800.000000      0.194553345       24.9383144       5.95426261E-02   2.38728204E-11   7.70835613E-05   7.89273158E-03   7.82171355E-06  -1.38569438       9.89339799E-02   7.62571469E-02
   6.00000000       800.000000      0.196085945       25.1336231       5.84541745E-02   2.32539266E-11   7.78164685E-05   7.80053344E-03   7.89807018E-06  -1.37082016       9.89356562E-02   7.57685825E-02
   7.00000000       800.000000      0.197636858       25.3313236       5.73796891E-02   2.26486000E-11   7.85335360E-05   7.70933740E-03   7.82719053E-06  -1.35589266       9.89372060E-02   7.52525032E-02
   8.00000000       800.000000      0.199212298       25.5304661       5.63127734E-02   2.20553957E-11   7.92315332E-05   7.61857675E-03   7.62171248E-06  -1.34096146       9.89386514E-02   7.47105628E-02
   9.00000000       800.000000      0.200781316       25.7297115       5.52606098E-02   2.14755175E-11   7.99089030E-05   7.52956979E-03   7.29592557E-06  -1.32601225       9.89400223E-02   7.41426200E-02
   10.0000000       800.000000      0.202371761       25.9304714       5.42216152E-02   2.09075465E-11   8.05645614E-05   7.44111231E-03   6.86530848E-06  -1.31103802       9.89413857E-02   7.35483021E-02
   11.0000000       800.000000      0.203978211       26.1335907       5.31970002E-02   2.03526362E-11   8.11992795E-05   7.35417381E-03   6.34585558E-06  -1.29610300       9.89427418E-02   7.29297400E-02
   12.0000000       800.000000      0.205590189       26.3390236       5.21843918E-02   1.98101396E-11   8.18153858E-05   7.26819504E-03   5.75406739E-06  -1.28117657       9.89439711E-02   7.22866207E-02
   13.0000000       800.000000      0.207215562       26.5462608       5.11841066E-02   1.92791338E-11   8.24176823E-05   7.18290638E-03   5.10644395E-06  -1.26626885       9.89451781E-02   7.16191605E-02
   2.00000000       800.000000      0.208862230       26.7531796       5.01966551E-02   1.87605088E-11   8.30127756E-05   7.09857745E-03   4.41903421E-06  -1.25139129       9.89460647E-02   7.09291026E-02
   3.00000000       800.000000      0.210511744       26.9634609       4.92243990E-02   1.82537475E-11   8.36078616E-05   7.01526273E-03   3.70706562E-06  -1.23653018       9.89469737E-02   7.02163577E-02
   4.00000000       800.000000      0.212182373       27.1744270       4.82634269E-02   1.77586643E-11   8.42025111E-05   6.93320669E-03   2.98511986E-06  -1.22171366       9.89476293E-02   6.94862679E-02
   5.00000000       800.000000      0.213867262       27.3881035       4.73172143E-02   1.72749037E-11   8.47864721E-05   6.85189245E-03   2.26624979E-06  -1.20692277       9.89480615E-02   6.87384978E-02
   6.00000000       800.000000      0.215570495       27.6017551       4.63836454E-02   1.68024119E-11   8.53736710E-05   6.77165994E-03   1.56306817E-06  -1.19219935       9.89483744E-02   6.79732114E-02
   7.00000000       800.000000      0.217280358       27.8196926       4.54642810E-02   1.63409321E-11   8.59569336E-05   6.69230474E-03   8.88042052E-07  -1.17751110       9.89485234E-02   6.71948716E-02
   8.00000000       800.000000      0.218995273       28.0367794       4.45570052E-02   1.58905892E-11   8.65114853E-05   6.61395444E-03   2.49878440E-07  -1.16287911       9.89485756E-02   6.64039180E-02
   9.00000000       800.000000      0.220740929       28.2576332       4.36645150E-02   1.54511109E-11   8.70395306E-05   6.53647445E-03  -3.42670205E-07  -1.14830601       9.89484936E-02   6.56019375E-02
   10.0000000       800.000000      0.222490728       28.4788132       4.27848473E-02   1.50219177E-11   8.75340411E-05   6.46002451E-03  -8.82640791E-07  -1.13379920       9.89483371E-02   6.47870600E-02
   11.0000000       800.000000      0.224248633       28.7025547       4.19191122E-02   1.46032544E-11   8.80009102E-05   6.38404535E-03  -1.36425388E-06  -1.11936152       9.89480615E-02   6.39610887E-02
   12.0000000       800.000000      0.226034790       28.9273281       4.10661399E-02   1.41948779E-11   8.84459732E-05   6.30946876E-03  -1.78349796E-06  -1.10499954       9.89476964E-02   6.31245747E-02
   13.0000000       800.000000      0.227838799       29.1540203       4.02268581E-02   1.37965160E-11   8.88732102E-05   6.23528566E-03  -2.13780663E-06  -1.09071231       9.89472270E-02   6.22781366E-02
   2.00000000       800.000000      0.229636580       29.3828106       3.94011289E-02   1.34081192E-11   8.92886310E-05   6.16259081E-03  -2.42624196E-06  -1.07650733       9.89465564E-02   6.14236258E-02
   3.00000000       800.000000      0.231463313       29.6143074       3.85883003E-02   1.30293632E-11   8.96973143E-05   6.09016558E-03  -2.64895675E-06  -1.06239092       9.89459008E-02   6.05614968E-02
   4.00000000       800.000000      0.233298600       29.8444633       3.77890840E-02   1.26601082E-11   9.01058738E-05   6.01885235E-03  -2.80733434E-06  -1.04835927       9.89452899E-02   5.96935004E-02
   5.00000000       800.000000      0.235164225       30.0788250       3.70028764E-02   1.23002086E-11   9.05153283E-05   5.94832795E-03  -2.90389721E-06  -1.03442168       9.89444777E-02   5.88196367E-02
   6.00000000       800.000000      0.237021416       30.3152733       3.62296030E-02   1.19493582E-11   9.09233277E-05   5.87855233E-03  -2.94199776E-06  -1.02058637       9.89437178E-02   5.79423122E-02
   7.00000000       800.000000      0.238909259       30.5545444       3.54695730E-02   1.16076463E-11   9.13245385E-05   5.80978440E-03  -2.92566574E-06  -1.00684536       9.89429653E-02   5.70646860E-02
   8.00000000       800.000000      0.240805298       30.7942753       3.47224586E-02   1.12745100E-11   9.17120851E-05   5.74182579E-03  -2.85950523E-06 -0.993211508       9.89422947E-02   5.61830327E-02
   9.00000000       800.000000      0.242732763       31.0363560       3.39881331E-02   1.09501705E-11   9.20791936E-05   5.67440409E-03  -2.74850731E-06 -0.979676247       9.89416316E-02   5.53015806E-02
   10.0000000       800.000000      0.244650185       31.2805672       3.32667083E-02   1.06341958E-11   9.24207488E-05   5.60782105E-03  -2.59802255E-06 -0.966252446       9.89409685E-02   5.44204600E-02
   11.0000000       800.000000      0.246601894       31.5240726       3.25578526E-02   1.03264897E-11   9.27356305E-05   5.54252835E-03  -2.41378007E-06 -0.952951729       9.89403501E-02   5.35383001E-02
   12.0000000       800.000000      0.248575494       31.7732716       3.18615548E-02   1.00269307E-11   9.30275201E-05   5.47720771E-03  -2.20159927E-06 -0.939752996       9.89398509E-02   5.26551120E-02
   13.0000000       800.000000      0.250549018       32.0229034       3.11777797E-02   9.73529417E-12   9.33006595E-05   5.41311083E-03  -1.96750648E-06 -0.926662445       9.89394411E-02   5.17726839E-02
   2.00000000       800.000000      0.252544135       32.2734489       3.05063929E-02   9.45137284E-12   9.35574571E-05   5.34993131E-03  -1.71739362E-06 -0.913699865       9.89389718E-02   5.08937314E-02
   3.00000000       800.000000      0.254557490       32.5260506       2.98473332E-02   9.17512680E-12   9.38004159E-05   5.28717041E-03  -1.45697231E-06 -0.900857806       9.89385918E-02   5.00168763E-02
   4.00000000       800.000000      0.256586730       32.7818604       2.92005166E-02   8.90626548E-12   9.40313039E-05   5.22518530E-03  -1.19173546E-06 -0.888133049       9.89383459E-02   4.91441712E-02
   5.00000000       800.000000      0.258610994       33.0395813       2.85657290E-02   8.64473684E-12   9.42495099E-05   5.16412407E-03  -9.26785617E-07 -0.875539482       9.89380628E-02   4.82756346E-02
   6.00000000       800.000000      0.260681123       33.2992859       2.79427525E-02   8.39031795E-12   9.44608983E-05   5.10335620E-03  -6.66627727E-07 -0.863067925       9.89378840E-02   4.74116243E-02
   7.00000000       800.000000      0.262756377       33.5623474       2.73317974E-02   8.14284144E-12   9.46718865E-05   5.04392013E-03  -4.15500267E-07 -0.850719869       9.89377946E-02   4.65545133E-02
   8.00000000       800.000000      0.264846563       33.8261070       2.67324727E-02   7.90223095E-12   9.48733723E-05   4.98479512E-03  -1.77331756E-07 -0.838502824       9.89377722E-02   4.57058661E-02
   9.00000000       800.000000      0.266964108       34.0918350       2.61448547E-02   7.66819160E-12   9.50657341E-05   4.92643565E-03   4.46499371E-08 -0.826412439       9.89377722E-02   4.48631346E-02
   10.0000000       800.000000      0.269089431       34.3593788       2.55684182E-02   7.44066180E-12   9.52522460E-05   4.86851111E-03   2.48014288E-07 -0.814450741       9.89378393E-02   4.40306328E-02
   11.0000000       800.000000      0.271236569       34.6304741       2.50033010E-02   7.21947675E-12   9.54206407E-05   4.81135258E-03   4.30833239E-07 -0.802627444       9.89379287E-02   4.32082117E-02
   12.0000000       800.000000      0.273390830       34.9008446       2.44496502E-02   7.00445344E-12   9.55692230E-05   4.75507043E-03   5.91455887E-07 -0.790929496       9.89380926E-02   4.23935354E-02
   13.0000000       800.000000      0.275573671       35.1773834       2.39065625E-02   6.79539194E-12   9.57058000E-05   4.69950074E-03   7.28851205E-07 -0.779349923       9.89383310E-02   4.15901355E-02
   2.00000000       800.000000      0.277770936       35.4531212       2.33741589E-02   6.59228921E-12   9.58209930E-05   4.64439252E-03   8.42588179E-07 -0.767911315       9.89385396E-02   4.07968760E-02
   3.00000000       800.000000      0.279982239       35.7325478       2.28525139E-02   6.39486077E-12   9.59113822E-05   4.59002052E-03   9.32501109E-07 -0.756592453       9.89387631E-02   4.00138125E-02
   4.00000000       800.000000      0.282222867       36.0137329       2.23413184E-02   6.20298648E-12   9.59860481E-05   4.53600753E-03   9.98961468E-07 -0.745412290       9.89390686E-02   3.92401032E-02
   5.00000000       800.000000      0.284471065       36.2968369       2.18402762E-02   6.01654620E-12   9.60498728E-05   4.48315311E-03   1.04266917E-06 -0.734357357       9.89393890E-02   3.84763330E-02
   6.00000000       800.000000      0.286742091       36.5804558       2.13494953E-02   5.83541635E-12   9.61036712E-05   4.43055108E-03   1.06468349E-06 -0.723434508       9.89396349E-02   3.77235413E-02
   7.00000000       800.000000      0.289016098       36.8690605       2.08686404E-02   5.65943212E-12   9.61455007E-05   4.37839143E-03   1.06637572E-06 -0.712637067       9.89399329E-02   3.69813889E-02
   8.00000000       800.000000      0.291324228       37.1585426       2.03975216E-02   5.48850548E-12   9.61698606E-05   4.32710955E-03   1.04936930E-06 -0.701977134       9.89402086E-02   3.62511016E-02
   9.00000000       800.000000      0.293644518       37.4530144       1.99361090E-02   5.32249201E-12   9.61688056E-05   4.27646050E-03   1.01547937E-06 -0.691432714       9.89404619E-02   3.55319940E-02
   10.0000000       800.000000      0.296003997       37.7481918       1.94841605E-02   5.16116577E-12   9.61344631E-05   4.22645453E-03   9.66682819E-07 -0.681020856       9.89407450E-02   3.48237492E-02
   11.0000000       800.000000      0.298353791       38.0451622       1.90414786E-02   5.00451807E-12   9.60621037E-05   4.17692075E-03   9.05029026E-07 -0.670735896       9.89410430E-02   3.41263339E-02
   12.0000000       800.000000      0.300734103       38.3437805       1.86079908E-02   4.85236764E-12   9.59515964E-05   4.12779488E-03   8.32608180E-07 -0.660578310       9.89412963E-02   3.34388427E-02
   13.0000000       800.000000      0.303147912       38.6467476       1.81834679E-02   4.70460346E-12   9.58080127E-05   4.07956913E-03   7.51536049E-07 -0.650544763       9.89416018E-02   3.27601209E-02
   2.00000000       800.000000      0.305555582       38.9513550       1.77678205E-02   4.56115397E-12   9.56391377E-05   4.03156364E-03   6.63894411E-07 -0.640635371       9.89417434E-02   3.20920385E-02
   3.00000000       800.000000      0.307996303       39.2577019       1.73608996E-02   4.42187389E-12   9.54520001E-05   3.98444664E-03   5.71726730E-07 -0.630853176       9.89419520E-02   3.14332731E-02
   4.00000000       800.000000      0.310469896       39.5681572       1.69625431E-02   4.28664699E-12   9.52511909E-05   3.93771706E-03   4.77001549E-07 -0.621195853       9.89420861E-02   3.07844542E-02
   5.00000000       800.000000      0.312931180       39.8770142       1.65727679E-02   4.15541299E-12   9.50386529E-05   3.89162218E-03   3.81612182E-07 -0.611662626       9.89422277E-02   3.01459916E-02
   6.00000000       800.000000      0.315432847       40.1933212       1.61912367E-02   4.02800883E-12   9.48142333E-05   3.84591543E-03   2.87307444E-07 -0.602252424       9.89423096E-02   2.95178834E-02
   7.00000000       800.000000      0.317947745       40.5082169       1.58178844E-02   3.90435991E-12   9.45740321E-05   3.80070694E-03   1.95691285E-07 -0.592964768       9.89423618E-02   2.89008413E-02
   8.00000000       800.000000      0.320495814       40.8281288       1.54525032E-02   3.78435304E-12   9.43092818E-05   3.75625072E-03   1.08163810E-07 -0.583799005       9.89423841E-02   2.82941796E-02
   9.00000000       800.000000      0.323059022       41.1489258       1.50950989E-02   3.66790279E-12   9.40197206E-05   3.71203874E-03   2.60554778E-08 -0.574755192       9.89423916E-02   2.76976041E-02
   10.0000000       800.000000      0.325634599       41.4749947       1.47453584E-02   3.55491331E-12   9.37071454E-05   3.66870337E-03  -4.94353394E-08 -0.565832257       9.89423841E-02   2.71124896E-02
   11.0000000       800.000000      0.328246117       41.8027420       1.44032519E-02   3.44526838E-12   9.33708870E-05   3.62558942E-03  -1.17596038E-07 -0.557028174       9.89423543E-02   2.65365019E-02
   12.0000000       800.000000      0.330868602       42.1312904       1.40685663E-02   3.33888147E-12   9.30265014E-05   3.58297117E-03  -1.77795130E-07 -0.548342109       9.89423022E-02   2.59701051E-02
   13.0000000       800.000000      0.333499759       42.4624519       1.37411533E-02   3.23568429E-12   9.26850335E-05   3.54099204E-03  -2.29595130E-07 -0.539772630       9.89422426E-02   2.54134368E-02
   2.00000000       800.000000      0.336178690       42.7972488       1.34209953E-02   3.13556169E-12   9.23617263E-05   3.49937659E-03  -2.72744444E-07 -0.531324327       9.89421681E-02   2.48663332E-02
   3.00000000       800.000000      0.338866234       43.1343956       1.31078903E-02   3.03845013E-12   9.20664388E-05   3.45832668E-03  -3.07207983E-07 -0.522989810       9.89420265E-02   2.43291650E-02
   4.00000000       800.000000      0.341564178       43.4764404       1.28016286E-02   2.94423665E-12   9.17984144E-05   3.41788679E-03  -3.33108858E-07 -0.514768004       9.89419073E-02   2.38022357E-02
   5.00000000       800.000000      0.344298780       43.8198090       1.25021935E-02   2.85285641E-12   9.15577330E-05   3.37782037E-03  -3.50719944E-07 -0.506663561       9.89417806E-02   2.32858527E-02
   6.00000000       800.000000      0.347046673       44.1641579       1.22093922E-02   2.76422678E-12   9.13422991E-05   3.33793927E-03  -3.60453669E-07 -0.498669565       9.89416614E-02   2.27793586E-02
   7.00000000       800.000000      0.349838823       44.5138283       1.19230216E-02   2.67828316E-12   9.11517564E-05   3.29878228E-03  -3.62842542E-07 -0.490788579       9.89415795E-02   2.22824216E-02
   8.00000000       800.000000      0.352615893       44.8651733       1.16428109E-02   2.59488676E-12   9.09907612E-05   3.26004880E-03  -3.58511954E-07 -0.483018219       9.89414155E-02   2.17942223E-02
   9.00000000       800.000000      0.355454803       45.2186356       1.13690365E-02   2.51401764E-12   9.08685543E-05   3.22183222E-03  -3.48166338E-07 -0.475358248       9.89412814E-02   2.13149749E-02
   10.0000000       800.000000      0.358279139       45.5763397       1.11013502E-02   2.43559708E-12   9.07958674E-05   3.18401400E-03  -3.32554777E-07 -0.467807055       9.89411399E-02   2.08440199E-02
   11.0000000       800.000000      0.361149102       45.9357567       1.08396858E-02   2.35955743E-12   9.07819849E-05   3.14668566E-03  -3.12467648E-07 -0.460363537       9.89410132E-02   2.03814730E-02
   12.0000000       800.000000      0.364027262       46.2968864       1.05838384E-02   2.28582713E-12   9.08337242E-05   3.10983090E-03  -2.88696242E-07 -0.453025341       9.89409164E-02   1.99274942E-02
   13.0000000       800.000000      0.366944253       46.6631355       1.03337672E-02   2.21433765E-12   9.09521405E-05   3.07315122E-03  -2.62004534E-07 -0.445792973       9.89408046E-02   1.94819961E-02
   2.00000000       800.000000      0.369876415       47.0312233       1.00893648E-02   2.14503307E-12   9.11367824E-05   3.03711277E-03  -2.33150885E-07 -0.438669443       9.89406705E-02   1.90448612E-02
   3.00000000       800.000000      0.372847915       47.4044495       9.85049270E-03   2.07782598E-12   9.13898839E-05   3.00131855E-03  -2.02866545E-07 -0.431648612       9.89406034E-02   1.86161771E-02
   4.00000000       800.000000      0.375840873       47.7758026       9.61700827E-03   2.01269925E-12   9.17114085E-05   2.96625006E-03  -1.71811664E-07 -0.424731374       9.89405289E-02   1.81959160E-02
   5.00000000       800.000000      0.378836393       48.1548996       9.38889384E-03   1.94955510E-12   9.21020692E-05   2.93126935E-03  -1.40602666E-07 -0.417915404       9.89404842E-02   1.77842416E-02
   6.00000000       800.000000      0.381849557       48.5329056       9.16592591E-03   1.88834365E-12   9.25599525E-05   2.89690727E-03  -1.09812142E-07 -0.411203235       9.89404470E-02   1.73812490E-02
   7.00000000       800.000000      0.384928495       48.9166336       8.94805789E-03   1.82899767E-12   9.30814349E-05   2.86292448E-03  -7.99283058E-08 -0.404593498       9.89404172E-02   1.69871338E-02
   8.00000000       800.000000      0.388007849       49.3037720       8.73511098E-03   1.77149853E-12   9.36570432E-05   2.82919384E-03  -5.13703604E-08 -0.398072273       9.89404097E-02   1.66021530E-02
   9.00000000       800.000000      0.391112477       49.6939621       8.52708146E-03   1.71574679E-12   9.42791594E-05   2.79608229E-03  -2.45132519E-08 -0.391660810       9.89404023E-02   1.62262451E-02
   10.0000000       800.000000      0.394236952       50.0870171       8.32384732E-03   1.66172761E-12   9.49470123E-05   2.76316865E-03   3.54174245E-10 -0.385332227       9.89404023E-02   1.58592537E-02
   11.0000000       800.000000      0.397388846       50.4830971       8.12519249E-03   1.60935609E-12   9.56535732E-05   2.73074210E-03   2.29894432E-08 -0.379102528       9.89404097E-02   1.55013194E-02
   12.0000000       800.000000      0.400564700       50.8813133       7.93099217E-03   1.55855580E-12   9.63924758E-05   2.69852299E-03   4.32082849E-08 -0.372961372       9.89404172E-02   1.51521415E-02
   13.0000000       800.000000      0.403795749       51.2825050       7.74134835E-03   1.50938214E-12   9.71524350E-05   2.66692694E-03   6.08906134E-08 -0.366913736       9.89404395E-02   1.48115968E-02
   2.00000000       800.000000      0.406995207       51.6878319       7.55588384E-03   1.46163995E-12   9.79155811E-05   2.63548619E-03   7.59652821E-08 -0.360951930       9.89404693E-02   1.44809866E-02
   3.00000000       800.000000      0.410275906       52.0953789       7.37468712E-03   1.41540599E-12   9.86533851E-05   2.60449224E-03   8.84129534E-08 -0.355079144       9.89404917E-02   1.41582116E-02
   4.00000000       800.000000      0.413564175       52.5095062       7.19764782E-03   1.37057802E-12   9.93517606E-05   2.57395115E-03   9.82302879E-08 -0.349289745       9.89405438E-02   1.38436342E-02
   5.00000000       800.000000      0.416869521       52.9231834       7.02457596E-03   1.32710824E-12   9.99988551E-05   2.54356838E-03   1.05484851E-07 -0.343581736       9.89405960E-02   1.35368733E-02
   6.00000000       800.000000      0.420203984       53.3436661       6.85520889E-03   1.28499240E-12   1.00568970E-04   2.51373951E-03   1.10263926E-07 -0.337956280       9.89406258E-02   1.32371988E-02
   7.00000000       800.000000      0.423574746       53.7655487       6.68988796E-03   1.24415051E-12   1.01061771E-04   2.48415186E-03   1.12669774E-07 -0.332412779       9.89406854E-02   1.29433814E-02
   8.00000000       800.000000      0.426962882       54.1887779       6.52820384E-03   1.20454590E-12   1.01480582E-04   2.45486898E-03   1.12845903E-07 -0.326948434       9.89407524E-02   1.26555925E-02
   9.00000000       800.000000      0.430381179       54.6191368       6.37007225E-03   1.16615604E-12   1.01820777E-04   2.42609507E-03   1.10971030E-07 -0.321562856       9.89408195E-02   1.23736104E-02
   10.0000000       800.000000      0.433835030       55.0515404       6.21552160E-03   1.12892389E-12   1.02080834E-04   2.39753537E-03   1.07235302E-07 -0.316255242       9.89408866E-02   1.20975329E-02
   11.0000000       800.000000      0.437294513       55.4855461       6.06446527E-03   1.09284370E-12   1.02257094E-04   2.36930372E-03   1.01839063E-07 -0.311022907       9.89409313E-02   1.18267862E-02
   12.0000000       800.000000      0.440796643       55.9234009       5.91683760E-03   1.05785226E-12   1.02350823E-04   2.34131492E-03   9.50250154E-08 -0.305869877       9.89409685E-02   1.15611851E-02
   13.0000000       800.000000      0.444335788       56.3692284       5.77236805E-03   1.02393528E-12   1.02373342E-04   2.31375080E-03   8.70297683E-08 -0.300791293       9.89409909E-02   1.13008050E-02
   2.00000000       800.000000      0.447884768       56.8128738       5.63118095E-03   9.91046546E-13   1.02330625E-04   2.28653988E-03   7.80852147E-08 -0.295786709       9.89410281E-02   1.10458946E-02
   3.00000000       800.000000      0.451492101       57.2652702       5.49316639E-03   9.59165256E-13   1.02224898E-04   2.25970428E-03   6.84365489E-08 -0.290856659       9.89410728E-02   1.07967388E-02
   4.00000000       800.000000      0.455087274       57.7184486       5.35817211E-03   9.28253676E-13   1.02053833E-04   2.23302864E-03   5.83210884E-08 -0.285999715       9.89410877E-02   1.05535546E-02
   5.00000000       800.000000      0.458740443       58.1730003       5.22620045E-03   8.98276516E-13   1.01811806E-04   2.20677000E-03   4.79687792E-08 -0.281212270       9.89411101E-02   1.03164669E-02
   6.00000000       800.000000      0.462410837       58.6358948       5.09713916E-03   8.69209002E-13   1.01492544E-04   2.18061311E-03   3.76004365E-08 -0.276494622       9.89411324E-02   1.00854877E-02
   7.00000000       800.000000      0.466109008       59.0983734       4.97091888E-03   8.41024787E-13   1.01092824E-04   2.15494516E-03   2.74206489E-08 -0.271845788       9.89411548E-02   9.86029953E-03
   8.00000000       800.000000      0.469850868       59.5668716       4.84746788E-03   8.13695628E-13   1.00614627E-04   2.12955498E-03   1.76131536E-08 -0.267264962       9.89411548E-02   9.64058936E-03
   9.00000000       800.000000      0.473630607       60.0369263       4.72673448E-03   7.87193932E-13   1.00074722E-04   2.10439740E-03   8.33719582E-09 -0.262750596       9.89411548E-02   9.42657329E-03
   10.0000000       800.000000      0.477417022       60.5153427       4.60862787E-03   7.61494654E-13   9.94866277E-05   2.07952270E-03  -2.83454787E-10 -0.258300990       9.89411548E-02   9.21814889E-03
   11.0000000       800.000000      0.481236160       60.9947357       4.49309964E-03   7.36570364E-13   9.88621250E-05   2.05504429E-03  -8.13782819E-09 -0.253914684       9.89411548E-02   9.01654921E-03
   12.0000000       800.000000      0.485106736       61.4788399       4.38006129E-03   7.12397318E-13   9.81985504E-05   2.03073141E-03  -1.51554520E-08 -0.249588504       9.89411548E-02   8.82204529E-03
   13.0000000       800.000000      0.489003509       61.9645309       4.26946720E-03   6.88951554E-13   9.75234871E-05   2.00665928E-03  -2.12643236E-08 -0.245322123       9.89411324E-02   8.63562152E-03
   2.00000000       800.000000      0.492917389       62.4534645       4.16124566E-03   6.66210847E-13   9.68490640E-05   1.98294735E-03  -2.64556999E-08 -0.241110489       9.89411250E-02   8.45855847E-03
   3.00000000       800.000000      0.496857613       62.9518318       4.05528396E-03   6.44139039E-13   9.61590413E-05   1.95945334E-03  -3.07156967E-08 -0.236949995       9.89411101E-02   8.29133298E-03
   4.00000000       800.000000      0.500846684       63.4490204       3.95154487E-03   6.22725667E-13   9.54849602E-05   1.93630229E-03  -3.40546187E-08 -0.232835472       9.89411026E-02   8.13562609E-03
   5.00000000       800.000000      0.504872501       63.9528084       3.84992035E-03   6.01942324E-13   9.48300076E-05   1.91323634E-03  -3.64843693E-08 -0.228768170       9.89410803E-02   7.99124409E-03
   6.00000000       800.000000      0.508909047       64.4573593       3.75035894E-03   5.81767165E-13   9.42257757E-05   1.89064885E-03  -3.80520859E-08 -0.224736392       9.89410579E-02   7.85795785E-03
   7.00000000       800.000000      0.512971818       64.9687729       3.65284388E-03   5.62177583E-13   9.37127479E-05   1.86820782E-03  -3.87903114E-08 -0.220737189       9.89410430E-02   7.73576880E-03
   8.00000000       800.000000      0.517089903       65.4843674       3.55718751E-03   5.43156286E-13   9.33191841E-05   1.84591964E-03  -3.87540773E-08 -0.216767371       9.89409983E-02   7.62409857E-03
   9.00000000       800.000000      0.521240056       66.0012741       3.46347084E-03   5.24685384E-13   9.30894239E-05   1.82394509E-03  -3.79983938E-08 -0.212820888       9.89409909E-02   7.52210105E-03
   10.0000000       800.000000      0.525399923       66.5273361       3.37155722E-03   5.06740266E-13   9.30543174E-05   1.80231140E-03  -3.65853872E-08 -0.208893821       9.89409685E-02   7.42867542E-03
   11.0000000       800.000000      0.529633105       67.0519409       3.28139868E-03   4.89311499E-13   9.32289768E-05   1.78085233E-03  -3.45856961E-08 -0.204981819       9.89409462E-02   7.34276604E-03
   12.0000000       800.000000      0.533852458       67.5886993       3.19295703E-03   4.72377617E-13   9.36009819E-05   1.75957929E-03  -3.20736326E-08 -0.201084316       9.89409313E-02   7.26326834E-03
   13.0000000       800.000000      0.538169861       68.1238251       3.10622458E-03   4.55923060E-13   9.41225881E-05   1.73866039E-03  -2.91290370E-08 -0.197195411       9.89409089E-02   7.18872854E-03
   2.00000000       800.000000      0.542478204       68.6609192       3.02098854E-03   4.39934357E-13   9.47093358E-05   1.71800901E-03  -2.58352468E-08 -0.193317100       9.89409089E-02   7.11751170E-03
   3.00000000       800.000000      0.546837091       69.2043610       2.93752039E-03   4.24397632E-13   9.52504051E-05   1.69753085E-03  -2.22758629E-08 -0.189444423       9.89409089E-02   7.04765879E-03
   4.00000000       800.000000      0.551184714       69.7545853       2.85545946E-03   4.09297731E-13   9.56232034E-05   1.67722511E-03  -1.85379019E-08 -0.185576111       9.89408940E-02   6.97733834E-03
   5.00000000       800.000000      0.555633724       70.3113556       2.77499668E-03   3.94628666E-13   9.57063021E-05   1.65720389E-03  -1.47105021E-08 -0.181721866       9.89408866E-02   6.90519577E-03
   6.00000000       800.000000      0.560065687       70.8701859       2.69595394E-03   3.80384878E-13   9.53921772E-05   1.63748569E-03  -1.08851719E-08 -0.177874088       9.89408866E-02   6.83048926E-03
   7.00000000       800.000000      0.564574599       71.4266510       2.61847419E-03   3.66549645E-13   9.45963548E-05   1.61795493E-03  -7.15046689E-09 -0.174040854       9.89408642E-02   6.75347960E-03
   8.00000000       800.000000      0.569091976       71.9988251       2.54248641E-03   3.53107111E-13   9.32442927E-05   1.59875245E-03  -3.58897823E-09 -0.170217127       9.89408642E-02   6.67527970E-03
   9.00000000       800.000000      0.573642910       72.5662689       2.46806070E-03   3.40068414E-13   9.12796168E-05   1.57974800E-03  -2.76608930E-10 -0.166408136       9.89408642E-02   6.59787795E-03
   10.0000000       800.000000      0.578249216       73.1417236       2.39511905E-03   3.27418946E-13   8.86639464E-05   1.56088814E-03   2.72524359E-09 -0.162620470       9.89408642E-02   6.52322080E-03
   11.0000000       800.000000      0.582887828       73.7225037       2.32375739E-03   3.15160821E-13   8.53381935E-05   1.54236227E-03   5.37385558E-09 -0.158836156       9.89408866E-02   6.45239279E-03
   12.0000000       800.000000      0.587557673       74.3115692       2.25397502E-03   3.03288292E-13   8.12595899E-05   1.52400904E-03   7.64148922E-09 -0.155069157       9.89408866E-02   6.38606260E-03
   13.0000000       800.000000      0.592285097       74.9019089       2.18579127E-03   2.91798514E-13   7.64253127E-05   1.50600611E-03   9.51291579E-09 -0.151302993       9.89408866E-02   6.32325793E-03
   2.00000000       800.000000      0.597044110       75.4963303       2.11927388E-03   2.80689914E-13   7.08133957E-05   1.48819096E-03   1.09940981E-08 -0.147546291       9.89408866E-02   6.26001740E-03
   3.00000000       800.000000      0.601813197       76.0937424       2.05448107E-03   2.69964633E-13   6.44687389E-05   1.47057045E-03   1.20982424E-08 -0.143796667       9.89408940E-02   6.19251421E-03
   4.00000000       800.000000      0.606662095       76.6995621       1.99146708E-03   2.59623106E-13   5.74316982E-05   1.45333342E-03   1.28509008E-08 -0.140061408       9.89409089E-02   6.11450337E-03
   5.00000000       800.000000      0.611538589       77.3089294       1.93033437E-03   2.49670239E-13   4.97469155E-05   1.43621862E-03   1.32845344E-08 -0.136348814       9.89409089E-02   6.01872243E-03
   6.00000000       800.000000      0.616429627       77.9216690       1.87115197E-03   2.40108958E-13   4.15313625E-05   1.41948287E-03   1.34372460E-08 -0.132671252       9.89409164E-02   5.89878159E-03
   7.00000000       800.000000      0.621346176       78.5425873       1.81402080E-03   2.30943194E-13   3.28621209E-05   1.40299113E-03   1.33463027E-08 -0.129047394       9.89409164E-02   5.74798696E-03
   8.00000000       800.000000      0.626343310       79.1605453       1.75902527E-03   2.22177474E-13   2.38447938E-05   1.38673116E-03   1.30465256E-08 -0.125499368       9.89409164E-02   5.56199066E-03
   9.00000000       800.000000      0.631355822       79.7936478       1.70626503E-03   2.13814575E-13   1.45848553E-05   1.37075945E-03   1.25683837E-08 -0.122052021       9.89409313E-02   5.33822970E-03
   10.0000000       800.000000      0.636449695       80.4251099       1.65581040E-03   2.05856789E-13   5.17893386E-06   1.35506422E-03   1.19374830E-08 -0.118731424       9.89409313E-02   5.07656578E-03
   11.0000000       800.000000      0.641569495       81.0633545       1.60774053E-03   1.98305212E-13  -4.28732938E-06   1.33959483E-03   1.11739418E-08 -0.115564130       9.89409611E-02   4.77906084E-03
   12.0000000       800.000000      0.646703839       81.7070923       1.56210852E-03   1.91157826E-13  -1.37508932E-05   1.32438261E-03   1.02946229E-08 -0.112574816       9.89409611E-02   4.44937777E-03
   13.0000000       800.000000      0.651862979       82.3593216       1.51896267E-03   1.84412083E-13  -2.31605572E-05   1.30952045E-03   9.31611943E-09 -0.109786183       9.89409611E-02   4.09196829E-03
   2.00000000       800.000000      0.657104909       83.0148392       1.47831172E-03   1.78062236E-13  -3.25076471E-05   1.29479647E-03   8.25796143E-09 -0.107218578       9.89409685E-02   3.71175283E-03
   3.00000000       800.000000      0.662361264       83.6720734       1.44017662E-03   1.72100764E-13  -4.17667470E-05   1.28036458E-03   7.14093096E-09 -0.104888752       9.89409685E-02   3.31227249E-03
   4.00000000       800.000000      0.667716920       84.3404617       1.40454341E-03   1.66519440E-13  -5.08619632E-05   1.26615260E-03   5.99207839E-09 -0.102812804       9.89409685E-02   2.89862673E-03
   5.00000000       800.000000      0.673070669       85.0116577       1.37136655E-03   1.61303791E-13  -5.97970939E-05   1.25209580E-03   4.84488272E-09 -0.101002268       9.89409760E-02   2.47589312E-03
   6.00000000       800.000000      0.678464949       85.6865540       1.34060427E-03   1.56441835E-13  -6.85218693E-05   1.23825972E-03   3.72321907E-09  -9.94664803E-02   9.89409760E-02   2.04831292E-03
   7.00000000       800.000000      0.683868349       86.3630829       1.31217053E-03   1.51916199E-13  -7.69038161E-05   1.22454774E-03   2.64992650E-09  -9.82118249E-02   9.89409760E-02   1.62193214E-03
   8.00000000       800.000000      0.689361989       87.0500107       1.28597021E-03   1.47708506E-13  -8.48463751E-05   1.21103541E-03   1.64023961E-09  -9.72392038E-02   9.89409760E-02   1.20257097E-03
   9.00000000       800.000000      0.694936693       87.7468338       1.26188248E-03   1.43798371E-13  -9.22303807E-05   1.19755208E-03   7.00945191E-10  -9.65471417E-02   9.89409760E-02   7.96565553E-04
   10.0000000       800.000000      0.700467765       88.4404068       1.23976637E-03   1.40163245E-13  -9.89554246E-05   1.18421542E-03  -1.68155809E-10  -9.61278453E-02   9.89409760E-02   4.07687272E-04
   11.0000000       800.000000      0.706084132       89.1438522       1.21945108E-03   1.36778935E-13  -1.04925799E-04   1.17102009E-03  -9.72336656E-10  -9.59736109E-02   9.89409760E-02   4.25131038E-05
   12.0000000       800.000000      0.711785257       89.8559036       1.20074395E-03   1.33618146E-13  -1.10092718E-04   1.15774397E-03  -1.71584180E-09  -9.60674658E-02   9.89409760E-02  -2.98410538E-04
   13.0000000       800.000000      0.717506111       90.5660553       1.18341704E-03   1.30651037E-13  -1.14448012E-04   1.14460697E-03  -2.39889997E-09  -9.63999256E-02   9.89409760E-02  -6.02639397E-04
   2.00000000       800.000000      0.723254204       91.2924652       1.16723042E-03   1.27846911E-13  -1.17979391E-04   1.13145856E-03  -3.02400105E-09  -9.69355851E-02   9.89409760E-02  -8.79050756E-04
   3.00000000       800.000000      0.729030788       92.0148239       1.15189143E-03   1.25171358E-13  -1.20602606E-04   1.11832970E-03  -3.58011665E-09  -9.76767763E-02   9.89409685E-02  -1.08657405E-03
   4.00000000       800.000000      0.734885931       92.7492523       1.13710517E-03   1.22589777E-13  -1.22420723E-04   1.10506534E-03  -4.05732425E-09  -9.85264257E-02   9.89409685E-02  -1.27782649E-03
   5.00000000       800.000000      0.740812361       93.4854507       1.12257921E-03   1.20069089E-13  -1.23181308E-04   1.09188864E-03  -4.44603554E-09  -9.95624214E-02   9.89409685E-02  -1.31561828E-03
   6.00000000       800.000000      0.746736884       94.2303009       1.10794813E-03   1.17568553E-13  -1.23231017E-04   1.07859622E-03  -4.73565009E-09 -0.100484021       9.89409685E-02  -1.42570224E-03
   7.00000000       800.000000      0.752711892       94.9802017       1.09295186E-03   1.15066485E-13  -1.21770630E-04   1.06530241E-03  -4.92093433E-09 -0.101702303       9.89409685E-02  -1.18291669E-03
   8.00000000       800.000000      0.758787692       95.7357407       1.07723591E-03   1.12512322E-13  -1.20071796E-04   1.05188391E-03  -4.99259833E-09 -0.102269381       9.89409685E-02  -1.27047242E-03
   9.00000000       800.000000      0.764886141       96.4991150       1.06058537E-03   1.09898649E-13  -1.16377720E-04   1.03857624E-03  -4.96949770E-09 -0.103635244       9.89409685E-02  -8.31651210E-04
   10.0000000       800.000000      0.770997465       97.2638321       1.04285753E-03   1.07207727E-13  -1.13280730E-04   1.02494052E-03  -4.72578865E-09 -0.103548430       9.89409462E-02  -1.31861365E-03
   11.0000000       800.000000      0.777200460       98.0346756       1.02347031E-03   1.04383536E-13  -1.75680834E-04   1.01177394E-03  -4.59434313E-09 -0.105677240       9.89409462E-02   6.04258385E-04
   12.0000000       800.000000      0.783445537       98.8157425       1.02573493E-03   1.03787977E-13   5.97644139E-05   9.97542171E-04   5.76930250E-19 -0.102604784       9.89409462E-02   8.00424069E-03
   13.0000000       800.000000      0.789714217       99.6048737       1.00181869E-03   1.00566528E-13   5.95351048E-05   9.85702733E-04   4.45885660E-19  -9.30820704E-02   9.89409462E-02   1.20551158E-02
