   0.00000000       190.000000       3.40428352E-02   1.01702809       4.03986254E-04   3.97136620E-12 -0.245774105       1.66051030       9.51817539E-03  -2.70612282E-03   3.24032968E-04  -2.98659746E-02
   1.00000000       197.000000       3.40447091E-02   1.05104125       3.97389958E-04   3.77997980E-12 -0.224582583       1.54641438      -9.73954641E-08  -3.72286770E-03   3.24029679E-04   3.56910303E-02
   2.00000000       200.000000       3.40499915E-02   1.08514261       3.91105976E-04   3.60348925E-12 -0.562598646      0.587619722       11.9008923      -2.75711995E-04  0.405550301     -0.102970004    
   3.00000000       200.000000       3.40571664E-02   1.11914527       4.84810502E-04   4.33095747E-12 -0.519979298      0.524438739       11.1487179      -1.07358145E-02  0.785237849     -0.162207767    
   4.00000000       200.000000       3.40652503E-02   1.15326166       5.70205797E-04   4.94338815E-12 -0.493269622      0.508393824       9.35369778      -1.13256592E-02   1.10387492      -1.99550577E-02
   5.00000000       200.000000       3.40752266E-02   1.18727005       6.73951057E-04   5.67519903E-12 -0.465987802      0.494143426       8.58513832      -1.20955743E-02   1.39642525      -1.51214777E-02
   6.00000000       200.000000       3.40886116E-02   1.22141874       7.93240615E-04   6.49332541E-12 -0.440701008      0.480908841       8.24140930      -1.23564033E-02   1.67736721      -1.41578047E-02
   7.00000000       200.000000       3.41038704E-02   1.25543642       9.49798909E-04   7.56378033E-12 -0.416662484      0.469112635       8.50366688      -1.30610671E-02   1.96738243      -3.58097814E-03
   8.00000000       200.000000       3.41209993E-02   1.28956389       1.08174549E-03   8.38668718E-12 -0.393586576      0.460800469       8.07456398      -1.26007171E-02   2.24291134       7.33973552E-03
   9.00000000       200.000000       3.41415480E-02   1.32373023       1.21155393E-03   9.15095517E-12 -0.372307450      0.448958606       7.67631531      -1.25600379E-02   2.50498843      -6.19484251E-03
   10.0000000       200.000000       3.41642797E-02   1.35789859       1.36859540E-03   1.00771232E-11 -0.352003783      0.437830478       7.46462393      -1.30238682E-02   2.76000381      -1.64681990E-02
   11.0000000       200.000000       3.41873281E-02   1.39207828       1.53151492E-03   1.09999093E-11 -0.332397401      0.427934378       7.19208288      -1.36856660E-02   3.00588775      -2.68523991E-02
   2.00000000       200.000000       3.42125520E-02   1.42626679       1.71311421E-03   1.20092365E-11 -0.314853907      0.417926759       7.00320053      -1.48605853E-02   3.24548721      -3.69057581E-02
   3.00000000       200.000000       3.42412032E-02   1.46045995       1.91633019E-03   1.31190024E-11 -0.298079550      0.407420367       6.89533329      -1.62120685E-02   3.48159957      -4.26964983E-02
   4.00000000       200.000000       3.42717990E-02   1.49468386       2.13459809E-03   1.42784109E-11 -0.281797469      0.397656500       6.79439831      -1.77859310E-02   3.71446919      -4.92252596E-02
   5.00000000       200.000000       3.43041234E-02   1.52902329       2.37984583E-03   1.55619146E-11 -0.266561955      0.388075888       6.75094461      -1.95878576E-02   3.94605637      -5.62891625E-02
   6.00000000       200.000000       3.43400165E-02   1.56331646       2.64344062E-03   1.69060720E-11 -0.252155125      0.378242671       6.70275450      -2.16499511E-02   4.17623091      -6.04809411E-02
   7.00000000       200.000000       3.43780145E-02   1.59766877       2.94283452E-03   1.84161870E-11 -0.238419846      0.368743449       6.71539783      -2.37439778E-02   4.40709162      -7.02154413E-02
   8.00000000       400.000000       3.44163403E-02   1.63212323       3.26262368E-03   1.99871959E-11 -0.225823730      0.358605862       6.70692396      -2.64804363E-02   4.63792801      -7.63695091E-02
   9.00000000       400.000000       3.44596468E-02   1.66651404       3.61465965E-03   2.16862448E-11 -0.214118496      0.349749804       6.71341038      -2.90039424E-02   4.86926317      -7.92412683E-02
   10.0000000       400.000000       3.45019177E-02   1.70102203       4.00645519E-03   2.35496414E-11 -0.202703506      0.341405302       6.74515295      -3.19449455E-02   5.10198259      -8.99017975E-02
   11.0000000       400.000000       3.45477760E-02   1.73553383       4.43557370E-03   2.55533615E-11 -0.191892698      0.333448201       6.77879190      -3.52117233E-02   5.33618069     -0.101134114    
   12.0000000       400.000000       3.45973931E-02   1.77006423       4.90907067E-03   2.77288262E-11 -0.181377977      0.325611502       6.82281208      -3.89378630E-02   5.57221603     -0.112770244    
   13.0000000       400.000000       3.46456654E-02   1.80469894       5.42873517E-03   3.00759834E-11 -0.171100274      0.318076342       6.87438202      -4.30203751E-02   5.81039381     -0.124541625    
   2.00000000       400.000000       3.46989296E-02   1.83938944       5.99774672E-03   3.26019906E-11 -0.161178127      0.310990691       6.92793512      -4.75743264E-02   6.05078697     -0.137957588    
   3.00000000       400.000000       3.47537622E-02   1.87406790       6.62077125E-03   3.53219017E-11 -0.151557907      0.304307550       6.98266125      -5.26019000E-02   6.29347086     -0.151637465    
   4.00000000       400.000000       3.48123796E-02   1.90886545       7.30472570E-03   3.82607487E-11 -0.142272249      0.298013091       7.03482103      -5.81231229E-02   6.53835869     -0.167064026    
   5.00000000       400.000000       3.48717459E-02   1.94381344       8.04787409E-03   4.13975833E-11 -0.133451581      0.291866183       7.07654810      -6.42434210E-02   6.78513718     -0.183591679    
   6.00000000       400.000000       3.49331126E-02   1.97864985       8.85100756E-03   4.47259035E-11 -0.125054702      0.285828531       7.11294413      -7.09383935E-02   7.03360748     -0.200270474    
   7.00000000       400.000000       3.49960364E-02   2.01366401       9.72460583E-03   4.82871070E-11 -0.116994292      0.279849827       7.15043831      -7.82481134E-02   7.28383636     -0.218445480    
   8.00000000       400.000000       3.50628383E-02   2.04869795       1.06680067E-02   5.20659002E-11 -0.109077066      0.274163693       7.18133020      -8.62422660E-02   7.53562355     -0.237890497    
   9.00000000       400.000000       3.51311862E-02   2.08382654       1.16942897E-02   5.61136311E-11 -0.101482898      0.268761367       7.20457935      -9.49460641E-02   7.78872728     -0.259651452    
   10.0000000       400.000000       3.52015831E-02   2.11898565       1.28082912E-02   6.04390149E-11  -9.42625850E-02  0.263462484       7.21452236     -0.104503825       8.04267025     -0.285739064    
   11.0000000       400.000000       3.52728553E-02   2.15418029       1.40100252E-02   6.50282883E-11  -8.73448774E-02  0.258392215       7.20255518     -0.115083575       8.29675770     -0.312892824    
   12.0000000       400.000000       3.53475511E-02   2.18945503       1.53139634E-02   6.99343430E-11  -8.05473477E-02  0.253468037       7.16590548     -0.126601100       8.55006123     -0.338978916    
   13.0000000       400.000000       3.54251340E-02   2.22494793       1.67263485E-02   7.51694887E-11  -7.39969760E-02  0.248729065       7.09394789     -0.139074534       8.80137920     -0.368585318    
   2.00000000       400.000000       3.55066359E-02   2.26028228       1.82410385E-02   8.06902115E-11  -6.78331330E-02  0.244069129       6.98949337     -0.152745366       9.04953289     -0.402601063    
   3.00000000       400.000000       3.55888382E-02   2.29589605       1.98716130E-02   8.65424121E-11  -6.17678724E-02  0.239534095       6.86491776     -0.167696893       9.29383373     -0.435918361    
   4.00000000       400.000000       3.56727764E-02   2.33153582       2.16185935E-02   9.27120533E-11  -5.59324659E-02  0.235121012       6.70934057     -0.183808535       9.53315926     -0.469109178    
   5.00000000       400.000000       3.57585363E-02   2.36718988       2.34890338E-02   9.92134153E-11  -5.03947698E-02  0.230833441       6.51317406     -0.201205000       9.76606464     -0.506270707    
   6.00000000       400.000000       3.58451568E-02   2.40296197       2.54888907E-02   1.06056747E-10  -4.51098792E-02  0.226611182       6.26806974     -0.220059589       9.99074650     -0.545169652    
   7.00000000       400.000000       3.59365791E-02   2.43895650       2.76158061E-02   1.13215694E-10  -3.98482345E-02  0.222538173       5.97723198     -0.240339249       10.2055607     -0.584470451    
   8.00000000       400.000000       3.60317938E-02   2.47496963       2.98799668E-02   1.20717075E-10  -3.48271318E-02  0.218589932       5.63431120     -0.262122810       10.4085760     -0.626331985    
   9.00000000       400.000000       3.61256152E-02   2.51087451       3.22975777E-02   1.28609595E-10  -3.00565474E-02  0.214715615       5.21366262     -0.285533279       10.5969286     -0.668143690    
   10.0000000       400.000000       3.62243615E-02   2.54723430       3.48525494E-02   1.36812478E-10  -2.54058558E-02  0.210921198       4.72593784     -0.310463995       10.7681017     -0.708966792    
   11.0000000       400.000000       3.63236889E-02   2.58347154       3.75405364E-02   1.45294943E-10  -2.08230764E-02  0.207245499       4.17173910     -0.336968213       10.9196444     -0.751624942    
   12.0000000       400.000000       3.64281610E-02   2.61973166       4.03555147E-02   1.54021365E-10  -1.64047536E-02  0.203670874       3.55423188     -0.365144908       11.0491133     -0.793445170    
   13.0000000       400.000000       3.65312435E-02   2.65625191       4.32980508E-02   1.62982627E-10  -1.21388957E-02  0.200198367       2.87429523     -0.394856513       11.1541281     -0.834587634    
   2.00000000       400.000000       3.66381556E-02   2.69287086       4.63562123E-02   1.72123885E-10  -8.08790885E-03  0.196758807       2.15114641     -0.426212847       11.2329378     -0.876613200    
   3.00000000       400.000000       3.67491208E-02   2.72951531       4.95234542E-02   1.81411899E-10  -4.08038823E-03  0.193451986       1.39518452     -0.459190220       11.2842283     -0.918698490    
   4.00000000       400.000000       3.68596762E-02   2.76648116       5.27936183E-02   1.90817612E-10  -2.40257505E-04  0.190223396      0.623138905     -0.493837148       11.3071833     -0.963205457    
   5.00000000       400.000000       3.69738303E-02   2.80324292       5.61888516E-02   2.00415406E-10   3.36817699E-03  0.187062994     -0.168787733     -0.530308664       11.3009501      -1.01057220    
   6.00000000       400.000000       3.70923392E-02   2.84031177       5.97188398E-02   2.10229015E-10   6.77794497E-03  0.183965370     -0.996662915     -0.568686783       11.2639637      -1.05915534    
   7.00000000       400.000000       3.72101963E-02   2.87746811       6.33837655E-02   2.20250262E-10   1.00943744E-02  0.180951238      -1.84574306     -0.609006584       11.1952906      -1.10813427    
   8.00000000       400.000000       3.73310633E-02   2.91468883       6.71977103E-02   2.30517383E-10   1.32639175E-02  0.178041399      -2.70384431     -0.651288211       11.0943489      -1.16331995    
   9.00000000       400.000000       3.74547355E-02   2.95214677       7.12081194E-02   2.41180687E-10   1.62376259E-02  0.175194919      -3.53587723     -0.696007550       10.9619064      -1.21824980    
   10.0000000       400.000000       3.75822932E-02   2.98967767       7.53817409E-02   2.52112664E-10   1.90764330E-02  0.172425479      -4.29246712     -0.742704034       10.8005829      -1.26346719    
   11.0000000       400.000000       3.77115831E-02   3.02733731       7.96554089E-02   2.63092631E-10   2.17883065E-02  0.169734463      -4.93772078     -0.791138411       10.6143789      -1.30525112    
   12.0000000       400.000000       3.78417671E-02   3.06507659       8.39923322E-02   2.73997686E-10   2.43627317E-02  0.167103827      -5.47693634     -0.841317892       10.4071350      -1.34580982    
   13.0000000       400.000000       3.79736088E-02   3.10296249       8.83860365E-02   2.84808566E-10   2.67530791E-02  0.164527759      -5.91194677     -0.893172264       10.1826258      -1.38539374    
   2.00000000       400.000000       3.81093584E-02   3.14102793       9.28321257E-02   2.95512670E-10   2.90661231E-02  0.162014171      -6.24680948     -0.946727276       9.94456863      -1.42109299    
   3.00000000       400.000000       3.82481478E-02   3.17926812       9.73177478E-02   3.06071196E-10   3.12438440E-02  0.159556448      -6.50390768      -1.00168514       9.69578075      -1.44897914    
   4.00000000       400.000000       3.83906849E-02   3.21746230      0.101818472       3.16412951E-10   3.32396887E-02  0.157135755      -6.71849871      -1.05777478       9.43785572      -1.47585511    
   5.00000000       400.000000       3.85340862E-02   3.25593615      0.106363453       3.26632527E-10   3.51585262E-02  0.154762670      -6.89286089      -1.11521244       9.17226791      -1.49994612    
   6.00000000       400.000000       3.86794209E-02   3.29459786      0.110964969       3.36770195E-10   3.70485112E-02  0.152464762      -7.01368570      -1.17358887       8.90098476      -1.52250946    
   7.00000000       400.000000       3.88261117E-02   3.33332801      0.115648314       3.46902840E-10   3.88549492E-02  0.150219798      -7.01842880      -1.23321581       8.62846661      -1.54496062    
   8.00000000       400.000000       3.89781781E-02   3.37215042      0.120313704       3.56734947E-10   4.05155756E-02  0.148002699      -6.95702553      -1.29379261       8.35729790      -1.56216848    
   9.00000000       400.000000       3.91310640E-02   3.41121101      0.124952503       3.66246949E-10   4.20864634E-02  0.145840019      -6.81304312      -1.35523295       8.09069824      -1.58651578    
   10.0000000       400.000000       3.92854065E-02   3.45050335      0.129609898       3.75582593E-10   4.36153822E-02  0.143727958      -6.51453447      -1.41820383       7.83478069      -1.61946213    
   11.0000000       400.000000       3.94439995E-02   3.48992372      0.134322077       3.84844961E-10   4.49945480E-02  0.141671255      -6.02323437      -1.48273540       7.59720373      -1.64550424    
   12.0000000       400.000000       3.96043137E-02   3.52931929      0.139009446       3.93815647E-10   4.62857410E-02  0.139663592      -5.41010571      -1.54827702       7.38293839      -1.65625453    
   13.0000000       400.000000       3.97699885E-02   3.56905532      0.143648431       4.02434003E-10   4.74192910E-02  0.137695193      -4.71113062      -1.61419380       7.19557810      -1.67953146    
   2.00000000       400.000000       3.99327539E-02   3.60901117      0.148339882       4.10988188E-10   4.84926291E-02  0.135758936      -3.78519607      -1.68214154       7.04441595      -1.72874653    
   3.00000000       400.000000       4.01016437E-02   3.64905024      0.153164253       4.19700552E-10   4.94367890E-02  0.133871362      -2.58080840      -1.75255990       6.94091940      -1.78299010    
   4.00000000       400.000000       4.02740240E-02   3.68916464      0.158071518       4.28427932E-10   5.02262227E-02  0.132013932      -1.16973281      -1.82545006       6.89381552      -1.83169794    
   5.00000000       400.000000       4.04453352E-02   3.72949243      0.163021311       4.37063108E-10   5.08399047E-02  0.130185977      0.321181566      -1.90041232       6.90680552      -1.87446809    
   6.00000000       400.000000       4.06209007E-02   3.77015471      0.167994216       4.45553539E-10   5.11992909E-02  0.128378302       1.75445700      -1.97740984       6.97807217      -1.90684164    
   7.00000000       400.000000       4.08019014E-02   3.81062984      0.172974974       4.53862059E-10   5.13855554E-02  0.126586378       2.98288178      -2.05567241       7.09978247      -1.92730045    
   8.00000000       400.000000       4.09835242E-02   3.85157919      0.177929401       4.61904542E-10   5.14913797E-02  0.124814898       3.95951533      -2.13503361       7.26205873      -1.93372548    
   9.00000000       400.000000       4.11677249E-02   3.89264297      0.182896316       4.69788763E-10   5.15743978E-02  0.123089924       4.68210220      -2.21453071       7.45480013      -2.00219059    
   10.0000000       800.000000       4.13518026E-02   3.93391180      0.187859088       4.77475393E-10   5.14622144E-02  0.121368147       5.12115288      -2.30025125       7.66657019      -2.03207445    
   11.0000000       800.000000       4.15420607E-02   3.97551847      0.192782268       4.84880192E-10   5.09961136E-02  0.119699828       5.33705282      -2.38297892       7.88827991      -2.00889921    
   12.0000000       800.000000       4.17331755E-02   4.01692963      0.197775066       4.92281660E-10   5.05018719E-02  0.118081413       5.36891747      -2.46754503       8.11236000      -2.04436517    
   13.0000000       800.000000       4.19295840E-02   4.05884504      0.202851847       4.99716046E-10   4.99087237E-02  0.116508894       5.22826290      -2.55401635       8.33157825      -2.08347440    
   2.00000000       800.000000       4.21275869E-02   4.10084629      0.208061099       5.07294762E-10   4.91884351E-02  0.114978850       4.94637823      -2.64267302       8.53993702      -2.13616204    
   3.00000000       800.000000       4.23264094E-02   4.14324856      0.213436499       5.15098464E-10   4.83612604E-02  0.113474019       4.52495909      -2.73441792       8.73147869      -2.18889999    
   4.00000000       800.000000       4.25276794E-02   4.18554831      0.218947962       5.23042498E-10   4.74296659E-02  0.111989908       3.95531750      -2.82840919       8.89967632      -2.22489285    
   5.00000000       800.000000       4.27326299E-02   4.22826385      0.224537611       5.30987643E-10   4.63414118E-02  0.110508859       3.25485611      -2.92411423       9.03877544      -2.27004600    
   6.00000000       800.000000       4.29400988E-02   4.27117634      0.230217889       5.38960598E-10   4.50726636E-02  0.109038673       2.50549555      -3.02289414       9.14636040      -2.34092569    
   7.00000000       800.000000       4.31519486E-02   4.31416321      0.236026004       5.47043688E-10   4.36126515E-02  0.107603997       1.76647460      -3.12565255       9.22257900      -2.42443275    
   8.00000000       800.000000       4.33655083E-02   4.35740662      0.242015481       5.55357371E-10   4.18404676E-02  0.106212415       1.03457379      -3.23265767       9.26745987      -2.47796082    
   9.00000000       800.000000       4.35808785E-02   4.40067959      0.248236507       5.64006453E-10   3.99936251E-02  0.104826428      0.316001922      -3.34111094       9.28121376      -2.56674719    
   10.0000000       800.000000       4.38009016E-02   4.44439697      0.254743695       5.73100845E-10   3.79580781E-02  0.103425324     -0.371959627      -3.45694113       9.26492882      -2.72664881    
   11.0000000       800.000000       4.40220647E-02   4.48833799      0.261565536       5.82691007E-10   3.60931195E-02  0.102052338      -1.01714468      -3.58057332       9.22015190      -2.81700516    
   12.0000000       800.000000       4.42490242E-02   4.53246212      0.268534511       5.92391247E-10   3.42679247E-02  0.100685529      -1.57166684      -3.70561194       9.15060425      -2.79986906    
   13.0000000       800.000000       4.44775447E-02   4.57707596      0.275537282       6.01947658E-10   3.25767249E-02   9.93226320E-02  -1.97723842      -3.82899284       9.06266499      -2.66653252    
   2.00000000       800.000000       4.47068773E-02   4.62136841      0.282389253       6.10964002E-10   3.09826694E-02   9.79679078E-02  -2.13358712      -3.94341111       8.96728039      -2.40592122    
   3.00000000       800.000000       4.49385233E-02   4.66624355      0.288951218       6.19157614E-10   2.93107294E-02   9.66208205E-02  -1.92875159      -4.04467106       8.88060379      -2.13594389    
   4.00000000       800.000000       4.51754220E-02   4.71121693      0.295211196       6.26519669E-10   2.76700649E-02   9.52906832E-02  -1.33047450      -4.13589382       8.82050514      -1.86651134    
   5.00000000       800.000000       4.54156250E-02   4.75678205      0.301014394       6.32753905E-10   2.62311101E-02   9.39969346E-02 -0.553486943      -4.21376085       8.79537201      -1.61648881    
   6.00000000       800.000000       4.56556603E-02   4.80203438      0.306311399       6.37782716E-10   2.48706564E-02   9.27183107E-02   2.48501003E-02  -4.28311396       8.79649734      -1.48595965    
   7.00000000       800.000000       4.59001064E-02   4.84787893      0.311136276       6.41712405E-10   2.36163512E-02   9.14532989E-02  0.213169724      -4.34980774       8.80627823      -1.39976990    
   8.00000000       800.000000       4.61495221E-02   4.89382601      0.315651387       6.44901244E-10   2.23457571E-02   9.02006850E-02  0.235686138      -4.41195822       8.81716537      -1.37236404    
   9.00000000       800.000000       4.64015417E-02   4.94037914      0.319966972       6.47594534E-10   2.11508125E-02   8.89716670E-02  0.289759755      -4.47682858       8.83060741      -1.42522526    
   10.0000000       800.000000       4.66544069E-02   4.98703766      0.324122250       6.49884924E-10   2.00061481E-02   8.77629668E-02  0.419916660      -4.54457951       8.85018921      -1.48428905    
   11.0000000       800.000000       4.69110720E-02   5.03345490      0.328169197       6.51884269E-10   1.87056120E-02   8.65672007E-02  0.609495223      -4.61570024       8.87877560      -1.47047675    
   12.0000000       800.000000       4.71705161E-02   5.08080530      0.332118541       6.53621157E-10   1.73288807E-02   8.53981301E-02  0.859326005      -4.68292093       8.91932106      -1.34905672    
   13.0000000       800.000000       4.74330559E-02   5.12793064      0.335849971       6.54867160E-10   1.60979573E-02   8.42442811E-02   1.04103982      -4.74332857       8.96870136      -1.18833804    
   2.00000000       800.000000       4.76989783E-02   5.17558718      0.339236438       6.55390853E-10   1.49482666E-02   8.30933601E-02   1.07350576      -4.79597235       9.01990128      -1.08464456    
   3.00000000       800.000000       4.79672700E-02   5.22343826      0.342242867       6.55144272E-10   1.38204228E-02   8.19550231E-02  0.899305403      -4.84708834       9.06303406      -1.03092921    
   4.00000000       800.000000       4.82396744E-02   5.27148342      0.345149994       6.54680365E-10   1.27137350E-02   8.08354914E-02  0.593491554      -4.89515781       9.09167385     -0.983479738    
   5.00000000       800.000000       4.85143214E-02   5.32006216      0.348070830       6.54217180E-10   1.16133736E-02   7.97360316E-02  0.231771365      -4.94224262       9.10292053     -0.917677879    
   6.00000000       800.000000       4.87925000E-02   5.36836243      0.350850224       6.53463450E-10   1.05582243E-02   7.86585957E-02   7.69543201E-02  -4.98444700       9.10667229     -0.815933585    
   7.00000000       800.000000       4.90735136E-02   5.41723442      0.353764981       6.52941423E-10   9.48727690E-03   7.76036456E-02   2.47600097E-02  -5.02210426       9.10788822     -0.780769706    
   8.00000000       800.000000       4.93605398E-02   5.46674824      0.356699169       6.52429832E-10   8.45776871E-03   7.65748471E-02  -6.13140166E-02  -5.06130648       9.10486698     -0.842426002    
   9.00000000       800.000000       4.96459454E-02   5.51635075      0.359192431       6.51095788E-10   7.40026962E-03   7.55664408E-02 -0.183339596      -5.10549498       9.09577179     -0.969442606    
   10.0000000       800.000000       4.99367975E-02   5.56616688      0.361341387       6.49131360E-10   6.12795632E-03   7.45735243E-02 -0.279448956      -5.15784502       9.08182049      -1.13518691    
   11.0000000       800.000000       5.02316244E-02   5.61612844      0.363272369       6.46780240E-10   4.82513290E-03   7.35955685E-02 -0.293693423      -5.21920824       9.06705761      -1.31803548    
   12.0000000       800.000000       5.05279116E-02   5.66623640      0.365063548       6.44189591E-10   3.48914904E-03   7.26317465E-02 -0.225381985      -5.29065180       9.05565643      -1.35024631    
   13.0000000       800.000000       5.08273505E-02   5.71697474      0.366355628       6.40738740E-10   2.11609364E-03   7.16794580E-02 -0.224878058      -5.35606337       9.04423618      -1.09812820    
   2.00000000       800.000000       5.11321910E-02   5.76780939      0.366980016       6.36157904E-10   9.23969899E-04   7.07380697E-02   6.16869368E-02  -5.40261269       9.04739857     -0.669884443    
   3.00000000       800.000000       5.14377542E-02   5.81939650      0.366497725       6.29723051E-10  -7.72589046E-05   6.98143020E-02  0.473737746      -5.42477751       9.07176208     -0.366420448    
   4.00000000       800.000000       5.17485440E-02   5.87104797      0.365181118       6.21947771E-10  -9.07446549E-04   6.89025149E-02  0.637449324      -5.44043016       9.10473537     -0.216423467    
   5.00000000       800.000000       5.20629622E-02   5.92277527      0.363789260       6.14146178E-10  -1.69562676E-03   6.80031180E-02  0.649649024      -5.44724464       9.13858795     -0.131863102    
   6.00000000       800.000000       5.23787588E-02   5.97483015      0.361977667       6.05748451E-10  -2.32909690E-03   6.71165958E-02  0.497877270      -5.45420170       9.16464424     -0.106159247    
   7.00000000       800.000000       5.26992045E-02   6.02751064      0.359501719       5.96361294E-10  -2.87222420E-03   6.62442446E-02  0.117155865      -5.45840168       9.17081070      -3.21292728E-02
   8.00000000       800.000000       5.30240014E-02   6.08028364      0.356624752       5.86446114E-10  -3.39584635E-03   6.53874725E-02 -0.317459375      -5.45759678       9.15398693      0.175160602    
   9.00000000       800.000000       5.33496812E-02   6.13364077      0.353626877       5.76471260E-10  -3.87386256E-03   6.45481944E-02 -0.601378441      -5.43976927       9.12190342      0.455106050    
   10.0000000       800.000000       5.36804311E-02   6.18732548      0.350340575       5.66176495E-10  -4.35525272E-03   6.37251511E-02 -0.680171609      -5.40888548       9.08538914      0.552177370    
   11.0000000       800.000000       5.40157408E-02   6.24103832      0.347037315       5.55999136E-10  -4.63138474E-03   6.29163235E-02 -0.562780499      -5.38029861       9.05498981      0.487126559    
   12.0000000       800.000000       5.43518029E-02   6.29508209      0.343743533       5.45981926E-10  -4.85501485E-03   6.21217340E-02 -0.349326491      -5.35609579       9.03600693      0.393372387    
   13.0000000       800.000000       5.46922497E-02   6.34962225      0.340433836       5.36081901E-10  -5.02692582E-03   6.13402873E-02 -0.108481526      -5.33741283       9.03008938      0.268048614    
   2.00000000       800.000000       5.50380871E-02   6.40445566      0.337121308       5.26318045E-10  -5.17337909E-03   6.05718493E-02   8.54516104E-02  -5.32668257       9.03476906      0.132756576    
   3.00000000       800.000000       5.53847216E-02   6.45976830      0.333840847       5.16741760E-10  -5.29389968E-03   5.98156750E-02  0.176993385      -5.32274866       9.04458809       4.47215289E-02
   4.00000000       800.000000       5.57359010E-02   6.51546860      0.330596834       5.07357434E-10  -5.40232006E-03   5.90714961E-02  0.139655411      -5.32171345       9.05236721      -1.98708028E-02
   5.00000000       800.000000       5.60912378E-02   6.57112312      0.327382267       4.98148800E-10  -5.49064716E-03   5.83384596E-02  -2.41314340E-02  -5.32496929       9.05100346      -7.30283260E-02
   6.00000000       800.000000       5.64479530E-02   6.62756824      0.324225515       4.89156160E-10  -5.56175364E-03   5.76166064E-02 -0.236838624      -5.32992983       9.03763962     -0.140137017    
   7.00000000       800.000000       5.68098128E-02   6.68420267      0.321196556       4.80481321E-10  -5.63071575E-03   5.69055937E-02 -0.424134225      -5.34084940       9.01355457     -0.204893440    
   8.00000000       800.000000       5.71758151E-02   6.74102211      0.318361461       4.72214490E-10  -5.68849267E-03   5.62047660E-02 -0.499536216      -5.35328484       8.98498344     -0.252405047    
   9.00000000       800.000000       5.75454868E-02   6.79867172      0.315727115       4.64354277E-10  -5.74073801E-03   5.55143058E-02 -0.423367769      -5.36980009       8.96062660     -0.294754863    
   10.0000000       800.000000       5.79212233E-02   6.85620070      0.313198537       4.56757909E-10  -5.75932069E-03   5.48337288E-02 -0.270514160      -5.38732433       8.94495010     -0.308232218    
   11.0000000       800.000000       5.82982525E-02   6.91421032      0.310758889       4.49390164E-10  -5.73868118E-03   5.41627556E-02 -0.132608593      -5.40560818       8.93722820     -0.317983240    
   12.0000000       800.000000       5.86755127E-02   6.97270107      0.308407158       4.42249182E-10  -5.67702716E-03   5.35009094E-02   1.38073340E-02  -5.42451334       8.93802738     -0.338730544    
   13.0000000       800.000000       5.90622984E-02   7.03143930      0.306168735       4.35363884E-10  -5.58610260E-03   5.28469458E-02  0.191803709      -5.44550467       8.94935894     -0.340855062    
   2.00000000       800.000000       5.94485030E-02   7.09108067      0.303918362       4.28553026E-10  -5.48758451E-03   5.22006750E-02  0.315591902      -5.46492052       8.96811581     -0.218117639    
   3.00000000       800.000000       5.98436110E-02   7.15043688      0.301526070       4.21632812E-10  -5.34846261E-03   5.15630506E-02  0.259723604      -5.47150898       8.98367310     -0.146983951    
   4.00000000       800.000000       6.02373928E-02   7.21079636      0.299009413       4.14632634E-10  -5.18766977E-03   5.09349145E-02   8.21386650E-02  -5.48256969       8.98862076     -0.199671239    
   5.00000000       800.000000       6.06374219E-02   7.27131176      0.296552986       4.07808287E-10  -5.01886476E-03   5.03152572E-02  -8.44902247E-02  -5.49565697       8.98348522     -0.246685594    
   6.00000000       800.000000       6.10392392E-02   7.33202028      0.294235945       4.01264161E-10  -4.84377751E-03   4.97037657E-02 -0.194067225      -5.51257801       8.97162628     -0.297096789    
   7.00000000       800.000000       6.14471473E-02   7.39313030      0.292048395       3.94981686E-10  -4.66408348E-03   4.91007231E-02 -0.245909870      -5.53204823       8.95653534     -0.334422916    
   8.00000000       800.000000       6.18590638E-02   7.45494413      0.289982736       3.88943766E-10  -4.48015891E-03   4.85051945E-02 -0.245638713      -5.55381060       8.94134521     -0.363804311    
   9.00000000       800.000000       6.22721761E-02   7.51700449      0.288019866       3.83122117E-10  -4.29506367E-03   4.79179323E-02 -0.159473300      -5.57721567       8.93141270     -0.387841403    
   10.0000000       800.000000       6.26941621E-02   7.57950735      0.286159575       3.77510023E-10  -4.10819519E-03   4.73383069E-02   2.50986661E-03  -5.60227823       8.93157005     -0.411574990    
   11.0000000       800.000000       6.31151870E-02   7.64244461      0.284382701       3.72078340E-10  -3.92112369E-03   4.67664711E-02  0.136646524      -5.62898827       8.94017506     -0.430822670    
   12.0000000       800.000000       6.35424033E-02   7.70559978      0.282682478       3.66813052E-10  -3.73522285E-03   4.62022088E-02  0.154312417      -5.65685272       8.94999313     -0.445791751    
   13.0000000       800.000000       6.39760271E-02   7.76949692      0.281043142       3.61693148E-10  -3.55059491E-03   4.56452891E-02   7.46960863E-02  -5.68583775       8.95476151     -0.459825158    
   2.00000000       800.000000       6.44085407E-02   7.83382225      0.279469192       3.56720486E-10  -3.36793740E-03   4.50959727E-02  -3.77686471E-02  -5.71588421       8.95234966     -0.469329745    
   3.00000000       800.000000       6.48498610E-02   7.89831066      0.277941704       3.51867174E-10  -3.18770716E-03   4.45536859E-02 -0.128263801      -5.74650145       8.94402599     -0.470408440    
   4.00000000       800.000000       6.52926117E-02   7.96304750      0.276447445       3.47115808E-10  -3.01293912E-03   4.40186784E-02 -0.155999944      -5.77711535       8.93383312     -0.468041092    
   5.00000000       800.000000       6.57397360E-02   8.02879810      0.274972320       3.42446321E-10  -2.84305983E-03   4.34907191E-02 -0.101344116      -5.80782747       8.92717361     -0.462984383    
   6.00000000       800.000000       6.61928579E-02   8.09504509      0.273479640       3.37811723E-10  -2.68516899E-03   4.29696254E-02  -1.76121504E-03  -5.83819342       8.92704964     -0.455203772    
   7.00000000       800.000000       6.66503683E-02   8.16145802      0.271950334       3.33188255E-10  -2.53772107E-03   4.24551666E-02   6.80541620E-02  -5.86829567       8.93159485     -0.448145390    
   8.00000000       800.000000       6.71091229E-02   8.22835445      0.270376295       3.28567201E-10  -2.40427069E-03   4.19473276E-02   6.61411881E-02  -5.89814854       8.93603611     -0.440476209    
   9.00000000       800.000000       6.75772652E-02   8.29508305      0.268755972       3.23947230E-10  -2.28097150E-03   4.14457209E-02   8.00915062E-03  -5.92762184       8.93657589     -0.429671109    
   10.0000000       800.000000       6.80434331E-02   8.36327362      0.267093360       3.19331506E-10  -2.17060908E-03   4.09503691E-02  -5.66267073E-02  -5.95640993       8.93273163     -0.412704110    
   11.0000000       800.000000       6.85164854E-02   8.43160915      0.265380979       3.14715337E-10  -2.07043765E-03   4.04609442E-02  -7.08399639E-02  -5.98399019       8.92786598     -0.394403487    
   12.0000000       800.000000       6.89990669E-02   8.50011826      0.263633043       3.10113824E-10  -1.98255270E-03   3.99774686E-02  -3.50547954E-02  -6.01064444       8.92544746     -0.376078695    
   13.0000000       800.000000       6.94770738E-02   8.56972027      0.261837512       3.05513836E-10  -1.90378597E-03   3.94999422E-02  -4.12430894E-03  -6.03606462       8.92515564     -0.362249762    
   2.00000000       800.000000       6.99650571E-02   8.63913631      0.260033011       3.00959924E-10  -1.83392793E-03   3.90280895E-02  -8.66793562E-03  -6.06115246       8.92454338     -0.351721138    
   3.00000000       800.000000       7.04544336E-02   8.70913506      0.258223563       2.96455804E-10  -1.76818017E-03   3.85615453E-02  -3.85412537E-02  -6.08545685       8.92183113     -0.339867204    
   4.00000000       800.000000       7.09533468E-02   8.77987480      0.256433219       2.92028790E-10  -1.70611171E-03   3.81008461E-02  -7.51741827E-02  -6.10922003       8.91649914     -0.328788310    
   5.00000000       800.000000       7.14557767E-02   8.85152435      0.254651517       2.87667418E-10  -1.64524512E-03   3.76452692E-02  -7.88739696E-02  -6.13227987       8.91087341     -0.321417540    
   6.00000000       800.000000       7.19595850E-02   8.92326069      0.252917349       2.83412488E-10  -1.58488413E-03   3.71952504E-02  -4.33997288E-02  -6.15530252       8.90774822     -0.316511899    
   7.00000000       800.000000       7.24673644E-02   8.99552822      0.251219451       2.79250539E-10  -1.52112613E-03   3.67507264E-02  -2.37570982E-02  -6.17798233       8.90602970     -0.312929004    
   8.00000000       800.000000       7.29827210E-02   9.06822109      0.249577835       2.75200029E-10  -1.45502028E-03   3.63114849E-02  -4.08034772E-02  -6.20082283       8.90304661     -0.309929013    
   9.00000000       800.000000       7.35015273E-02   9.14107132      0.247986406       2.71254741E-10  -1.38413697E-03   3.58776674E-02  -5.26275113E-02  -6.22338343       8.89918041     -0.306310147    
   10.0000000       800.000000       7.40236938E-02   9.21487141      0.246464267       2.67432271E-10  -1.30973873E-03   3.54490727E-02  -3.69048938E-02  -6.24601173       8.89644432     -0.302934855    
   11.0000000       800.000000       7.45541826E-02   9.28909588      0.245000675       2.63717492E-10  -1.23033591E-03   3.50259468E-02  -1.50203919E-02  -6.26839113       8.89533138     -0.299747199    
   12.0000000       800.000000       7.50876293E-02   9.36382198      0.243605301       2.60120647E-10  -1.14715984E-03   3.46077681E-02  -9.03440453E-03  -6.29088259       8.89464760     -0.297224730    
   13.0000000       800.000000       7.56227747E-02   9.43945217      0.242260158       2.56619420E-10  -1.05995033E-03   3.41952890E-02  -8.63789581E-03  -6.31320333       8.89399719     -0.293569386    
   2.00000000       800.000000       7.61684179E-02   9.51551723      0.240952969       2.53198351E-10  -9.72006936E-04   3.37877795E-02  -2.30540521E-03  -6.33544683       8.89380455     -0.286742747    
   3.00000000       800.000000       7.67170042E-02   9.59179592      0.239651471       2.49823995E-10  -8.85134912E-04   3.33856083E-02  -8.51778372E-04  -6.35702562       8.89375305     -0.276384562    
   4.00000000       800.000000       7.72694573E-02   9.66848755      0.238339320       2.46477561E-10  -8.03223869E-04   3.29884999E-02   6.47928566E-04  -6.37799692       8.89379406     -0.264962256    
   5.00000000       800.000000       7.78230131E-02   9.74612713      0.236991316       2.43133902E-10  -7.28499726E-04   3.25963534E-02   8.90032295E-03  -6.39811850       8.89450359     -0.251663536    
   6.00000000       800.000000       7.83851892E-02   9.82425022      0.235599533       2.39784220E-10  -6.63507497E-04   3.22092623E-02   9.01835784E-03  -6.41730595       8.89519501     -0.237688720    
   7.00000000       800.000000       7.89523125E-02   9.90284920      0.234155372       2.36421493E-10  -6.08481874E-04   3.18269841E-02   4.04917868E-03  -6.43550634       8.89551353     -0.224569827    
   8.00000000       800.000000       7.95280412E-02   9.98241329      0.232675299       2.33061737E-10  -5.63505280E-04   3.14491838E-02   4.03328752E-03  -6.45288658       8.89583778     -0.211638182    
   9.00000000       800.000000       8.01055804E-02   10.0623922      0.231168136       2.29715705E-10  -5.25138574E-04   3.10760550E-02   2.96881841E-03  -6.46930838       8.89608765     -0.199049458    
   10.0000000       800.000000       8.06882754E-02   10.1425762      0.229647771       2.26395888E-10  -4.92870284E-04   3.07074338E-02  -2.51928315E-04  -6.48489904       8.89606190     -0.186420843    
   11.0000000       800.000000       8.12722519E-02   10.2231703      0.228121832       2.23110572E-10  -4.63991630E-04   3.03431600E-02  -3.99980508E-03  -6.49950218       8.89573574     -0.174254969    
   12.0000000       800.000000       8.18665698E-02   10.3048105      0.226598814       2.19866181E-10  -4.37619252E-04   2.99833883E-02  -7.54088769E-03  -6.51332378       8.89511108     -0.163797036    
   13.0000000       800.000000       8.24698508E-02   10.3871059      0.225082889       2.16667975E-10  -4.12464928E-04   2.96277590E-02  -8.01499933E-03  -6.52641916       8.89445591     -0.154123068    
   2.00000000       800.000000       8.30690786E-02   10.4702911      0.223575905       2.13515719E-10  -3.88125249E-04   2.92766970E-02  -9.89891775E-03  -6.53884125       8.89363956     -0.144434109    
   3.00000000       800.000000       8.36792067E-02   10.5531397      0.222072959       2.10405235E-10  -3.64373060E-04   2.89296880E-02  -1.44060021E-02  -6.55049849       8.89242744     -0.134313107    
   4.00000000       800.000000       8.42924491E-02   10.6371202      0.220577389       2.07338452E-10  -3.41581501E-04   2.85871346E-02  -1.64690483E-02  -6.56140518       8.89103794     -0.124757409    
   5.00000000       800.000000       8.49149227E-02   10.7222576      0.219088078       2.04313150E-10  -3.19009676E-04   2.82486174E-02  -1.78423263E-02  -6.57161522       8.88954163     -0.115200654    
   6.00000000       800.000000       8.55400413E-02   10.8070173      0.217597336       2.01322750E-10  -2.98048166E-04   2.79143099E-02  -2.11338811E-02  -6.58104086       8.88769531     -0.103787564    
   7.00000000       800.000000       8.61672983E-02   10.8929453      0.216089949       1.98352612E-10  -2.79021246E-04   2.75840908E-02  -1.93368569E-02  -6.58943987       8.88606167      -9.17457715E-02
   8.00000000       800.000000       8.68062824E-02   10.9799843      0.214564696       1.95401278E-10  -2.64051952E-04   2.72581261E-02  -1.79615375E-02  -6.59690952       8.88450241      -7.81102628E-02
   9.00000000       800.000000       8.74475688E-02   11.0664978      0.213001460       1.92450569E-10  -2.53659557E-04   2.69360077E-02  -1.36162722E-02  -6.60303783       8.88330364      -6.57488927E-02
   10.0000000       800.000000       8.80924463E-02   11.1543617      0.211415261       1.89514182E-10  -2.48806580E-04   2.66177189E-02  -4.47519729E-03  -6.60845423       8.88291168      -5.87253608E-02
   11.0000000       800.000000       8.87458175E-02   11.2425718      0.209818646       1.86603608E-10  -2.46765703E-04   2.63033807E-02   5.60875190E-03  -6.61343336       8.88340759      -5.92245720E-02
   12.0000000       800.000000       8.94047245E-02   11.3320246      0.208245307       1.83748058E-10  -2.43697708E-04   2.59928871E-02   1.49305416E-02  -6.61898947       8.88474274      -6.42704368E-02
   13.0000000       800.000000       9.00711343E-02   11.4218473      0.206690326       1.80943788E-10  -2.38782566E-04   2.56860461E-02   1.46650877E-02  -6.62496758       8.88606358      -6.77651912E-02
   2.00000000       800.000000       9.07422155E-02   11.5118284      0.205163658       1.78196555E-10  -2.31352926E-04   2.53827721E-02   1.74811203E-02  -6.63124371       8.88763809      -6.91384375E-02
   3.00000000       800.000000       9.14164707E-02   11.6033077      0.203664467       1.75505749E-10  -2.21056107E-04   2.50831507E-02   1.49185713E-02  -6.63755226       8.88901329      -6.81397095E-02
   4.00000000       800.000000       9.20993984E-02   11.6952047      0.202196613       1.72873785E-10  -2.06860088E-04   2.47872751E-02   1.47984428E-02  -6.64375305       8.89036655      -6.63876534E-02
   5.00000000       800.000000       9.27866399E-02   11.7873383      0.200758547       1.70298456E-10  -1.88751321E-04   2.44947579E-02   1.39390044E-02  -6.64983130       8.89166260      -6.35604933E-02
   6.00000000       800.000000       9.34779644E-02   11.8806105      0.199344620       1.67773392E-10  -1.66882674E-04   2.42059156E-02   1.27781080E-02  -6.65559053       8.89286804      -5.95138855E-02
   7.00000000       800.000000       9.41774696E-02   11.9743528      0.197949469       1.65293654E-10  -1.42317906E-04   2.39206869E-02   1.33196432E-02  -6.66100836       8.89412880      -5.36820628E-02
   8.00000000       800.000000       9.48819369E-02   12.0688763      0.196559876       1.62847943E-10  -1.16420379E-04   2.36388557E-02   1.25383260E-02  -6.66575575       8.89530754      -4.58475500E-02
   9.00000000       800.000000       9.55979601E-02   12.1640635      0.195170179       1.60430502E-10  -9.04156550E-05   2.33605783E-02   1.29088769E-02  -6.66973591       8.89654255      -3.65574472E-02
   10.0000000       800.000000       9.63135287E-02   12.2600622      0.193765223       1.58028909E-10  -6.61892846E-05   2.30856761E-02   1.18605373E-02  -6.67275763       8.89767551      -2.53868308E-02
   11.0000000       800.000000       9.70358253E-02   12.3568468      0.192328244       1.55629537E-10  -4.58357426E-05   2.28140876E-02   1.21955164E-02  -6.67464113       8.89885521      -1.26056364E-02
   12.0000000       800.000000       9.77677032E-02   12.4544106      0.190838724       1.53216481E-10  -3.25326546E-05   2.25459114E-02   1.12840580E-02  -6.67522144       8.89996338       1.76950311E-03
   13.0000000       800.000000       9.85076427E-02   12.5523767      0.189277589       1.50775545E-10  -2.88468927E-05   2.22810283E-02   1.24634420E-02  -6.67428589       8.90118790       1.65035166E-02
   2.00000000       800.000000       9.92456749E-02   12.6510534      0.187647730       1.48308935E-10  -3.60543781E-05   2.20192056E-02   1.23556154E-02  -6.67194843       8.90242004       3.05922162E-02
   3.00000000       800.000000       9.99961421E-02   12.7503929      0.185966924       1.45831958E-10  -5.19355235E-05   2.17603631E-02   1.25756850E-02  -6.66820192       8.90367889       4.27126735E-02
   4.00000000       800.000000      0.100751281       12.8514633      0.184273258       1.43375117E-10  -7.17177682E-05   2.15043873E-02   1.03789186E-02  -6.66338015       8.90473270       5.01863100E-02
   5.00000000       800.000000      0.101513669       12.9527330      0.182606146       1.40968362E-10  -8.88941504E-05   2.12516934E-02   7.72392796E-03  -6.65804052       8.90550327       5.08320630E-02
   6.00000000       800.000000      0.102282949       13.0543804      0.180996910       1.38635547E-10  -9.82092752E-05   2.10016873E-02   4.25602030E-03  -6.65301609       8.90595245       4.64661047E-02
   7.00000000       800.000000      0.103057869       13.1565609      0.179447979       1.36376604E-10  -9.76834417E-05   2.07546987E-02   1.68983871E-03  -6.64851046       8.90611935       4.20091189E-02
   8.00000000       800.000000      0.103839546       13.2604132      0.177950382       1.34183317E-10  -8.89145158E-05   2.05107480E-02  -5.41740272E-04  -6.64433479       8.90606022       3.99105325E-02
   9.00000000       800.000000      0.104626514       13.3645535      0.176485553       1.32041045E-10  -7.39786992E-05   2.02697534E-02  -2.63683987E-03  -6.64018106       8.90578556       4.08714302E-02
   10.0000000       800.000000      0.105420068       13.4691267      0.175032586       1.29932759E-10  -5.61875349E-05   2.00315900E-02  -3.70710762E-03  -6.63574219       8.90539932       4.56687771E-02
   11.0000000       800.000000      0.106228657       13.5754204      0.173565671       1.27839600E-10  -3.89661727E-05   1.97964422E-02  -4.16006707E-03  -6.63051224       8.90495682       5.36485203E-02
   12.0000000       800.000000      0.107034281       13.6821260      0.172070310       1.25750382E-10  -2.52379286E-05   1.95640791E-02  -4.32653027E-03  -6.62430382       8.90449429       6.28665164E-02
   13.0000000       800.000000      0.107849084       13.7891541      0.170539439       1.23660374E-10  -1.65097281E-05   1.93345305E-02  -4.13990906E-03  -6.61701250       8.90403843       7.15492442E-02
   2.00000000       800.000000      0.108672515       13.8981247      0.168976068       1.21572377E-10  -1.27910280E-05   1.91078279E-02  -3.16851516E-03  -6.60880423       8.90371037       7.82320946E-02
   3.00000000       800.000000      0.109497771       14.0066690      0.167405635       1.19504531E-10  -1.14953527E-05   1.88836325E-02  -1.54790166E-03  -6.59993935       8.90353966       8.17052945E-02
   4.00000000       800.000000      0.110339761       14.1170921      0.165853724       1.17474974E-10  -8.20560672E-06   1.86619125E-02   1.43475176E-04  -6.59084034       8.90353870       8.12692493E-02
   5.00000000       800.000000      0.111177742       14.2269335      0.164343521       1.15498902E-10   9.52164669E-07   1.84431709E-02   1.52989849E-03  -6.58192778       8.90372753       7.82502964E-02
   6.00000000       800.000000      0.112030037       14.3394938      0.162881017       1.13580229E-10   1.79899926E-05   1.82268322E-02   2.24314444E-03  -6.57338142       8.90396500       7.54377171E-02
   7.00000000       800.000000      0.112885214       14.4517355      0.161451414       1.11707414E-10   4.14307324E-05   1.80132110E-02   2.34354287E-03  -6.56496811       8.90424538       7.62649402E-02
   8.00000000       800.000000      0.113750286       14.5650282      0.160033494       1.09864326E-10   6.76127893E-05   1.78020447E-02   2.11914629E-03  -6.55609179       8.90447521       8.17855746E-02
   9.00000000       800.000000      0.114624061       14.6793976      0.158603206       1.08035629E-10   9.31074246E-05   1.75935663E-02   1.62127824E-03  -6.54629993       8.90465736       9.03947353E-02
   10.0000000       800.000000      0.115506783       14.7940674      0.157142758       1.06208271E-10   1.14441682E-04   1.73875410E-02   1.07899972E-03  -6.53529835       8.90479851      0.100977466    
   11.0000000       800.000000      0.116393380       14.9101496      0.155639857       1.04374315E-10   1.29089225E-04   1.71841513E-02   3.62347055E-04  -6.52287674       8.90482998      0.112527505    
   12.0000000       800.000000      0.117281690       15.0272551      0.154087350       1.02529964E-10   1.35617011E-04   1.69830602E-02  -3.22074629E-04  -6.50899935       8.90479469      0.123934805    
   13.0000000       800.000000      0.118191823       15.1445360      0.152495623       1.00682060E-10   1.34746180E-04   1.67843346E-02  -8.70448828E-04  -6.49369383       8.90467834      0.134416059    
   2.00000000       800.000000      0.119099334       15.2630339      0.150884986       9.88443841E-11   1.29388049E-04   1.65877081E-02  -1.18708343E-03  -6.47708845       8.90455437      0.143306389    
   3.00000000       800.000000      0.120015435       15.3828135      0.149271756       9.70273653E-11   1.22708821E-04   1.63935665E-02  -1.59851031E-03  -6.45943308       8.90435505      0.150534883    
   4.00000000       800.000000      0.120940529       15.5036430      0.147668228       9.52392887E-11   1.17127624E-04   1.62016097E-02  -1.94027810E-03  -6.44083071       8.90411091      0.156288341    
   5.00000000       800.000000      0.121867239       15.6249332      0.146080479       9.34830824E-11   1.13931776E-04   1.60118453E-02  -2.14686338E-03  -6.42149019       8.90386009      0.160887152    
   6.00000000       800.000000      0.122810721       15.7464323      0.144505396       9.17566578E-11   1.12958121E-04   1.58244073E-02  -2.35822774E-03  -6.40148258       8.90354538      0.164861858    
   7.00000000       800.000000      0.123757191       15.8707790      0.142934516       9.00542696E-11   1.12947462E-04   1.56392660E-02  -2.36416119E-03  -6.38082695       8.90326214      0.168617263    
   8.00000000       800.000000      0.124716990       15.9948425      0.141357198       8.83687706E-11   1.12021335E-04   1.54559920E-02  -2.19818857E-03  -6.35956955       8.90300751      0.172291905    
   9.00000000       800.000000      0.125679165       16.1200333      0.139768541       8.66968719E-11   1.08826905E-04   1.52751189E-02  -1.72992097E-03  -6.33770227       8.90278244      0.175854698    
   10.0000000       800.000000      0.126648560       16.2460766      0.138171747       8.50410645E-11   1.03550105E-04   1.50964493E-02  -9.71352158E-04  -6.31518888       8.90265274      0.179185241    
   11.0000000       800.000000      0.127627030       16.3736973      0.136577323       8.34068856E-11   9.76467563E-05   1.49197476E-02  -8.70920412E-05  -6.29211998       8.90265942      0.182212338    
   12.0000000       800.000000      0.128622070       16.5009899      0.134993166       8.17992618E-11   9.28406298E-05   1.47449095E-02   6.73846749E-04  -6.26849937       8.90273952      0.185066268    
   13.0000000       800.000000      0.129615709       16.6299458      0.133424312       8.02210035E-11   9.03325563E-05   1.45723308E-02   1.24216545E-03  -6.24432182       8.90290451      0.187854916    
   2.00000000       800.000000      0.130617574       16.7607040      0.131872267       7.86721799E-11   9.04073386E-05   1.44016687E-02   1.61642302E-03  -6.21960306       8.90310383      0.190795615    
   3.00000000       800.000000      0.131631613       16.8909397      0.130330741       7.71489261E-11   9.23217303E-05   1.42329410E-02   1.75623340E-03  -6.19429731       8.90333462      0.194104835    
   4.00000000       800.000000      0.132658064       17.0234966      0.128791317       7.56457258E-11   9.45990614E-05   1.40665192E-02   1.66053360E-03  -6.16832209       8.90354729      0.197803035    
   5.00000000       800.000000      0.133689612       17.1564980      0.127245814       7.41580963E-11   9.56430958E-05   1.39016965E-02   1.48918980E-03  -6.14163303       8.90375900      0.201709121    
   6.00000000       800.000000      0.134727374       17.2917385      0.125693023       7.26847679E-11   9.47070439E-05   1.37389442E-02   1.19288801E-03  -6.11417198       8.90391636      0.205407962    
   7.00000000       800.000000      0.135772675       17.4260139      0.124137104       7.12276627E-11   9.21890241E-05   1.35782761E-02   9.09315655E-04  -6.08603954       8.90405178      0.208523333    
   8.00000000       800.000000      0.136831790       17.5625153      0.122585125       6.97914088E-11   8.94633340E-05   1.34190461E-02   6.92803296E-04  -6.05732536       8.90414143      0.210985288    
   9.00000000       800.000000      0.137887821       17.6995029      0.121046975       6.83807871E-11   8.82134918E-05   1.32621089E-02   5.58246276E-04  -6.02808571       8.90423393      0.212969884    
   10.0000000       800.000000      0.138969555       17.8388729      0.119525500       6.69974839E-11   8.93564211E-05   1.31065864E-02   4.86825098E-04  -5.99838781       8.90428257      0.214829057    
   11.0000000       800.000000      0.140046909       17.9775219      0.118016653       6.56381963E-11   9.25033673E-05   1.29534099E-02   4.03970684E-04  -5.96815062       8.90433884      0.216994345    
   12.0000000       800.000000      0.141143247       18.1181393      0.116513021       6.42990314E-11   9.63124330E-05   1.28014628E-02   2.89111020E-04  -5.93733644       8.90437508      0.219655439    
   13.0000000       800.000000      0.142242312       18.2606220      0.115007631       6.29761451E-11   9.92910864E-05   1.26518440E-02   1.27549152E-04  -5.90591478       8.90439892      0.222656801    
   2.00000000       800.000000      0.143348306       18.4025784      0.113499351       6.16676502E-11   1.00598532E-04   1.25037218E-02  -6.01999564E-05  -5.87376547       8.90439034      0.225669473    
   3.00000000       800.000000      0.144470185       18.5468769      0.111989774       6.03755518E-11   1.00528312E-04   1.23572964E-02  -1.81005496E-04  -5.84094191       8.90437412      0.228359699    
   4.00000000       800.000000      0.145599216       18.6916237      0.110486194       5.91025007E-11   1.00167679E-04   1.22125791E-02  -2.16709916E-04  -5.80752420       8.90433407      0.230558306    
   5.00000000       800.000000      0.146730632       18.8387299      0.108992979       5.78511752E-11   1.00609293E-04   1.20693855E-02  -1.79685361E-04  -5.77355003       8.90431213      0.232336953    
   6.00000000       800.000000      0.147886083       18.9852219      0.107511617       5.66224810E-11   1.02332917E-04   1.19281542E-02  -1.01945298E-04  -5.73908138       8.90428734      0.233883426    
   7.00000000       800.000000      0.149040878       19.1336536      0.106039762       5.54136945E-11   1.04987135E-04   1.17886215E-02  -6.55776530E-05  -5.70411968       8.90427971      0.235423848    
   8.00000000       800.000000      0.150206983       19.2841053      0.104574189       5.42241391E-11   1.07810192E-04   1.16503285E-02  -9.37802324E-05  -5.66862822       8.90425682      0.237059027    
   9.00000000       800.000000      0.151375279       19.4338169      0.103112265       5.30511052E-11   1.10245906E-04   1.15141841E-02  -1.66274142E-04  -5.63258076       8.90423775      0.238712281    
   10.0000000       800.000000      0.152559474       19.5859928      0.101656780       5.18961055E-11   1.12251852E-04   1.13791656E-02  -2.48567230E-04  -5.59607601       8.90419865      0.240269199    
   11.0000000       800.000000      0.153755501       19.7391071      0.100207694       5.07596812E-11   1.14201051E-04   1.12457974E-02  -2.82192283E-04  -5.55901098       8.90415382      0.241670191    
   12.0000000       800.000000      0.154966682       19.8943138       9.87671316E-02   4.96419468E-11   1.16495219E-04   1.11142537E-02  -2.76815030E-04  -5.52149105       8.90410614      0.242970839    
   13.0000000       800.000000      0.156182289       20.0499210       9.73371863E-02   4.85430966E-11   1.19212760E-04   1.09842531E-02  -2.30523394E-04  -5.48342514       8.90408516      0.244215265    
   2.00000000       800.000000      0.157407701       20.2067699       9.59144607E-02   4.74625582E-11   1.22094149E-04   1.08555602E-02  -1.71391905E-04  -5.44488239       8.90405273      0.245424464    
   3.00000000       800.000000      0.158632427       20.3635406       9.44984332E-02   4.63994225E-11   1.24768543E-04   1.07284915E-02  -1.60493029E-04  -5.40582418       8.90403652      0.246611878    
   4.00000000       800.000000      0.159881696       20.5234394       9.30901989E-02   4.53531691E-11   1.27051608E-04   1.06028365E-02  -1.76701273E-04  -5.36632967       8.90400600      0.247707576    
   5.00000000       800.000000      0.161134437       20.6836548       9.16875079E-02   4.43234581E-11   1.28996719E-04   1.04786977E-02  -2.16488435E-04  -5.32637024       8.90394878      0.248650372    
   6.00000000       800.000000      0.162408039       20.8466339       9.02944878E-02   4.33111186E-11   1.30787710E-04   1.03559019E-02  -2.57659558E-04  -5.28588152       8.90392685      0.249423400    
   7.00000000       800.000000      0.163673609       21.0080662       8.89100134E-02   4.23155122E-11   1.32536021E-04   1.02347294E-02  -2.76766805E-04  -5.24498034       8.90386868      0.250050128    
   8.00000000       800.000000      0.164970547       21.1726456       8.75341371E-02   4.13379331E-11   1.34184986E-04   1.01148048E-02  -2.58699903E-04  -5.20365477       8.90383434      0.250573307    
   9.00000000       800.000000      0.166260168       21.3390827       8.61674920E-02   4.03771010E-11   1.35605369E-04   9.99641884E-03  -2.10005019E-04  -5.16201830       8.90379429      0.250989467    
   10.0000000       800.000000      0.167571649       21.5048828       8.48098025E-02   3.94321173E-11   1.36737755E-04   9.87918582E-03  -1.48558203E-04  -5.11992121       8.90377712      0.251278698    
   11.0000000       800.000000      0.168884769       21.6747990       8.34620222E-02   3.85039639E-11   1.37714640E-04   9.76367574E-03  -7.09474698E-05  -5.07749462       8.90375614      0.251404226    
   12.0000000       800.000000      0.170220941       21.8437004       8.21249112E-02   3.75930537E-11   1.38795323E-04   9.64930747E-03   1.64621488E-05  -5.03468084       8.90376472      0.251345187    
   13.0000000       800.000000      0.171562597       22.0148487       8.07993039E-02   3.66990119E-11   1.40150427E-04   9.53618903E-03   1.02060912E-04  -4.99156046       8.90378571      0.251120776    
   2.00000000       800.000000      0.172911152       22.1867790       7.94846565E-02   3.58219114E-11   1.41748344E-04   9.42445174E-03   1.65196892E-04  -4.94815111       8.90380669      0.250817657    
   3.00000000       800.000000      0.174262822       22.3595982       7.81818628E-02   3.49609126E-11   1.43419602E-04   9.31398477E-03   1.84458651E-04  -4.90450764       8.90383911      0.250471592    
   4.00000000       800.000000      0.175636902       22.5350342       7.68891647E-02   3.41160503E-11   1.45014463E-04   9.20502376E-03   1.64934740E-04  -4.86049271       8.90387726      0.250059068    
   5.00000000       800.000000      0.177029908       22.7109966       7.56075159E-02   3.32868906E-11   1.46444960E-04   9.09683388E-03   1.14232447E-04  -4.81629038       8.90388775      0.249583617    
   6.00000000       800.000000      0.178427994       22.8897495       7.43363053E-02   3.24734024E-11   1.47702740E-04   8.99037905E-03   4.92434956E-05  -4.77178431       8.90389538      0.249010682    
   7.00000000       800.000000      0.179832757       23.0675335       7.30766878E-02   3.16752839E-11   1.48860345E-04   8.88503995E-03  -9.42025690E-06  -4.72708845       8.90388966      0.248303086    
   8.00000000       800.000000      0.181247130       23.2492962       7.18290135E-02   3.08925593E-11   1.49997388E-04   8.78131390E-03  -4.38222669E-05  -4.68214178       8.90390015      0.247463927    
   9.00000000       800.000000      0.182678327       23.4303741       7.05935955E-02   3.01252634E-11   1.51192144E-04   8.67844094E-03  -5.30485304E-05  -4.63701296       8.90388393      0.246498555    
   10.0000000       800.000000      0.184120178       23.6137962       6.93710148E-02   2.93733683E-11   1.52484339E-04   8.57627951E-03  -4.29429128E-05  -4.59171391       8.90386868      0.245439723    
   11.0000000       800.000000      0.185574606       23.7995758       6.81609660E-02   2.86370129E-11   1.53904621E-04   8.47628899E-03  -2.11209808E-05  -4.54628992       8.90387249      0.244308546    
   12.0000000       800.000000      0.187039450       23.9845982       6.69634864E-02   2.79153679E-11   1.55449088E-04   8.37697368E-03   4.74099670E-06  -4.50069094       8.90386677      0.243109748    
   13.0000000       800.000000      0.188515589       24.1725788       6.57781065E-02   2.72084334E-11   1.57021452E-04   8.27851240E-03   2.61138139E-05  -4.45501423       8.90388966      0.241864875    
   2.00000000       800.000000      0.190003842       24.3626595       6.46061599E-02   2.65157306E-11   1.58475552E-04   8.18140898E-03   3.79963712E-05  -4.40910053       8.90388680      0.240584940    
   3.00000000       800.000000      0.191507503       24.5538692       6.34447858E-02   2.58372004E-11   1.59674702E-04   8.08575191E-03   3.91898393E-05  -4.36323881       8.90389824      0.239256829    
   4.00000000       800.000000      0.193027228       24.7454605       6.22975416E-02   2.51725012E-11   1.60560492E-04   7.99080543E-03   3.43154570E-05  -4.31717873       8.90389538      0.237846091    
   5.00000000       800.000000      0.194553345       24.9383144       6.11610711E-02   2.45214318E-11   1.61166812E-04   7.89721683E-03   3.02220269E-05  -4.27099657       8.90389824      0.236338481    
   6.00000000       800.000000      0.196085945       25.1336231       6.00376241E-02   2.38837526E-11   1.61598524E-04   7.80499820E-03   3.14224053E-05  -4.22478914       8.90390873      0.234722853    
   7.00000000       800.000000      0.197636858       25.3313236       5.89267612E-02   2.32600293E-11   1.61953198E-04   7.71353021E-03   3.82841645E-05  -4.17859030       8.90391159      0.233000547    
   8.00000000       800.000000      0.199212298       25.5304661       5.78300543E-02   2.26495524E-11   1.62274227E-04   7.62280356E-03   5.01328905E-05  -4.13235760       8.90392971      0.231193334    
   9.00000000       800.000000      0.200781316       25.7297115       5.67472838E-02   2.20526531E-11   1.62582597E-04   7.53393536E-03   6.13072698E-05  -4.08610678       8.90392685      0.229313985    
   10.0000000       800.000000      0.202371761       25.9304714       5.56771383E-02   2.14686810E-11   1.62858880E-04   7.44526368E-03   6.42103842E-05  -4.03989649       8.90394306      0.227378070    
   11.0000000       800.000000      0.203978211       26.1335907       5.46207242E-02   2.08975805E-11   1.63066084E-04   7.35839596E-03   6.05855748E-05  -3.99372792       8.90397263      0.225395307    
   12.0000000       800.000000      0.205590189       26.3390236       5.35781458E-02   2.03392980E-11   1.63166362E-04   7.27178063E-03   5.04753843E-05  -3.94759417       8.90397072      0.223359719    
   13.0000000       800.000000      0.207215562       26.5462608       5.25484942E-02   1.97933371E-11   1.63137840E-04   7.18690548E-03   3.58008037E-05  -3.90151072       8.90397644      0.221275255    
   2.00000000       800.000000      0.208862230       26.7531796       5.15327491E-02   1.92598004E-11   1.62993223E-04   7.10271578E-03   2.06142358E-05  -3.85553479       8.90399265      0.219125718    
   3.00000000       800.000000      0.210511744       26.9634609       5.05307280E-02   1.87384171E-11   1.62785611E-04   7.01935263E-03   7.97631765E-06  -3.80962014       8.90398502      0.216902390    
   4.00000000       800.000000      0.212182373       27.1744270       4.95428368E-02   1.82290016E-11   1.62579570E-04   6.93710847E-03   8.99974168E-07  -3.76383734       8.90399170      0.214602932    
   5.00000000       800.000000      0.213867262       27.3881035       4.85688522E-02   1.77317622E-11   1.62418757E-04   6.85569178E-03  -3.53505811E-06  -3.71818399       8.90399456      0.212237105    
   6.00000000       800.000000      0.215570495       27.6017551       4.76085767E-02   1.72461160E-11   1.62326032E-04   6.77541457E-03  -5.43200804E-06  -3.67269301       8.90398026      0.209819421    
   7.00000000       800.000000      0.217280358       27.8196926       4.66629192E-02   1.67719432E-11   1.62316632E-04   6.69585541E-03  -4.54457404E-06  -3.62737465       8.90397739      0.207356527    
   8.00000000       800.000000      0.218995273       28.0367794       4.57312278E-02   1.63091866E-11   1.62382014E-04   6.61739940E-03  -2.02534875E-06  -3.58223319       8.90398884      0.204868898    
   9.00000000       800.000000      0.220740929       28.2576332       4.48134877E-02   1.58575132E-11   1.62470940E-04   6.54014340E-03   1.97127406E-06  -3.53728509       8.90398026      0.202373758    
   10.0000000       800.000000      0.222490728       28.4788132       4.39093672E-02   1.54167581E-11   1.62532233E-04   6.46321243E-03   6.78618699E-06  -3.49253798       8.90398693      0.199870914    
   11.0000000       800.000000      0.224248633       28.7025547       4.30190191E-02   1.49865727E-11   1.62524913E-04   6.38765888E-03   1.13157494E-05  -3.44798565       8.90398312      0.197358891    
   12.0000000       800.000000      0.226034790       28.9273281       4.21422459E-02   1.45668564E-11   1.62397104E-04   6.31261943E-03   1.48416457E-05  -3.40366173       8.90398979      0.194837928    
   13.0000000       800.000000      0.227838799       29.1540203       4.12788205E-02   1.41573446E-11   1.62120516E-04   6.23882422E-03   1.69898740E-05  -3.35955834       8.90399837      0.192302838    
   2.00000000       800.000000      0.229636580       29.3828106       4.04288806E-02   1.37578872E-11   1.61712349E-04   6.16553985E-03   1.71613447E-05  -3.31569147       8.90400219      0.189744756    
   3.00000000       800.000000      0.231463313       29.6143074       3.95925194E-02   1.33684522E-11   1.61211748E-04   6.09329296E-03   1.55724520E-05  -3.27206945       8.90400887      0.187167093    
   4.00000000       800.000000      0.233298600       29.8444633       3.87696438E-02   1.29886466E-11   1.60647091E-04   6.02199696E-03   1.18860180E-05  -3.22870207       8.90400600      0.184564635    
   5.00000000       800.000000      0.235164225       30.0788250       3.79602462E-02   1.26184280E-11   1.60034353E-04   5.95142227E-03   6.10928237E-06  -3.18560481       8.90401936      0.181942120    
   6.00000000       800.000000      0.237021416       30.3152733       3.71640995E-02   1.22575856E-11   1.59361676E-04   5.88158425E-03  -1.22143069E-06  -3.14279127       8.90400219      0.179300174    
   7.00000000       800.000000      0.238909259       30.5545444       3.63813341E-02   1.19059537E-11   1.58608163E-04   5.81260491E-03  -9.32203693E-06  -3.10026670       8.90400219      0.176635146    
   8.00000000       800.000000      0.240805298       30.7942753       3.56117748E-02   1.15633015E-11   1.57775256E-04   5.74463792E-03  -1.68991101E-05  -3.05805135       8.90400219      0.173949733    
   9.00000000       800.000000      0.242732763       31.0363560       3.48553248E-02   1.12295433E-11   1.56894210E-04   5.67714497E-03  -2.27535893E-05  -3.01615500       8.90400505      0.171246007    
   10.0000000       800.000000      0.244650185       31.2805672       3.41121182E-02   1.09044778E-11   1.56013339E-04   5.61069231E-03  -2.56722924E-05  -2.97459245       8.90399456      0.168534413    
   11.0000000       800.000000      0.246601894       31.5240726       3.33821215E-02   1.05879741E-11   1.55179980E-04   5.54499077E-03  -2.56474195E-05  -2.93336320       8.90398598      0.165820897    
   12.0000000       800.000000      0.248575494       31.7732716       3.26652266E-02   1.02798707E-11   1.54423717E-04   5.47995232E-03  -2.31215163E-05  -2.89248037       8.90399647      0.163111433    
   13.0000000       800.000000      0.250549018       32.0229034       3.19613330E-02   9.97994569E-12   1.53736109E-04   5.41570224E-03  -1.89040456E-05  -2.85195088       8.90398788      0.160417393    
   2.00000000       800.000000      0.252544135       32.2734489       3.12702172E-02   9.68804984E-12   1.53091096E-04   5.35227964E-03  -1.37846855E-05  -2.81177855       8.90396595      0.157737225    
   3.00000000       800.000000      0.254557490       32.5260506       3.05917487E-02   9.40396459E-12   1.52453344E-04   5.28953830E-03  -8.19992601E-06  -2.77195859       8.90397739      0.155077532    
   4.00000000       800.000000      0.256586730       32.7818604       2.99256258E-02   9.12749130E-12   1.51779066E-04   5.22753969E-03  -2.55827763E-06  -2.73251033       8.90396690      0.152437985    
   5.00000000       800.000000      0.258610994       33.0395813       2.92719770E-02   8.85851115E-12   1.51058062E-04   5.16625773E-03   2.86968725E-06  -2.69342613       8.90397072      0.149810359    
   6.00000000       800.000000      0.260681123       33.2992859       2.86303889E-02   8.59677260E-12   1.50312000E-04   5.10569196E-03   7.72960811E-06  -2.65471268       8.90396786      0.147196785    
   7.00000000       800.000000      0.262756377       33.5623474       2.80008856E-02   8.34220887E-12   1.49551444E-04   5.04579814E-03   1.16653046E-05  -2.61638141       8.90396976      0.144599035    
   8.00000000       800.000000      0.264846563       33.8261070       2.73834504E-02   8.09460571E-12   1.48787251E-04   4.98666056E-03   1.44103024E-05  -2.57842422       8.90398216      0.142013907    
   9.00000000       800.000000      0.266964108       34.0918350       2.67778188E-02   7.85384344E-12   1.48019884E-04   4.92825778E-03   1.52312614E-05  -2.54085326       8.90398121      0.139446676    
   10.0000000       800.000000      0.269089431       34.3593788       2.61838324E-02   7.61971909E-12   1.47221101E-04   4.87043988E-03   1.50426758E-05  -2.50367332       8.90397549      0.136898831    
   11.0000000       800.000000      0.271236569       34.6304741       2.56012175E-02   7.39205658E-12   1.46355305E-04   4.81337495E-03   1.38893784E-05  -2.46688533       8.90399075      0.134370372    
   12.0000000       800.000000      0.273390830       34.9008446       2.50299051E-02   7.17072929E-12   1.45405109E-04   4.75693867E-03   1.22576284E-05  -2.43049049       8.90399837      0.131863490    
   13.0000000       800.000000      0.275573671       35.1773834       2.44699046E-02   6.95558888E-12   1.44398175E-04   4.70121717E-03   1.11256568E-05  -2.39449692       8.90398407      0.129370973    
   2.00000000       800.000000      0.277770936       35.4531212       2.39209980E-02   6.74651134E-12   1.43379861E-04   4.64609498E-03   1.03975408E-05  -2.35890365       8.90399551      0.126900986    
   3.00000000       800.000000      0.279982239       35.7325478       2.33831555E-02   6.54334356E-12   1.42374818E-04   4.59163962E-03   1.09269567E-05  -2.32371664       8.90401077      0.124451667    
   4.00000000       800.000000      0.282222867       36.0137329       2.28561740E-02   6.34594243E-12   1.41389944E-04   4.53776121E-03   1.27979838E-05  -2.28893995       8.90400124      0.122023150    
   5.00000000       800.000000      0.284471065       36.2968369       2.23398954E-02   6.15418870E-12   1.40444812E-04   4.48460272E-03   1.49819753E-05  -2.25456882       8.90400219      0.119619153    
   6.00000000       800.000000      0.286742091       36.5804558       2.18342356E-02   5.96793014E-12   1.39568147E-04   4.43199975E-03   1.64840603E-05  -2.22061014       8.90403080      0.117241845    
   7.00000000       800.000000      0.289016098       36.8690605       2.13391017E-02   5.78706267E-12   1.38759628E-04   4.38008318E-03   1.60131804E-05  -2.18706536       8.90401077      0.114896588    
   8.00000000       800.000000      0.291324228       37.1585426       2.08541937E-02   5.61138462E-12   1.38005387E-04   4.32873843E-03   1.29120699E-05  -2.15392804       8.90403080      0.112584978    
   9.00000000       800.000000      0.293644518       37.4530144       2.03793105E-02   5.44079105E-12   1.37260038E-04   4.27798415E-03   7.43443024E-06  -2.12120318       8.90402985      0.110311858    
   10.0000000       800.000000      0.296003997       37.7481918       1.99143011E-02   5.27511888E-12   1.36473245E-04   4.22778539E-03   4.21480905E-07  -2.08888412       8.90403366      0.108077809    
   11.0000000       800.000000      0.298353791       38.0451622       1.94590092E-02   5.11423499E-12   1.35630529E-04   4.17820923E-03  -6.79567438E-06  -2.05696678       8.90401268      0.105875604    
   12.0000000       800.000000      0.300734103       38.3437805       1.90132074E-02   4.95803528E-12   1.34729184E-04   4.12927335E-03  -1.26017503E-05  -2.02545452       8.90401459      0.103704654    
   13.0000000       800.000000      0.303147912       38.6467476       1.85767729E-02   4.80638186E-12   1.33781068E-04   4.08085156E-03  -1.59628635E-05  -1.99434233       8.90400124      0.101564728    
   2.00000000       800.000000      0.305555582       38.9513550       1.81496777E-02   4.65918623E-12   1.32816785E-04   4.03301418E-03  -1.64359953E-05  -1.96363318       8.90401077       9.94506702E-02
   3.00000000       800.000000      0.307996303       39.2577019       1.77316330E-02   4.51630183E-12   1.31853580E-04   3.98563128E-03  -1.44549431E-05  -1.93332517       8.90402222       9.73640531E-02
   4.00000000       800.000000      0.310469896       39.5681572       1.73226334E-02   4.37764668E-12   1.30902990E-04   3.93889798E-03  -1.12103307E-05  -1.90341461       8.90401268       9.53029916E-02
   5.00000000       800.000000      0.312931180       39.8770142       1.69224571E-02   4.24308592E-12   1.29972497E-04   3.89278913E-03  -7.76451179E-06  -1.87390840       8.90399837       9.32716057E-02
   6.00000000       800.000000      0.315432847       40.1933212       1.65309403E-02   4.11252022E-12   1.29045104E-04   3.84715712E-03  -5.18118622E-06  -1.84480596       8.90398979       9.12723392E-02
   7.00000000       800.000000      0.317947745       40.5082169       1.61478966E-02   3.98582599E-12   1.28118074E-04   3.80197959E-03  -3.94583094E-06  -1.81609786       8.90400410       8.93054307E-02
   8.00000000       800.000000      0.320495814       40.8281288       1.57732721E-02   3.86290956E-12   1.27207502E-04   3.75744631E-03  -3.67815551E-06  -1.78778744       8.90400791       8.73693451E-02
   9.00000000       800.000000      0.323059022       41.1489258       1.54068861E-02   3.74367204E-12   1.26323328E-04   3.71331279E-03  -3.87024193E-06  -1.75986993       8.90400600       8.54688138E-02
   10.0000000       800.000000      0.325634599       41.4749947       1.50485467E-02   3.62800545E-12   1.25470353E-04   3.66981630E-03  -3.91696722E-06  -1.73234618       8.90400314       8.36057216E-02
   11.0000000       800.000000      0.328246117       41.8027420       1.46981468E-02   3.51581676E-12   1.24662882E-04   3.62677500E-03  -3.43125862E-06  -1.70520258       8.90399170       8.17763433E-02
   12.0000000       800.000000      0.330868602       42.1312904       1.43555803E-02   3.40700601E-12   1.23909165E-04   3.58415162E-03  -2.30030150E-06  -1.67844820       8.90396214       7.99806565E-02
   13.0000000       800.000000      0.333499759       42.4624519       1.40205799E-02   3.30147888E-12   1.23188336E-04   3.54211940E-03  -8.23995890E-07  -1.65207076       8.90398979       7.82202333E-02
   2.00000000       800.000000      0.336178690       42.7972488       1.36930225E-02   3.19911827E-12   1.22461919E-04   3.50052165E-03   5.56519581E-07  -1.62606394       8.90399837       7.64937848E-02
   3.00000000       800.000000      0.338866234       43.1343956       1.33727342E-02   3.09984243E-12   1.21686986E-04   3.45943333E-03   1.47052310E-06  -1.60043085       8.90400791       7.48019293E-02
   4.00000000       800.000000      0.341564178       43.4764404       1.30595667E-02   3.00356441E-12   1.20828925E-04   3.41897318E-03   1.87119440E-06  -1.57516408       8.90401459       7.31400028E-02
   5.00000000       800.000000      0.344298780       43.8198090       1.27533535E-02   2.91017969E-12   1.19913624E-04   3.37887532E-03   1.90067442E-06  -1.55026722       8.90401459       7.15038627E-02
   6.00000000       800.000000      0.347046673       44.1641579       1.24540571E-02   2.81963407E-12   1.18990036E-04   3.33913811E-03   1.82433860E-06  -1.52572823       8.90399647       6.98991716E-02
   7.00000000       800.000000      0.349838823       44.5138283       1.21615324E-02   2.73185793E-12   1.18085634E-04   3.29996226E-03   1.94722202E-06  -1.50155759       8.90398979       6.83239624E-02
   8.00000000       800.000000      0.352615893       44.8651733       1.18756928E-02   2.64677343E-12   1.17246767E-04   3.26117384E-03   2.34425011E-06  -1.47773671       8.90397549       6.67742714E-02
   9.00000000       800.000000      0.355454803       45.2186356       1.15963984E-02   2.56428299E-12   1.16484138E-04   3.22292000E-03   2.88362617E-06  -1.45427215       8.90397930       6.52562529E-02
   10.0000000       800.000000      0.358279139       45.5763397       1.13234231E-02   2.48431939E-12   1.15731207E-04   3.18520167E-03   3.41747091E-06  -1.43116558       8.90396976       6.37726262E-02
   11.0000000       800.000000      0.361149102       45.9357567       1.10566597E-02   2.40679286E-12   1.14939350E-04   3.14768893E-03   3.77939818E-06  -1.40839207       8.90397072       6.23209290E-02
   12.0000000       800.000000      0.364027262       46.2968864       1.07959695E-02   2.33163619E-12   1.14097536E-04   3.11086816E-03   3.87318914E-06  -1.38596594       8.90398502       6.09006360E-02
   13.0000000       800.000000      0.366944253       46.6631355       1.05411857E-02   2.25877910E-12   1.13206457E-04   3.07423342E-03   3.68479232E-06  -1.36387610       8.90398216       5.95103502E-02
   2.00000000       800.000000      0.369876415       47.0312233       1.02922386E-02   2.18816111E-12   1.12297726E-04   3.03819659E-03   3.19556511E-06  -1.34211600       8.90397739       5.81465140E-02
   3.00000000       800.000000      0.372847915       47.4044495       1.00490553E-02   2.11971695E-12   1.11418383E-04   3.00253322E-03   2.34926847E-06  -1.32068849       8.90398026       5.68075515E-02
   4.00000000       800.000000      0.375840873       47.7758026       9.81148425E-03   2.05339586E-12   1.10604582E-04   2.96727032E-03   1.18651906E-06  -1.29958785       8.90398598       5.54906018E-02
   5.00000000       800.000000      0.378836393       48.1548996       9.57946945E-03   1.98912002E-12   1.09867287E-04   2.93248054E-03  -2.76335555E-07  -1.27881122       8.90400791       5.42014875E-02
   6.00000000       800.000000      0.381849557       48.5329056       9.35282558E-03   1.92684345E-12   1.09207023E-04   2.89798365E-03  -1.94912286E-06  -1.25835657       8.90399837       5.29386550E-02
   7.00000000       800.000000      0.384928495       48.9166336       9.13148094E-03   1.86649806E-12   1.08610941E-04   2.86396849E-03  -3.63192862E-06  -1.23821831       8.90399837       5.17056584E-02
   8.00000000       800.000000      0.388007849       49.3037720       8.91525671E-03   1.80801966E-12   1.08043154E-04   2.83033075E-03  -5.05947446E-06  -1.21839368       8.90399647       5.05038500E-02
   9.00000000       800.000000      0.391112477       49.6939621       8.70404299E-03   1.75134874E-12   1.07475229E-04   2.79710838E-03  -6.02402861E-06  -1.19887066       8.90399551       4.93305698E-02
   10.0000000       800.000000      0.394236952       50.0870171       8.49774480E-03   1.69643130E-12   1.06894244E-04   2.76423013E-03  -6.32891533E-06  -1.17964983       8.90398216       4.81843986E-02
   11.0000000       800.000000      0.397388846       50.4830971       8.29619169E-03   1.64321529E-12   1.06266431E-04   2.73176935E-03  -5.84227837E-06  -1.16072643       8.90398693       4.70646583E-02
   12.0000000       800.000000      0.400564700       50.8813133       8.09927657E-03   1.59162961E-12   1.05550746E-04   2.69968226E-03  -4.60217780E-06  -1.14209580       8.90398598       4.59705666E-02
   13.0000000       800.000000      0.403795749       51.2825050       7.90689234E-03   1.54163900E-12   1.04739338E-04   2.66794907E-03  -2.79259257E-06  -1.12375045       8.90398121       4.48999368E-02
   2.00000000       800.000000      0.406995207       51.6878319       7.71901337E-03   1.49320259E-12   1.03861275E-04   2.63662380E-03  -7.64606227E-07  -1.10568976       8.90397549       4.38511297E-02
   3.00000000       800.000000      0.410275906       52.0953789       7.53547112E-03   1.44626032E-12   1.02948026E-04   2.60564545E-03   1.11475902E-06  -1.08791149       8.90399170       4.28247005E-02
   4.00000000       800.000000      0.413564175       52.5095062       7.35624554E-03   1.40078324E-12   1.02045880E-04   2.57500494E-03   2.48563788E-06  -1.07041240       8.90399742       4.18190993E-02
   5.00000000       800.000000      0.416869521       52.9231834       7.18124444E-03   1.35672972E-12   1.01213722E-04   2.54475698E-03   3.11815052E-06  -1.05318236       8.90398979       4.08325046E-02
   6.00000000       800.000000      0.420203984       53.3436661       7.01038493E-03   1.31406453E-12   1.00477897E-04   2.51484662E-03   3.14123099E-06  -1.03623295       8.90398026       3.98656987E-02
   7.00000000       800.000000      0.423574746       53.7655487       6.84361346E-03   1.27273658E-12   9.98315809E-05   2.48528761E-03   2.75376533E-06  -1.01954579       8.90398598       3.89196835E-02
   8.00000000       800.000000      0.426962882       54.1887779       6.68074284E-03   1.23269960E-12   9.92520218E-05   2.45607924E-03   2.15840828E-06  -1.00312853       8.90399265       3.79943661E-02
   9.00000000       800.000000      0.430381179       54.6191368       6.52172603E-03   1.19391714E-12   9.87371895E-05   2.42720707E-03   1.46658670E-06 -0.986973464       8.90399647       3.70882265E-02
   10.0000000       800.000000      0.433835030       55.0515404       6.36653276E-03   1.15635778E-12   9.83185091E-05   2.39867019E-03   7.40870860E-07 -0.971076965       8.90399837       3.62009630E-02
   11.0000000       800.000000      0.437294513       55.4855461       6.21500844E-03   1.11996913E-12   9.80039404E-05   2.37047696E-03   8.94339358E-09 -0.955435812       8.90400219       3.53363641E-02
   12.0000000       800.000000      0.440796643       55.9234009       6.06708322E-03   1.08473224E-12   9.77605378E-05   2.34258897E-03  -6.47613490E-07 -0.940049469       8.90398788       3.44957635E-02
   13.0000000       800.000000      0.444335788       56.3692284       5.92263648E-03   1.05058833E-12   9.75472212E-05   2.31504650E-03  -1.11636302E-06 -0.924906194       8.90398788       3.36793475E-02
   2.00000000       800.000000      0.447884768       56.8128738       5.78155089E-03   1.01751192E-12   9.72860362E-05   2.28781928E-03  -1.27539818E-06 -0.909999847       8.90397930       3.28882709E-02
   3.00000000       800.000000      0.451492101       57.2652702       5.64376218E-03   9.85459978E-13   9.68790118E-05   2.26090010E-03  -1.06303685E-06 -0.895324290       8.90397739       3.21202353E-02
   4.00000000       800.000000      0.455087274       57.7184486       5.50912740E-03   9.54396067E-13   9.62839331E-05   2.23430432E-03  -5.44981617E-07 -0.880880952       8.90397549       3.13712731E-02
   5.00000000       800.000000      0.458740443       58.1730003       5.37761254E-03   9.24298290E-13   9.55075229E-05   2.20801192E-03   7.49039160E-08 -0.866658270       8.90396881       3.06372177E-02
   6.00000000       800.000000      0.462410837       58.6358948       5.24916966E-03   8.95134986E-13   9.45990614E-05   2.18208414E-03   5.94348080E-07 -0.852655590       8.90397167       2.99148895E-02
   7.00000000       800.000000      0.466109008       59.0983734       5.12375683E-03   8.66884581E-13   9.36647557E-05   2.15642317E-03   8.68624170E-07 -0.838878155       8.90397835       2.92037260E-02
   8.00000000       800.000000      0.469850868       59.5668716       5.00136428E-03   8.39529563E-13   9.28043592E-05   2.13103509E-03   8.60070372E-07 -0.825321019       8.90397739       2.85059884E-02
   9.00000000       800.000000      0.473630607       60.0369263       4.88190353E-03   8.13038005E-13   9.20835009E-05   2.10593501E-03   6.47717457E-07 -0.811986804       8.90398026       2.78211460E-02
   10.0000000       800.000000      0.477417022       60.5153427       4.76535503E-03   7.87392395E-13   9.15232667E-05   2.08114740E-03   3.24627962E-07 -0.798863113       8.90398598       2.71511711E-02
   11.0000000       800.000000      0.481236160       60.9947357       4.65158746E-03   7.62552781E-13   9.10888484E-05   2.05668807E-03  -2.87853492E-08 -0.785956144       8.90398598       2.64970567E-02
   12.0000000       800.000000      0.485106736       61.4788399       4.54051048E-03   7.38492600E-13   9.07197391E-05   2.03247136E-03  -3.72108957E-07 -0.773257971       8.90398502       2.58603841E-02
   13.0000000       800.000000      0.489003509       61.9645309       4.43210267E-03   7.15194343E-13   9.03632317E-05   2.00856407E-03  -6.90841489E-07 -0.760768294       8.90398407       2.52409056E-02
   2.00000000       800.000000      0.492917389       62.4534645       4.32620849E-03   6.92626457E-13   8.99964361E-05   1.98486703E-03  -9.58864575E-07 -0.748472512       8.90397835       2.46382821E-02
   3.00000000       800.000000      0.496857613       62.9518318       4.22282750E-03   6.70749751E-13   8.96134588E-05   1.96150038E-03  -1.13784938E-06 -0.736384034       8.90397930       2.40526684E-02
   4.00000000       800.000000      0.500846684       63.4490204       4.12189588E-03   6.49575283E-13   8.92064345E-05   1.93845050E-03  -1.19371452E-06 -0.724476397       8.90397835       2.34832484E-02
   5.00000000       800.000000      0.504872501       63.9528084       4.02334658E-03   6.29058112E-13   8.87666829E-05   1.91562413E-03  -1.12294572E-06 -0.712762356       8.90398216       2.29293332E-02
   6.00000000       800.000000      0.508909047       64.4573593       3.92710464E-03   6.09183656E-13   8.82930690E-05   1.89302431E-03  -9.45616648E-07 -0.701232255       8.90398121       2.23887991E-02
   7.00000000       800.000000      0.512971818       64.9687729       3.83315887E-03   5.89933484E-13   8.78031569E-05   1.87077734E-03  -7.01417378E-07 -0.689882815       8.90398598       2.18590554E-02
   8.00000000       800.000000      0.517089903       65.4843674       3.74141592E-03   5.71285911E-13   8.73212848E-05   1.84869429E-03  -4.19609790E-07 -0.678715944       8.90398884       2.13394985E-02
   9.00000000       800.000000      0.521240056       66.0012741       3.65184690E-03   5.53222507E-13   8.68633870E-05   1.82694767E-03  -1.06703993E-07 -0.667726457       8.90399456       2.08306462E-02
   10.0000000       800.000000      0.525399923       66.5273361       3.56442411E-03   5.35728851E-13   8.64255417E-05   1.80544029E-03   2.39525775E-07 -0.656913579       8.90399647       2.03342084E-02
   11.0000000       800.000000      0.529633105       67.0519409       3.47903534E-03   5.18781578E-13   8.59891006E-05   1.78411766E-03   6.10980237E-07 -0.646272600       8.90399265       1.98506694E-02
   12.0000000       800.000000      0.533852458       67.5886993       3.39567475E-03   5.02369468E-13   8.55371181E-05   1.76310330E-03   9.72358862E-07 -0.635803223       8.90398884       1.93802603E-02
   13.0000000       800.000000      0.538169861       68.1238251       3.31429578E-03   4.86469534E-13   8.50658544E-05   1.74227939E-03   1.26012321E-06 -0.625497222       8.90399456       1.89217087E-02
   2.00000000       800.000000      0.542478204       68.6609192       3.23479902E-03   4.71064648E-13   8.45783725E-05   1.72175618E-03   1.40286318E-06 -0.615355313       8.90398979       1.84744745E-02
   3.00000000       800.000000      0.546837091       69.2043610       3.15717375E-03   4.56148736E-13   8.40822468E-05   1.70151819E-03   1.34977120E-06 -0.605373621       8.90398979       1.80364586E-02
   4.00000000       800.000000      0.551184714       69.7545853       3.08145583E-03   4.41696782E-13   8.35965184E-05   1.68146414E-03   1.08913719E-06 -0.595548809       8.90398598       1.76081322E-02
   5.00000000       800.000000      0.555633724       70.3113556       3.00745969E-03   4.27699244E-13   8.31603393E-05   1.66159519E-03   6.60791272E-07 -0.585884273       8.90398216       1.71881504E-02
   6.00000000       800.000000      0.560065687       70.8701859       2.93524005E-03   4.14147205E-13   8.28299671E-05   1.64200529E-03   1.46266459E-07 -0.576373637       8.90398026       1.67772025E-02
   7.00000000       800.000000      0.564574599       71.4266510       2.86478829E-03   4.01022612E-13   8.26504038E-05   1.62260386E-03  -3.48939665E-07 -0.567015529       8.90398598       1.63762458E-02
   8.00000000       800.000000      0.569091976       71.9988251       2.79602152E-03   3.88316224E-13   8.26252872E-05   1.60348904E-03  -7.24357164E-07 -0.557807386       8.90398407       1.59866475E-02
   9.00000000       800.000000      0.573642910       72.5662689       2.72887200E-03   3.76006409E-13   8.27063704E-05   1.58459356E-03  -9.15155510E-07 -0.548749208       8.90399075       1.56094311E-02
   10.0000000       800.000000      0.578249216       73.1417236       2.66327313E-03   3.64072840E-13   8.27971453E-05   1.56585977E-03  -9.09658070E-07 -0.539829016       8.90399170       1.52448388E-02
   11.0000000       800.000000      0.582887828       73.7225037       2.59919208E-03   3.52516356E-13   8.27812328E-05   1.54744054E-03  -7.59623958E-07 -0.531046450       8.90398598       1.48925502E-02
   12.0000000       800.000000      0.587557673       74.3115692       2.53655598E-03   3.41310232E-13   8.25826064E-05   1.52913493E-03  -5.54587587E-07 -0.522395372       8.90398407       1.45511590E-02
   13.0000000       800.000000      0.592285097       74.9019089       2.47535668E-03   3.30457097E-13   8.22056900E-05   1.51107158E-03  -3.63532337E-07 -0.513877094       8.90398026       1.42182857E-02
   2.00000000       800.000000      0.597044110       75.4963303       2.41556251E-03   3.19933262E-13   8.17096588E-05   1.49326376E-03  -2.34035937E-07 -0.505487859       8.90397549       1.38919642E-02
   3.00000000       800.000000      0.601813197       76.0937424       2.35717022E-03   3.09738671E-13   8.11867285E-05   1.47563312E-03  -1.69939327E-07 -0.497221380       8.90398312       1.35704232E-02
   4.00000000       800.000000      0.606662095       76.6995621       2.30012648E-03   2.99862972E-13   8.07264296E-05   1.45818421E-03  -1.38675446E-07 -0.489086509       8.90398788       1.32536078E-02
   5.00000000       800.000000      0.611538589       77.3089294       2.24444573E-03   2.90299360E-13   8.04017691E-05   1.44095439E-03  -9.20599561E-08 -0.481078207       8.90398598       1.29422005E-02
   6.00000000       800.000000      0.616429627       77.9216690       2.19009188E-03   2.81036343E-13   8.02478826E-05   1.42397895E-03   2.05853820E-10 -0.473193645       8.90398788       1.26378555E-02
   7.00000000       800.000000      0.621346176       78.5425873       2.13700323E-03   2.72062565E-13   8.02349750E-05   1.40711037E-03   1.34202821E-07 -0.465431809       8.90398407       1.23427929E-02
   8.00000000       800.000000      0.626343310       79.1605453       2.08514836E-03   2.63370760E-13   8.03063376E-05   1.39049371E-03   2.74785378E-07 -0.457796276       8.90398407       1.20585645E-02
   9.00000000       800.000000      0.631355822       79.7936478       2.03449768E-03   2.54945831E-13   8.04048032E-05   1.37406448E-03   3.77430382E-07 -0.450267911       8.90399170       1.17842304E-02
   10.0000000       800.000000      0.636449695       80.4251099       1.98499323E-03   2.46781545E-13   8.04981682E-05   1.35781872E-03   4.05751024E-07 -0.442853749       8.90399265       1.15193315E-02
   11.0000000       800.000000      0.641569495       81.0633545       1.93659100E-03   2.38868251E-13   8.05724121E-05   1.34174223E-03   3.48959674E-07 -0.435548455       8.90399265       1.12620853E-02
   12.0000000       800.000000      0.646703839       81.7070923       1.88930717E-03   2.31198144E-13   8.06499302E-05   1.32589042E-03   2.29888826E-07 -0.428347319       8.90398979       1.10122282E-02
   13.0000000       800.000000      0.651862979       82.3593216       1.84308493E-03   2.23766413E-13   8.07770703E-05   1.31021498E-03   9.56188515E-08 -0.421246350       8.90399075       1.07675428E-02
   2.00000000       800.000000      0.657104909       83.0148392       1.79794407E-03   2.16561645E-13   8.09729390E-05   1.29470753E-03  -1.60097606E-08 -0.414247751       8.90398598       1.05316788E-02
   3.00000000       800.000000      0.662361264       83.6720734       1.75383396E-03   2.09577933E-13   8.12178914E-05   1.27936818E-03  -8.40949568E-08 -0.407349527       8.90398598       1.03023127E-02
   4.00000000       800.000000      0.667716920       84.3404617       1.71063386E-03   2.02808324E-13   8.14812374E-05   1.26424141E-03  -1.08395071E-07 -0.400552660       8.90398407       1.00847902E-02
   5.00000000       800.000000      0.673070669       85.0116577       1.66848837E-03   1.96248237E-13   8.17332184E-05   1.24923757E-03  -1.06589319E-07 -0.393831700       8.90398121       9.87254642E-03
   6.00000000       800.000000      0.678464949       85.6865540       1.62718666E-03   1.89885217E-13   8.19828128E-05   1.23444700E-03  -1.02497431E-07 -0.387200564       8.90398216       9.67452955E-03
   7.00000000       800.000000      0.683868349       86.3630829       1.58689579E-03   1.83714629E-13   8.21977010E-05   1.21983385E-03  -1.11037799E-07 -0.380651951       8.90398121       9.47924145E-03
   8.00000000       800.000000      0.689361989       87.0500107       1.54741306E-03   1.77741705E-13   8.24424860E-05   1.20536040E-03  -1.28400728E-07 -0.374193192       8.90398216       9.30268131E-03
   9.00000000       800.000000      0.694936693       87.7468338       1.50884234E-03   1.71940438E-13   8.27385302E-05   1.19106495E-03  -1.37571021E-07 -0.367771924       8.90398502       9.12335608E-03
   10.0000000       800.000000      0.700467765       88.4404068       1.47112960E-03   1.66320543E-13   8.31347716E-05   1.17697869E-03  -1.19063770E-07 -0.361455739       8.90398979       8.97489395E-03
   11.0000000       800.000000      0.706084132       89.1438522       1.43427018E-03   1.60873796E-13   8.35969913E-05   1.16297312E-03  -6.52431495E-08 -0.355145454       8.90399265       8.81519541E-03
   12.0000000       800.000000      0.711785257       89.8559036       1.39823917E-03   1.55593867E-13   8.42620066E-05   1.14919897E-03   1.63571681E-08 -0.348956823       8.90399265       8.70560110E-03
   13.0000000       800.000000      0.717506111       90.5660553       1.36299932E-03   1.50478832E-13   8.49691205E-05   1.13555521E-03   1.03064920E-07 -0.342704237       8.90399742       8.56735557E-03
   2.00000000       800.000000      0.723254204       91.2924652       1.32861058E-03   1.45520098E-13   8.59218708E-05   1.12214172E-03   1.65830187E-07 -0.336614043       8.90399837       8.51672329E-03
   3.00000000       800.000000      0.729030788       92.0148239       1.29499997E-03   1.40720267E-13   8.68838324E-05   1.10881310E-03   1.80986618E-07 -0.330336213       8.90399456       8.39922484E-03
   4.00000000       800.000000      0.734885931       92.7492523       1.26214465E-03   1.36074528E-13   8.82783206E-05   1.09570532E-03   1.42857104E-07 -0.324323833       8.90399551       8.44833907E-03
   5.00000000       800.000000      0.740812361       93.4854507       1.23011589E-03   1.31569289E-13   8.98787112E-05   1.08275202E-03   6.57024160E-08 -0.317872167       8.90399742       8.36957898E-03
   6.00000000       800.000000      0.746736884       94.2303009       1.19873299E-03   1.27200550E-13   9.33493648E-05   1.06997485E-03  -2.42205225E-08 -0.311865002       8.90399647       8.61295871E-03
   7.00000000       800.000000      0.752711892       94.9802017       1.16790261E-03   1.22951521E-13   9.89107721E-05   1.05732935E-03  -1.08404464E-07 -0.304953545       8.90399837       8.56183283E-03
   8.00000000       800.000000      0.758787692       95.7357407       1.13754510E-03   1.18810113E-13   1.09112552E-04   1.04499236E-03  -1.52624182E-07 -0.298926383       8.90399361       9.05898400E-03
   9.00000000       800.000000      0.764886141       96.4991150       1.10769388E-03   1.14779144E-13   1.21514247E-04   1.03271974E-03  -1.48646222E-07 -0.291151702       8.90399742       8.72363243E-03
   10.0000000       800.000000      0.770997465       97.2638321       1.07866561E-03   1.10888647E-13   1.38008952E-04   1.02083443E-03  -9.95935991E-08 -0.285527378       8.90399933       9.19068884E-03
   11.0000000       800.000000      0.777200460       98.0346756       1.05063594E-03   1.07155766E-13   1.49961605E-04   1.00881932E-03   3.08705550E-09 -0.276921630       8.90399742       7.91295990E-03
   12.0000000       800.000000      0.783445537       98.8157425       1.02573493E-03   1.03787977E-13   1.79250812E-04   9.97539610E-04   9.14629320E-18 -0.273179173       8.90399742      -1.42422912E-03
   13.0000000       800.000000      0.789714217       99.6048737       1.00181869E-03   1.00566528E-13   1.78567963E-04   9.85702034E-04  -2.73369358E-18 -0.279157639       8.90399742      -7.57552776E-03
