   0.00000000       190.000000       3.40428352E-02   1.01702809       4.14600130E-04   4.07570765E-12 -0.245828509       1.66049385       9.85175837E-04  -2.77816714E-03   3.35388140E-05  -3.88853438E-02
   1.00000000       197.000000       3.40447091E-02   1.05104125       4.07830346E-04   3.87929315E-12 -0.224632278       1.54639935       2.23229449E-07  -4.10195347E-03   3.35463737E-05   2.74456684E-02
   2.00000000       200.000000       3.40499915E-02   1.08514261       4.01381665E-04   3.69815680E-12 -0.590854228      0.680703342       1.79886699      -9.09228227E-04   6.12850301E-02  -1.02919778E-02
   3.00000000       200.000000       3.40571664E-02   1.11914527       4.60011448E-04   4.10941767E-12 -0.544090509      0.631568313       2.48294449      -4.80291387E-03  0.145845845      -6.50877133E-02
   4.00000000       200.000000       3.40652503E-02   1.15326166       5.18236891E-04   4.49285487E-12 -0.516862929      0.603999078       2.49049497      -5.34313219E-03  0.230685443      -1.70054100E-02
   5.00000000       200.000000       3.40752266E-02   1.18727005       5.76192280E-04   4.85198210E-12 -0.490358561      0.578274548       2.44446278      -5.96169895E-03  0.313983232      -1.63625013E-02
   6.00000000       200.000000       3.40886116E-02   1.22141874       6.35020202E-04   5.19816525E-12 -0.466138393      0.555163085       2.35941052      -6.45850180E-03  0.394414663      -1.14789661E-02
   7.00000000       200.000000       3.41038704E-02   1.25543642       6.96921605E-04   5.54997281E-12 -0.443276763      0.533838987       2.30891109      -6.74448581E-03  0.473159254      -1.52173275E-02
   8.00000000       200.000000       3.41209993E-02   1.28956389       7.67483958E-04   5.95024811E-12 -0.421960324      0.514131904       2.38621330      -7.49672297E-03  0.554581463      -1.45066660E-02
   9.00000000       200.000000       3.41415480E-02   1.32373023       8.33851343E-04   6.29814126E-12 -0.401813388      0.495947480       2.33484769      -7.73477508E-03  0.634298027      -6.19128160E-03
   10.0000000       200.000000       3.41642797E-02   1.35789859       9.12018470E-04   6.71529152E-12 -0.382537484      0.479284823       2.39287376      -7.91962538E-03  0.716046154      -6.55547716E-04
   11.0000000       200.000000       3.41873281E-02   1.39207828       9.85534512E-04   7.07847843E-12 -0.364406079      0.462922662       2.32068467      -7.77956750E-03  0.795384765       6.74542040E-03
   2.00000000       200.000000       3.42125520E-02   1.42626679       1.03744969E-03   7.27268983E-12 -0.347436249      0.447444290       2.11493826      -7.45822443E-03  0.867744625       1.48387812E-03
   3.00000000       200.000000       3.42412032E-02   1.46045995       1.10193621E-03   7.54375382E-12 -0.331255734      0.432711184       2.01334453      -7.67799933E-03  0.936685324      -7.56906951E-03
   4.00000000       200.000000       3.42717990E-02   1.49468386       1.17058097E-03   7.83003957E-12 -0.315717012      0.418826371       1.93220961      -7.97680952E-03   1.00290763      -1.04073705E-02
   5.00000000       200.000000       3.43041234E-02   1.52902329       1.24252972E-03   8.12493042E-12 -0.300953299      0.406121254       1.85796440      -8.39171931E-03   1.06664646      -1.35768373E-02
   6.00000000       200.000000       3.43400165E-02   1.56331646       1.31714356E-03   8.42377990E-12 -0.286904126      0.393973768       1.78937113      -8.90881475E-03   1.12809241      -1.53490510E-02
   7.00000000       200.000000       3.43780145E-02   1.59766877       1.39688188E-03   8.74165063E-12 -0.273761719      0.382217258       1.73894143      -9.44647007E-03   1.18787348      -2.00443845E-02
   8.00000000       400.000000       3.44163403E-02   1.63212323       1.47802813E-03   9.05455051E-12 -0.262338787      0.369487435       1.68623638      -1.02877477E-02   1.24590826      -1.98961571E-02
   9.00000000       400.000000       3.44596468E-02   1.66651404       1.56135729E-03   9.36738621E-12 -0.250992358      0.358644217       1.63709879      -1.08168386E-02   1.30231857      -1.74599942E-02
   10.0000000       400.000000       3.45019177E-02   1.70102203       1.64908473E-03   9.69319330E-12 -0.239956543      0.348573476       1.59638345      -1.14918109E-02   1.35739970      -2.10592188E-02
   11.0000000       400.000000       3.45477760E-02   1.73553383       1.74118183E-03   1.00309483E-11 -0.229555190      0.338770539       1.56108940      -1.22709647E-02   1.41133237      -2.31946688E-02
   12.0000000       400.000000       3.45973931E-02   1.77006423       1.83692726E-03   1.03758625E-11 -0.219497338      0.329375714       1.52804101      -1.30955847E-02   1.46419692      -2.42454316E-02
   13.0000000       400.000000       3.46456654E-02   1.80469894       1.93747994E-03   1.07339250E-11 -0.209705546      0.320545763       1.50007677      -1.39498143E-02   1.51616979      -2.55091172E-02
   2.00000000       400.000000       3.46989296E-02   1.83938944       2.04249960E-03   1.11024532E-11 -0.200289920      0.312111050       1.47267532      -1.48645742E-02   1.56727326      -2.72480268E-02
   3.00000000       400.000000       3.47537622E-02   1.87406790       2.15226994E-03   1.14823715E-11 -0.191100463      0.304169059       1.44652879      -1.58423353E-02   1.61754620      -2.88355183E-02
   4.00000000       400.000000       3.48123796E-02   1.90886545       2.26737256E-03   1.18760253E-11 -0.182317823      0.296534389       1.42077184      -1.68705266E-02   1.66700506      -3.05498857E-02
   5.00000000       400.000000       3.48717459E-02   1.94381344       2.38784356E-03   1.22828761E-11 -0.173754290      0.289276093       1.39517200      -1.79710798E-02   1.71565640      -3.21310200E-02
   6.00000000       400.000000       3.49331126E-02   1.97864985       2.51494395E-03   1.27085243E-11 -0.165559143      0.282335609       1.37084687      -1.91133730E-02   1.76354074      -3.42666134E-02
   7.00000000       400.000000       3.49960364E-02   2.01366401       2.64787115E-03   1.31478925E-11 -0.157595843      0.275727630       1.34522724      -2.03672964E-02   1.81062031      -3.64397950E-02
   8.00000000       400.000000       3.50628383E-02   2.04869795       2.78750807E-03   1.36046018E-11 -0.149939641      0.269366652       1.32163072      -2.16662716E-02   1.85695863      -3.83032337E-02
   9.00000000       400.000000       3.51311862E-02   2.08382654       2.93195178E-03   1.40685684E-11 -0.142382383      0.263271809       1.29351962      -2.30559204E-02   1.90240085      -4.08769436E-02
   10.0000000       400.000000       3.52015831E-02   2.11898565       3.08565912E-03   1.45604379E-11 -0.135185033      0.257371515       1.26986861      -2.45412067E-02   1.94710290      -4.28150445E-02
   11.0000000       400.000000       3.52728553E-02   2.15418029       3.24420421E-03   1.50581284E-11 -0.128206432      0.251736462       1.24120641      -2.60732546E-02   1.99088085      -4.55138311E-02
   12.0000000       400.000000       3.53475511E-02   2.18945503       3.41204810E-03   1.55817911E-11 -0.121535391      0.246244043       1.21469676      -2.77555231E-02   2.03382039      -4.86982018E-02
   13.0000000       400.000000       3.54251340E-02   2.22494793       3.58638191E-03   1.61174286E-11 -0.115149356      0.240928411       1.18405008      -2.95198485E-02   2.07576847      -5.08921370E-02
   2.00000000       400.000000       3.55066359E-02   2.26028228       3.76834022E-03   1.66694453E-11 -0.108885832      0.235792026       1.15160918      -3.13653648E-02   2.11665392      -5.37179932E-02
   3.00000000       400.000000       3.55888382E-02   2.29589605       3.95863457E-03   1.72401659E-11 -0.102852181      0.230847776       1.11847007      -3.33388075E-02   2.15646005      -5.69310710E-02
   4.00000000       400.000000       3.56727764E-02   2.33153582       4.15709382E-03   1.78277913E-11  -9.70609859E-02  0.226033464       1.08366489      -3.54222655E-02   2.19511628      -5.97292818E-02
   5.00000000       400.000000       3.57585363E-02   2.36718988       4.36294731E-03   1.84283162E-11  -9.14527252E-02  0.221410722       1.04688513      -3.76052968E-02   2.23254824      -6.28996789E-02
   6.00000000       400.000000       3.58451568E-02   2.40296197       4.57813405E-03   1.90491806E-11  -8.59883204E-02  0.216942459       1.01050222      -3.99261005E-02   2.26877236      -6.63309693E-02
   7.00000000       400.000000       3.59365791E-02   2.43895650       4.80174879E-03   1.96855865E-11  -8.07908773E-02  0.212584779      0.972979724      -4.23667729E-02   2.30373788      -6.96478784E-02
   8.00000000       400.000000       3.60317938E-02   2.47496963       5.03237499E-03   2.03311343E-11  -7.57429004E-02  0.208369806      0.933923006      -4.49385829E-02   2.33739018      -7.29596242E-02
   9.00000000       400.000000       3.61256152E-02   2.51087451       5.27337985E-03   2.09986716E-11  -7.07408935E-02  0.204310954      0.894524634      -4.76313792E-02   2.36970353      -7.68648237E-02
   10.0000000       400.000000       3.62243615E-02   2.54723430       5.52375475E-03   2.16833513E-11  -6.59193546E-02  0.200383171      0.853915274      -5.04997373E-02   2.40063715      -8.09294358E-02
   11.0000000       400.000000       3.63236889E-02   2.58347154       5.78274485E-03   2.23812132E-11  -6.12838455E-02  0.196551844      0.810662627      -5.35027161E-02   2.43008494      -8.44068825E-02
   12.0000000       400.000000       3.64281610E-02   2.61973166       6.05293131E-03   2.31017722E-11  -5.66945635E-02  0.192856446      0.765657365      -5.66404685E-02   2.45797539      -8.87543857E-02
   13.0000000       400.000000       3.65312435E-02   2.65625191       6.33375160E-03   2.38415208E-11  -5.22750132E-02  0.189267352      0.718241215      -5.99780083E-02   2.48421264      -9.34339464E-02
   2.00000000       400.000000       3.66381556E-02   2.69287086       6.62405835E-03   2.45954958E-11  -4.81253155E-02  0.185735255      0.668182969      -6.34770989E-02   2.50869346      -9.77174491E-02
   3.00000000       400.000000       3.67491208E-02   2.72951531       6.92544226E-03   2.53689257E-11  -4.40178625E-02  0.182319373      0.616861880      -6.71493411E-02   2.53136158     -0.101874299    
   4.00000000       400.000000       3.68596762E-02   2.76648116       7.23713171E-03   2.61579647E-11  -3.99981178E-02  0.178981304      0.563841939      -7.09760115E-02   2.55214834     -0.106433637    
   5.00000000       400.000000       3.69738303E-02   2.80324292       7.55984895E-03   2.69645955E-11  -3.62176187E-02  0.175733358      0.509915471      -7.50078335E-02   2.57100058     -0.111893199    
   6.00000000       400.000000       3.70923392E-02   2.84031177       7.89053459E-03   2.77770931E-11  -3.25608887E-02  0.172516152      0.453789741      -7.92635828E-02   2.58783054     -0.116594747    
   7.00000000       400.000000       3.72101963E-02   2.87746811       8.23541917E-03   2.86169595E-11  -2.89119035E-02  0.169459909      0.397464067      -8.36711377E-02   2.60262561     -0.120927408    
   8.00000000       400.000000       3.73310633E-02   2.91468883       8.59300513E-03   2.94776668E-11  -2.54164916E-02  0.166451126      0.340101302      -8.82777125E-02   2.61532187     -0.127222478    
   9.00000000       400.000000       3.74547355E-02   2.95214677       8.96159653E-03   3.03526752E-11  -2.20759399E-02  0.163511038      0.281363189      -9.31858197E-02   2.62586045     -0.133874953    
   10.0000000       400.000000       3.75822932E-02   2.98967767       9.34399944E-03   3.12508006E-11  -1.88251659E-02  0.160638034      0.221639767      -9.83232707E-02   2.63418722     -0.138773546    
   11.0000000       400.000000       3.77115831E-02   3.02733731       9.73972399E-03   3.21691875E-11  -1.56213073E-02  0.157865614      0.160584420     -0.103634387       2.64024425     -0.144427821    
   12.0000000       400.000000       3.78417671E-02   3.06507659       1.01492349E-02   3.31085992E-11  -1.25589557E-02  0.155179113       9.85519812E-02 -0.109235257       2.64397478     -0.150929347    
   13.0000000       400.000000       3.79736088E-02   3.10296249       1.05718495E-02   3.40659896E-11  -9.62491985E-03  0.152527064       3.58504318E-02 -0.115077183       2.64533305     -0.157262400    
   2.00000000       400.000000       3.81093584E-02   3.14102793       1.10065369E-02   3.50371190E-11  -6.69785356E-03  0.149938464      -2.69870535E-02 -0.121200681       2.64430356     -0.163371474    
   3.00000000       400.000000       3.82481478E-02   3.17926812       1.14536453E-02   3.60225252E-11  -3.79150035E-03  0.147457719      -8.99697840E-02 -0.127552286       2.64086413     -0.168441072    
   4.00000000       400.000000       3.83906849E-02   3.21746230       1.19127538E-02   3.70203312E-11  -9.54350224E-04  0.145036370     -0.153060988     -0.134109586       2.63499308     -0.174781740    
   5.00000000       400.000000       3.85340862E-02   3.25593615       1.23826498E-02   3.80260511E-11   1.77614496E-03  0.142660752     -0.215400934     -0.140997052       2.62669015     -0.181796595    
   6.00000000       400.000000       3.86794209E-02   3.29459786       1.28655089E-02   3.90458464E-11   4.45942488E-03  0.140330300     -0.276241124     -0.148146451       2.61600590     -0.187265322    
   7.00000000       400.000000       3.88261117E-02   3.33332801       1.33610191E-02   4.00781526E-11   7.14013306E-03  0.138100788     -0.335836530     -0.155510977       2.60296249     -0.193346605    
   8.00000000       400.000000       3.89781781E-02   3.37215042       1.38671556E-02   4.11166483E-11   9.72865988E-03  0.135901123     -0.393228054     -0.163189620       2.58763576     -0.200597733    
   9.00000000       400.000000       3.91310640E-02   3.41121101       1.43855298E-02   4.21653962E-11   1.22484090E-02  0.133762926     -0.447465897     -0.171179429       2.57012653     -0.206643775    
   10.0000000       400.000000       3.92854065E-02   3.45050335       1.49176624E-02   4.32282057E-11   1.47338677E-02  0.131676257     -0.499045521     -0.179393739       2.55051970     -0.212660730    
   11.0000000       400.000000       3.94439995E-02   3.48992372       1.54632898E-02   4.43039355E-11   1.71432160E-02  0.129625723     -0.548606753     -0.187922239       2.52888370     -0.219901830    
   12.0000000       400.000000       3.96043137E-02   3.52931929       1.60190128E-02   4.53822639E-11   1.95753612E-02  0.127641872     -0.595343471     -0.196777225       2.50530553     -0.226326615    
   13.0000000       400.000000       3.97699885E-02   3.56905532       1.65830199E-02   4.64576988E-11   2.19086576E-02  0.125701353     -0.638739407     -0.205886438       2.47990251     -0.231257409    
   2.00000000       400.000000       3.99327539E-02   3.60901117       1.71542317E-02   4.75272044E-11   2.41413116E-02  0.123778872     -0.678045750     -0.215208888       2.45282674     -0.237189531    
   3.00000000       400.000000       4.01016437E-02   3.64905024       1.77340247E-02   4.85946908E-11   2.63748150E-02  0.121905893     -0.713684559     -0.224870279       2.42420173     -0.243356749    
   4.00000000       400.000000       4.02740240E-02   3.68916464       1.83222368E-02   4.96595959E-11   2.86700688E-02  0.120104909     -0.745281994     -0.234768838       2.39419103     -0.248533219    
   5.00000000       400.000000       4.04453352E-02   3.72949243       1.89187247E-02   5.07214236E-11   3.08550037E-02  0.118321963     -0.772144854     -0.244932175       2.36295986     -0.254212558    
   6.00000000       400.000000       4.06209007E-02   3.77015471       1.95242111E-02   5.17819849E-11   3.29846889E-02  0.116566494     -0.793681562     -0.255377918       2.33071542     -0.260429502    
   7.00000000       400.000000       4.08019014E-02   3.81062984       2.01405454E-02   5.28460470E-11   3.51713412E-02  0.114860311     -0.809103429     -0.266137242       2.29770780     -0.266480863    
   8.00000000       400.000000       4.09835242E-02   3.85157919       2.07674783E-02   5.39124578E-11   3.73286605E-02  0.113203399     -0.816748559     -0.277171314       2.26423383     -0.275755733    
   9.00000000       400.000000       4.11677249E-02   3.89264297       2.14060079E-02   5.49837190E-11   3.94501165E-02  0.111565754     -0.815986097     -0.288789749       2.23064470     -0.281873882    
   10.0000000       800.000000       4.13518026E-02   3.93391180       2.20542215E-02   5.60547268E-11   4.15760614E-02  0.109930165     -0.806153178     -0.300431430       2.19730687     -0.285578460    
   11.0000000       800.000000       4.15420607E-02   3.97551847       2.27130707E-02   5.71272751E-11   4.35257070E-02  0.108369946     -0.788101017     -0.312462986       2.16456652     -0.293356955    
   12.0000000       800.000000       4.17331755E-02   4.01692963       2.33815406E-02   5.81990914E-11   4.53520194E-02  0.106843285     -0.763118148     -0.324861318       2.13271570     -0.300524801    
   13.0000000       800.000000       4.19295840E-02   4.05884504       2.40583997E-02   5.92666680E-11   4.71448973E-02  0.105339967     -0.731457770     -0.337606043       2.10204625     -0.306182891    
   2.00000000       800.000000       4.21275869E-02   4.10084629       2.47419812E-02   6.03259109E-11   4.89345416E-02  0.103871249     -0.692555368     -0.350597501       2.07287169     -0.312484503    
   3.00000000       800.000000       4.23264094E-02   4.14324856       2.54330691E-02   6.13789852E-11   5.06593511E-02  0.102440931     -0.646600008     -0.363995105       2.04550886     -0.319049299    
   4.00000000       800.000000       4.25276794E-02   4.18554831       2.61314362E-02   6.24251206E-11   5.23772314E-02  0.101043284     -0.593978286     -0.377670199       2.02024746     -0.324974477    
   5.00000000       800.000000       4.27326299E-02   4.22826385       2.68369243E-02   6.34641090E-11   5.40837198E-02   9.96737182E-02 -0.534983993     -0.391703457       1.99738216     -0.331412226    
   6.00000000       800.000000       4.29400988E-02   4.27117634       2.75493879E-02   6.44954090E-11   5.56649417E-02   9.83179957E-02 -0.469910681     -0.406063259       1.97720540     -0.337655693    
   7.00000000       800.000000       4.31519486E-02   4.31416321       2.82684229E-02   6.55185697E-11   5.72429709E-02   9.70018953E-02 -0.399495482     -0.420774341       1.95996583     -0.343486041    
   8.00000000       800.000000       4.33655083E-02   4.35740662       2.89935116E-02   6.65318217E-11   5.88516593E-02   9.57183018E-02 -0.324377149     -0.435780972       1.94590020     -0.349083006    
   9.00000000       800.000000       4.35808785E-02   4.40067959       2.97241230E-02   6.75347625E-11   6.04030564E-02   9.44500640E-02 -0.245908022     -0.451126307       1.93518233     -0.355441272    
   10.0000000       800.000000       4.38009016E-02   4.44439697       3.04602925E-02   6.85268925E-11   6.18783943E-02   9.31903273E-02 -0.164662376     -0.466840744       1.92797041     -0.360900223    
   11.0000000       800.000000       4.40220647E-02   4.48833799       3.12012397E-02   6.95071847E-11   6.34543970E-02   9.19775516E-02  -8.25760588E-02 -0.482822031       1.92433512     -0.366204381    
   12.0000000       800.000000       4.42490242E-02   4.53246212       3.19471881E-02   7.04759584E-11   6.50434494E-02   9.07974839E-02  -9.44234838E-04 -0.499166131       1.92429137     -0.371969640    
   13.0000000       800.000000       4.44775447E-02   4.57707596       3.26980762E-02   7.14333245E-11   6.64675608E-02   8.96149054E-02   7.84268752E-02 -0.515824974       1.92778194     -0.377200276    
   2.00000000       800.000000       4.47068773E-02   4.62136841       3.34536918E-02   7.23786725E-11   6.78629428E-02   8.84378478E-02  0.154257700     -0.532806456       1.93467844     -0.382393152    
   3.00000000       800.000000       4.49385233E-02   4.66624355       3.42137925E-02   7.33123562E-11   6.93562031E-02   8.73079225E-02  0.225407004     -0.550104260       1.94480419     -0.387887120    
   4.00000000       800.000000       4.51754220E-02   4.71121693       3.49777974E-02   7.42326617E-11   7.07501695E-02   8.62011239E-02  0.290052056     -0.567759752       1.95790744     -0.392367393    
   5.00000000       800.000000       4.54156250E-02   4.75678205       3.57445553E-02   7.51376253E-11   7.20761493E-02   8.50954726E-02  0.346077949     -0.585648298       1.97362733     -0.396196336    
   6.00000000       800.000000       4.56556603E-02   4.80203438       3.65135670E-02   7.60262617E-11   7.34034851E-02   8.39999616E-02  0.391243577     -0.603842258       1.99148977     -0.400739104    
   7.00000000       800.000000       4.59001064E-02   4.84787893       3.72846946E-02   7.68988970E-11   7.47867078E-02   8.29448551E-02  0.424421638     -0.622339666       2.01097250     -0.404882908    
   8.00000000       800.000000       4.61495221E-02   4.89382601       3.80578265E-02   7.77554202E-11   7.61256590E-02   8.19067508E-02  0.446044803     -0.641112685       2.03155494     -0.408711791    
   9.00000000       800.000000       4.64015417E-02   4.94037914       3.88330668E-02   7.85960810E-11   7.74325728E-02   8.08719099E-02  0.457887858     -0.660166025       2.05280399     -0.412918568    
   10.0000000       800.000000       4.66544069E-02   4.98703766       3.96114662E-02   7.94232458E-11   7.87233114E-02   7.98523054E-02  0.462769479     -0.679535627       2.07439208     -0.417645335    
   11.0000000       800.000000       4.69110720E-02   5.03345490       4.03919443E-02   8.02356237E-11   7.99966156E-02   7.88558349E-02  0.462590903     -0.699242353       2.09609509     -0.421643019    
   12.0000000       800.000000       4.71705161E-02   5.08080530       4.11758050E-02   8.10354561E-11   8.12711790E-02   7.78770894E-02  0.458122551     -0.719205022       2.11770225     -0.425758958    
   13.0000000       800.000000       4.74330559E-02   5.12793064       4.19634916E-02   8.18237075E-11   8.25192183E-02   7.69091919E-02  0.448038071     -0.739520848       2.13895249     -0.430362523    
   2.00000000       800.000000       4.76989783E-02   5.17558718       4.27549630E-02   8.26010094E-11   8.36641267E-02   7.59467110E-02  0.430388361     -0.760146499       2.15947938     -0.434522092    
   3.00000000       800.000000       4.79672700E-02   5.22343826       4.35501412E-02   8.33667024E-11   8.48115981E-02   7.50019923E-02  0.404084235     -0.781090260       2.17886567     -0.438240230    
   4.00000000       800.000000       4.82396744E-02   5.27148342       4.43464965E-02   8.41164777E-11   8.59995633E-02   7.40785226E-02  0.370423615     -0.802307963       2.19673514     -0.440215498    
   5.00000000       800.000000       4.85143214E-02   5.32006216       4.51414399E-02   8.48455889E-11   8.71017650E-02   7.31633529E-02  0.331248909     -0.823682964       2.21280575     -0.441187263    
   6.00000000       800.000000       4.87925000E-02   5.36836243       4.59331609E-02   8.55513230E-11   8.81211013E-02   7.22488910E-02  0.289744616     -0.845239341       2.22694325     -0.442114383    
   7.00000000       800.000000       4.90735136E-02   5.41723442       4.67216335E-02   8.62337909E-11   8.92139971E-02   7.13566616E-02  0.247452229     -0.866951346       2.23908687     -0.443431556    
   8.00000000       800.000000       4.93605398E-02   5.46674824       4.75083329E-02   8.68963998E-11   9.02633294E-02   7.04798847E-02  0.204117343     -0.888887525       2.24915767     -0.445529759    
   9.00000000       800.000000       4.96459454E-02   5.51635075       4.82939146E-02   8.75405859E-11   9.12257209E-02   6.96074292E-02  0.159094691     -0.911061287       2.25706410     -0.447215468    
   10.0000000       800.000000       4.99367975E-02   5.56616688       4.90791388E-02   8.81681325E-11   9.22348648E-02   6.87482134E-02  0.112816505     -0.933421731       2.26269507     -0.449354321    
   11.0000000       800.000000       5.02316244E-02   5.61612844       4.98645417E-02   8.87803442E-11   9.31967869E-02   6.79019094E-02   6.62529171E-02 -0.956072509       2.26602077     -0.451875031    
   12.0000000       800.000000       5.05279116E-02   5.66623640       5.06507978E-02   8.93783866E-11   9.41031873E-02   6.70667291E-02   2.05474999E-02 -0.978954077       2.26705718     -0.454139769    
   13.0000000       800.000000       5.08273505E-02   5.71697474       5.14378473E-02   8.99624125E-11   9.50269252E-02   6.62418231E-02  -2.31400169E-02  -1.00210035       2.26588154     -0.456740648    
   2.00000000       800.000000       5.11321910E-02   5.76780939       5.22260293E-02   9.05335737E-11   9.59062502E-02   6.54289052E-02  -6.43138662E-02  -1.02552223       2.26259613     -0.459046781    
   3.00000000       800.000000       5.14377542E-02   5.81939650       5.30156307E-02   9.10924877E-11   9.67106819E-02   6.46228343E-02 -0.102493487      -1.04918742       2.25732541     -0.461805224    
   4.00000000       800.000000       5.17485440E-02   5.87104797       5.38073257E-02   9.16403273E-11   9.75698456E-02   6.38312548E-02 -0.137035102      -1.07317567       2.25023484     -0.465213269    
   5.00000000       800.000000       5.20629622E-02   5.92277527       5.46015576E-02   9.21778764E-11   9.83638838E-02   6.30477890E-02 -0.166689083      -1.09748042       2.24155259     -0.468082309    
   6.00000000       800.000000       5.23787588E-02   5.97483015       5.53991050E-02   9.27071475E-11   9.91197228E-02   6.22747056E-02 -0.189276651      -1.12206197       2.23163843     -0.471363604    
   7.00000000       800.000000       5.26992045E-02   6.02751064       5.62010109E-02   9.32292993E-11   9.98487622E-02   6.15094639E-02 -0.204885960      -1.14701164       2.22083926     -0.474443078    
   8.00000000       800.000000       5.30240014E-02   6.08028364       5.70059866E-02   9.37424305E-11  0.100575782       6.07564300E-02 -0.216392562      -1.17222190       2.20936823     -0.477498621    
   9.00000000       800.000000       5.33496812E-02   6.13364077       5.78153804E-02   9.42490044E-11  0.101233795       6.00116476E-02 -0.225031480      -1.19780374       2.19736099     -0.480300367    
   10.0000000       800.000000       5.36804311E-02   6.18732548       5.86282611E-02   9.47474946E-11  0.101865247       5.92732988E-02 -0.230310380      -1.22362936       2.18499923     -0.482271433    
   11.0000000       800.000000       5.40157408E-02   6.24103832       5.94427250E-02   9.52351809E-11  0.102478966       5.85470870E-02 -0.232721195      -1.24974465       2.17243218     -0.483298868    
   12.0000000       800.000000       5.43518029E-02   6.29508209       6.02572784E-02   9.57089893E-11  0.103056669       5.78282177E-02 -0.233166993      -1.27600074       2.15975189     -0.484714329    
   13.0000000       800.000000       5.46922497E-02   6.34962225       6.10710755E-02   9.61688021E-11  0.103605293       5.71174212E-02 -0.230462641      -1.30259919       2.14715219     -0.485676020    
   2.00000000       800.000000       5.50380871E-02   6.40445566       6.18837476E-02   9.66136823E-11  0.104132332       5.64154647E-02 -0.222135499      -1.32929277       2.13492894     -0.486197442    
   3.00000000       800.000000       5.53847216E-02   6.45976830       6.26949444E-02   9.70435746E-11  0.104674481       5.57240397E-02 -0.206725925      -1.35628474       2.12347555     -0.487199455    
   4.00000000       800.000000       5.57359010E-02   6.51546860       6.35048896E-02   9.74589992E-11  0.105176710       5.50396889E-02 -0.184515789      -1.38343179       2.11319232     -0.487764716    
   5.00000000       800.000000       5.60912378E-02   6.57112312       6.43129647E-02   9.78593179E-11  0.105668962       5.43650277E-02 -0.157084301      -1.41082978       2.10438037     -0.488305748    
   6.00000000       800.000000       5.64479530E-02   6.62756824       6.51184842E-02   9.82438575E-11  0.106142968       5.36990464E-02 -0.126643077      -1.43838573       2.09722996     -0.489416003    
   7.00000000       800.000000       5.68098128E-02   6.68420267       6.59210533E-02   9.86118479E-11  0.106554970       5.30387945E-02  -9.52705145E-02  -1.46625924       2.09182072     -0.492291868    
   8.00000000       800.000000       5.71758151E-02   6.74102211       6.67208433E-02   9.89645726E-11  0.106942736       5.23877516E-02  -6.43088818E-02  -1.49450147       2.08814430     -0.492794216    
   9.00000000       800.000000       5.75454868E-02   6.79867172       6.75179064E-02   9.93018931E-11  0.107343085       5.17459065E-02  -3.33836824E-02  -1.52279425       2.08621931     -0.491445065    
   10.0000000       800.000000       5.79212233E-02   6.85620070       6.83122724E-02   9.96239827E-11  0.107712552       5.11105545E-02  -1.76810205E-03  -1.55124807       2.08611846     -0.490981072    
   11.0000000       800.000000       5.82982525E-02   6.91421032       6.91040829E-02   9.99319932E-11  0.108049735       5.04819453E-02   3.05876303E-02  -1.57985401       2.08790231     -0.490609974    
   12.0000000       800.000000       5.86755127E-02   6.97270107       6.98939487E-02   1.00226376E-10  0.108408019       4.98645976E-02   6.21194802E-02  -1.60863864       2.09154892     -0.491184503    
   13.0000000       800.000000       5.90622984E-02   7.03143930       7.06815347E-02   1.00507359E-10  0.108744860       4.92544509E-02   8.91557038E-02  -1.63768470       2.09681320     -0.490357816    
   2.00000000       800.000000       5.94485030E-02   7.09108067       7.14667439E-02   1.00774722E-10  0.108977333       4.86460663E-02  0.107615367      -1.66674685       2.10321236     -0.489422023    
   3.00000000       800.000000       5.98436110E-02   7.15043688       7.22482651E-02   1.01026826E-10  0.109282449       4.80509438E-02  0.115416422      -1.69607294       2.11011839     -0.488611579    
   4.00000000       800.000000       6.02373928E-02   7.21079636       7.30270818E-02   1.01265392E-10  0.109567314       4.74645942E-02  0.112507537      -1.72542012       2.11689258     -0.486489534    
   5.00000000       800.000000       6.06374219E-02   7.27131176       7.38018081E-02   1.01489310E-10  0.109754093       4.68798988E-02  0.101854868      -1.75487578       2.12307143     -0.484807611    
   6.00000000       800.000000       6.10392392E-02   7.33202028       7.45738149E-02   1.01699878E-10  0.110015281       4.63077798E-02   8.74207169E-02  -1.78441000       2.12840652     -0.483693033    
   7.00000000       800.000000       6.14471473E-02   7.39313030       7.53433704E-02   1.01898122E-10  0.110248700       4.57433015E-02   7.32913837E-02  -1.81412065       2.13291097     -0.483460158    
   8.00000000       800.000000       6.18590638E-02   7.45494413       7.61098713E-02   1.02083592E-10  0.110410042       4.51825969E-02   6.15599863E-02  -1.84402132       2.13671851     -0.481989413    
   9.00000000       800.000000       6.22721761E-02   7.51700449       7.68728107E-02   1.02255683E-10  0.110593364       4.46306542E-02   5.24143428E-02  -1.87395513       2.13998055     -0.480637521    
   10.0000000       800.000000       6.26941621E-02   7.57950735       7.76328444E-02   1.02415097E-10  0.110744037       4.40853275E-02   4.37434912E-02  -1.90408921       2.14272714     -0.478416026    
   11.0000000       800.000000       6.31151870E-02   7.64244461       7.83894584E-02   1.02562236E-10  0.110869646       4.35468592E-02   3.27145271E-02  -1.93414271       2.14478803     -0.476512700    
   12.0000000       800.000000       6.35424033E-02   7.70559978       7.91422725E-02   1.02696344E-10  0.110981405       4.30150926E-02   1.78731121E-02  -1.96444249       2.14592266     -0.476113230    
   13.0000000       800.000000       6.39760271E-02   7.76949692       7.98912644E-02   1.02817477E-10  0.111051857       4.24894691E-02  -9.52245726E-04  -1.99485433       2.14586353     -0.474194378    
   2.00000000       800.000000       6.44085407E-02   7.83382225       8.06346163E-02   1.02923559E-10  0.111113518       4.19711880E-02  -2.25076415E-02  -2.02532172       2.14441204     -0.471646041    
   3.00000000       800.000000       6.48498610E-02   7.89831066       8.13712180E-02   1.03013834E-10  0.111138806       4.14592437E-02  -4.42665815E-02  -2.05581880       2.14154482     -0.469801426    
   4.00000000       800.000000       6.52926117E-02   7.96304750       8.21014419E-02   1.03088836E-10  0.111138083       4.09536213E-02  -6.40365407E-02  -2.08646178       2.13736105     -0.469042897    
   5.00000000       800.000000       6.57397360E-02   8.02879810       8.28244239E-02   1.03148150E-10  0.111167260       4.04569581E-02  -8.00747350E-02  -2.11728168       2.13209510     -0.466043144    
   6.00000000       800.000000       6.61928579E-02   8.09504509       8.35400671E-02   1.03191601E-10  0.111129180       3.99646759E-02  -9.15804878E-02  -2.14795041       2.12603807     -0.463357419    
   7.00000000       800.000000       6.66503683E-02   8.16145802       8.42484459E-02   1.03219655E-10  0.111043528       3.94776091E-02  -9.65016708E-02  -2.17883611       2.11960840     -0.458633721    
   8.00000000       800.000000       6.71091229E-02   8.22835445       8.49498659E-02   1.03233033E-10  0.111001849       3.90002914E-02  -9.42985117E-02  -2.20929909       2.11327720     -0.456140190    
   9.00000000       800.000000       6.75772652E-02   8.29508305       8.56439397E-02   1.03231479E-10  0.110896781       3.85264345E-02  -8.55816007E-02  -2.24026847       2.10749531     -0.454318821    
   10.0000000       800.000000       6.80434331E-02   8.36327362       8.63306895E-02   1.03215533E-10  0.110810891       3.80598269E-02  -7.32113421E-02  -2.27091360       2.10251331     -0.449023604    
   11.0000000       800.000000       6.85164854E-02   8.43160915       8.70093927E-02   1.03184711E-10  0.110712565       3.75997610E-02  -6.09419458E-02  -2.30158901       2.09833837     -0.446139127    
   12.0000000       800.000000       6.89990669E-02   8.50011826       8.76806527E-02   1.03139712E-10  0.110553704       3.71431485E-02  -5.15520386E-02  -2.33225965       2.09477925     -0.442658484    
   13.0000000       800.000000       6.94770738E-02   8.56972027       8.83436799E-02   1.03079857E-10  0.110391490       3.66932191E-02  -4.44498509E-02  -2.36288667       2.09168792     -0.438774198    
   2.00000000       800.000000       6.99650571E-02   8.63913631       8.90004560E-02   1.03008047E-10  0.110208280       3.62494178E-02  -3.70487124E-02  -2.39344764       2.08909917     -0.432651490    
   3.00000000       800.000000       7.04544336E-02   8.70913506       8.96510184E-02   1.02924523E-10  0.109966531       3.58089022E-02  -2.72557829E-02  -2.42363954       2.08717895     -0.428039968    
   4.00000000       800.000000       7.09533468E-02   8.77987480       9.02971700E-02   1.02831403E-10  0.109758511       3.53759229E-02  -1.55532518E-02  -2.45397663       2.08607697     -0.425303906    
   5.00000000       800.000000       7.14557767E-02   8.85152435       9.09386426E-02   1.02729103E-10  0.109531395       3.49486135E-02  -3.97419324E-03  -2.48420596       2.08579063     -0.421289027    
   6.00000000       800.000000       7.19595850E-02   8.92326069       9.15766209E-02   1.02618372E-10  0.109247051       3.45253572E-02   6.44835643E-03  -2.51439571       2.08625412     -0.415917754    
   7.00000000       800.000000       7.24673644E-02   8.99552822       9.22094807E-02   1.02497857E-10  0.108954817       3.41079868E-02   1.53950574E-02  -2.54427886       2.08737278     -0.412512988    
   8.00000000       800.000000       7.29827210E-02   9.06822109       9.28405896E-02   1.02372152E-10  0.108618744       3.36955488E-02   2.12282334E-02  -2.57439089       2.08891821     -0.409610391    
   9.00000000       800.000000       7.35015273E-02   9.14107132       9.34682414E-02   1.02238003E-10  0.108243324       3.32874060E-02   2.17295121E-02  -2.60427809       2.09051585     -0.406814337    
   10.0000000       800.000000       7.40236938E-02   9.21487141       9.40924808E-02   1.02097400E-10  0.107855774       3.28852907E-02   1.61409881E-02  -2.63440681       2.09171152     -0.403651804    
   11.0000000       800.000000       7.45541826E-02   9.28909588       9.47147906E-02   1.01950608E-10  0.107444398       3.24881785E-02   5.93890110E-03  -2.66424870       2.09215379     -0.398621470    
   12.0000000       800.000000       7.50876293E-02   9.36382198       9.53362957E-02   1.01799721E-10  0.106980227       3.20956632E-02  -5.91101078E-03  -2.69405746       2.09170961     -0.397425860    
   13.0000000       800.000000       7.56227747E-02   9.43945217       9.59543139E-02   1.01641709E-10  0.106494270       3.17079201E-02  -1.63902491E-02  -2.72414851       2.09047174     -0.397829741    
   2.00000000       800.000000       7.61684179E-02   9.51551723       9.65752453E-02   1.01483398E-10  0.106008239       3.13258655E-02  -2.35021077E-02  -2.75444412       2.08868289     -0.396922946    
   3.00000000       800.000000       7.67170042E-02   9.59179592       9.71968994E-02   1.01322624E-10  0.105496071       3.09482794E-02  -2.75951009E-02  -2.78482676       2.08656502     -0.396071792    
   4.00000000       800.000000       7.72694573E-02   9.66848755       9.78209525E-02   1.01161413E-10  0.104977317       3.05764265E-02  -3.06730401E-02  -2.81543493       2.08419442     -0.396519095    
   5.00000000       800.000000       7.78230131E-02   9.74612713       9.84498411E-02   1.01001547E-10  0.104436144       3.02099437E-02  -3.39823142E-02  -2.84632516       2.08154774     -0.397515953    
   6.00000000       800.000000       7.83851892E-02   9.82425022       9.90813673E-02   1.00841398E-10  0.103861406       2.98477225E-02  -3.76608968E-02  -2.87753034       2.07859755     -0.402101517    
   7.00000000       800.000000       7.89523125E-02   9.90284920       9.97154936E-02   1.00680457E-10  0.103276208       2.94899829E-02  -4.01563048E-02  -2.90959120       2.07542634     -0.401576579    
   8.00000000       800.000000       7.95280412E-02   9.98241329      0.100355282       1.00521924E-10  0.102679618       2.91369725E-02  -3.90291028E-02  -2.94116926       2.07231951     -0.401323438    
   9.00000000       800.000000       8.01055804E-02   10.0623922      0.100998819       1.00364189E-10  0.102049723       2.87886225E-02  -3.38345505E-02  -2.97365713       2.06961155     -0.402886420    
   10.0000000       800.000000       8.06882754E-02   10.1425762      0.101648293       1.00208744E-10  0.101400644       2.84449812E-02  -2.56345998E-02  -3.00595498       2.06754303     -0.405326873    
   11.0000000       800.000000       8.12722519E-02   10.2231703      0.102301873       1.00054562E-10  0.100705802       2.81048398E-02  -1.70351658E-02  -3.03930688       2.06616044     -0.407307088    
   12.0000000       800.000000       8.18665698E-02   10.3048105      0.102962695       9.99034536E-11  0.100003175       2.77693383E-02  -1.05284201E-02  -3.07240176       2.06530070     -0.403315425    
   13.0000000       800.000000       8.24698508E-02   10.3871059      0.103632018       9.97576605E-11   9.91813466E-02   2.74368748E-02  -7.53346505E-03  -3.10558558       2.06467295     -0.408234209    
   2.00000000       800.000000       8.30690786E-02   10.4702911      0.104305379       9.96122143E-11   9.83803645E-02   2.71093268E-02  -6.12273719E-03  -3.13997841       2.06416965     -0.408136815    
   3.00000000       800.000000       8.36792067E-02   10.5531397      0.104989119       9.94729923E-11   9.75617915E-02   2.67859921E-02  -5.09756384E-03  -3.17363644       2.06374002     -0.405847132    
   4.00000000       800.000000       8.42924491E-02   10.6371202      0.105681054       9.93378088E-11   9.67254266E-02   2.64670122E-02  -4.27182252E-03  -3.20815206       2.06337953     -0.407773405    
   5.00000000       800.000000       8.49149227E-02   10.7222576      0.106381975       9.92078780E-11   9.58274156E-02   2.61519589E-02  -5.06067788E-03  -3.24263740       2.06295180     -0.406104356    
   6.00000000       800.000000       8.55400413E-02   10.8070173      0.107096985       9.90870164E-11   9.49013978E-02   2.58410294E-02  -7.96169415E-03  -3.27737045       2.06226921     -0.406702787    
   7.00000000       800.000000       8.61672983E-02   10.8929453      0.107826017       9.89754598E-11   9.39574167E-02   2.55344883E-02  -1.21235298E-02  -3.31247330       2.06122518     -0.406530708    
   8.00000000       800.000000       8.68062824E-02   10.9799843      0.108572885       9.88755744E-11   9.30006802E-02   2.52321959E-02  -1.58631746E-02  -3.34769487       2.05984902     -0.407977551    
   9.00000000       800.000000       8.74475688E-02   11.0664978      0.109341420       9.87916068E-11   9.20268744E-02   2.49343067E-02  -1.84323788E-02  -3.38356543       2.05823588     -0.410031527    
   10.0000000       800.000000       8.80924463E-02   11.1543617      0.110134490       9.87252780E-11   9.10229683E-02   2.46403608E-02  -2.00859252E-02  -3.41966963       2.05646706     -0.416679561    
   11.0000000       800.000000       8.87458175E-02   11.2425718      0.110955141       9.86788776E-11   8.99861231E-02   2.43506748E-02  -2.11881287E-02  -3.45725369       2.05458713     -0.426555336    
   12.0000000       800.000000       8.94047245E-02   11.3320246      0.111804187       9.86521698E-11   8.88816342E-02   2.40645651E-02  -2.12606918E-02  -3.49566364       2.05268550     -0.431405932    
   13.0000000       800.000000       9.00711343E-02   11.4218473      0.112683214       9.86465146E-11   8.77968669E-02   2.37827450E-02  -1.93963517E-02  -3.53467417       2.05094075     -0.434406936    
   2.00000000       800.000000       9.07422155E-02   11.5118284      0.113591112       9.86604964E-11   8.66864696E-02   2.35045925E-02  -1.59977525E-02  -3.57421041       2.04948545     -0.443686962    
   3.00000000       800.000000       9.14164707E-02   11.6033077      0.114527687       9.86933243E-11   8.55600461E-02   2.32301764E-02  -1.15507152E-02  -3.61550188       2.04842877     -0.455515921    
   4.00000000       800.000000       9.20993984E-02   11.6952047      0.115494333       9.87453452E-11   8.43903422E-02   2.29590386E-02  -7.99741037E-03  -3.65779948       2.04769564     -0.464852452    
   5.00000000       800.000000       9.27866399E-02   11.7873383      0.116490811       9.88164481E-11   8.31304863E-02   2.26908829E-02  -7.14289164E-03  -3.70144033       2.04703283     -0.473100781    
   6.00000000       800.000000       9.34779644E-02   11.8806105      0.117517985       9.89059112E-11   8.18486884E-02   2.24267021E-02  -8.71906430E-03  -3.74592185       2.04621792     -0.477507174    
   7.00000000       800.000000       9.41774696E-02   11.9743528      0.118575834       9.90146506E-11   8.05694982E-02   2.21666228E-02  -1.13829356E-02  -3.79104829       2.04514432     -0.483790249    
   8.00000000       800.000000       9.48819369E-02   12.0688763      0.119665138       9.91412716E-11   7.92779848E-02   2.19104029E-02  -1.45014022E-02  -3.83738875       2.04377222     -0.493116587    
   9.00000000       800.000000       9.55979601E-02   12.1640635      0.120785534       9.92858781E-11   7.79545903E-02   2.16575190E-02  -1.80336349E-02  -3.88497233       2.04204488     -0.497439623    
   10.0000000       800.000000       9.63135287E-02   12.2600622      0.121941522       9.94515373E-11   7.65329003E-02   2.14085001E-02  -2.11076643E-02  -3.93285084       2.04001331     -0.494233221    
   11.0000000       800.000000       9.70358253E-02   12.3568468      0.123122565       9.96292424E-11   7.51151443E-02   2.11631525E-02  -2.17277166E-02  -3.98054004       2.03789997     -0.493942410    
   12.0000000       800.000000       9.77677032E-02   12.4544106      0.124339499       9.98270563E-11   7.36797079E-02   2.09214073E-02  -1.86466742E-02  -4.02907896       2.03608012     -0.493430614    
   13.0000000       800.000000       9.85076427E-02   12.5523767      0.125585809       1.00039310E-10   7.22334459E-02   2.06829458E-02  -1.48021774E-02  -4.07738876       2.03462267     -0.488142341    
   2.00000000       800.000000       9.92456749E-02   12.6510534      0.126868919       1.00271763E-10   7.07457587E-02   2.04474051E-02  -1.09089250E-02  -4.12560892       2.03354144     -0.484043300    
   3.00000000       800.000000       9.99961421E-02   12.7503929      0.128191859       1.00525567E-10   6.91200867E-02   2.02145670E-02  -7.62351789E-03  -4.17383480       2.03277588     -0.482570827    
   4.00000000       800.000000      0.100751281       12.8514633      0.129560336       1.00805454E-10   6.73443824E-02   1.99848637E-02  -5.64712379E-03  -4.22248697       2.03220510     -0.485538691    
   5.00000000       800.000000      0.101513669       12.9527330      0.130982742       1.01116199E-10   6.54614493E-02   1.97582971E-02  -4.45208419E-03  -4.27203608       2.03175902     -0.486326247    
   6.00000000       800.000000      0.102282949       13.0543804      0.132470623       1.01466537E-10   6.36667088E-02   1.95355639E-02  -5.18161757E-03  -4.32159758       2.03122640     -0.488145232    
   7.00000000       800.000000      0.103057869       13.1565609      0.134031683       1.01861040E-10   6.18195198E-02   1.93159301E-02  -8.50732159E-03  -4.37227678       2.03034902     -0.493757695    
   8.00000000       800.000000      0.103839546       13.2604132      0.135670915       1.02302847E-10   6.00256100E-02   1.90995988E-02  -1.45073496E-02  -4.42375374       2.02884007     -0.499577641    
   9.00000000       800.000000      0.104626514       13.3645535      0.137404576       1.02801899E-10   5.82136288E-02   1.88868977E-02  -2.00129971E-02  -4.47642660       2.02675104     -0.501729608    
   10.0000000       800.000000      0.105420068       13.4691267      0.139233321       1.03357850E-10   5.60636148E-02   1.86763108E-02  -2.27705333E-02  -4.52914047       2.02434826     -0.499636829    
   11.0000000       800.000000      0.106228657       13.5754204      0.141171083       1.03979172E-10   5.38537800E-02   1.84693784E-02  -2.06261184E-02  -4.58216667       2.02215695     -0.496649742    
   12.0000000       800.000000      0.107034281       13.6821260      0.143230647       1.04674026E-10   5.14985956E-02   1.82658378E-02  -1.32688005E-02  -4.63505554       2.02073693     -0.497234285    
   13.0000000       800.000000      0.107849084       13.7891541      0.145430028       1.05453542E-10   4.90492247E-02   1.80654507E-02  -6.20015291E-03  -4.68901110       2.02006865     -0.507593095    
   2.00000000       800.000000      0.108672515       13.8981247      0.147789285       1.06329522E-10   4.65152040E-02   1.78690720E-02  -6.12973422E-03  -4.74496174       2.01940560     -0.509077966    
   3.00000000       800.000000      0.109497771       14.0066690      0.150330454       1.07315185E-10   4.37307023E-02   1.76770445E-02  -8.07686150E-03  -4.80008221       2.01851702     -0.504138172    
   4.00000000       800.000000      0.110339761       14.1170921      0.153097704       1.08439813E-10   4.10366505E-02   1.74888968E-02  -8.16104840E-03  -4.85579729       2.01761889     -0.518242240    
   5.00000000       800.000000      0.111177742       14.2269335      0.156136274       1.09731078E-10   3.81501466E-02   1.73048340E-02  -9.07100085E-03  -4.91487646       2.01660752     -0.552740574    
   6.00000000       800.000000      0.112030037       14.3394938      0.159515262       1.11233106E-10   3.46762016E-02   1.71257090E-02  -1.38559164E-02  -4.97916460       2.01505280     -0.623922408    
   7.00000000       800.000000      0.112885214       14.4517355      0.163342133       1.13015319E-10   3.13801207E-02   1.69484634E-02  -1.34167839E-02  -5.05521297       2.01354194     -0.747991621    
   8.00000000       800.000000      0.113750286       14.5650282      0.167783394       1.15185417E-10   2.77144313E-02   1.67730469E-02  -6.38153264E-03  -5.14869022       2.01281667     -0.919107020    
   9.00000000       800.000000      0.114624061       14.6793976      0.172926903       1.17792429E-10   2.39682626E-02   1.65993571E-02  -2.48096194E-02  -5.26511526       2.00997066     -0.996705294    
   10.0000000       800.000000      0.115506783       14.7940674      0.179042697       1.21009855E-10   2.05869749E-02   1.64277218E-02  -2.91844066E-02  -5.37806225       2.00660229     -0.752808094    
   11.0000000       800.000000      0.116393380       14.9101496      0.185919642       1.24680766E-10   1.73106249E-02   1.62604265E-02  -1.18864262E-02  -5.43968534       2.00522065     -0.534857154    
   12.0000000       800.000000      0.117281690       15.0272551      0.193527818       1.28773617E-10   1.40284877E-02   1.60939582E-02   6.11094665E-03  -5.50305128       2.00593400     -0.491761506    
   13.0000000       800.000000      0.118191823       15.1445360      0.201012865       1.32714451E-10   1.09251095E-02   1.59281380E-02  -8.81923735E-03  -5.55547905       2.00489187     -0.729969621    
   2.00000000       800.000000      0.119099334       15.2630339      0.207272813       1.35783898E-10   8.41212366E-03   1.57631040E-02  -8.65900423E-03  -5.67625523       2.00385737     -0.842254221    
   3.00000000       800.000000      0.120015435       15.3828135      0.212144956       1.37895279E-10   6.56359596E-03   1.55968256E-02  -7.42346561E-03  -5.75687456       2.00297093      -1.12124085E-02
   4.00000000       800.000000      0.120940529       15.5036430      0.216034234       1.39332129E-10   5.29644825E-03   1.54321771E-02   2.20621210E-02  -5.67895985       2.00563812      0.958259583    
   5.00000000       800.000000      0.121867239       15.6249332      0.218556389       1.39864065E-10   4.18125791E-03   1.52717046E-02   1.51356179E-02  -5.52419806       2.00748324       1.10118723    
   6.00000000       800.000000      0.122810721       15.7464323      0.219230920       1.39205106E-10   3.03313415E-03   1.51130715E-02  -1.48345409E-02  -5.40951252       2.00566363      0.536373079    
   7.00000000       800.000000      0.123757191       15.8707790      0.220793501       1.39108502E-10   2.14605476E-03   1.49549227E-02  -8.95894598E-03  -5.39194584       2.00455427       5.50837666E-02
   8.00000000       800.000000      0.124716990       15.9948425      0.221614957       1.38541428E-10   1.49808172E-03   1.47987120E-02   1.04228524E-03  -5.39582872       2.00468159       9.61561352E-02
   9.00000000       800.000000      0.125679165       16.1200333      0.219526485       1.36169825E-10   9.67649394E-04   1.46445772E-02  -1.54788448E-02  -5.36786747       2.00273681       2.86283419E-02
   10.0000000       800.000000      0.126648560       16.2460766      0.216277897       1.33112937E-10   3.84409534E-04   1.44922258E-02   6.58771256E-03  -5.38859749       2.00357318      -8.63530189E-02
   11.0000000       800.000000      0.127627030       16.3736973      0.212029725       1.29485297E-10  -2.11970546E-04   1.43408021E-02  -2.28978856E-03  -5.38981867       2.00327754      -3.14819776E-02
   12.0000000       800.000000      0.128622070       16.5009899      0.206963986       1.25410057E-10  -4.56661568E-04   1.41903702E-02  -9.41654574E-03  -5.39666939       2.00206828       8.74102712E-02
   13.0000000       800.000000      0.129615709       16.6299458      0.201565281       1.21190585E-10  -5.93700795E-04   1.40416389E-02   2.14521409E-04  -5.36725187       2.00209236      0.279657483    
   2.00000000       800.000000      0.130617574       16.7607040      0.195777625       1.16796864E-10  -6.74190989E-04   1.38947526E-02  -6.44455710E-03  -5.32389307       2.00125623      0.226499841    
   3.00000000       800.000000      0.131631613       16.8909397      0.189712122       1.12299697E-10  -6.99318829E-04   1.37493443E-02  -4.44016792E-03  -5.30784893       2.00066900       2.41453405E-02
   4.00000000       800.000000      0.132658064       17.0234966      0.183693543       1.07892889E-10  -7.11579865E-04   1.36046279E-02  -2.26640003E-03  -5.31751871       2.00036955       5.21617476E-04
   5.00000000       800.000000      0.133689612       17.1564980      0.177896470       1.03677129E-10  -7.25131773E-04   1.34609807E-02  -4.79452405E-03  -5.30771589       1.99972773      0.270824939    
   6.00000000       800.000000      0.134727374       17.2917385      0.172336280       9.96569632E-11  -7.24953192E-04   1.33187966E-02  -2.20897398E-03  -5.24482107       1.99942935      0.589878500    
   7.00000000       800.000000      0.135772675       17.4260139      0.167093799       9.58753771E-11  -7.09958957E-04   1.31780766E-02  -2.13344605E-03  -5.14815760       1.99914277      0.653622866    
   8.00000000       800.000000      0.136831790       17.5625153      0.161991388       9.22266152E-11  -6.92274712E-04   1.30388746E-02  -2.62390147E-03  -5.06664181       1.99878371      0.481054604    
   9.00000000       800.000000      0.137887821       17.6995029      0.157001555       8.86919704E-11  -6.74883544E-04   1.29011776E-02  -1.37988722E-03  -5.01599932       1.99859214      0.283572525    
   10.0000000       800.000000      0.138969555       17.8388729      0.152096987       8.52542897E-11  -6.63113897E-04   1.27647836E-02  -1.93826132E-03  -4.98812914       1.99831951      0.136434272    
   11.0000000       800.000000      0.140046909       17.9775219      0.147264704       8.19053853E-11  -6.59492332E-04   1.26296198E-02  -1.87519903E-03  -4.97793293       1.99805951       3.29795256E-02
   12.0000000       800.000000      0.141143247       18.1181393      0.142547011       7.86662888E-11  -6.65704778E-04   1.24955084E-02  -2.45571649E-03  -4.97886276       1.99771631      -1.50000001E-03
   13.0000000       800.000000      0.142242312       18.2606220      0.138161391       7.56543161E-11  -6.70415873E-04   1.23624410E-02  -3.49846273E-03  -4.97835827       1.99721599       1.07525913E-02
   2.00000000       800.000000      0.143348306       18.4025784      0.134323284       7.29820163E-11  -6.48650457E-04   1.22304382E-02  -4.03679535E-03  -4.97578669       1.99663687       2.14451160E-02
   3.00000000       800.000000      0.144470185       18.5468769      0.130956918       7.06009487E-11  -5.95657679E-04   1.20995520E-02  -3.79917771E-03  -4.97218132       1.99608660       1.66022293E-02
   4.00000000       800.000000      0.145599216       18.6916237      0.127879798       6.84068704E-11  -5.23780531E-04   1.19698476E-02  -2.34617991E-03  -4.97096539       1.99574590       1.28530068E-04
   5.00000000       800.000000      0.146730632       18.8387299      0.124882698       6.62852689E-11  -4.55784990E-04   1.18413521E-02  -1.61794294E-03  -4.97215223       1.99550819      -1.14842216E-02
   6.00000000       800.000000      0.147886083       18.9852219      0.121952444       6.42277689E-11  -3.97991971E-04   1.17140505E-02  -1.32493849E-03  -4.97435474       1.99530995      -1.97850298E-02
   7.00000000       800.000000      0.149040878       19.1336536      0.119073130       6.22248642E-11  -3.50349437E-04   1.15876403E-02  -1.64517923E-03  -4.97801924       1.99506855      -3.44916666E-03
   8.00000000       800.000000      0.150206983       19.2841053      0.116189726       6.02468700E-11  -3.24177527E-04   1.14622368E-02  -1.93543499E-03  -4.97539568       1.99477541       3.82198170E-02
   9.00000000       800.000000      0.151375279       19.4338169      0.113351591       5.83191898E-11  -3.20332649E-04   1.13378642E-02  -2.29747291E-03  -4.96650028       1.99442828       8.88245031E-02
   10.0000000       800.000000      0.152559474       19.5859928      0.110643402       5.64840848E-11  -3.28842521E-04   1.12142572E-02  -2.56874063E-03  -4.94839478       1.99403763      0.126725286    
   11.0000000       800.000000      0.153755501       19.7391071      0.108102642       5.47589439E-11  -3.39359947E-04   1.10916253E-02  -2.99867475E-03  -4.92767000       1.99357796      0.149949387    
   12.0000000       800.000000      0.154966682       19.8943138      0.105686970       5.31198661E-11  -3.51538009E-04   1.09700216E-02  -3.43009178E-03  -4.90210009       1.99304414      0.178510070    
   13.0000000       800.000000      0.156182289       20.0499210      0.103396200       5.15651861E-11  -3.68831708E-04   1.08493529E-02  -3.59418453E-03  -4.87212944       1.99248481      0.191282943    
   2.00000000       800.000000      0.157407701       20.2067699      0.101270780       5.01135244E-11  -3.73189367E-04   1.07297618E-02  -3.54862981E-03  -4.84211016       1.99192524      0.186814204    
   3.00000000       800.000000      0.158632427       20.3635406       9.92608741E-02   4.87378020E-11  -3.67776869E-04   1.06111960E-02  -3.33715696E-03  -4.81309366       1.99139881      0.178102583    
   4.00000000       800.000000      0.159881696       20.5234394       9.73125696E-02   4.74101904E-11  -3.57330253E-04   1.04937181E-02  -2.96345516E-03  -4.78539276       1.99092388      0.168336093    
   5.00000000       800.000000      0.161134437       20.6836548       9.53793228E-02   4.61078536E-11  -3.51000199E-04   1.03773437E-02  -2.25539482E-03  -4.75905657       1.99056101      0.161321998    
   6.00000000       800.000000      0.162408039       20.8466339       9.33972970E-02   4.47992372E-11  -3.55938071E-04   1.02620255E-02  -1.22080836E-03  -4.73319054       1.99036145      0.157281637    
   7.00000000       800.000000      0.163673609       21.0080662       9.13553685E-02   4.34797823E-11  -3.81037564E-04   1.01475948E-02  -4.69144197E-06  -4.70777130       1.99035835      0.158167407    
   8.00000000       800.000000      0.164970547       21.1726456       8.92582387E-02   4.21518757E-11  -4.24131984E-04   1.00340964E-02   9.72283073E-04  -4.68120623       1.99051762      0.163398474    
   9.00000000       800.000000      0.166260168       21.3390827       8.71707946E-02   4.08465969E-11  -4.79543174E-04   9.92143992E-03   1.45913789E-03  -4.65364170       1.99076319      0.167164579    
   10.0000000       800.000000      0.167571649       21.5048828       8.51454064E-02   3.95878712E-11  -5.36509615E-04   9.80973337E-03   1.59044494E-03  -4.62540627       1.99102819      0.166892648    
   11.0000000       800.000000      0.168884769       21.6747990       8.32139254E-02   3.83896526E-11  -5.89548086E-04   9.69882403E-03   1.53719238E-03  -4.59748077       1.99128938      0.163090572    
   12.0000000       800.000000      0.170220941       21.8437004       8.13791007E-02   3.72517434E-11  -6.32762793E-04   9.58878361E-03   1.37896603E-03  -4.57009554       1.99152553      0.157851771    
   13.0000000       800.000000      0.171562597       22.0148487       7.96430334E-02   3.61739735E-11  -6.68097578E-04   9.47967079E-03   1.16386777E-03  -4.54353666       1.99172163      0.153020248    
   2.00000000       800.000000      0.172911152       22.1867790       7.80009627E-02   3.51531616E-11  -6.93247886E-04   9.37161408E-03   8.74413352E-04  -4.51739407       1.99187398      0.149176091    
   3.00000000       800.000000      0.174262822       22.3595982       7.64690340E-02   3.41950877E-11  -7.10214197E-04   9.26441420E-03   4.07431216E-04  -4.49175835       1.99194479      0.147450760    
   4.00000000       800.000000      0.175636902       22.5350342       7.50555918E-02   3.33025135E-11  -7.14623078E-04   9.15827788E-03  -1.95307890E-04  -4.46579599       1.99191082      0.145958856    
   5.00000000       800.000000      0.177029908       22.7109966       7.37881064E-02   3.24860104E-11  -7.04249367E-04   9.05321632E-03  -1.05306564E-03  -4.44027567       1.99172342      0.139369577    
   6.00000000       800.000000      0.178427994       22.8897495       7.26588219E-02   3.17403465E-11  -6.73700706E-04   8.94925091E-03  -2.08469434E-03  -4.41625309       1.99135351      0.129492566    
   7.00000000       800.000000      0.179832757       23.0675335       7.16203675E-02   3.10438654E-11  -6.31225528E-04   8.84639472E-03  -2.80806725E-03  -4.39388323       1.99084604      0.124018811    
   8.00000000       800.000000      0.181247130       23.2492962       7.06169903E-02   3.03712819E-11  -5.84989728E-04   8.74474272E-03  -3.09295021E-03  -4.37147474       1.99028563      0.124693707    
   9.00000000       800.000000      0.182678327       23.4303741       6.96309209E-02   2.97145503E-11  -5.42760361E-04   8.64416547E-03  -3.14635574E-03  -4.34850454       1.98971319      0.128803432    
   10.0000000       800.000000      0.184120178       23.6137962       6.86455891E-02   2.90665391E-11  -5.05280099E-04   8.54486506E-03  -3.05763399E-03  -4.32422924       1.98915029      0.134113014    
   11.0000000       800.000000      0.185574606       23.7995758       6.76625669E-02   2.84277601E-11  -4.74937435E-04   8.44641682E-03  -2.83889961E-03  -4.29892921       1.98862088      0.139919683    
   12.0000000       800.000000      0.187039450       23.9845982       6.66719899E-02   2.77939789E-11  -4.50717402E-04   8.34917184E-03  -2.46921042E-03  -4.27209616       1.98815823      0.145830497    
   13.0000000       800.000000      0.188515589       24.1725788       6.56792521E-02   2.71674766E-11  -4.33310401E-04   8.25310126E-03  -1.94571191E-03  -4.24416065       1.98779023      0.150834426    
   2.00000000       800.000000      0.190003842       24.3626595       6.46828935E-02   2.65475229E-11  -4.19594289E-04   8.15800112E-03  -1.32540474E-03  -4.21499872       1.98754096      0.153803378    
   3.00000000       800.000000      0.191507503       24.5538692       6.36953861E-02   2.59391189E-11  -4.07408283E-04   8.06400459E-03  -7.07844971E-04  -4.18548155       1.98740578      0.154256985    
   4.00000000       800.000000      0.193027228       24.7454605       6.27169535E-02   2.53421988E-11  -3.92149203E-04   7.97123089E-03  -1.70833067E-04  -4.15568447       1.98737276      0.152802885    
   5.00000000       800.000000      0.194553345       24.9383144       6.17545508E-02   2.47594271E-11  -3.73313436E-04   7.87909795E-03   2.44936440E-04  -4.12625217       1.98742044      0.150342539    
   6.00000000       800.000000      0.196085945       25.1336231       6.08017482E-02   2.41879294E-11  -3.49816051E-04   7.78833730E-03   5.51343372E-04  -4.09695196       1.98752701      0.148022696    
   7.00000000       800.000000      0.197636858       25.3313236       5.98572493E-02   2.36271679E-11  -3.23532644E-04   7.69835897E-03   7.95460073E-04  -4.06796885       1.98769045      0.145981297    
   8.00000000       800.000000      0.199212298       25.5304661       5.89060858E-02   2.30710104E-11  -2.95877224E-04   7.60961510E-03   1.01648585E-03  -4.03902721       1.98788667      0.144847199    
   9.00000000       800.000000      0.200781316       25.7297115       5.79332896E-02   2.25136680E-11  -2.71412457E-04   7.52174901E-03   1.24237908E-03  -4.01003885       1.98813736      0.145426333    
   10.0000000       800.000000      0.202371761       25.9304714       5.69205992E-02   2.19481013E-11  -2.54964951E-04   7.43484730E-03   1.48595998E-03  -3.98039126       1.98844028      0.150184974    
   11.0000000       800.000000      0.203978211       26.1335907       5.58679514E-02   2.13747995E-11  -2.50318000E-04   7.34883640E-03   1.68693985E-03  -3.94900608       1.98878217      0.155851752    
   12.0000000       800.000000      0.205590189       26.3390236       5.48159629E-02   2.08092241E-11  -2.49885808E-04   7.26370933E-03   1.67261122E-03  -3.91656351       1.98912716      0.155460507    
   13.0000000       800.000000      0.207215562       26.5462608       5.38057908E-02   2.02669149E-11  -2.42635753E-04   7.17947073E-03   1.45309605E-03  -3.88484025       1.98942339      0.149370417    
   2.00000000       800.000000      0.208862230       26.7531796       5.28505854E-02   1.97523439E-11  -2.24338452E-04   7.09613878E-03   1.18134718E-03  -3.85440230       1.98967206      0.142143294    
   3.00000000       800.000000      0.210511744       26.9634609       5.19509017E-02   1.92651173E-11  -1.95316868E-04   7.01369159E-03   8.93035729E-04  -3.82522392       1.98986292      0.135717064    
   4.00000000       800.000000      0.212182373       27.1744270       5.11028245E-02   1.88032021E-11  -1.57291943E-04   6.93221623E-03   6.28523354E-04  -3.79704261       1.98999751      0.130316600    
   5.00000000       800.000000      0.213867262       27.3881035       5.03011942E-02   1.83642927E-11  -1.11204747E-04   6.85166288E-03   4.00618388E-04  -3.76969433       1.99007964      0.125524133    
   6.00000000       800.000000      0.215570495       27.6017551       4.95406762E-02   1.79459399E-11  -5.82441680E-05   6.77206228E-03   1.97918998E-04  -3.74313664       1.99012518      0.121378213    
   7.00000000       800.000000      0.217280358       27.8196926       4.88114059E-02   1.75442074E-11  -2.60828102E-07   6.69338042E-03   6.78487640E-06  -3.71716428       1.99012494      0.118771292    
   8.00000000       800.000000      0.218995273       28.0367794       4.80996147E-02   1.71538582E-11   5.89697120E-05   6.61564805E-03  -1.72704531E-04  -3.69132447       1.99008918      0.118457407    
   9.00000000       800.000000      0.220740929       28.2576332       4.73910011E-02   1.67696482E-11   1.14870309E-04   6.53887633E-03  -3.34126642E-04  -3.66507411       1.99001467      0.120760068    
   10.0000000       800.000000      0.222490728       28.4788132       4.66716327E-02   1.63865727E-11   1.62558688E-04   6.46300940E-03  -4.71033301E-04  -3.63779974       1.98990953      0.125645518    
   11.0000000       800.000000      0.224248633       28.7025547       4.59305942E-02   1.60009055E-11   1.97987931E-04   6.38787961E-03  -5.75125450E-04  -3.60894132       1.98977768      0.132386521    
   12.0000000       800.000000      0.226034790       28.9273281       4.51625884E-02   1.56108754E-11   2.18811852E-04   6.31377334E-03  -6.70835492E-04  -3.57818747       1.98962522      0.139823645    
   13.0000000       800.000000      0.227838799       29.1540203       4.43682186E-02   1.52169180E-11   2.25238517E-04   6.24050759E-03  -7.63696909E-04  -3.54548597       1.98945558      0.146443501    
   2.00000000       800.000000      0.229636580       29.3828106       4.35546711E-02   1.48216214E-11   2.20001995E-04   6.16799295E-03  -8.29054334E-04  -3.51119208       1.98925948      0.150953755    
   3.00000000       800.000000      0.231463313       29.6143074       4.27318588E-02   1.44284090E-11   2.07335965E-04   6.09620847E-03  -8.35969520E-04  -3.47587228       1.98907340      0.153197661    
   4.00000000       800.000000      0.233298600       29.8444633       4.19081263E-02   1.40400816E-11   1.90835810E-04   6.02526078E-03  -7.60179770E-04  -3.43999100       1.98889291      0.153747052    
   5.00000000       800.000000      0.235164225       30.0788250       4.10896242E-02   1.36586532E-11   1.72743676E-04   5.95510658E-03  -6.38464058E-04  -3.40385747       1.98874497      0.153071120    
   6.00000000       800.000000      0.237021416       30.3152733       4.02818657E-02   1.32858828E-11   1.54980851E-04   5.88565553E-03  -5.11833117E-04  -3.36770701       1.98862433      0.151453316    
   7.00000000       800.000000      0.238909259       30.5545444       3.94882821E-02   1.29226681E-11   1.38542819E-04   5.81698585E-03  -3.88060958E-04  -3.33176327       1.98853254      0.149636999    
   8.00000000       800.000000      0.240805298       30.7942753       3.87078598E-02   1.25686397E-11   1.22456069E-04   5.74901002E-03  -2.77524465E-04  -3.29592896       1.98846090      0.148648217    
   9.00000000       800.000000      0.242732763       31.0363560       3.79390344E-02   1.22230238E-11   1.04469538E-04   5.68183325E-03  -1.80222167E-04  -3.25989151       1.98841894      0.148763344    
   10.0000000       800.000000      0.244650185       31.2805672       3.71835679E-02   1.18863105E-11   8.36318432E-05   5.61534753E-03  -9.90017143E-05  -3.22341442       1.98839521      0.148804203    
   11.0000000       800.000000      0.246601894       31.5240726       3.64500731E-02   1.15610655E-11   6.23046726E-05   5.54959383E-03  -3.76900025E-05  -3.18678379       1.98838520      0.147308543    
   12.0000000       800.000000      0.248575494       31.7732716       3.57464813E-02   1.12495274E-11   4.52617860E-05   5.48453722E-03   5.19785272E-06  -3.15047884       1.98838556      0.143754676    
   13.0000000       800.000000      0.250549018       32.0229034       3.50760408E-02   1.09525149E-11   3.58825309E-05   5.42026758E-03   2.91162887E-05  -3.11503410       1.98839426      0.138889834    
   2.00000000       800.000000      0.252544135       32.2734489       3.44318300E-02   1.06675519E-11   3.38272039E-05   5.35670388E-03   3.85946696E-05  -3.08060479       1.98840547      0.134985581    
   3.00000000       800.000000      0.254557490       32.5260506       3.37966420E-02   1.03891548E-11   3.38067621E-05   5.29394718E-03   6.61377926E-05  -3.04659319       1.98842216      0.134352803    
   4.00000000       800.000000      0.256586730       32.7818604       3.31553221E-02   1.01125688E-11   2.88500542E-05   5.23185125E-03   1.15076931E-04  -3.01193547       1.98845100      0.136207208    
   5.00000000       800.000000      0.258610994       33.0395813       3.25069539E-02   9.83750408E-12   1.80010047E-05   5.17044263E-03   1.43723257E-04  -2.97641373       1.98848474      0.137533888    
   6.00000000       800.000000      0.260681123       33.2992859       3.18593755E-02   9.56635725E-12   5.40028395E-06   5.10980096E-03   1.51414279E-04  -2.94051433       1.98852706      0.136639714    
   7.00000000       800.000000      0.262756377       33.5623474       3.12213600E-02   9.30168182E-12  -3.72436489E-06   5.04977955E-03   1.51505214E-04  -2.90489388       1.98856604      0.133752093    
   8.00000000       800.000000      0.264846563       33.8261070       3.05978693E-02   9.04482565E-12  -6.25921393E-06   4.99047013E-03   1.54754962E-04  -2.86993694       1.98860681      0.129960179    
   9.00000000       800.000000      0.266964108       34.0918350       2.99913660E-02   8.79638029E-12  -1.12520900E-06   4.93187178E-03   1.63253731E-04  -2.83577776       1.98865116      0.125787482    
   10.0000000       800.000000      0.269089431       34.3593788       2.94039920E-02   8.55683666E-12   1.20302630E-05   4.87389322E-03   1.77688358E-04  -2.80251431       1.98869824      0.121506266    
   11.0000000       800.000000      0.271236569       34.6304741       2.88359523E-02   8.32606380E-12   3.30035764E-05   4.81664855E-03   2.00561379E-04  -2.77012229       1.98875093      0.117433526    
   12.0000000       800.000000      0.273390830       34.9008446       2.82863267E-02   8.10362801E-12   6.09901690E-05   4.76008840E-03   2.28778721E-04  -2.73855567       1.98881495      0.113862529    
   13.0000000       800.000000      0.275573671       35.1773834       2.77519599E-02   7.88853271E-12   9.41232211E-05   4.70423466E-03   2.53689970E-04  -2.70761800       1.98888659      0.111107588    
   2.00000000       800.000000      0.277770936       35.4531212       2.72298194E-02   7.67971103E-12   1.30164917E-04   4.64902446E-03   2.70249875E-04  -2.67707562       1.98896098      0.109314747    
   3.00000000       800.000000      0.279982239       35.7325478       2.67157052E-02   7.47589230E-12   1.66426078E-04   4.59446292E-03   2.71466299E-04  -2.64664793       1.98903775      0.108494133    
   4.00000000       800.000000      0.282222867       36.0137329       2.62052808E-02   7.27583141E-12   1.99969596E-04   4.54057427E-03   2.44826544E-04  -2.61608243       1.98910797      0.108700685    
   5.00000000       800.000000      0.284471065       36.2968369       2.56927703E-02   7.07783441E-12   2.27658689E-04   4.48732451E-03   1.92929205E-04  -2.58504796       1.98916256      0.110043526    
   6.00000000       800.000000      0.286742091       36.5804558       2.51719952E-02   6.88023900E-12   2.45985575E-04   4.43470851E-03   1.16735915E-04  -2.55322504       1.98919058      0.112352476    
   7.00000000       800.000000      0.289016098       36.8690605       2.46388782E-02   6.68193669E-12   2.52346683E-04   4.38267272E-03   2.55827599E-05  -2.52036071       1.98920131      0.115296185    
   8.00000000       800.000000      0.291324228       37.1585426       2.40934417E-02   6.48299730E-12   2.45980802E-04   4.33121482E-03  -7.66493249E-05  -2.48630977       1.98917854      0.118147418    
   9.00000000       800.000000      0.293644518       37.4530144       2.35434324E-02   6.28552158E-12   2.30377671E-04   4.28035064E-03  -1.67512611E-04  -2.45124507       1.98912787      0.118952230    
   10.0000000       800.000000      0.296003997       37.7481918       2.30063442E-02   6.09415556E-12   2.14826548E-04   4.23002755E-03  -2.26922595E-04  -2.41616964       1.98905873      0.116044208    
   11.0000000       800.000000      0.298353791       38.0451622       2.24987455E-02   5.91315929E-12   2.10652506E-04   4.18027351E-03  -2.39948989E-04  -2.38227510       1.98899305      0.109780036    
   12.0000000       800.000000      0.300734103       38.3437805       2.20298711E-02   5.74469552E-12   2.25422482E-04   4.13118163E-03  -2.15754277E-04  -2.35040045       1.98892641      0.101672150    
   13.0000000       800.000000      0.303147912       38.6467476       2.15988569E-02   5.58829979E-12   2.60897563E-04   4.08262340E-03  -1.76309070E-04  -2.32087851       1.98887372       9.39079076E-02
   2.00000000       800.000000      0.305555582       38.9513550       2.11935863E-02   5.44058418E-12   3.10720090E-04   4.03472828E-03  -1.43497484E-04  -2.29324055       1.98882580       8.94111395E-02
   3.00000000       800.000000      0.307996303       39.2577019       2.07931306E-02   5.29606871E-12   3.60815087E-04   3.98737006E-03  -1.28398824E-04  -2.26601696       1.98878860       8.96203071E-02
   4.00000000       800.000000      0.310469896       39.5681572       2.03807615E-02   5.15047510E-12   3.97285825E-04   3.94060649E-03  -1.22508660E-04  -2.23781013       1.98875391       9.34620351E-02
   5.00000000       800.000000      0.312931180       39.8770142       1.99474376E-02   5.00156427E-12   4.11044544E-04   3.89444293E-03  -1.25991879E-04  -2.20775366       1.98870969       9.92160961E-02
   6.00000000       800.000000      0.315432847       40.1933212       1.94901768E-02   4.84871084E-12   3.98120639E-04   3.84879112E-03  -1.30591085E-04  -2.17546868       1.98867249      0.105388053    
   7.00000000       800.000000      0.317947745       40.5082169       1.90116335E-02   4.69268287E-12   3.59206053E-04   3.80357681E-03  -1.28318483E-04  -2.14099813       1.98863173      0.110676400    
   8.00000000       800.000000      0.320495814       40.8281288       1.85199454E-02   4.53557634E-12   2.99770269E-04   3.75885749E-03  -1.17690834E-04  -2.10480762       1.98859215      0.113670208    
   9.00000000       800.000000      0.323059022       41.1489258       1.80287287E-02   4.38074967E-12   2.29928934E-04   3.71455890E-03  -9.87823296E-05  -2.06784773       1.98856282      0.113477044    
   10.0000000       800.000000      0.325634599       41.4749947       1.75517667E-02   4.23149016E-12   1.61975477E-04   3.67079838E-03  -7.60950570E-05  -2.03119540       1.98853791      0.109974518    
   11.0000000       800.000000      0.328246117       41.8027420       1.71013158E-02   4.09067225E-12   1.07634347E-04   3.62735405E-03  -4.38875468E-05  -1.99594021       1.98851728      0.103658795    
   12.0000000       800.000000      0.330868602       42.1312904       1.66846383E-02   3.95977131E-12   7.53626809E-05   3.58449202E-03  -6.38242955E-06  -1.96287024       1.98851907       9.58241001E-02
   13.0000000       800.000000      0.333499759       42.4624519       1.63016375E-02   3.83860218E-12   6.76094278E-05   3.54216364E-03   3.19695282E-05  -1.93227279       1.98853242       8.82519409E-02
   2.00000000       800.000000      0.336178690       42.7972488       1.59451477E-02   3.72528050E-12   7.99779446E-05   3.50032002E-03   6.26711408E-05  -1.90376210       1.98855400       8.25267360E-02
   3.00000000       800.000000      0.338866234       43.1343956       1.56050492E-02   3.61730828E-12   1.04058199E-04   3.45904217E-03   8.37999105E-05  -1.87657058       1.98858023       7.91572183E-02
   4.00000000       800.000000      0.341564178       43.4764404       1.52730830E-02   3.51263354E-12   1.31491121E-04   3.41836177E-03   9.86317973E-05  -1.84991336       1.98861325       7.76669011E-02
   5.00000000       800.000000      0.344298780       43.8198090       1.49442088E-02   3.41011420E-12   1.56890310E-04   3.37793794E-03   1.04419938E-04  -1.82329524       1.98864961       7.72187635E-02
   6.00000000       800.000000      0.347046673       44.1641579       1.46175185E-02   3.30945015E-12   1.78722199E-04   3.33818700E-03   9.90495610E-05  -1.79652488       1.98868322       7.67703131E-02
   7.00000000       800.000000      0.349838823       44.5138283       1.42959272E-02   3.21130319E-12   1.99543661E-04   3.29887099E-03   8.09565900E-05  -1.76979816       1.98871481       7.54659474E-02
   8.00000000       800.000000      0.352615893       44.8651733       1.39836632E-02   3.11657622E-12   2.24196672E-04   3.25999199E-03   5.80490087E-05  -1.74351382       1.98872864       7.30555952E-02
   9.00000000       800.000000      0.355454803       45.2186356       1.36840250E-02   3.02590418E-12   2.56608386E-04   3.22163873E-03   3.36948542E-05  -1.71806669       1.98874331       7.00294524E-02
   10.0000000       800.000000      0.358279139       45.5763397       1.33961877E-02   2.93906327E-12   2.97248014E-04   3.18379747E-03   1.42293511E-05  -1.69353223       1.98875046       6.72623888E-02
   11.0000000       800.000000      0.361149102       45.9357567       1.31168161E-02   2.85524230E-12   3.42759769E-04   3.14639113E-03   2.76998185E-06  -1.66967821       1.98874843       6.53987452E-02
   12.0000000       800.000000      0.364027262       46.2968864       1.28408410E-02   2.77327813E-12   3.87385371E-04   3.10946140E-03  -1.81762812E-06  -1.64610744       1.98875022       6.48071766E-02
   13.0000000       800.000000      0.366944253       46.6631355       1.25627043E-02   2.69195040E-12   4.24218684E-04   3.07293679E-03   5.10308894E-07  -1.62230504       1.98875141       6.55653253E-02
   2.00000000       800.000000      0.369876415       47.0312233       1.22779990E-02   2.61033751E-12   4.47133410E-04   3.03695560E-03   7.38110248E-06  -1.59779263       1.98875320       6.72643483E-02
   3.00000000       800.000000      0.372847915       47.4044495       1.19857267E-02   2.52823782E-12   4.53186716E-04   3.00133601E-03   1.39026133E-05  -1.57234716       1.98875988       6.91077858E-02
   4.00000000       800.000000      0.375840873       47.7758026       1.16882753E-02   2.44617672E-12   4.43682482E-04   2.96612061E-03   1.64219819E-05  -1.54605484       1.98876429       7.03273788E-02
   5.00000000       800.000000      0.378836393       48.1548996       1.13901878E-02   2.36511418E-12   4.23519057E-04   2.93135107E-03   1.17047803E-05  -1.51927161       1.98876941       7.03469366E-02
   6.00000000       800.000000      0.381849557       48.5329056       1.10969227E-02   2.28616453E-12   3.99133132E-04   2.89693451E-03   1.24292785E-06  -1.49253798       1.98877192       6.91838861E-02
   7.00000000       800.000000      0.384928495       48.9166336       1.08115096E-02   2.20990153E-12   3.75432370E-04   2.86286883E-03  -1.03607099E-05  -1.46622252       1.98876226       6.73133507E-02
   8.00000000       800.000000      0.388007849       49.3037720       1.05349775E-02   2.13649888E-12   3.54406802E-04   2.82924878E-03  -2.03533564E-05  -1.44051337       1.98875606       6.53023869E-02
   9.00000000       800.000000      0.391112477       49.6939621       1.02660125E-02   2.06563022E-12   3.35008139E-04   2.79599032E-03  -2.57151987E-05  -1.41534519       1.98874271       6.36824667E-02
   10.0000000       800.000000      0.394236952       50.0870171       1.00025395E-02   1.99683933E-12   3.14470381E-04   2.76311720E-03  -2.77123891E-05  -1.39050114       1.98873520       6.25515208E-02
   11.0000000       800.000000      0.397388846       50.4830971       9.74357128E-03   1.92988984E-12   2.90894735E-04   2.73062102E-03  -2.64819264E-05  -1.36582649       1.98872459       6.16558492E-02
   12.0000000       800.000000      0.400564700       50.8813133       9.48945526E-03   1.86481993E-12   2.64522561E-04   2.69839098E-03  -2.44663534E-05  -1.34130311       1.98871648       6.05970472E-02
   13.0000000       800.000000      0.403795749       51.2825050       9.24182404E-03   1.80191192E-12   2.37575179E-04   2.66667153E-03  -2.44352541E-05  -1.31708550       1.98870707       5.91524467E-02
   2.00000000       800.000000      0.406995207       51.6878319       9.00196563E-03   1.74138232E-12   2.12706727E-04   2.63528619E-03  -2.71907375E-05  -1.29334140       1.98869288       5.73795103E-02
   3.00000000       800.000000      0.410275906       52.0953789       8.77061766E-03   1.68332069E-12   1.91767409E-04   2.60413811E-03  -3.29928880E-05  -1.27019155       1.98868096       5.54127470E-02
   4.00000000       800.000000      0.413564175       52.5095062       8.54787044E-03   1.62769689E-12   1.75640103E-04   2.57337512E-03  -4.02262049E-05  -1.24768972       1.98866558       5.34098037E-02
   5.00000000       800.000000      0.416869521       52.9231834       8.33324157E-03   1.57438006E-12   1.64202414E-04   2.54304591E-03  -4.65535704E-05  -1.22583723       1.98864377       5.15427366E-02
   6.00000000       800.000000      0.420203984       53.3436661       8.12586956E-03   1.52315899E-12   1.56642636E-04   2.51304451E-03  -4.95784734E-05  -1.20454562       1.98862302       4.98502851E-02
   7.00000000       800.000000      0.423574746       53.7655487       7.92530924E-03   1.47391116E-12   1.52391935E-04   2.48338305E-03  -4.96031498E-05  -1.18377268       1.98860025       4.82454784E-02
   8.00000000       800.000000      0.426962882       54.1887779       7.73123419E-03   1.42653370E-12   1.51188098E-04   2.45413673E-03  -4.64672448E-05  -1.16351593       1.98858166       4.67478521E-02
   9.00000000       800.000000      0.430381179       54.6191368       7.54284207E-03   1.38084162E-12   1.52065957E-04   2.42518005E-03  -4.13866946E-05  -1.14369380       1.98856473       4.54459377E-02
   10.0000000       800.000000      0.433835030       55.0515404       7.35896360E-03   1.33660563E-12   1.53258501E-04   2.39657774E-03  -3.53848918E-05  -1.12423515       1.98855209       4.44322452E-02
   11.0000000       800.000000      0.437294513       55.4855461       7.17832195E-03   1.29356096E-12   1.52571214E-04   2.36834027E-03  -2.89340423E-05  -1.10499263       1.98853755       4.37126569E-02
   12.0000000       800.000000      0.440796643       55.9234009       7.00022699E-03   1.25157025E-12   1.48507097E-04   2.34031421E-03  -2.18761288E-05  -1.08585274       1.98852897       4.30994816E-02
   13.0000000       800.000000      0.444335788       56.3692284       6.82492880E-03   1.21064020E-12   1.41235359E-04   2.31266278E-03  -1.40116235E-05  -1.06684518       1.98852038       4.24196310E-02
   2.00000000       800.000000      0.447884768       56.8128738       6.65284600E-03   1.17085649E-12   1.32030458E-04   2.28544278E-03  -6.04126808E-06  -1.04800522       1.98852003       4.15887162E-02
   3.00000000       800.000000      0.451492101       57.2652702       6.48483727E-03   1.13232123E-12   1.22764119E-04   2.25839531E-03   2.06115192E-06  -1.02944195       1.98851907       4.05394100E-02
   4.00000000       800.000000      0.455087274       57.7184486       6.32171193E-03   1.09516779E-12   1.15678318E-04   2.23189453E-03   9.80463392E-06  -1.01124835       1.98852420       3.92784066E-02
   5.00000000       800.000000      0.458740443       58.1730003       6.16407162E-03   1.05947358E-12   1.12670969E-04   2.20537558E-03   1.68022834E-05 -0.993544161       1.98853469       3.78768742E-02
   6.00000000       800.000000      0.462410837       58.6358948       6.01218501E-03   1.02524575E-12   1.14898037E-04   2.17947736E-03   2.27005257E-05 -0.976361990       1.98854136       3.64324450E-02
   7.00000000       800.000000      0.466109008       59.0983734       5.86574618E-03   9.92420772E-13   1.22550729E-04   2.15375191E-03   2.72019188E-05 -0.959714949       1.98855305       3.50567773E-02
   8.00000000       800.000000      0.469850868       59.5668716       5.72421961E-03   9.60863442E-13   1.34821123E-04   2.12832424E-03   3.00153097E-05 -0.943550110       1.98856866       3.38350534E-02
   9.00000000       800.000000      0.473630607       60.0369263       5.58676105E-03   9.30429887E-13   1.50220600E-04   2.10327841E-03   3.10358955E-05 -0.927800775       1.98858345       3.28203961E-02
   10.0000000       800.000000      0.477417022       60.5153427       5.45260543E-03   9.00945822E-13   1.66976752E-04   2.07852409E-03   3.03217712E-05 -0.912332118       1.98859906       3.20014283E-02
   11.0000000       800.000000      0.481236160       60.9947357       5.32120746E-03   8.72325270E-13   1.83724420E-04   2.05389457E-03   2.80607637E-05 -0.897115231       1.98861182       3.13027129E-02
   12.0000000       800.000000      0.485106736       61.4788399       5.19241206E-03   8.44520526E-13   1.99868417E-04   2.02983106E-03   2.48195684E-05 -0.882089436       1.98862326       3.06606367E-02
   13.0000000       800.000000      0.489003509       61.9645309       5.06623182E-03   8.17515814E-13   2.15369859E-04   2.00584088E-03   2.08792790E-05 -0.867245793       1.98863196       3.00170965E-02
   2.00000000       800.000000      0.492917389       62.4534645       4.94288141E-03   7.91354666E-13   2.30881735E-04   1.98224396E-03   1.66439968E-05 -0.852616191       1.98864377       2.93066185E-02
   3.00000000       800.000000      0.496857613       62.9518318       4.82290471E-03   7.66068524E-13   2.47573218E-04   1.95890153E-03   1.24771423E-05 -0.838241398       1.98864698       2.85007190E-02
   4.00000000       800.000000      0.500846684       63.4490204       4.70647402E-03   7.41698424E-13   2.66514486E-04   1.93591532E-03   8.71910561E-06 -0.824181378       1.98865497       2.76337937E-02
   5.00000000       800.000000      0.504872501       63.9528084       4.59357351E-03   7.18211406E-13   2.88004609E-04   1.91313890E-03   5.62286732E-06 -0.810449123       1.98865592       2.67924834E-02
   6.00000000       800.000000      0.508909047       64.4573593       4.48362483E-03   6.95507942E-13   3.11037817E-04   1.89067447E-03   3.32142872E-06 -0.797014952       1.98865592       2.60846615E-02
   7.00000000       800.000000      0.512971818       64.9687729       4.37573763E-03   6.73435808E-13   3.33360309E-04   1.86841690E-03   1.77455911E-06 -0.783787131       1.98865592       2.55959388E-02
   8.00000000       800.000000      0.517089903       65.4843674       4.26888652E-03   6.51826141E-13   3.51930183E-04   1.84648461E-03   7.91027503E-07 -0.770651996       1.98865712       2.53524967E-02
   9.00000000       800.000000      0.521240056       66.0012741       4.16224403E-03   6.30543252E-13   3.63800209E-04   1.82473531E-03  -1.04920936E-07 -0.757468998       1.98865891       2.53005214E-02
   10.0000000       800.000000      0.525399923       66.5273361       4.05538222E-03   6.09521168E-13   3.67023778E-04   1.80329510E-03  -9.65451250E-07 -0.744171977       1.98865867       2.53455509E-02
   11.0000000       800.000000      0.529633105       67.0519409       3.94834718E-03   5.88764822E-13   3.60937469E-04   1.78214663E-03  -1.84487180E-06 -0.730729222       1.98865855       2.53805686E-02
   12.0000000       800.000000      0.533852458       67.5886993       3.84164625E-03   5.68346639E-13   3.46387533E-04   1.76118070E-03  -2.63820220E-06 -0.717179596       1.98865998       2.52953544E-02
   13.0000000       800.000000      0.538169861       68.1238251       3.73611320E-03   5.48385502E-13   3.25581961E-04   1.74047926E-03  -3.14973977E-06 -0.703610241       1.98865414       2.50148512E-02
   2.00000000       800.000000      0.542478204       68.6609192       3.63275059E-03   5.29017585E-13   3.01539869E-04   1.71995477E-03  -3.16300270E-06 -0.690147638       1.98865294       2.45147143E-02
   3.00000000       800.000000      0.546837091       69.2043610       3.53243039E-03   5.10360363E-13   2.77460174E-04   1.69963168E-03  -2.67704058E-06 -0.676908493       1.98865092       2.38097329E-02
   4.00000000       800.000000      0.551184714       69.7545853       3.43584060E-03   4.92497969E-13   2.56209867E-04   1.67959719E-03  -1.57477518E-06 -0.664004207       1.98864758       2.29525249E-02
   5.00000000       800.000000      0.555633724       70.3113556       3.34336492E-03   4.75470466E-13   2.39984118E-04   1.65982230E-03  -9.92008324E-08 -0.651504338       1.98865116       2.20009387E-02
   6.00000000       800.000000      0.560065687       70.8701859       3.25516122E-03   4.59282514E-13   2.30304577E-04   1.64016359E-03   1.44916498E-06 -0.639457524       1.98865020       2.10071169E-02
   7.00000000       800.000000      0.564574599       71.4266510       3.17117851E-03   4.43910723E-13   2.27990007E-04   1.62077264E-03   2.79783831E-06 -0.627877951       1.98865187       2.00235043E-02
   8.00000000       800.000000      0.569091976       71.9988251       3.09118279E-03   4.29303213E-13   2.33106475E-04   1.60168740E-03   3.71551710E-06 -0.616759479       1.98865557       1.90952048E-02
   9.00000000       800.000000      0.573642910       72.5662689       3.01464112E-03   4.15377585E-13   2.44850962E-04   1.58267724E-03   4.05646369E-06 -0.606054842       1.98865676       1.82782337E-02
   10.0000000       800.000000      0.578249216       73.1417236       2.94099911E-03   4.02040543E-13   2.61392823E-04   1.56404276E-03   3.78158188E-06 -0.595701754       1.98865855       1.76169835E-02
   11.0000000       800.000000      0.582887828       73.7225037       2.86939950E-03   3.89164070E-13   2.80089153E-04   1.54555030E-03   2.85391502E-06 -0.585600674       1.98865986       1.71393827E-02
   12.0000000       800.000000      0.587557673       74.3115692       2.79910630E-03   3.76641833E-13   2.97754479E-04   1.52735470E-03   1.26385885E-06 -0.575640500       1.98865831       1.68609675E-02
   13.0000000       800.000000      0.592285097       74.9019089       2.72929482E-03   3.64355735E-13   3.10906238E-04   1.50929054E-03  -9.46175760E-07 -0.565709174       1.98866177       1.67727210E-02
   2.00000000       800.000000      0.597044110       75.4963303       2.65926961E-03   3.52210177E-13   3.16170364E-04   1.49151927E-03  -3.60656509E-06 -0.555695057       1.98865902       1.68508496E-02
   3.00000000       800.000000      0.601813197       76.0937424       2.58854823E-03   3.40139592E-13   3.10925388E-04   1.47390424E-03  -6.34588923E-06 -0.545510173       1.98865426       1.70236528E-02
   4.00000000       800.000000      0.606662095       76.6995621       2.51716282E-03   3.28160893E-13   2.94488273E-04   1.45646825E-03  -8.71676730E-06 -0.535116613       1.98864746       1.71665922E-02
   5.00000000       800.000000      0.611538589       77.3089294       2.44580605E-03   3.16342140E-13   2.68973061E-04   1.43921340E-03  -1.02416361E-05 -0.524594665       1.98864174       1.71334036E-02
   6.00000000       800.000000      0.616429627       77.9216690       2.37556268E-03   3.04835665E-13   2.39190922E-04   1.42214692E-03  -1.05739582E-05 -0.514081955       1.98863423       1.68168899E-02
   7.00000000       800.000000      0.621346176       78.5425873       2.30771606E-03   2.93795668E-13   2.11324746E-04   1.40525040E-03  -9.75561306E-06 -0.503778815       1.98862863       1.62014905E-02
   8.00000000       800.000000      0.626343310       79.1605453       2.24331324E-03   2.83346209E-13   1.91126324E-04   1.38856110E-03  -8.03744842E-06 -0.493866831       1.98862827       1.53515115E-02
   9.00000000       800.000000      0.631355822       79.7936478       2.18291953E-03   2.73544669E-13   1.82387535E-04   1.37210579E-03  -5.89789897E-06 -0.484472305       1.98862028       1.43979946E-02
   10.0000000       800.000000      0.636449695       80.4251099       2.12639966E-03   2.64361151E-13   1.85678349E-04   1.35584734E-03  -3.77771903E-06 -0.475612193       1.98862123       1.35029526E-02
   11.0000000       800.000000      0.641569495       81.0633545       2.07297993E-03   2.55689594E-13   1.98103211E-04   1.33969798E-03  -2.00609998E-06 -0.467214197       1.98861730       1.28246397E-02
   12.0000000       800.000000      0.646703839       81.7070923       2.02144752E-03   2.47367610E-13   2.13997861E-04   1.32381928E-03  -7.12049427E-07 -0.459089398       1.98861849       1.24492096E-02
   13.0000000       800.000000      0.651862979       82.3593216       1.97063200E-03   2.39248264E-13   2.26959310E-04   1.30816561E-03   2.68471808E-07 -0.451047480       1.98861909       1.23543907E-02
   2.00000000       800.000000      0.657104909       83.0148392       1.91970344E-03   2.31227580E-13   2.32092381E-04   1.29255210E-03   1.04013532E-06 -0.442921251       1.98861599       1.24467304E-02
   3.00000000       800.000000      0.662361264       83.6720734       1.86835590E-03   2.23268534E-13   2.27306562E-04   1.27722370E-03   1.71879674E-06 -0.434624970       1.98862302       1.26034087E-02
   4.00000000       800.000000      0.667716920       84.3404617       1.81676098E-03   2.15388390E-13   2.13573876E-04   1.26203801E-03   2.29519128E-06 -0.426159263       1.98861992       1.27121527E-02
   5.00000000       800.000000      0.673070669       85.0116577       1.76543591E-03   2.07653786E-13   1.94432258E-04   1.24709983E-03   2.74286026E-06 -0.417584121       1.98862028       1.26811331E-02
   6.00000000       800.000000      0.678464949       85.6865540       1.71505765E-03   2.00138707E-13   1.75017136E-04   1.23217795E-03   3.01782097E-06 -0.409018606       1.98862481       1.24867745E-02
   7.00000000       800.000000      0.683868349       86.3630829       1.66625646E-03   1.92910426E-13   1.60309879E-04   1.21754350E-03   3.11652502E-06 -0.400569469       1.98862386       1.21469889E-02
   8.00000000       800.000000      0.689361989       87.0500107       1.61938765E-03   1.86005250E-13   1.53782763E-04   1.20304246E-03   3.07802338E-06 -0.392336011       1.98862815       1.17478939E-02
   9.00000000       800.000000      0.694936693       87.7468338       1.57450896E-03   1.79425376E-13   1.56678478E-04   1.18872116E-03   2.96455164E-06 -0.384306043       1.98863101       1.13340374E-02
   10.0000000       800.000000      0.700467765       88.4404068       1.53146463E-03   1.73141910E-13   1.68117462E-04   1.17458974E-03   2.82162023E-06 -0.376519114       1.98863113       1.10196508E-02
   11.0000000       800.000000      0.706084132       89.1438522       1.48988911E-03   1.67112892E-13   1.85560624E-04   1.16060476E-03   2.66571010E-06 -0.368804395       1.98863530       1.07601741E-02
   12.0000000       800.000000      0.711785257       89.8559036       1.44950487E-03   1.61299535E-13   2.06030978E-04   1.14679337E-03   2.47448816E-06 -0.361264497       1.98864174       1.06782820E-02
   13.0000000       800.000000      0.717506111       90.5660553       1.41003577E-03   1.55669816E-13   2.26657925E-04   1.13320013E-03   2.20881088E-06 -0.353545666       1.98863590       1.05597135E-02
   2.00000000       800.000000      0.723254204       91.2924652       1.37137482E-03   1.50206941E-13   2.45854491E-04   1.11979630E-03   1.83427710E-06 -0.346050531       1.98864019       1.06593128E-02
   3.00000000       800.000000      0.729030788       92.0148239       1.33350177E-03   1.44906141E-13   2.62325077E-04   1.10650470E-03   1.34626339E-06 -0.338063926       1.98863780       1.05291661E-02
   4.00000000       800.000000      0.734885931       92.7492523       1.29648519E-03   1.39771848E-13   2.76612351E-04   1.09346083E-03   7.77969888E-07 -0.330635518       1.98864162       1.07638184E-02
   5.00000000       800.000000      0.740812361       93.4854507       1.26032531E-03   1.34800659E-13   2.87693343E-04   1.08057773E-03   1.74309903E-07 -0.322180778       1.98863900       1.05314627E-02
   6.00000000       800.000000      0.746736884       94.2303009       1.22511317E-03   1.29999473E-13   2.97308288E-04   1.06800930E-03  -4.00192448E-07 -0.314969480       1.98864019       1.09861679E-02
   7.00000000       800.000000      0.752711892       94.9802017       1.19077344E-03   1.25360619E-13   3.02718574E-04   1.05548021E-03  -8.83827056E-07 -0.305700749       1.98863757       1.06476685E-02
   8.00000000       800.000000      0.758787692       95.7357407       1.15745328E-03   1.20890182E-13   3.07533512E-04   1.04339968E-03  -1.21344101E-06 -0.298877895       1.98864400       1.15415715E-02
   9.00000000       800.000000      0.764886141       96.4991150       1.12515944E-03   1.16589233E-13   3.07863404E-04   1.03122229E-03  -1.38527321E-06 -0.288121462       1.98863995       1.10103916E-02
   10.0000000       800.000000      0.770997465       97.2638321       1.09384127E-03   1.12448950E-13   3.09151364E-04   1.01989438E-03  -1.30085061E-06 -0.281965822       1.98863530       1.26725640E-02
   11.0000000       800.000000      0.777200460       98.0346756       1.06446783E-03   1.08565195E-13   3.00903106E-04   1.00797357E-03  -1.15648254E-06 -0.268500477       1.98863316       1.20641952E-02
   12.0000000       800.000000      0.783445537       98.8157425       1.02573493E-03   1.03787977E-13   1.79290655E-04   9.97539610E-04   1.41463055E-17 -0.263137609       1.98863316      -6.83590630E-03
   13.0000000       800.000000      0.789714217       99.6048737       1.00181869E-03   1.00566528E-13   1.78607661E-04   9.85702034E-04  -1.24791859E-17 -0.279250711       1.98863316      -2.04086546E-02
