   0.00000000       190.000000       3.40428352E-02   1.01702809       4.76087502E-04   4.68015080E-12  -8.26142281E-02   1.70756757      -2.14808775E-14  -1.10245042E-03  -7.31285260E-16  -7.60561926E-03
   1.00000000       197.000000       3.40447091E-02   1.05104125       4.68313810E-04   4.45460856E-12  -7.55156726E-02   1.58935535      -2.89891520E-15  -1.36137300E-03  -8.29980692E-16   7.92861218E-04
   2.00000000       200.000000       3.40499915E-02   1.08514261       4.60907584E-04   4.24660654E-12  -8.81258547E-02   1.27485490      -2.67306715E-02  -1.04845804E-03  -9.10182076E-04   4.57819132E-03
   3.00000000       200.000000       3.40571664E-02   1.11914527       5.19187190E-04   4.63803908E-12   7.20788166E-02   1.15207946       6.64653182E-02  -1.04956503E-03   1.35339773E-03  -3.23708029E-03
   4.00000000       200.000000       3.40652503E-02   1.15326166       5.94233687E-04   5.15171022E-12  0.108912863       1.04961276      0.152072832      -1.26897579E-03   6.53381785E-03  -6.02351828E-03
   5.00000000       200.000000       3.40752266E-02   1.18727005       6.77929376E-04   5.70868092E-12  0.125270948      0.958823621      0.236954793      -1.46001624E-03   1.46083506E-02  -5.58571750E-03
   6.00000000       200.000000       3.40886116E-02   1.22141874       7.63764605E-04   6.25205660E-12  0.132961646      0.883830011      0.318674594      -1.64972991E-03   2.54717339E-02  -5.28425118E-03
   7.00000000       200.000000       3.41038704E-02   1.25543642       8.54648417E-04   6.80603360E-12  0.136779323      0.821450055      0.393443733      -1.82037242E-03   3.88900526E-02  -5.26587153E-03
   8.00000000       200.000000       3.41209993E-02   1.28956389       9.56101867E-04   7.41259398E-12  0.138184279      0.768865049      0.464054108      -2.00900249E-03   5.47244623E-02  -5.93786919E-03
   9.00000000       200.000000       3.41415480E-02   1.32373023       1.07179547E-03   8.09534557E-12  0.138174146      0.723768771      0.532582819      -2.22571334E-03   7.29077533E-02  -6.80170255E-03
   10.0000000       200.000000       3.41642797E-02   1.35789859       1.20398542E-03   8.86507100E-12  0.137702465      0.684532285      0.597809911      -2.47359625E-03   9.33310762E-02  -8.02677032E-03
   11.0000000       200.000000       3.41873281E-02   1.39207828       1.35680300E-03   9.74506760E-12  0.136906654      0.650181830      0.660808206      -2.77434848E-03  0.115922503      -9.65076406E-03
   2.00000000       200.000000       3.42125520E-02   1.42626679       1.53336686E-03   1.07491698E-11  0.135798752      0.619513810      0.721440077      -3.13372072E-03  0.140605494      -1.15140695E-02
   3.00000000       200.000000       3.42412032E-02   1.46045995       1.73791964E-03   1.18975897E-11  0.134348109      0.591700912      0.779190779      -3.56255844E-03  0.167286441      -1.35549689E-02
   4.00000000       200.000000       3.42717990E-02   1.49468386       1.97347743E-03   1.32006333E-11  0.132802114      0.566422939      0.833415031      -4.06243466E-03  0.195849746      -1.58614069E-02
   5.00000000       200.000000       3.43041234E-02   1.52902329       2.24416354E-03   1.46746920E-11  0.131132782      0.543201864      0.884214699      -4.65030223E-03  0.226183549      -1.86107177E-02
   6.00000000       200.000000       3.43400165E-02   1.56331646       2.55599967E-03   1.63468631E-11  0.129482001      0.521880150      0.930893540      -5.33997919E-03  0.258150458      -2.17854008E-02
   7.00000000       200.000000       3.43780145E-02   1.59766877       2.91610043E-03   1.82489024E-11  0.127824515      0.501783848      0.971317530      -6.14735298E-03  0.291542470      -2.62557771E-02
   8.00000000       400.000000       3.44163403E-02   1.63212323       3.33504961E-03   2.04308376E-11  0.125639081      0.481671333       1.00506914      -7.14622997E-03  0.326133698      -3.05868983E-02
   9.00000000       400.000000       3.44596468E-02   1.66651404       3.81755503E-03   2.29034968E-11  0.122458912      0.463148206       1.02727592      -8.25405028E-03  0.361532539      -3.50091122E-02
   10.0000000       400.000000       3.45019177E-02   1.70102203       4.37426521E-03   2.57115718E-11  0.119382784      0.446224988       1.03696847      -9.56049003E-03  0.397309780      -4.08752188E-02
   11.0000000       400.000000       3.45477760E-02   1.73553383       5.01280138E-03   2.88786998E-11  0.116414793      0.430641413       1.03133190      -1.10765016E-02  0.432940274      -4.74162735E-02
   12.0000000       400.000000       3.45973931E-02   1.77006423       5.74029936E-03   3.24240253E-11  0.113648303      0.416094601       1.00850511      -1.28390659E-02  0.467830807      -5.46358749E-02
   13.0000000       400.000000       3.46456654E-02   1.80469894       6.56317035E-03   3.63609143E-11  0.111140184      0.402578443      0.966756761      -1.48596633E-02  0.501326025      -6.23319298E-02
   2.00000000       400.000000       3.46989296E-02   1.83938944       7.48517737E-03   4.06872938E-11  0.108888783      0.389998734      0.905599296      -1.71615966E-02  0.532750487      -7.07072839E-02
   3.00000000       400.000000       3.47537622E-02   1.87406790       8.50850064E-03   4.53928943E-11  0.106904022      0.378258675      0.826448917      -1.97705757E-02  0.561472476      -7.96573013E-02
   4.00000000       400.000000       3.48123796E-02   1.90886545       9.63947829E-03   5.04897409E-11  0.105024137      0.367163211      0.729651690      -2.27030031E-02  0.586873174      -8.92063007E-02
   5.00000000       400.000000       3.48717459E-02   1.94381344       1.08819380E-02   5.59758281E-11  0.103429399      0.356794029      0.617027640      -2.59866621E-02  0.608390033      -9.92652774E-02
   6.00000000       400.000000       3.49331126E-02   1.97864985       1.22377928E-02   6.18399151E-11  0.102112986      0.347036958      0.492776036      -2.96320412E-02  0.625604033     -0.109738871    
   7.00000000       400.000000       3.49960364E-02   2.01366401       1.37081575E-02   6.80672949E-11  0.100970395      0.337849647      0.361957997      -3.36605385E-02  0.638270795     -0.120646179    
   8.00000000       400.000000       3.50628383E-02   2.04869795       1.52949439E-02   7.46479545E-11   9.99203995E-02  0.329206914      0.229454160      -3.80843021E-02  0.646315753     -0.131742448    
   9.00000000       400.000000       3.51311862E-02   2.08382654       1.69964489E-02   8.15552695E-11   9.89691690E-02  0.321081460       9.81901139E-02  -4.29078229E-02  0.649765491     -0.142963067    
   10.0000000       400.000000       3.52015831E-02   2.11898565       1.88116170E-02   8.87671880E-11   9.80296955E-02  0.313370615      -2.98390929E-02  -4.81390581E-02  0.648714423     -0.154216170    
   11.0000000       400.000000       3.52728553E-02   2.15418029       2.07370892E-02   9.62522700E-11   9.71145853E-02  0.306047291     -0.152708650      -5.37761673E-02  0.643328309     -0.165265948    
   12.0000000       400.000000       3.53475511E-02   2.18945503       2.27671638E-02   1.03971026E-10   9.63014513E-02  0.299029082     -0.267673492      -5.98105267E-02  0.633866847     -0.176060647    
   13.0000000       400.000000       3.54251340E-02   2.22494793       2.48958077E-02   1.11883544E-10   9.54874977E-02  0.292276651     -0.372251064      -6.62367493E-02  0.620678365     -0.186532497    
   2.00000000       400.000000       3.55066359E-02   2.26028228       2.71164645E-02   1.19951424E-10   9.47863236E-02  0.285817415     -0.464325041      -7.30414912E-02  0.604192972     -0.196707800    
   3.00000000       400.000000       3.55888382E-02   2.29589605       2.94225849E-02   1.28137390E-10   9.41086337E-02  0.279558063     -0.541838109      -8.02213028E-02  0.584910095     -0.206738457    
   4.00000000       400.000000       3.56727764E-02   2.33153582       3.18112038E-02   1.36423234E-10   9.34545770E-02  0.273535520     -0.601703882      -8.77733231E-02  0.563447118     -0.216655552    
   5.00000000       400.000000       3.57585363E-02   2.36718988       3.42788994E-02   1.44788320E-10   9.29061770E-02  0.267789513     -0.641080499      -9.56968144E-02  0.540522635     -0.226586372    
   6.00000000       400.000000       3.58451568E-02   2.40296197       3.68229784E-02   1.53216870E-10   9.23230574E-02  0.262220591     -0.656711698     -0.103997983      0.516982377     -0.236549005    
   7.00000000       400.000000       3.59365791E-02   2.43895650       3.94392461E-02   1.61688010E-10   9.18377042E-02  0.256835997     -0.647337556     -0.112677321      0.493718594     -0.246360600    
   8.00000000       400.000000       3.60317938E-02   2.47496963       4.21277471E-02   1.70198619E-10   9.13581252E-02  0.251625478     -0.614689708     -0.121728308      0.471570015     -0.255960464    
   9.00000000       400.000000       3.61256152E-02   2.51087451       4.48893234E-02   1.78750417E-10   9.09030065E-02  0.246593714     -0.561630726     -0.131146610      0.451281101     -0.266063571    
   10.0000000       400.000000       3.62243615E-02   2.54723430       4.77284081E-02   1.87355950E-10   9.04711932E-02  0.241724744     -0.491630077     -0.140977949      0.433471680     -0.276504606    
   11.0000000       400.000000       3.63236889E-02   2.58347154       5.06400391E-02   1.95995109E-10   8.99988338E-02  0.237003088     -0.408486694     -0.151206791      0.418634236     -0.286937445    
   12.0000000       400.000000       3.64281610E-02   2.61973166       5.36237024E-02   2.04660927E-10   8.94517303E-02  0.232403100     -0.314892977     -0.161853209      0.407163411     -0.297662169    
   13.0000000       400.000000       3.65312435E-02   2.65625191       5.66796809E-02   2.13353724E-10   8.88985693E-02  0.227950364     -0.214531541     -0.172923625      0.399326444     -0.308320403    
   2.00000000       400.000000       3.66381556E-02   2.69287086       5.98059185E-02   2.22062924E-10   8.82523879E-02  0.223619908     -0.111341767     -0.184413657      0.395246714     -0.318629801    
   3.00000000       400.000000       3.67491208E-02   2.72951531       6.29986972E-02   2.30773789E-10   8.75540599E-02  0.219395101      -9.70309041E-03 -0.196307167      0.394890100     -0.328805447    
   4.00000000       400.000000       3.68596762E-02   2.76648116       6.62561208E-02   2.39476661E-10   8.68085250E-02  0.215299249       8.66732672E-02 -0.208616704      0.398085296     -0.339045137    
   5.00000000       400.000000       3.69738303E-02   2.80324292       6.95777461E-02   2.48170734E-10   8.59384462E-02  0.211299628      0.174052343     -0.221340880      0.404520273     -0.348780125    
   6.00000000       400.000000       3.70923392E-02   2.84031177       7.29552284E-02   2.56825172E-10   8.50884989E-02  0.207387343      0.247294113     -0.234449178      0.413693398     -0.357971519    
   7.00000000       400.000000       3.72101963E-02   2.87746811       7.63875544E-02   2.65436367E-10   8.42493549E-02  0.203575283      0.302215874     -0.247939065      0.424938798     -0.367062956    
   8.00000000       400.000000       3.73310633E-02   2.91468883       7.98716396E-02   2.73994272E-10   8.33870173E-02  0.199847817      0.337082177     -0.261811137      0.437522501     -0.376023650    
   9.00000000       400.000000       3.74547355E-02   2.95214677       8.34038481E-02   2.82487589E-10   8.25209022E-02  0.196191341      0.351432621     -0.276060849      0.450686157     -0.384743690    
   10.0000000       400.000000       3.75822932E-02   2.98967767       8.69876817E-02   2.90927754E-10   8.17034245E-02  0.192614466      0.345203340     -0.290681303      0.463659555     -0.393167078    
   11.0000000       400.000000       3.77115831E-02   3.02733731       9.06195268E-02   2.99305303E-10   8.08285102E-02  0.189110518      0.319326490     -0.305663288      0.475700200     -0.401399165    
   12.0000000       400.000000       3.78417671E-02   3.06507659       9.42991823E-02   3.07620790E-10   7.98775479E-02  0.185664341      0.277208000     -0.321007520      0.486191481     -0.409385949    
   13.0000000       400.000000       3.79736088E-02   3.10296249       9.80266854E-02   3.15873494E-10   7.88040459E-02  0.182282940      0.223437846     -0.336701125      0.494676024     -0.416926146    
   2.00000000       400.000000       3.81093584E-02   3.14102793      0.101803079       3.24069549E-10   7.76690543E-02  0.178968564      0.162153870     -0.352730036      0.500855863     -0.424204260    
   3.00000000       400.000000       3.82481478E-02   3.17926812      0.105627440       3.32206207E-10   7.64731914E-02  0.175724432       9.76678655E-02 -0.369093925      0.504590988     -0.431416333    
   4.00000000       400.000000       3.83906849E-02   3.21746230      0.109503411       3.40295486E-10   7.51851276E-02  0.172548965       3.39964703E-02 -0.385793746      0.505897403     -0.438541800    
   5.00000000       400.000000       3.85340862E-02   3.25593615      0.113433249       3.48343326E-10   7.38227367E-02  0.169447303      -2.63370052E-02 -0.402827442      0.504882514     -0.445284545    
   6.00000000       400.000000       3.86794209E-02   3.29459786      0.117414460       3.56343788E-10   7.22953305E-02  0.166411787      -8.06261897E-02 -0.420174718      0.501763463     -0.451565832    
   7.00000000       400.000000       3.88261117E-02   3.33332801      0.121447481       3.64299313E-10   7.06505105E-02  0.163454324     -0.125702932     -0.437826216      0.496882886     -0.457857698    
   8.00000000       400.000000       3.89781781E-02   3.37215042      0.125536591       3.72220865E-10   6.88452050E-02  0.160560623     -0.159372255     -0.455797642      0.490671873     -0.464383453    
   9.00000000       400.000000       3.91310640E-02   3.41121101      0.129689306       3.80131648E-10   6.67593330E-02  0.157738820     -0.178730994     -0.474098176      0.483676672     -0.470897287    
   10.0000000       400.000000       3.92854065E-02   3.45050335      0.133899346       3.88012483E-10   6.44985884E-02  0.154989809     -0.179950684     -0.492723435      0.476606488     -0.477881551    
   11.0000000       400.000000       3.94439995E-02   3.48992372      0.138183072       3.95908833E-10   6.20702803E-02  0.152314559     -0.164311215     -0.511722565      0.470125705     -0.485679716    
   12.0000000       400.000000       3.96043137E-02   3.52931929      0.142546475       4.03836686E-10   5.93617670E-02  0.149706170     -0.134504035     -0.531116784      0.464800298     -0.494248897    
   13.0000000       400.000000       3.97699885E-02   3.56905532      0.146995828       4.11811779E-10   5.65899909E-02  0.147163019      -9.33244303E-02 -0.550952375      0.461087495     -0.504272521    
   2.00000000       400.000000       3.99327539E-02   3.60901117      0.151561677       4.19913354E-10   5.36240302E-02  0.144679621      -4.84028049E-02 -0.571307480      0.459154308     -0.516220629    
   3.00000000       400.000000       4.01016437E-02   3.64905024      0.156260684       4.28185848E-10   5.05257957E-02  0.142258361      -1.63454551E-03 -0.592269063      0.459089160     -0.531109750    
   4.00000000       400.000000       4.02740240E-02   3.68916464      0.161125556       4.36707032E-10   4.71869931E-02  0.139897615       4.47853990E-02 -0.613995731      0.460893393     -0.548451126    
   5.00000000       400.000000       4.04453352E-02   3.72949243      0.166171730       4.45509074E-10   4.37226556E-02  0.137580141       8.57892334E-02 -0.636539102      0.464362741     -0.568567634    
   6.00000000       400.000000       4.06209007E-02   3.77015471      0.171437293       4.54685872E-10   3.98993865E-02  0.135320976      0.117376737     -0.660089791      0.469130605     -0.591912389    
   7.00000000       400.000000       4.08019014E-02   3.81062984      0.176978767       4.64367073E-10   3.57615799E-02  0.133121416      0.136579499     -0.684735179      0.474704236     -0.622321427    
   8.00000000       400.000000       4.09835242E-02   3.85157919      0.182886124       4.74772999E-10   3.11456881E-02  0.130984098      0.141159177     -0.710985839      0.480489433     -0.664132237    
   9.00000000       400.000000       4.11677249E-02   3.89264297      0.189295352       4.86225393E-10   2.62971707E-02  0.128899261      0.127815172     -0.739292979      0.485750735     -0.726176322    
   10.0000000       800.000000       4.13518026E-02   3.93391180      0.196206242       4.98691644E-10   2.25559659E-02  0.126842067       8.71938691E-02 -0.770908475      0.489355624     -0.801296771    
   11.0000000       800.000000       4.15420607E-02   3.97551847      0.203538537       5.11934051E-10   1.91375967E-02  0.124796845       1.89967062E-02 -0.805716872      0.490145952     -0.854409039    
   12.0000000       800.000000       4.17331755E-02   4.01692963      0.211120769       5.25501198E-10   1.61993653E-02  0.122778535      -6.61584511E-02 -0.842063010      0.487384349     -0.862258136    
   13.0000000       800.000000       4.19295840E-02   4.05884504      0.218806073       5.39018163E-10   1.36926780E-02  0.120800078     -0.141934186     -0.877856195      0.481432587     -0.825251162    
   2.00000000       800.000000       4.21275869E-02   4.10084629      0.226426244       5.52072998E-10   1.16021140E-02  0.118858568     -0.168308944     -0.911426425      0.474343508     -0.769537866    
   3.00000000       800.000000       4.23264094E-02   4.14324856      0.233790159       5.64216951E-10   9.82195791E-03  0.116957903     -0.115082376     -0.942844152      0.469472438     -0.705869317    
   4.00000000       800.000000       4.25276794E-02   4.18554831      0.240778565       5.75194170E-10   8.33484903E-03  0.115104981      -3.95579403E-03 -0.971323311      0.469303757     -0.629702508    
   5.00000000       800.000000       4.27326299E-02   4.22826385      0.247376665       5.84998106E-10   6.85476791E-03  0.113301694       9.68413800E-02 -0.996533513      0.473442316     -0.566326201    
   6.00000000       800.000000       4.29400988E-02   4.27117634      0.253714144       5.93966709E-10   5.50110545E-03  0.111546323      0.126444981      -1.01984406      0.478872478     -0.543718934    
   7.00000000       800.000000       4.31519486E-02   4.31416321      0.259881258       6.02334072E-10   4.27847262E-03  0.109835751       7.64068365E-02  -1.04334283      0.482169837     -0.533759654    
   8.00000000       800.000000       4.33655083E-02   4.35740662      0.265677929       6.09655548E-10   3.19960667E-03  0.108166486       1.84415153E-03  -1.06602502      0.482248038     -0.536217391    
   9.00000000       800.000000       4.35808785E-02   4.40067959      0.271716118       6.17350948E-10   2.25150306E-03  0.106537595      -5.06952666E-02  -1.08996677      0.480039626     -0.552470565    
   10.0000000       800.000000       4.38009016E-02   4.44439697      0.278095245       6.25634544E-10   1.35975308E-03  0.104951307      -6.35123551E-02  -1.11429977      0.477257460     -0.546729028    
   11.0000000       800.000000       4.40220647E-02   4.48833799      0.283918589       6.32487784E-10   5.51798788E-04  0.103402168      -4.27102558E-02  -1.13798416      0.475378007     -0.516426265    
   12.0000000       800.000000       4.42490242E-02   4.53246212      0.289232701       6.38051834E-10  -1.94491542E-04  0.101887755      -7.83555582E-03  -1.15988767      0.475030512     -0.480996430    
   13.0000000       800.000000       4.44775447E-02   4.57707596      0.293768197       6.41774855E-10  -7.09898013E-04  0.100411266       2.90025175E-02  -1.18065774      0.476320386     -0.446023345    
   2.00000000       800.000000       4.47068773E-02   4.62136841      0.297154546       6.42909392E-10  -8.67511029E-04   9.89681482E-02   3.83100882E-02  -1.19966197      0.478033215     -0.374642223    
   3.00000000       800.000000       4.49385233E-02   4.66624355      0.299130917       6.40969111E-10  -8.27258744E-04   9.75573435E-02   9.16892011E-03  -1.21424484      0.478444606     -0.279413164    
   4.00000000       800.000000       4.51754220E-02   4.71121693      0.300161690       6.37027542E-10  -7.57816015E-04   9.61785242E-02  -1.69247799E-02  -1.22484446      0.477680981     -0.200729713    
   5.00000000       800.000000       4.54156250E-02   4.75678205      0.300400585       6.31463382E-10  -6.89817010E-04   9.48300958E-02  -2.18623094E-02  -1.23242819      0.476687938     -0.132257953    
   6.00000000       800.000000       4.56556603E-02   4.80203438      0.299903721       6.24440444E-10  -6.30339724E-04   9.35111195E-02  -1.15300855E-02  -1.23688745      0.476161867      -7.30052218E-02
   7.00000000       800.000000       4.59001064E-02   4.84787893      0.298745811       6.16155460E-10  -5.87208255E-04   9.22211781E-02  -3.06424429E-03  -1.23911345      0.476021171      -4.19956855E-02
   8.00000000       800.000000       4.61495221E-02   4.89382601      0.297047853       6.06892481E-10  -5.64048823E-04   9.09584165E-02  -6.01464475E-04  -1.24075329      0.475993454      -4.03145812E-02
   9.00000000       800.000000       4.64015417E-02   4.94037914      0.294951797       5.96966199E-10  -5.62598405E-04   8.97211581E-02  -4.25418693E-04  -1.24284339      0.475973278      -5.50780520E-02
   10.0000000       800.000000       4.66544069E-02   4.98703766      0.292566508       5.86612536E-10  -5.78503357E-04   8.85073468E-02  -1.09823083E-03  -1.24587870      0.475921839      -7.73490965E-02
   11.0000000       800.000000       4.69110720E-02   5.03345490      0.290017068       5.76097503E-10  -6.11707103E-04   8.73148516E-02  -3.44652566E-03  -1.25008142      0.475761056     -0.102077700    
   12.0000000       800.000000       4.71705161E-02   5.08080530      0.287456453       5.65725244E-10  -6.47810637E-04   8.61422122E-02  -3.69380065E-03  -1.25548196      0.475586414     -0.123584293    
   13.0000000       800.000000       4.74330559E-02   5.12793064      0.284975559       5.55668789E-10  -6.83245366E-04   8.49882588E-02  -8.87509203E-04  -1.26177382      0.475543976     -0.139205515    
   2.00000000       800.000000       4.76989783E-02   5.17558718      0.282639593       5.46047929E-10  -7.05502753E-04   8.38521495E-02   1.65367412E-04  -1.26872432      0.475552261     -0.146961495    
   3.00000000       800.000000       4.79672700E-02   5.22343826      0.280414790       5.36789002E-10  -7.17534625E-04   8.27334374E-02  -2.65519461E-03  -1.27583289      0.475423902     -0.148223028    
   4.00000000       800.000000       4.82396744E-02   5.27148342      0.278310984       5.27901167E-10  -7.21326680E-04   8.16319808E-02  -5.51087502E-03  -1.28298581      0.475158572     -0.146764502    
   5.00000000       800.000000       4.85143214E-02   5.32006216      0.276298821       5.19317755E-10  -7.20029580E-04   8.05466920E-02  -3.95122543E-03  -1.29003119      0.474967569     -0.145057186    
   6.00000000       800.000000       4.87925000E-02   5.36836243      0.274383873       5.11044929E-10  -7.14660622E-04   7.94785842E-02   5.20487898E-04  -1.29709888      0.474992186     -0.144723356    
   7.00000000       800.000000       4.90735136E-02   5.41723442      0.272549540       5.03041553E-10  -7.07421394E-04   7.84269869E-02   1.94477371E-03  -1.30419898      0.475088388     -0.145812079    
   8.00000000       800.000000       4.93605398E-02   5.46674824      0.270810932       4.95332553E-10  -6.95140276E-04   7.73911402E-02  -1.13959459E-03  -1.31145298      0.475032091     -0.147330701    
   9.00000000       800.000000       4.96459454E-02   5.51635075      0.269137681       4.87855645E-10  -6.82911079E-04   7.63713270E-02  -4.37450036E-03  -1.31878340      0.474814683     -0.148104817    
   10.0000000       800.000000       4.99367975E-02   5.56616688      0.267525405       4.80595619E-10  -6.69887697E-04   7.53668472E-02  -1.90479658E-03  -1.32620132      0.474719226     -0.149101108    
   11.0000000       800.000000       5.02316244E-02   5.61612844      0.265974104       4.73547535E-10  -6.55763200E-04   7.43779242E-02   2.59342138E-03  -1.33371687      0.474849731     -0.149597973    
   12.0000000       800.000000       5.05279116E-02   5.66623640      0.264471591       4.66685857E-10  -6.41805120E-04   7.34039396E-02   6.34974916E-04  -1.34127593      0.474882573     -0.149625078    
   13.0000000       800.000000       5.08273505E-02   5.71697474      0.263018727       4.60008032E-10  -6.26412046E-04   7.24447668E-02  -2.66512949E-03  -1.34888196      0.474746555     -0.149536505    
   2.00000000       800.000000       5.11321910E-02   5.76780939      0.261609733       4.53500099E-10  -6.11051742E-04   7.15001151E-02  -9.92857604E-05  -1.35652053      0.474741101     -0.148813546    
   3.00000000       800.000000       5.14377542E-02   5.81939650      0.260233372       4.47139076E-10  -5.95545513E-04   7.05699325E-02   5.72491146E-04  -1.36414659      0.474770844     -0.147684827    
   4.00000000       800.000000       5.17485440E-02   5.87104797      0.258890003       4.40921355E-10  -5.79812622E-04   6.96535334E-02  -5.12377701E-05  -1.37176096      0.474767864     -0.146347687    
   5.00000000       800.000000       5.20629622E-02   5.92277527      0.257572979       4.34833919E-10  -5.63812559E-04   6.87512085E-02   1.06714235E-03  -1.37934017      0.474824101     -0.144650713    
   6.00000000       800.000000       5.23787588E-02   5.97483015      0.256277114       4.28865221E-10  -5.48333162E-04   6.78622872E-02  -8.43929083E-05  -1.38686991      0.474819571     -0.142821223    
   7.00000000       800.000000       5.26992045E-02   6.02751064      0.254999280       4.23006324E-10  -5.33312559E-04   6.69867620E-02  -6.00611274E-05  -1.39434910      0.474816173     -0.140894115    
   8.00000000       800.000000       5.30240014E-02   6.08028364      0.253735691       4.17250845E-10  -5.18859597E-04   6.61244169E-02   5.41670888E-04  -1.40176380      0.474844903     -0.138887390    
   9.00000000       800.000000       5.33496812E-02   6.13364077      0.252484322       4.11593676E-10  -5.05124684E-04   6.52748346E-02   5.05061762E-04  -1.40912223      0.474871546     -0.136762038    
   10.0000000       800.000000       5.36804311E-02   6.18732548      0.251239538       4.06021550E-10  -4.92313120E-04   6.44377917E-02  -4.59175179E-04  -1.41640270      0.474847525     -0.134482771    
   11.0000000       800.000000       5.40157408E-02   6.24103832      0.249999717       4.00532663E-10  -4.81057097E-04   6.36130795E-02  -4.22915153E-04  -1.42360437      0.474824101     -0.131974593    
   12.0000000       800.000000       5.43518029E-02   6.29508209      0.248758361       3.95113192E-10  -4.71451058E-04   6.28005341E-02   2.26634962E-04  -1.43070149      0.474836439     -0.129404768    
   13.0000000       800.000000       5.46922497E-02   6.34962225      0.247513473       3.89760613E-10  -4.64253972E-04   6.19998574E-02  -3.34282202E-04  -1.43771398      0.474817842     -0.126730293    
   2.00000000       800.000000       5.50380871E-02   6.40445566      0.246260032       3.84464183E-10  -4.59198782E-04   6.12108260E-02  -8.26459436E-04  -1.44461095      0.474772304     -0.124253497    
   3.00000000       800.000000       5.53847216E-02   6.45976830      0.245005488       3.79236448E-10  -4.56065900E-04   6.04332462E-02  -2.95322505E-04  -1.45143414      0.474756181     -0.122181602    
   4.00000000       800.000000       5.57359010E-02   6.51546860      0.243745416       3.74068665E-10  -4.53843648E-04   5.96667640E-02  -7.70565588E-04  -1.45818770      0.474714518     -0.119890369    
   5.00000000       800.000000       5.60912378E-02   6.57112312      0.242473647       3.68950787E-10  -4.54349210E-04   5.89113012E-02  -6.56716642E-04  -1.46484113      0.474676162     -0.117054701    
   6.00000000       800.000000       5.64479530E-02   6.62756824      0.241185039       3.63873792E-10  -4.57483693E-04   5.81665002E-02  -3.04236804E-04  -1.47135997      0.474659383     -0.114242062    
   7.00000000       800.000000       5.68098128E-02   6.68420267      0.239894450       3.58860497E-10  -4.62260883E-04   5.74324504E-02  -1.61420703E-05  -1.47778094      0.474658489     -0.112190798    
   8.00000000       800.000000       5.71758151E-02   6.74102211      0.238615781       3.53929552E-10  -4.66054043E-04   5.67087308E-02  -4.38564603E-05  -1.48414767      0.474656284     -0.111134633    
   9.00000000       800.000000       5.75454868E-02   6.79867172      0.237365514       3.49104606E-10  -4.67387785E-04   5.59950471E-02   1.12938840E-04  -1.49053288      0.474663079     -0.110891029    
   10.0000000       800.000000       5.79212233E-02   6.85620070      0.236151293       3.44394430E-10  -4.64100129E-04   5.52916005E-02  -9.70118126E-05  -1.49695373      0.474656194     -0.111355990    
   11.0000000       800.000000       5.82982525E-02   6.91421032      0.234984070       3.39812345E-10  -4.55339032E-04   5.45979962E-02   2.81552115E-04  -1.50347006      0.474673331     -0.112322442    
   12.0000000       800.000000       5.86755127E-02   6.97270107      0.233861223       3.35351802E-10  -4.40387754E-04   5.39141707E-02  -4.48807623E-05  -1.51009250      0.474670887     -0.113249145    
   13.0000000       800.000000       5.90622984E-02   7.03143930      0.232775927       3.31000977E-10  -4.20989440E-04   5.32400310E-02  -2.82597794E-05  -1.51680768      0.474669099     -0.113437481    
   2.00000000       800.000000       5.94485030E-02   7.09108067      0.231709838       3.26731919E-10  -3.98874516E-04   5.25753275E-02  -8.89146395E-05  -1.52353382      0.474663973     -0.112823814    
   3.00000000       800.000000       5.98436110E-02   7.15043688      0.230659440       3.22537413E-10  -3.75903444E-04   5.19200489E-02  -2.14583371E-04  -1.53026354      0.474651068     -0.111882731    
   4.00000000       800.000000       6.02373928E-02   7.21079636      0.229619175       3.18409438E-10  -3.51839059E-04   5.12739494E-02  -1.74373112E-04  -1.53696716      0.474640667     -0.110907204    
   5.00000000       800.000000       6.06374219E-02   7.27131176      0.228590816       3.14349380E-10  -3.27514717E-04   5.06368801E-02  -1.14483169E-04  -1.54367030      0.474632531     -0.109894380    
   6.00000000       800.000000       6.10392392E-02   7.33202028      0.227571532       3.10350301E-10  -3.02420522E-04   5.00087030E-02  -2.01942079E-04  -1.55034208      0.474620432     -0.108899452    
   7.00000000       800.000000       6.14471473E-02   7.39313030      0.226565227       3.06418751E-10  -2.77031795E-04   4.93894108E-02  -5.67568532E-05  -1.55700803      0.474618137     -0.107944205    
   8.00000000       800.000000       6.18590638E-02   7.45494413      0.225567043       3.02545322E-10  -2.51134363E-04   4.87784185E-02  -2.30724690E-05  -1.56365037      0.474615723     -0.106803678    
   9.00000000       800.000000       6.22721761E-02   7.51700449      0.224575862       2.98729347E-10  -2.25756361E-04   4.81761768E-02   1.90408573E-05  -1.57026577      0.474618137     -0.105393127    
   10.0000000       800.000000       6.26941621E-02   7.57950735      0.223584548       2.94958502E-10  -2.01346658E-04   4.75821830E-02   8.93201723E-05  -1.57682109      0.474623203     -0.103552490    
   11.0000000       800.000000       6.31151870E-02   7.64244461      0.222586796       2.91225988E-10  -1.79535840E-04   4.69962880E-02   1.84832214E-04  -1.58329427      0.474634528     -0.100959852    
   12.0000000       800.000000       6.35424033E-02   7.70559978      0.221567214       2.87508989E-10  -1.61929958E-04   4.64185774E-02   2.24012038E-04  -1.58961105      0.474647909      -9.73374322E-02
   13.0000000       800.000000       6.39760271E-02   7.76949692      0.220516443       2.83797374E-10  -1.50923763E-04   4.58488055E-02   2.23071416E-04  -1.59570539      0.474662423      -9.30914283E-02
   2.00000000       800.000000       6.44085407E-02   7.83382225      0.219429865       2.80085150E-10  -1.46467108E-04   4.52864990E-02   2.86936644E-04  -1.60155976      0.474681526      -8.88449922E-02
   3.00000000       800.000000       6.48498610E-02   7.89831066      0.218311936       2.76377754E-10  -1.48621475E-04   4.47319373E-02   2.42538852E-04  -1.60719275      0.474697262      -8.47400576E-02
   4.00000000       800.000000       6.52926117E-02   7.96304750      0.217162415       2.72675882E-10  -1.56492431E-04   4.41846512E-02   1.71881285E-04  -1.61258745      0.474708974      -8.08089450E-02
   5.00000000       800.000000       6.57397360E-02   8.02879810      0.215986550       2.68986305E-10  -1.69742823E-04   4.36447039E-02  -7.92119608E-05  -1.61778033      0.474703014      -7.73649663E-02
   6.00000000       800.000000       6.61928579E-02   8.09504509      0.214793786       2.65320543E-10  -1.86498917E-04   4.31118421E-02  -4.00570425E-04  -1.62279487      0.474676102      -7.48620331E-02
   7.00000000       800.000000       6.66503683E-02   8.16145802      0.213600099       2.61698496E-10  -2.04267475E-04   4.25859727E-02  -5.02346375E-04  -1.62772560      0.474643201      -7.35629201E-02
   8.00000000       800.000000       6.71091229E-02   8.22835445      0.212416753       2.58134375E-10  -2.20661299E-04   4.20671068E-02  -4.85742814E-04  -1.63263309      0.474611849      -7.31385425E-02
   9.00000000       800.000000       6.75772652E-02   8.29508305      0.211251080       2.54632981E-10  -2.34258318E-04   4.15552072E-02  -5.00442635E-04  -1.63757825      0.474576712      -7.30520710E-02
   10.0000000       800.000000       6.80434331E-02   8.36327362      0.210101053       2.51194510E-10  -2.45065836E-04   4.10497673E-02  -3.78966477E-04  -1.64254487      0.474550605      -7.27806836E-02
   11.0000000       800.000000       6.85164854E-02   8.43160915      0.208965376       2.47812243E-10  -2.53470207E-04   4.05510627E-02  -2.57218111E-04  -1.64751434      0.474533617      -7.24019334E-02
   12.0000000       800.000000       6.89990669E-02   8.50011826      0.207844302       2.44489123E-10  -2.59374763E-04   4.00589183E-02  -1.27101985E-05  -1.65249777      0.474532992      -7.21759126E-02
   13.0000000       800.000000       6.94770738E-02   8.56972027      0.206742555       2.41228204E-10  -2.62101763E-04   3.95730548E-02   1.27381441E-04  -1.65750861      0.474541515      -7.23655745E-02
   2.00000000       800.000000       6.99650571E-02   8.63913631      0.205666706       2.38036424E-10  -2.60562985E-04   3.90937105E-02   2.98236730E-04  -1.66258955      0.474562675      -7.31498599E-02
   3.00000000       800.000000       7.04544336E-02   8.70913506      0.204623416       2.34919806E-10  -2.53745529E-04   3.86207476E-02   2.54284445E-04  -1.66778159      0.474580288      -7.43001327E-02
   4.00000000       800.000000       7.09533468E-02   8.77987480      0.203610957       2.31874825E-10  -2.41697810E-04   3.81539166E-02   1.97225992E-04  -1.67309833      0.474594444      -7.51967058E-02
   5.00000000       800.000000       7.14557767E-02   8.85152435      0.202620670       2.28890976E-10  -2.25774929E-04   3.76931652E-02   1.01020378E-04  -1.67849207      0.474601656      -7.54150450E-02
   6.00000000       800.000000       7.19595850E-02   8.92326069      0.201644719       2.25957780E-10  -2.07321820E-04   3.72385457E-02   8.55487815E-05  -1.68391359      0.474607289      -7.51784518E-02
   7.00000000       800.000000       7.24673644E-02   8.99552822      0.200679749       2.23070992E-10  -1.87066733E-04   3.67899351E-02   9.14657267E-06  -1.68934882      0.474608034      -7.47148097E-02
   8.00000000       800.000000       7.29827210E-02   9.06822109      0.199721992       2.20226670E-10  -1.65535137E-04   3.63470316E-02  -1.45195127E-05  -1.69477820      0.474606812      -7.40154088E-02
   9.00000000       800.000000       7.35015273E-02   9.14107132      0.198768780       2.17419013E-10  -1.43507044E-04   3.59102003E-02  -7.98238034E-05  -1.70018899      0.474601269      -7.29365572E-02
   10.0000000       800.000000       7.40236938E-02   9.21487141      0.197813153       2.14641957E-10  -1.21961923E-04   3.54788117E-02  -1.11384434E-04  -1.70553827      0.474593252      -7.12611899E-02
   11.0000000       800.000000       7.45541826E-02   9.28909588      0.196843818       2.11881498E-10  -1.02678889E-04   3.50532010E-02  -1.31155859E-04  -1.71077740      0.474583238      -6.85522407E-02
   12.0000000       800.000000       7.50876293E-02   9.36382198      0.195843309       2.09120762E-10  -8.85477348E-05   3.46331149E-02  -1.13958093E-04  -1.71579838      0.474574178      -6.42867684E-02
   13.0000000       800.000000       7.56227747E-02   9.43945217      0.194792569       2.06337711E-10  -8.26008400E-05   3.42183076E-02  -3.27100970E-05  -1.72046757      0.474571913      -5.88350110E-02
   2.00000000       800.000000       7.61684179E-02   9.51551723      0.193684831       2.03528208E-10  -8.62270099E-05   3.38088758E-02   1.16984147E-05  -1.72472906      0.474574059      -5.32973185E-02
   3.00000000       800.000000       7.67170042E-02   9.59179592      0.192526817       2.00699068E-10  -9.81320627E-05   3.34045812E-02   5.27705060E-06  -1.72861373      0.474573433      -4.84956093E-02
   4.00000000       800.000000       7.72694573E-02   9.66848755      0.191333503       1.97866737E-10  -1.16101655E-04   3.30053978E-02  -5.05858281E-07  -1.73219836      0.474573106      -4.50149216E-02
   5.00000000       800.000000       7.78230131E-02   9.74612713      0.190127015       1.95054889E-10  -1.36217175E-04   3.26110795E-02  -4.10126886E-05  -1.73559380      0.474570274      -4.34997603E-02
   6.00000000       800.000000       7.83851892E-02   9.82425022      0.188935652       1.92291544E-10  -1.53914109E-04   3.22217494E-02  -5.29050631E-05  -1.73899174      0.474566311      -4.39330377E-02
   7.00000000       800.000000       7.89523125E-02   9.90284920      0.187779158       1.89596089E-10  -1.65778634E-04   3.18372697E-02  -4.89527520E-05  -1.74250865      0.474562794      -4.55742888E-02
   8.00000000       800.000000       7.95280412E-02   9.98241329      0.186663941       1.86974616E-10  -1.70443673E-04   3.14576328E-02  -6.20046631E-05  -1.74621308      0.474557549      -4.74643260E-02
   9.00000000       800.000000       8.01055804E-02   10.0623922      0.185585693       1.84420382E-10  -1.68566447E-04   3.10827289E-02  -7.63419157E-05  -1.75008643      0.474551648      -4.87776846E-02
   10.0000000       800.000000       8.06882754E-02   10.1425762      0.184532434       1.81919688E-10  -1.61961085E-04   3.07126772E-02  -6.99923912E-05  -1.75405943      0.474545121      -4.92512248E-02
   11.0000000       800.000000       8.12722519E-02   10.2231703      0.183494180       1.79463680E-10  -1.52295805E-04   3.03473361E-02  -4.85612545E-05  -1.75806212      0.474541247      -4.91860472E-02
   12.0000000       800.000000       8.18665698E-02   10.3048105      0.182468623       1.77047349E-10  -1.40161283E-04   2.99863275E-02  -1.79748804E-05  -1.76208138      0.474540651      -4.89248969E-02
   13.0000000       800.000000       8.24698508E-02   10.3871059      0.181452110       1.74668460E-10  -1.26092345E-04   2.96300370E-02   1.03447273E-05  -1.76609981      0.474541247      -4.85194176E-02
   2.00000000       800.000000       8.30690786E-02   10.4702911      0.180444494       1.72325321E-10  -1.10406290E-04   2.92782411E-02   3.15269535E-05  -1.77011406      0.474543333      -4.79364321E-02
   3.00000000       800.000000       8.36792067E-02   10.5531397      0.179441199       1.70013462E-10  -9.37876102E-05   2.89307870E-02   4.40044605E-05  -1.77409554      0.474548191      -4.69790287E-02
   4.00000000       800.000000       8.42924491E-02   10.6371202      0.178435951       1.67726014E-10  -7.73516003E-05   2.85878610E-02   4.59251714E-05  -1.77800500      0.474551648      -4.54098545E-02
   5.00000000       800.000000       8.49149227E-02   10.7222576      0.177418128       1.65453817E-10  -6.28876878E-05   2.82490589E-02   4.17410120E-05  -1.78177881      0.474554539      -4.28462438E-02
   6.00000000       800.000000       8.55400413E-02   10.8070173      0.176371828       1.63180691E-10  -5.29590689E-05   2.79146265E-02   2.85791157E-05  -1.78530693      0.474557668      -3.89454663E-02
   7.00000000       800.000000       8.61672983E-02   10.8929453      0.175280645       1.60892924E-10  -5.04166819E-05   2.75842268E-02   3.42606218E-05  -1.78846741      0.474559814      -3.39540429E-02
   8.00000000       800.000000       8.68062824E-02   10.9799843      0.174137905       1.58584521E-10  -5.66675553E-05   2.72579286E-02   5.40869623E-05  -1.79117858      0.474565357      -2.88510695E-02
   9.00000000       800.000000       8.74475688E-02   11.0664978      0.172953591       1.56266527E-10  -7.01734243E-05   2.69357022E-02   6.35875404E-05  -1.79348993      0.474570185      -2.50218026E-02
   10.0000000       800.000000       8.80924463E-02   11.1543617      0.171754092       1.53961371E-10  -8.64231260E-05   2.66172532E-02   4.78029287E-05  -1.79557264      0.474574864      -2.35702991E-02
   11.0000000       800.000000       8.87458175E-02   11.2425718      0.170571551       1.51699181E-10  -9.97810275E-05   2.63028182E-02   1.55743055E-05  -1.79766405      0.474576145      -2.44627260E-02
   12.0000000       800.000000       8.94047245E-02   11.3320246      0.169426337       1.49495777E-10  -1.06655963E-04   2.59920545E-02  -3.13227647E-05  -1.79993117      0.474573433      -2.62867883E-02
   13.0000000       800.000000       9.00711343E-02   11.4218473      0.168317378       1.47350687E-10  -1.06768588E-04   2.56851800E-02  -4.57883179E-05  -1.80237854      0.474569082      -2.78518274E-02
   2.00000000       800.000000       9.07422155E-02   11.5118284      0.167238742       1.45256751E-10  -1.01181795E-04   2.53820121E-02  -3.68542096E-05  -1.80496740      0.474566311      -2.88607199E-02
   3.00000000       800.000000       9.14164707E-02   11.6033077      0.166182011       1.43205864E-10  -9.13789263E-05   2.50826739E-02  -2.71965891E-05  -1.80763507      0.474563509      -2.92036179E-02
   4.00000000       800.000000       9.20993984E-02   11.6952047      0.165138885       1.41190240E-10  -7.88875914E-05   2.47868244E-02  -2.11866427E-05  -1.81032765      0.474561393      -2.89182290E-02
   5.00000000       800.000000       9.27866399E-02   11.7873383      0.164102495       1.39204176E-10  -6.50023430E-05   2.44947504E-02  -1.82968670E-05  -1.81298435      0.474559665      -2.81578768E-02
   6.00000000       800.000000       9.34779644E-02   11.8806105      0.163067639       1.37241607E-10  -5.07680707E-05   2.42063273E-02  -1.62019751E-05  -1.81557047      0.474558026      -2.69563794E-02
   7.00000000       800.000000       9.41774696E-02   11.9743528      0.162027225       1.35297468E-10  -3.73199291E-05   2.39212643E-02  -1.77237544E-05  -1.81804216      0.474556655      -2.51138993E-02
   8.00000000       800.000000       9.48819369E-02   12.0688763      0.160970598       1.33362474E-10  -2.64302071E-05   2.36396790E-02  -1.51112245E-05  -1.82031977      0.474554569      -2.23538391E-02
   9.00000000       800.000000       9.55979601E-02   12.1640635      0.159884378       1.31425454E-10  -2.04451007E-05   2.33616643E-02  -1.54685113E-05  -1.82229936      0.474554121      -1.84466355E-02
   10.0000000       800.000000       9.63135287E-02   12.2600622      0.158755079       1.29475888E-10  -2.18948480E-05   2.30870340E-02  -9.73919759E-06  -1.82385933      0.474552602      -1.35936420E-02
   11.0000000       800.000000       9.70358253E-02   12.3568468      0.157580510       1.27512167E-10  -3.15268917E-05   2.28154864E-02   5.00990836E-06  -1.82492566      0.474552691      -9.20049008E-03
   12.0000000       800.000000       9.77677032E-02   12.4544106      0.156381860       1.25552430E-10  -4.59585535E-05   2.25472543E-02   2.23023344E-05  -1.82565069      0.474555463      -6.97673531E-03
   13.0000000       800.000000       9.85076427E-02   12.5523767      0.155192226       1.23623584E-10  -5.90324162E-05   2.22825371E-02   2.13653966E-05  -1.82629538      0.474558026      -7.44408555E-03
   2.00000000       800.000000       9.92456749E-02   12.6510534      0.154039279       1.21746016E-10  -6.55975091E-05   2.20205188E-02   2.34031795E-05  -1.82712352      0.474560052      -9.52949654E-03
   3.00000000       800.000000       9.99961421E-02   12.7503929      0.152927741       1.19923071E-10  -6.42678206E-05   2.17618756E-02   2.13295971E-05  -1.82819927      0.474561930      -1.14798732E-02
   4.00000000       800.000000      0.100751281       12.8514633      0.151846021       1.18144883E-10  -5.68221003E-05   2.15064269E-02   1.53242145E-05  -1.82942843      0.474563241      -1.24154193E-02
   5.00000000       800.000000      0.101513669       12.9527330      0.150781274       1.16400514E-10  -4.57381357E-05   2.12539062E-02   1.07780234E-05  -1.83070672      0.474564970      -1.23827746E-02
   6.00000000       800.000000      0.102282949       13.0543804      0.149723992       1.14681889E-10  -3.31478150E-05   2.10044738E-02   5.12174302E-06  -1.83195019      0.474565357      -1.15654105E-02
   7.00000000       800.000000      0.103057869       13.1565609      0.148664281       1.12981506E-10  -2.08924630E-05   2.07582973E-02   4.49371214E-07  -1.83308458      0.474564850      -1.00049721E-02
   8.00000000       800.000000      0.103839546       13.2604132      0.147592410       1.11291969E-10  -1.06237258E-05   2.05148105E-02  -3.44258297E-06  -1.83402300      0.474563926      -7.60141108E-03
   9.00000000       800.000000      0.104626514       13.3645535      0.146496743       1.09604277E-10  -4.16629427E-06   2.02743709E-02  -7.28740224E-06  -1.83466566      0.474564016      -4.36569331E-03
   10.0000000       800.000000      0.105420068       13.4691267      0.145369440       1.07912894E-10  -3.57636509E-06   2.00367384E-02  -1.34274578E-05  -1.83493829      0.474562019      -4.32068104E-04
   11.0000000       800.000000      0.106228657       13.5754204      0.144205034       1.06214003E-10  -9.88881493E-06   1.98019166E-02  -1.68102233E-05  -1.83475733      0.474560231       3.54910176E-03
   12.0000000       800.000000      0.107034281       13.6821260      0.143014923       1.04516500E-10  -2.12265149E-05   1.95697751E-02  -1.95292050E-05  -1.83418274      0.474558681       6.00344269E-03
   13.0000000       800.000000      0.107849084       13.7891541      0.141828671       1.02842089E-10  -3.23282729E-05   1.93405431E-02  -1.25536972E-05  -1.83346939      0.474557817       5.98731870E-03
   2.00000000       800.000000      0.108672515       13.8981247      0.140672386       1.01208805E-10  -3.82005674E-05   1.91139877E-02  -1.63030472E-06  -1.83288574      0.474557132       4.48887236E-03
   3.00000000       800.000000      0.109497771       14.0066690      0.139549866       9.96193822E-11  -3.72706600E-05   1.88900847E-02   6.06168487E-06  -1.83248711      0.474558055       2.93665216E-03
   4.00000000       800.000000      0.110339761       14.1170921      0.138455763       9.80687545E-11  -3.04613186E-05   1.86688546E-02   4.86350973E-06  -1.83224010      0.474558115       2.03347020E-03
   5.00000000       800.000000      0.111177742       14.2269335      0.137378916       9.65485122E-11  -2.00883314E-05   1.84501503E-02   5.20504773E-06  -1.83203757      0.474557847       2.09188205E-03
   6.00000000       800.000000      0.112030037       14.3394938      0.136306584       9.50492740E-11  -8.70814893E-06   1.82343964E-02   6.01490956E-06  -1.83177209      0.474559903       3.20282369E-03
   7.00000000       800.000000      0.112885214       14.4517355      0.135225266       9.35613947E-11   1.23240238E-06   1.80211328E-02   7.10816266E-06  -1.83131719      0.474560469       5.34832105E-03
   8.00000000       800.000000      0.113750286       14.5650282      0.134123683       9.20771931E-11   7.48958746E-06   1.78099945E-02   7.31678801E-06  -1.83055913      0.474561602       8.33338033E-03
   9.00000000       800.000000      0.114624061       14.6793976      0.132993653       9.05912428E-11   8.42283771E-06   1.76019929E-02   7.39779261E-06  -1.82941616      0.474562556       1.17405523E-02
   10.0000000       800.000000      0.115506783       14.7940674      0.131836340       8.91044877E-11   3.81060931E-06   1.73961148E-02   2.74231093E-06  -1.82785904      0.474562496       1.47886407E-02
   11.0000000       800.000000      0.116393380       14.9101496      0.130664572       8.76257122E-11  -3.92577431E-06   1.71923153E-02  -3.90117111E-06  -1.82598734      0.474562585       1.64374374E-02
   12.0000000       800.000000      0.117281690       15.0272551      0.129500747       8.61700017E-11  -1.05004574E-05   1.69914719E-02  -6.74089279E-06  -1.82401824      0.474561006       1.63215455E-02
   13.0000000       800.000000      0.118191823       15.1445360      0.128361538       8.47478823E-11  -1.24504604E-05   1.67927574E-02  -7.06767742E-06  -1.82214272      0.474560231       1.52768670E-02
   2.00000000       800.000000      0.119099334       15.2630339      0.127248287       8.33598884E-11  -8.90125921E-06   1.65961869E-02  -3.16359660E-06  -1.82039130      0.474559397       1.43696889E-02
   3.00000000       800.000000      0.120015435       15.3828135      0.126153767       8.20006216E-11  -1.38524172E-06   1.64021105E-02  -6.45109708E-08  -1.81870604      0.474559784       1.42531907E-02
   4.00000000       800.000000      0.120940529       15.5036430      0.125065267       8.06612693E-11   7.43282135E-06   1.62104703E-02   2.25264307E-06  -1.81695640      0.474560261       1.52664958E-02
   5.00000000       800.000000      0.121867239       15.6249332      0.123968020       7.93324295E-11   1.46285765E-05   1.60210095E-02   4.31252693E-06  -1.81499803      0.474561453       1.74192004E-02
   6.00000000       800.000000      0.122810721       15.7464323      0.122850344       7.80064832E-11   1.79423932E-05   1.58338044E-02   6.46833587E-06  -1.81269705      0.474561900       2.01693326E-02
   7.00000000       800.000000      0.123757191       15.8707790      0.121711835       7.66832015E-11   1.66259615E-05   1.56486947E-02   6.24055792E-06  -1.81002605      0.474561960       2.28794329E-02
   8.00000000       800.000000      0.124716990       15.9948425      0.120557018       7.53654847E-11   1.16463798E-05   1.54658370E-02   6.47301476E-06  -1.80701292      0.474563241       2.48883255E-02
   9.00000000       800.000000      0.125679165       16.1200333      0.119400360       7.40628184E-11   5.91028538E-06   1.52850822E-02   3.85284193E-06  -1.80379748      0.474563062       2.55491696E-02
   10.0000000       800.000000      0.126648560       16.2460766      0.118258625       7.27848476E-11   2.75769776E-06   1.51063921E-02   1.50533779E-07  -1.80056393      0.474564493       2.51576714E-02
   11.0000000       800.000000      0.127627030       16.3736973      0.117137514       7.15350487E-11   3.73087482E-06   1.49300853E-02  -1.90461344E-06  -1.79739630      0.474565119       2.45842952E-02
   12.0000000       800.000000      0.128622070       16.5009899      0.116033062       7.03102437E-11   8.27904387E-06   1.47553738E-02  -3.08230892E-06  -1.79426348      0.474563271       2.44539008E-02
   13.0000000       800.000000      0.129615709       16.6299458      0.114936709       6.91054505E-11   1.44911119E-05   1.45831108E-02  -5.03054935E-06  -1.79108346      0.474562377       2.51797605E-02
   2.00000000       800.000000      0.130617574       16.7607040      0.113836311       6.79123702E-11   1.97867521E-05   1.44124143E-02  -3.71384067E-06  -1.78771126      0.474562287       2.68533304E-02
   3.00000000       800.000000      0.131631613       16.8909397      0.112722628       6.67258956E-11   2.22004383E-05   1.42441113E-02  -2.40397912E-06  -1.78403950      0.474561274       2.89996117E-02
   4.00000000       800.000000      0.132658064       17.0234966      0.111595549       6.55459298E-11   2.13278636E-05   1.40778478E-02  -4.71141846E-07  -1.78004658      0.474561632       3.09684686E-02
   5.00000000       800.000000      0.133689612       17.1564980      0.110461242       6.43761641E-11   1.84968758E-05   1.39131052E-02   2.17096385E-06  -1.77579248      0.474561125       3.22300866E-02
   6.00000000       800.000000      0.134727374       17.2917385      0.109331265       6.32230865E-11   1.60539730E-05   1.37510048E-02   1.94276072E-06  -1.77139854      0.474561810       3.26092392E-02
   7.00000000       800.000000      0.135772675       17.4260139      0.108213514       6.20909296E-11   1.59117644E-05   1.35901989E-02   7.56118595E-07  -1.76697302      0.474562556       3.25284041E-02
   8.00000000       800.000000      0.136831790       17.5625153      0.107108764       6.09802694E-11   1.83789562E-05   1.34314699E-02  -1.19193612E-06  -1.76252961      0.474561363       3.25786322E-02
   9.00000000       800.000000      0.137887821       17.6995029      0.106011771       5.98871785E-11   2.23577044E-05   1.32746082E-02  -3.17101217E-06  -1.75801921      0.474561393       3.31607461E-02
   10.0000000       800.000000      0.138969555       17.8388729      0.104914278       5.88074520E-11   2.59672161E-05   1.31190233E-02  -4.91563742E-06  -1.75334907      0.474561393       3.44179608E-02
   11.0000000       800.000000      0.140046909       17.9775219      0.103809752       5.77367425E-11   2.76855280E-05   1.29661011E-02  -4.68034841E-06  -1.74842012      0.474559844       3.60126533E-02
   12.0000000       800.000000      0.141143247       18.1181393      0.102698147       5.66751021E-11   2.72886646E-05   1.28143365E-02  -3.73631315E-06  -1.74322426      0.474559903       3.74468453E-02
   13.0000000       800.000000      0.142242312       18.2606220      0.101583838       5.56253654E-11   2.57474512E-05   1.26647837E-02  -1.96128394E-06  -1.73780596      0.474559486       3.84050123E-02
   2.00000000       800.000000      0.143348306       18.4025784      0.100474082       5.45906480E-11   2.45828360E-05   1.25165777E-02  -2.27557763E-07  -1.73225665      0.474559367       3.88413556E-02
   3.00000000       800.000000      0.144470185       18.5468769       9.93729681E-02   5.35734547E-11   2.49083805E-05   1.23708257E-02  -4.72472159E-08  -1.72662759      0.474558622       3.90419066E-02
   4.00000000       800.000000      0.145599216       18.6916237       9.82805490E-02   5.25734491E-11   2.67766718E-05   1.22260656E-02  -2.21827321E-07  -1.72093081      0.474558622       3.93737480E-02
   5.00000000       800.000000      0.146730632       18.8387299       9.71930102E-02   5.15882302E-11   2.93008234E-05   1.20832836E-02  -1.36337246E-06  -1.71511543      0.474559486       4.00709212E-02
   6.00000000       800.000000      0.147886083       18.9852219       9.61054862E-02   5.06151752E-11   3.13064229E-05   1.19420569E-02  -2.49503910E-06  -1.70912421      0.474558502       4.11068387E-02
   7.00000000       800.000000      0.149040878       19.1336536       9.50152501E-02   4.96527298E-11   3.21767147E-05   1.18025942E-02  -2.84146404E-06  -1.70291209      0.474558800       4.21804413E-02
   8.00000000       800.000000      0.150206983       19.2841053       9.39246863E-02   4.87020597E-11   3.22351189E-05   1.16647361E-02  -2.64134383E-06  -1.69650388      0.474558055       4.30190489E-02
   9.00000000       800.000000      0.151375279       19.4338169       9.28372890E-02   4.77646672E-11   3.22958149E-05   1.15280217E-02  -1.77890968E-06  -1.68993783      0.474557221       4.35799807E-02
   10.0000000       800.000000      0.152559474       19.5859928       9.17556435E-02   4.68418394E-11   3.30410403E-05   1.13932155E-02  -1.08811844E-06  -1.68325686      0.474557489       4.39789258E-02
   11.0000000       800.000000      0.153755501       19.7391071       9.06797498E-02   4.59334758E-11   3.45489134E-05   1.12605523E-02  -6.49037020E-07  -1.67646658      0.474557012       4.44351248E-02
   12.0000000       800.000000      0.154966682       19.8943138       8.96076262E-02   4.50382336E-11   3.62612300E-05   1.11288577E-02  -6.60876253E-07  -1.66953874      0.474556893       4.51093912E-02
   13.0000000       800.000000      0.156182289       20.0499210       8.85365531E-02   4.41545273E-11   3.74223309E-05   1.09981587E-02  -1.12496878E-06  -1.66243184      0.474556506       4.59642373E-02
   2.00000000       800.000000      0.157407701       20.2067699       8.74653608E-02   4.32817358E-11   3.77495235E-05   1.08699948E-02  -1.36574999E-06  -1.65512061      0.474556893       4.67824005E-02
   3.00000000       800.000000      0.158632427       20.3635406       8.63960162E-02   4.24208932E-11   3.76221033E-05   1.07425498E-02  -1.34288211E-06  -1.64764404      0.474556923       4.74102683E-02
   4.00000000       800.000000      0.159881696       20.5234394       8.53308216E-02   4.15727661E-11   3.76340067E-05   1.06173735E-02  -8.72835983E-07  -1.64002705      0.474555999       4.78485785E-02
   5.00000000       800.000000      0.161134437       20.6836548       8.42718184E-02   4.07383294E-11   3.82310063E-05   1.04927495E-02  -3.90075911E-07  -1.63228452      0.474556118       4.81813513E-02
   6.00000000       800.000000      0.162408039       20.8466339       8.32192674E-02   3.99171113E-11   3.94572926E-05   1.03702554E-02  -3.43905597E-08  -1.62442803      0.474556684       4.85440046E-02
   7.00000000       800.000000      0.163673609       21.0080662       8.21711048E-02   3.91085636E-11   4.09528475E-05   1.02491109E-02   3.49270692E-08  -1.61645877      0.474556953       4.90273349E-02
   8.00000000       800.000000      0.164970547       21.1726456       8.11263397E-02   3.83118294E-11   4.22899720E-05   1.01294527E-02  -1.36089170E-07  -1.60832751      0.474555433       4.95893136E-02
   9.00000000       800.000000      0.166260168       21.3390827       8.00848827E-02   3.75262946E-11   4.33378518E-05   1.00110807E-02  -3.17142451E-07  -1.60003185      0.474556208       5.01271151E-02
   10.0000000       800.000000      0.167571649       21.5048828       7.90477321E-02   3.67527848E-11   4.42229648E-05   9.89344344E-03  -2.37885345E-07  -1.59158111      0.474556267       5.06030060E-02
   11.0000000       800.000000      0.168884769       21.6747990       7.80140609E-02   3.59904190E-11   4.50669468E-05   9.77755804E-03  -5.58922295E-08  -1.58299994      0.474556267       5.10375910E-02
   12.0000000       800.000000      0.170220941       21.8437004       7.69846141E-02   3.52402239E-11   4.58747891E-05   9.66339279E-03   2.45435729E-07  -1.57427347      0.474556118       5.14695682E-02
   13.0000000       800.000000      0.171562597       22.0148487       7.59598613E-02   3.45010340E-11   4.65208577E-05   9.55019426E-03   4.38311901E-07  -1.56541157      0.474556029       5.19232377E-02
   2.00000000       800.000000      0.172911152       22.1867790       7.49383122E-02   3.37729220E-11   4.69154329E-05   9.43893287E-03   3.91673211E-07  -1.55638301      0.474556118       5.23622595E-02
   3.00000000       800.000000      0.174262822       22.3595982       7.39215836E-02   3.30560579E-11   4.71494895E-05   9.32839792E-03   2.06823771E-07  -1.54723859      0.474556714       5.27375191E-02
   4.00000000       800.000000      0.175636902       22.5350342       7.29100928E-02   3.23505146E-11   4.74143781E-05   9.21873283E-03   8.56693916E-08  -1.53794277      0.474556923       5.30403033E-02
   5.00000000       800.000000      0.177029908       22.7109966       7.19043463E-02   3.16565801E-11   4.78793663E-05   9.11127497E-03   2.40209914E-08  -1.52852392      0.474556237       5.32908067E-02
   6.00000000       800.000000      0.178427994       22.8897495       7.09043145E-02   3.09739213E-11   4.86031022E-05   9.00455751E-03   9.00850310E-08  -1.51900125      0.474556953       5.35219200E-02
   7.00000000       800.000000      0.179832757       23.0675335       6.99108317E-02   3.03028019E-11   4.95221211E-05   8.89922399E-03   2.12507928E-07  -1.50935674      0.474556565       5.37619814E-02
   8.00000000       800.000000      0.181247130       23.2492962       6.89224079E-02   2.96422713E-11   5.04997224E-05   8.79478455E-03   3.06652225E-07  -1.49959099      0.474556029       5.40201329E-02
   9.00000000       800.000000      0.182678327       23.4303741       6.79399073E-02   2.89929261E-11   5.14383610E-05   8.69178865E-03   3.61221993E-07  -1.48968768      0.474557459       5.42718545E-02
   10.0000000       800.000000      0.184120178       23.6137962       6.69624582E-02   2.83538523E-11   5.23234739E-05   8.59021861E-03   4.05025276E-07  -1.47968948      0.474556774       5.45066595E-02
   11.0000000       800.000000      0.185574606       23.7995758       6.59907609E-02   2.77253515E-11   5.31442020E-05   8.48957244E-03   4.33730975E-07  -1.46952641      0.474556923       5.47215082E-02
   12.0000000       800.000000      0.187039450       23.9845982       6.50254488E-02   2.71073823E-11   5.39190951E-05   8.39027483E-03   4.54581681E-07  -1.45927978      0.474557102       5.49073778E-02
   13.0000000       800.000000      0.188515589       24.1725788       6.40656799E-02   2.64997954E-11   5.46741539E-05   8.29169527E-03   4.87318403E-07  -1.44891703      0.474557251       5.50742373E-02
   2.00000000       800.000000      0.190003842       24.3626595       6.31110296E-02   2.59021086E-11   5.54103244E-05   8.19444750E-03   4.71182403E-07  -1.43844402      0.474558055       5.52177615E-02
   3.00000000       800.000000      0.191507503       24.5538692       6.21637627E-02   2.53153522E-11   5.61566412E-05   8.09859298E-03   4.64927751E-07  -1.42785561      0.474556684       5.53349443E-02
   4.00000000       800.000000      0.193027228       24.7454605       6.12221621E-02   2.47385133E-11   5.69190415E-05   8.00355151E-03   4.54472541E-07  -1.41717291      0.474556655       5.54378070E-02
   5.00000000       800.000000      0.194553345       24.9383144       6.02878891E-02   2.41714791E-11   5.76622770E-05   7.90977757E-03   4.50167335E-07  -1.40636551      0.474557936       5.55273592E-02
   6.00000000       800.000000      0.196085945       25.1336231       5.93594722E-02   2.36142061E-11   5.83816509E-05   7.81721994E-03   4.49818145E-07  -1.39548147      0.474557608       5.55932559E-02
   7.00000000       800.000000      0.197636858       25.3313236       5.84383905E-02   2.30671003E-11   5.90958698E-05   7.72537990E-03   4.19102349E-07  -1.38447797      0.474557906       5.56372069E-02
   8.00000000       800.000000      0.199212298       25.5304661       5.75235002E-02   2.25295338E-11   5.98278602E-05   7.63507979E-03   3.70558439E-07  -1.37337685      0.474557221       5.56551069E-02
   9.00000000       800.000000      0.200781316       25.7297115       5.66171110E-02   2.20018916E-11   6.06285139E-05   7.54546933E-03   3.16619122E-07  -1.36223149      0.474557221       5.56402877E-02
   10.0000000       800.000000      0.202371761       25.9304714       5.57164960E-02   2.14836014E-11   6.15303215E-05   7.45710544E-03   2.57380037E-07  -1.35095429      0.474557847       5.56056313E-02
   11.0000000       800.000000      0.203978211       26.1335907       5.48227914E-02   2.09748711E-11   6.25227985E-05   7.36982282E-03   2.18217494E-07  -1.33961737      0.474558502       5.55565394E-02
   12.0000000       800.000000      0.205590189       26.3390236       5.39376996E-02   2.04757045E-11   6.35825709E-05   7.28345755E-03   1.81414748E-07  -1.32821929      0.474557668       5.54964505E-02
   13.0000000       800.000000      0.207215562       26.5462608       5.30594066E-02   1.99857908E-11   6.46537519E-05   7.19777029E-03   1.42440413E-07  -1.31671131      0.474558473       5.54310866E-02
   2.00000000       800.000000      0.208862230       26.7531796       5.21886647E-02   1.95047953E-11   6.56612756E-05   7.11318338E-03   1.04088308E-07  -1.30514741      0.474559218       5.53633533E-02
   3.00000000       800.000000      0.210511744       26.9634609       5.13237678E-02   1.90326990E-11   6.65331245E-05   7.02990964E-03   6.71476243E-08  -1.29349434      0.474557549       5.52928634E-02
   4.00000000       800.000000      0.212182373       27.1744270       5.04678711E-02   1.85697274E-11   6.72115202E-05   6.94727199E-03   3.66330362E-08  -1.28176725      0.474557668       5.52084334E-02
   5.00000000       800.000000      0.213867262       27.3881035       4.96183969E-02   1.81150234E-11   6.77108983E-05   6.86588977E-03   7.51743201E-09  -1.26997745      0.474557936       5.50942011E-02
   6.00000000       800.000000      0.215570495       27.6017551       4.87759560E-02   1.76692393E-11   6.81149977E-05   6.78559346E-03  -1.34540388E-08  -1.25811410      0.474558175       5.49432747E-02
   7.00000000       800.000000      0.217280358       27.8196926       4.79429848E-02   1.72320075E-11   6.85020132E-05   6.70577260E-03  -3.17044240E-08  -1.24620819      0.474558234       5.47607020E-02
   8.00000000       800.000000      0.218995273       28.0367794       4.71171476E-02   1.68033695E-11   6.89216249E-05   6.62715035E-03  -4.98099553E-08  -1.23423719      0.474558264       5.45534007E-02
   9.00000000       800.000000      0.220740929       28.2576332       4.62988019E-02   1.63833513E-11   6.93953334E-05   6.54922985E-03  -7.11461396E-08  -1.22219014      0.474557936       5.43319583E-02
   10.0000000       800.000000      0.222490728       28.4788132       4.54892628E-02   1.59716216E-11   6.98894801E-05   6.47236779E-03  -8.97801655E-08  -1.21013772      0.474558145       5.41033819E-02
   11.0000000       800.000000      0.224248633       28.7025547       4.46881354E-02   1.55677658E-11   7.03507249E-05   6.39645429E-03  -1.00534777E-07  -1.19804716      0.474557132       5.38652651E-02
   12.0000000       800.000000      0.226034790       28.9273281       4.38949838E-02   1.51725126E-11   7.07684740E-05   6.32110657E-03  -1.07390562E-07  -1.18588769      0.474557668       5.36078960E-02
   13.0000000       800.000000      0.227838799       29.1540203       4.31099236E-02   1.47852720E-11   7.12011024E-05   6.24717446E-03  -1.13552240E-07  -1.17369640      0.474558175       5.33183590E-02
   2.00000000       800.000000      0.229636580       29.3828106       4.23336700E-02   1.44062826E-11   7.17444636E-05   6.17388403E-03  -1.11801626E-07  -1.16149020      0.474557996       5.29987998E-02
   3.00000000       800.000000      0.231463313       29.6143074       4.15667929E-02   1.40348341E-11   7.24709753E-05   6.10140059E-03  -1.07123974E-07  -1.14926600      0.474558175       5.26547842E-02
   4.00000000       800.000000      0.233298600       29.8444633       4.08082418E-02   1.36716064E-11   7.34121932E-05   6.02967013E-03  -1.08126407E-07  -1.13701379      0.474557936       5.22955544E-02
   5.00000000       800.000000      0.235164225       30.0788250       4.00587507E-02   1.33159803E-11   7.45262805E-05   5.95860183E-03  -1.12438144E-07  -1.12475526      0.474558145       5.19389547E-02
   6.00000000       800.000000      0.237021416       30.3152733       3.93180922E-02   1.29679548E-11   7.56815498E-05   5.88879595E-03  -1.19395906E-07  -1.11249387      0.474557817       5.15945479E-02
   7.00000000       800.000000      0.238909259       30.5545444       3.85856815E-02   1.26271849E-11   7.67383244E-05   5.81946690E-03  -1.34383285E-07  -1.10022485      0.474557906       5.12551591E-02
   8.00000000       800.000000      0.240805298       30.7942753       3.78616452E-02   1.22939098E-11   7.76101006E-05   5.75132994E-03  -1.54817457E-07  -1.08790183      0.474557668       5.09116985E-02
   9.00000000       800.000000      0.242732763       31.0363560       3.71458307E-02   1.19674756E-11   7.82660718E-05   5.68375224E-03  -1.70601282E-07  -1.07559514      0.474557787       5.05531728E-02
   10.0000000       800.000000      0.244650185       31.2805672       3.64382006E-02   1.16481234E-11   7.87410390E-05   5.61696896E-03  -1.75757592E-07  -1.06327546      0.474557608       5.01720682E-02
   11.0000000       800.000000      0.246601894       31.5240726       3.57397087E-02   1.13355688E-11   7.90811464E-05   5.55107184E-03  -1.77880310E-07  -1.05093074      0.474557847       4.97726537E-02
   12.0000000       800.000000      0.248575494       31.7732716       3.50495614E-02   1.10300944E-11   7.93244981E-05   5.48557797E-03  -1.70322835E-07  -1.03862071      0.474558145       4.93538044E-02
   13.0000000       800.000000      0.250549018       32.0229034       3.43681239E-02   1.07314123E-11   7.95201922E-05   5.42138936E-03  -1.60359022E-07  -1.02631378      0.474557936       4.89156023E-02
   2.00000000       800.000000      0.252544135       32.2734489       3.36958803E-02   1.04395581E-11   7.97008252E-05   5.35756117E-03  -1.48272775E-07  -1.01401949      0.474557251       4.84624542E-02
   3.00000000       800.000000      0.254557490       32.5260506       3.30325663E-02   1.01543851E-11   7.98851179E-05   5.29461587E-03  -1.35890943E-07  -1.00172949      0.474557161       4.79950458E-02
   4.00000000       800.000000      0.256586730       32.7818604       3.23784649E-02   9.87557692E-12   8.01158967E-05   5.23234718E-03  -1.24300996E-07 -0.989477873      0.474557668       4.75090928E-02
   5.00000000       800.000000      0.258610994       33.0395813       3.17335241E-02   9.60339534E-12   8.04523952E-05   5.17081842E-03  -1.11648831E-07 -0.977270186      0.474557370       4.70064953E-02
   6.00000000       800.000000      0.260681123       33.2992859       3.10974251E-02   9.33762182E-12   8.09280755E-05   5.10997185E-03  -9.97529312E-08 -0.965073824      0.474557579       4.64945436E-02
   7.00000000       800.000000      0.262756377       33.5623474       3.04709431E-02   9.07812280E-12   8.15430321E-05   5.04989317E-03  -9.01490793E-08 -0.952914476      0.474557251       4.59749028E-02
   8.00000000       800.000000      0.264846563       33.8261070       2.98539605E-02   8.82484971E-12   8.23016453E-05   4.99057723E-03  -8.16029981E-08 -0.940817714      0.474557489       4.54465039E-02
   9.00000000       800.000000      0.266964108       34.0918350       2.92455591E-02   8.57754753E-12   8.31943689E-05   4.93214279E-03  -7.28832035E-08 -0.928754807      0.474557102       4.49146256E-02
   10.0000000       800.000000      0.269089431       34.3593788       2.86465585E-02   8.33639841E-12   8.41567889E-05   4.87402035E-03  -6.40841193E-08 -0.916746080      0.474556834       4.43890430E-02
   11.0000000       800.000000      0.271236569       34.6304741       2.80560069E-02   8.10093485E-12   8.50790166E-05   4.81675845E-03  -5.66443497E-08 -0.904779136      0.474557221       4.38700728E-02
   12.0000000       800.000000      0.273390830       34.9008446       2.74744928E-02   7.87115338E-12   8.58840649E-05   4.75989887E-03  -4.19696526E-08 -0.892851651      0.474557370       4.33506556E-02
   13.0000000       800.000000      0.275573671       35.1773834       2.69017443E-02   7.64685971E-12   8.65277252E-05   4.70420858E-03  -2.86955615E-08 -0.880955756      0.474557459       4.28298600E-02
   2.00000000       800.000000      0.277770936       35.4531212       2.63373014E-02   7.42798184E-12   8.69678770E-05   4.64889221E-03  -1.86634566E-08 -0.869144857      0.474557817       4.23060320E-02
   3.00000000       800.000000      0.279982239       35.7325478       2.57820431E-02   7.21453669E-12   8.72011587E-05   4.59395675E-03  -9.48666479E-09 -0.857373953      0.474557817       4.17740494E-02
   4.00000000       800.000000      0.282222867       36.0137329       2.52349675E-02   7.00638289E-12   8.72730889E-05   4.54017753E-03  -3.46852413E-09 -0.845666766      0.474557698       4.12276909E-02
   5.00000000       800.000000      0.284471065       36.2968369       2.46968362E-02   6.80342458E-12   8.72758537E-05   4.48677083E-03  -1.05808184E-09 -0.834014297      0.474557549       4.06643003E-02
   6.00000000       800.000000      0.286742091       36.5804558       2.41674278E-02   6.60563141E-12   8.73119352E-05   4.43385029E-03  -4.01476052E-09 -0.822436273      0.474557459       4.00865264E-02
   7.00000000       800.000000      0.289016098       36.8690605       2.36469936E-02   6.41297258E-12   8.74444013E-05   4.38188529E-03  -7.64148922E-09 -0.810947001      0.474557132       3.95020992E-02
   8.00000000       800.000000      0.291324228       37.1585426       2.31356919E-02   6.22518226E-12   8.76690610E-05   4.33035521E-03  -8.00197242E-09 -0.799505055      0.474557281       3.89188752E-02
   9.00000000       800.000000      0.293644518       37.4530144       2.26329453E-02   6.04243175E-12   8.79394938E-05   4.27920092E-03  -6.82906265E-09 -0.788169026      0.474557221       3.83389071E-02
   10.0000000       800.000000      0.296003997       37.7481918       2.21384652E-02   5.86429039E-12   8.82230524E-05   4.22887737E-03  -4.53668214E-09 -0.776896536      0.474557281       3.77591103E-02
   11.0000000       800.000000      0.298353791       38.0451622       2.16528196E-02   5.69099021E-12   8.85198315E-05   4.17922903E-03  -1.12788123E-09 -0.765737236      0.474557370       3.71766575E-02
   12.0000000       800.000000      0.300734103       38.3437805       2.11762283E-02   5.52214394E-12   8.88506693E-05   4.13027639E-03   1.87854643E-09 -0.754614115      0.474557281       3.65905985E-02
   13.0000000       800.000000      0.303147912       38.6467476       2.07079332E-02   5.35780448E-12   8.92414027E-05   4.08165157E-03   3.33298544E-09 -0.743618667      0.474557489       3.60027887E-02
   2.00000000       800.000000      0.305555582       38.9513550       2.02482939E-02   5.19781137E-12   8.96893325E-05   4.03372338E-03   5.47030865E-09 -0.732712865      0.474557370       3.54162008E-02
   3.00000000       800.000000      0.307996303       39.2577019       1.97966658E-02   5.04216634E-12   9.01733729E-05   3.98621848E-03   6.94970970E-09 -0.721900463      0.474557489       3.48326564E-02
   4.00000000       800.000000      0.310469896       39.5681572       1.93533320E-02   4.89079567E-12   9.06453643E-05   3.93932126E-03   7.04209979E-09 -0.711172283      0.474557459       3.42563242E-02
   5.00000000       800.000000      0.312931180       39.8770142       1.89181846E-02   4.74344435E-12   9.10436720E-05   3.89289856E-03   8.15295920E-09 -0.700537205      0.474557668       3.36854234E-02
   6.00000000       800.000000      0.315432847       40.1933212       1.84909608E-02   4.60011629E-12   9.13294862E-05   3.84712219E-03   1.03953885E-08 -0.690002024      0.474557489       3.31185162E-02
   7.00000000       800.000000      0.317947745       40.5082169       1.80716198E-02   4.46069050E-12   9.14937045E-05   3.80197028E-03   1.27648905E-08 -0.679561079      0.474557400       3.25508937E-02
   8.00000000       800.000000      0.320495814       40.8281288       1.76602956E-02   4.32504206E-12   9.15770943E-05   3.75720696E-03   1.59189710E-08 -0.669223905      0.474557608       3.19804586E-02
   9.00000000       800.000000      0.323059022       41.1489258       1.72568988E-02   4.19319570E-12   9.16168574E-05   3.71293095E-03   1.99512105E-08 -0.658985972      0.474557161       3.14109139E-02
   10.0000000       800.000000      0.325634599       41.4749947       1.68615654E-02   4.06501222E-12   9.16320205E-05   3.66940047E-03   2.29428068E-08 -0.648846447      0.474557251       3.08412276E-02
   11.0000000       800.000000      0.328246117       41.8027420       1.64733380E-02   3.94043392E-12   9.16700592E-05   3.62614309E-03   2.33255655E-08 -0.638811469      0.474557251       3.02706100E-02
   12.0000000       800.000000      0.330868602       42.1312904       1.60931833E-02   3.81955101E-12   9.17645593E-05   3.58357118E-03   2.21973746E-08 -0.628887713      0.474557132       2.97025014E-02
   13.0000000       800.000000      0.333499759       42.4624519       1.57212242E-02   3.70187041E-12   9.19232261E-05   3.54133034E-03   2.02178256E-08 -0.619078040      0.474557102       2.91379876E-02
   2.00000000       800.000000      0.336178690       42.7972488       1.53555563E-02   3.58756731E-12   9.21485553E-05   3.49971070E-03   1.76947292E-08 -0.609377444      0.474556714       2.85787154E-02
   3.00000000       800.000000      0.338866234       43.1343956       1.49985328E-02   3.47674103E-12   9.24015621E-05   3.45862634E-03   1.53068278E-08 -0.599790394      0.474556714       2.80284937E-02
   4.00000000       800.000000      0.341564178       43.4764404       1.46478871E-02   3.36889457E-12   9.26121284E-05   3.41794989E-03   1.31519604E-08 -0.590314090      0.474557132       2.74882372E-02
   5.00000000       800.000000      0.344298780       43.8198090       1.43050523E-02   3.26426017E-12   9.27022193E-05   3.37782130E-03   1.23772708E-08 -0.580933571      0.474557221       2.69577354E-02
   6.00000000       800.000000      0.347046673       44.1641579       1.39687778E-02   3.16257480E-12   9.26346256E-05   3.33791086E-03   1.27749757E-08 -0.571673214      0.474557281       2.64319330E-02
   7.00000000       800.000000      0.349838823       44.5138283       1.36394268E-02   3.06386297E-12   9.24342239E-05   3.29875480E-03   1.37093252E-08 -0.562517405      0.474557340       2.59077884E-02
   8.00000000       800.000000      0.352615893       44.8651733       1.33169647E-02   2.96802882E-12   9.21734973E-05   3.25995614E-03   1.51454511E-08 -0.553474247      0.474557400       2.53825933E-02
   9.00000000       800.000000      0.355454803       45.2186356       1.30013507E-02   2.87499842E-12   9.19666418E-05   3.22153186E-03   1.68365535E-08 -0.544544697      0.474557340       2.48550866E-02
   10.0000000       800.000000      0.358279139       45.5763397       1.26927160E-02   2.78472449E-12   9.19146114E-05   3.18368920E-03   1.85061531E-08 -0.535731971      0.474557281       2.43287906E-02
   11.0000000       800.000000      0.361149102       45.9357567       1.23909647E-02   2.69723523E-12   9.20469174E-05   3.14619578E-03   1.94393657E-08 -0.527040839      0.474557340       2.38102525E-02
   12.0000000       800.000000      0.364027262       46.2968864       1.20955128E-02   2.61233635E-12   9.23014159E-05   3.10929655E-03   1.97360333E-08 -0.518467605      0.474557042       2.33045015E-02
   13.0000000       800.000000      0.366944253       46.6631355       1.18065933E-02   2.52997601E-12   9.25802160E-05   3.07273702E-03   1.88340987E-08 -0.510007679      0.474557161       2.28109621E-02
   2.00000000       800.000000      0.369876415       47.0312233       1.15239909E-02   2.45003475E-12   9.27959554E-05   3.03652021E-03   1.70825576E-08 -0.501659751      0.474557489       2.23291647E-02
   3.00000000       800.000000      0.372847915       47.4044495       1.12476535E-02   2.37254422E-12   9.28801819E-05   3.00087011E-03   1.48459343E-08 -0.493418813      0.474557459       2.18564328E-02
   4.00000000       800.000000      0.375840873       47.7758026       1.09770736E-02   2.29734938E-12   9.28382797E-05   2.96557904E-03   1.28139233E-08 -0.485298455      0.474557370       2.13873778E-02
   5.00000000       800.000000      0.378836393       48.1548996       1.07126199E-02   2.22442919E-12   9.27312649E-05   2.93066190E-03   1.05813767E-08 -0.477280468      0.474557787       2.09216513E-02
   6.00000000       800.000000      0.381849557       48.5329056       1.04540549E-02   2.15372338E-12   9.26123394E-05   2.89628818E-03   8.90195473E-09 -0.469382375      0.474558055       2.04602722E-02
   7.00000000       800.000000      0.384928495       48.9166336       1.02012735E-02   2.08516602E-12   9.25226486E-05   2.86208605E-03   7.86044652E-09 -0.461595416      0.474557996       2.00042203E-02
   8.00000000       800.000000      0.388007849       49.3037720       9.95421689E-03   2.01872763E-12   9.24683700E-05   2.82857637E-03   7.18379312E-09 -0.453919888      0.474557579       1.95563622E-02
   9.00000000       800.000000      0.391112477       49.6939621       9.71280131E-03   1.95431909E-12   9.24042979E-05   2.79522617E-03   6.67656286E-09 -0.446357816      0.474557370       1.91189125E-02
   10.0000000       800.000000      0.394236952       50.0870171       9.47684143E-03   1.89189007E-12   9.22687468E-05   2.76235701E-03   6.33479313E-09 -0.438905627      0.474557400       1.86916776E-02
   11.0000000       800.000000      0.397388846       50.4830971       9.24616307E-03   1.83137143E-12   9.20249586E-05   2.72990507E-03   6.38261444E-09 -0.431560665      0.474557340       1.82723776E-02
   12.0000000       800.000000      0.400564700       50.8813133       9.02075600E-03   1.77271425E-12   9.16941062E-05   2.69785430E-03   6.70611966E-09 -0.424324989      0.474557549       1.78577118E-02
   13.0000000       800.000000      0.403795749       51.2825050       8.80053733E-03   1.71587083E-12   9.13455006E-05   2.66602030E-03   7.07124936E-09 -0.417196304      0.474557668       1.74464826E-02
   2.00000000       800.000000      0.406995207       51.6878319       8.58547539E-03   1.66081125E-12   9.10572489E-05   2.63463892E-03   7.34186578E-09 -0.410177410      0.474557549       1.70392264E-02
   3.00000000       800.000000      0.410275906       52.0953789       8.37551430E-03   1.60748433E-12   9.08827569E-05   2.60364707E-03   7.48299644E-09 -0.403270423      0.474557698       1.66381430E-02
   4.00000000       800.000000      0.413564175       52.5095062       8.17047246E-03   1.55583326E-12   9.08221700E-05   2.57304241E-03   7.56083196E-09 -0.396476030      0.474557400       1.62460841E-02
   5.00000000       800.000000      0.416869521       52.9231834       7.97028374E-03   1.50582129E-12   9.08217116E-05   2.54287873E-03   7.45350892E-09 -0.389779955      0.474557281       1.58646144E-02
   6.00000000       800.000000      0.420203984       53.3436661       7.77485408E-03   1.45735605E-12   9.08051661E-05   2.51293229E-03   7.09109083E-09 -0.383191615      0.474557251       1.54937804E-02
   7.00000000       800.000000      0.423574746       53.7655487       7.58389523E-03   1.41042375E-12   9.07167123E-05   2.48336955E-03   6.58890409E-09 -0.376708448      0.474557012       1.51317352E-02
   8.00000000       800.000000      0.426962882       54.1887779       7.39744632E-03   1.36493161E-12   9.05386696E-05   2.45424896E-03   5.90437343E-09 -0.370320916      0.474557221       1.47768036E-02
   9.00000000       800.000000      0.430381179       54.6191368       7.21539045E-03   1.32089608E-12   9.02981265E-05   2.42522638E-03   5.05755349E-09 -0.364038587      0.474557251       1.44271078E-02
   10.0000000       800.000000      0.433835030       55.0515404       7.03765219E-03   1.27825094E-12   9.00620144E-05   2.39670835E-03   4.25792157E-09 -0.357853353      0.474557042       1.40815470E-02
   11.0000000       800.000000      0.437294513       55.4855461       6.86417706E-03   1.23695932E-12   8.98794606E-05   2.36855121E-03   3.38030981E-09 -0.351768792      0.474557161       1.37424087E-02
   12.0000000       800.000000      0.440796643       55.9234009       6.69500837E-03   1.19697817E-12   8.97392747E-05   2.34076637E-03   2.50904297E-09 -0.345786214      0.474557370       1.34119373E-02
   13.0000000       800.000000      0.444335788       56.3692284       6.52958546E-03   1.15826435E-12   8.95895791E-05   2.31314404E-03   1.72006431E-09 -0.339899302      0.474557251       1.30903600E-02
   2.00000000       800.000000      0.447884768       56.8128738       6.36843126E-03   1.12078543E-12   8.93751348E-05   2.28595757E-03   1.15802234E-09 -0.334105849      0.474557221       1.27776423E-02
   3.00000000       800.000000      0.451492101       57.2652702       6.21081982E-03   1.08448298E-12   8.90625743E-05   2.25912221E-03   1.03825681E-09 -0.328408509      0.474557221       1.24721099E-02
   4.00000000       800.000000      0.455087274       57.7184486       6.05716323E-03   1.04933943E-12   8.86664202E-05   2.23252480E-03   1.35644829E-09 -0.322799712      0.474557370       1.21718915E-02
   5.00000000       800.000000      0.458740443       58.1730003       5.90716628E-03   1.01531034E-12   8.82485911E-05   2.20628991E-03   2.01976968E-09 -0.317285001      0.474557400       1.18755419E-02
   6.00000000       800.000000      0.462410837       58.6358948       5.76078659E-03   9.82378675E-13   8.78805513E-05   2.18021590E-03   2.82279755E-09 -0.311860293      0.474557281       1.15839792E-02
   7.00000000       800.000000      0.466109008       59.0983734       5.61800506E-03   9.50509419E-13   8.75969126E-05   2.15449790E-03   3.52848817E-09 -0.306528896      0.474557459       1.12986695E-02
   8.00000000       800.000000      0.469850868       59.5668716       5.47873229E-03   9.19659206E-13   8.73880781E-05   2.12919735E-03   4.09247347E-09 -0.301285535      0.474557251       1.10206176E-02
   9.00000000       800.000000      0.473630607       60.0369263       5.34284767E-03   8.89802284E-13   8.72368619E-05   2.10424513E-03   4.35866099E-09 -0.296129614      0.474557251       1.07494555E-02
   10.0000000       800.000000      0.477417022       60.5153427       5.21029206E-03   8.60905585E-13   8.71325610E-05   2.07945611E-03   4.10040846E-09 -0.291060865      0.474557161       1.04849841E-02
   11.0000000       800.000000      0.481236160       60.9947357       5.08099375E-03   8.32943740E-13   8.70664808E-05   2.05484591E-03   3.27393934E-09 -0.286079764      0.474557132       1.02270590E-02
   12.0000000       800.000000      0.485106736       61.4788399       4.95484844E-03   8.05878530E-13   8.70291624E-05   2.03075842E-03   2.08151318E-09 -0.281178445      0.474557251       9.97545663E-03
   13.0000000       800.000000      0.489003509       61.9645309       4.83176624E-03   7.79686157E-13   8.70149597E-05   2.00685905E-03   8.44355641E-10 -0.276362777      0.474557221       9.73000657E-03
   2.00000000       800.000000      0.492917389       62.4534645       4.71168151E-03   7.54330300E-13   8.69875948E-05   1.98317342E-03  -3.68052422E-10 -0.271624178      0.474557221       9.49227624E-03
   3.00000000       800.000000      0.496857613       62.9518318       4.59451089E-03   7.29789059E-13   8.68633579E-05   1.95981027E-03  -1.18533905E-09 -0.266967744      0.474557132       9.26267263E-03
   4.00000000       800.000000      0.500846684       63.4490204       4.48015053E-03   7.06026058E-13   8.66032860E-05   1.93678681E-03  -1.55621427E-09 -0.262384355      0.474557281       9.03835706E-03
   5.00000000       800.000000      0.504872501       63.9528084       4.36854037E-03   6.83032840E-13   8.62520028E-05   1.91399269E-03  -1.54242763E-09 -0.257876873      0.474557459       8.81760940E-03
   6.00000000       800.000000      0.508909047       64.4573593       4.25965013E-03   6.60759750E-13   8.58611747E-05   1.89145294E-03  -1.16075871E-09 -0.253445864      0.474557549       8.60118959E-03
   7.00000000       800.000000      0.512971818       64.9687729       4.15339647E-03   6.39216761E-13   8.54625032E-05   1.86916906E-03  -4.73083461E-10 -0.249086380      0.474557579       8.38952046E-03
   8.00000000       800.000000      0.517089903       65.4843674       4.04976727E-03   6.18367608E-13   8.50818979E-05   1.84712955E-03   2.20132995E-10 -0.244803339      0.474557698       8.18258431E-03
   9.00000000       800.000000      0.521240056       66.0012741       3.94869223E-03   5.98188925E-13   8.47411866E-05   1.82533322E-03   8.08194345E-10 -0.240592495      0.474557549       7.98030570E-03
   10.0000000       800.000000      0.525399923       66.5273361       3.85008240E-03   5.78665046E-13   8.44722963E-05   1.80386612E-03   1.29124356E-09 -0.236450791      0.474557698       7.78220501E-03
   11.0000000       800.000000      0.529633105       67.0519409       3.75393080E-03   5.59772660E-13   8.43048183E-05   1.78255991E-03   1.52196356E-09 -0.232380375      0.474557817       7.58889131E-03
   12.0000000       800.000000      0.533852458       67.5886993       3.66013334E-03   5.41493987E-13   8.42153022E-05   1.76149397E-03   1.48976598E-09 -0.228379458      0.474557728       7.40185939E-03
   13.0000000       800.000000      0.538169861       68.1238251       3.56862764E-03   5.23807343E-13   8.41394431E-05   1.74079335E-03   1.31362610E-09 -0.224445909      0.474557698       7.22111715E-03
   2.00000000       800.000000      0.542478204       68.6609192       3.47936433E-03   5.06680852E-13   8.40424109E-05   1.72028062E-03   1.03989839E-09 -0.220574915      0.474557698       7.04510370E-03
   3.00000000       800.000000      0.546837091       69.2043610       3.39222932E-03   4.90105894E-13   8.39382919E-05   1.69993623E-03   7.33432759E-10 -0.216774285      0.474557698       6.87309122E-03
   4.00000000       800.000000      0.551184714       69.7545853       3.30722681E-03   4.74069135E-13   8.38405103E-05   1.67990685E-03   3.98801631E-10 -0.213029951      0.474557698       6.70561008E-03
   5.00000000       800.000000      0.555633724       70.3113556       3.22429696E-03   4.58542221E-13   8.37477637E-05   1.66006235E-03   7.44702286E-11 -0.209347874      0.474557817       6.54262863E-03
   6.00000000       800.000000      0.560065687       70.8701859       3.14337783E-03   4.43516670E-13   8.36593244E-05   1.64051075E-03  -1.50460533E-10 -0.205730870      0.474557817       6.38386514E-03
   7.00000000       800.000000      0.564574599       71.4266510       3.06443381E-03   4.28969983E-13   8.35737083E-05   1.62120885E-03  -2.84016310E-10 -0.202170432      0.474557817       6.22973591E-03
   8.00000000       800.000000      0.569091976       71.9988251       2.98741553E-03   4.14886224E-13   8.34767925E-05   1.60202326E-03  -3.74404674E-10 -0.198666990      0.474557787       6.07997645E-03
   9.00000000       800.000000      0.573642910       72.5662689       2.91217514E-03   4.01257478E-13   8.33491504E-05   1.58310251E-03  -4.18873158E-10 -0.195224568      0.474557817       5.93472039E-03
   10.0000000       800.000000      0.578249216       73.1417236       2.83874199E-03   3.88063279E-13   8.31804064E-05   1.56446442E-03  -3.74418996E-10 -0.191830695      0.474557817       5.79349464E-03
   11.0000000       800.000000      0.582887828       73.7225037       2.76707904E-03   3.75286607E-13   8.29833516E-05   1.54591899E-03  -2.61839883E-10 -0.188495427      0.474557847       5.65566169E-03
   12.0000000       800.000000      0.587557673       74.3115692       2.69711274E-03   3.62915915E-13   8.27894328E-05   1.52774411E-03  -1.11314007E-10 -0.185212925      0.474557728       5.52110979E-03
   13.0000000       800.000000      0.592285097       74.9019089       2.62883073E-03   3.50941471E-13   8.26380710E-05   1.50966388E-03   4.96713608E-11 -0.181981444      0.474557698       5.38962753E-03
   2.00000000       800.000000      0.597044110       75.4963303       2.56219949E-03   3.39355090E-13   8.25649477E-05   1.49181369E-03   1.91620678E-10 -0.178802833      0.474557489       5.26153017E-03
   3.00000000       800.000000      0.601813197       76.0937424       2.49715871E-03   3.28135929E-13   8.25858879E-05   1.47417514E-03   2.91509594E-10 -0.175672218      0.474557489       5.13706962E-03
   4.00000000       800.000000      0.606662095       76.6995621       2.43365695E-03   3.17272440E-13   8.26922624E-05   1.45673810E-03   3.36925876E-10 -0.172594264      0.474557459       5.01661608E-03
   5.00000000       800.000000      0.611538589       77.3089294       2.37166835E-03   3.06754188E-13   8.28517368E-05   1.43955741E-03   3.39431788E-10 -0.169562042      0.474557549       4.90026455E-03
   6.00000000       800.000000      0.616429627       77.9216690       2.31113820E-03   2.96570250E-13   8.30297504E-05   1.42245041E-03   3.31173977E-10 -0.166577294      0.474557549       4.78803972E-03
   7.00000000       800.000000      0.621346176       78.5425873       2.25201622E-03   2.86703631E-13   8.32027072E-05   1.40567345E-03   3.27244787E-10 -0.163635254      0.474557579       4.67924448E-03
   8.00000000       800.000000      0.626343310       79.1605453       2.19426979E-03   2.77150888E-13   8.33784216E-05   1.38902583E-03   3.33733069E-10 -0.160738125      0.474557579       4.57391748E-03
   9.00000000       800.000000      0.631355822       79.7936478       2.13786913E-03   2.67898767E-13   8.35875107E-05   1.37256831E-03   3.41959239E-10 -0.157883108      0.474557698       4.47121216E-03
   10.0000000       800.000000      0.636449695       80.4251099       2.08276394E-03   2.58938135E-13   8.38692795E-05   1.35633070E-03   3.26001864E-10 -0.155070230      0.474557668       4.37179767E-03
   11.0000000       800.000000      0.641569495       81.0633545       2.02895422E-03   2.50260804E-13   8.42455556E-05   1.34020031E-03   2.70232281E-10 -0.152296901      0.474557608       4.27540764E-03
   12.0000000       800.000000      0.646703839       81.7070923       1.97637896E-03   2.41852762E-13   8.47242845E-05   1.32437015E-03   1.88661475E-10 -0.149561644      0.474557608       4.18319181E-03
   13.0000000       800.000000      0.651862979       82.3593216       1.92503387E-03   2.33712463E-13   8.52775484E-05   1.30866817E-03   1.08689613E-10 -0.146863490      0.474557608       4.09427844E-03
   2.00000000       800.000000      0.657104909       83.0148392       1.87478494E-03   2.25822602E-13   8.58753847E-05   1.29313639E-03   6.13427711E-11 -0.144203395      0.474557608       4.01038956E-03
   3.00000000       800.000000      0.662361264       83.6720734       1.82571844E-03   2.18174898E-13   8.64725880E-05   1.27774372E-03   5.93060948E-11 -0.141571999      0.474557608       3.92907253E-03
   4.00000000       800.000000      0.667716920       84.3404617       1.77775952E-03   2.10764959E-13   8.70737422E-05   1.26264989E-03   9.06591399E-11 -0.138976455      0.474557608       3.85328871E-03
   5.00000000       800.000000      0.673070669       85.0116577       1.73084636E-03   2.03584925E-13   8.76696795E-05   1.24764082E-03   1.30755698E-10 -0.136405602      0.474557698       3.77857010E-03
   6.00000000       800.000000      0.678464949       85.6865540       1.68495765E-03   1.96631231E-13   8.83095490E-05   1.23281416E-03   1.57778665E-10 -0.133869275      0.474557608       3.71096795E-03
   7.00000000       800.000000      0.683868349       86.3630829       1.64012960E-03   1.89885624E-13   8.89743533E-05   1.21813244E-03   1.58577720E-10 -0.131350905      0.474557608       3.64314811E-03
   8.00000000       800.000000      0.689361989       87.0500107       1.59631937E-03   1.83361193E-13   8.97369682E-05   1.20371347E-03   1.33344114E-10 -0.128865227      0.474557668       3.58569296E-03
   9.00000000       800.000000      0.694936693       87.7468338       1.55353337E-03   1.77034169E-13   9.05388661E-05   1.18940743E-03   9.81165219E-11 -0.126386210      0.474557579       3.52521893E-03
   10.0000000       800.000000      0.700467765       88.4404068       1.51168986E-03   1.70903127E-13   9.14821794E-05   1.17521931E-03   6.46149245E-11 -0.123947091      0.474557579       3.48134455E-03
   11.0000000       800.000000      0.706084132       89.1438522       1.47078198E-03   1.64967839E-13   9.24304695E-05   1.16128544E-03   3.50054985E-11 -0.121488132      0.474557549       3.42863938E-03
   12.0000000       800.000000      0.711785257       89.8559036       1.43083779E-03   1.59223044E-13   9.35737917E-05   1.14750513E-03   1.69377186E-11 -0.119087964      0.474557549       3.40359984E-03
   13.0000000       800.000000      0.717506111       90.5660553       1.39182410E-03   1.53661412E-13   9.46577275E-05   1.13386603E-03   4.17357642E-12 -0.116624400      0.474557549       3.35749588E-03
   2.00000000       800.000000      0.723254204       91.2924652       1.35379913E-03   1.48284325E-13   9.60632533E-05   1.12038839E-03  -1.05730017E-11 -0.114248201      0.474557549       3.36017343E-03
   3.00000000       800.000000      0.729030788       92.0148239       1.31671119E-03   1.43079952E-13   9.72918788E-05   1.10714859E-03  -3.50722784E-11 -0.111744568      0.474557608       3.31871957E-03
   4.00000000       800.000000      0.734885931       92.7492523       1.28058996E-03   1.38055461E-13   9.90508779E-05   1.09408901E-03  -7.59256130E-11 -0.109391920      0.474557608       3.36645124E-03
   5.00000000       800.000000      0.740812361       93.4854507       1.24547095E-03   1.33216287E-13   1.00257515E-04   1.08106399E-03  -1.01667098E-10 -0.106777795      0.474557698       3.32222902E-03
   6.00000000       800.000000      0.746736884       94.2303009       1.21139071E-03   1.28549149E-13   1.02409431E-04   1.06842804E-03  -1.19795229E-10 -0.104449138      0.474557668       3.44662508E-03
   7.00000000       800.000000      0.752711892       94.9802017       1.17842213E-03   1.24058180E-13   1.03425053E-04   1.05589593E-03  -1.31663694E-10 -0.101610772      0.474557668       3.38051468E-03
   8.00000000       800.000000      0.758787692       95.7357407       1.14655239E-03   1.19756351E-13   1.06099658E-04   1.04373915E-03  -1.34078873E-10  -9.93360803E-02  0.474557668       3.64332763E-03
   9.00000000       800.000000      0.764886141       96.4991150       1.11601921E-03   1.15638740E-13   1.06946369E-04   1.03147456E-03  -1.10849253E-10  -9.60561186E-02  0.474557668       3.50498012E-03
   10.0000000       800.000000      0.770997465       97.2638321       1.08670129E-03   1.11715074E-13   1.10061039E-04   1.01995992E-03  -9.40204165E-11  -9.39519480E-02  0.474557668       4.13162727E-03
   11.0000000       800.000000      0.777200460       98.0346756       1.05927873E-03   1.08032330E-13   1.26491272E-04   1.00809778E-03  -2.91110573E-11  -8.96605700E-02  0.474557668       3.63781746E-03
   12.0000000       800.000000      0.783445537       98.8157425       1.02573493E-03   1.03787977E-13   5.97672770E-05   9.97542986E-04  -1.28442615E-19  -8.82777795E-02  0.474557668      -2.17792392E-03
   13.0000000       800.000000      0.789714217       99.6048737       1.00181869E-03   1.00566528E-13   5.95398451E-05   9.85780265E-04  -5.81095608E-20  -9.30891484E-02  0.474557668      -6.08967151E-03
