1.357877000000000001e+00 8.673383872397157912e-01 6.025686440966045998e-01 1.433430075535013781e+00
1.392052999999999985e+00 8.702769451692897729e-01 6.092986790519610008e-01 1.372545768476583161e+00
1.426252999999999993e+00 8.731754556564929048e-01 6.144132998402712653e-01 1.321597723396271018e+00
1.460480999999999918e+00 8.752421741684299761e-01 6.149093287655515994e-01 1.274833070007905134e+00
1.494737999999999900e+00 8.759089488017635095e-01 6.117863806842426255e-01 1.225263319448736121e+00
1.529028000000000054e+00 8.750849992944299549e-01 6.051798972150355116e-01 1.165347217106553757e+00
1.563350000000000017e+00 8.733483857509544146e-01 5.965756170733058639e-01 1.098776296424624377e+00
1.597709000000000046e+00 8.713800633530139894e-01 5.876474000978603174e-01 1.030379809168824101e+00
1.632106999999999974e+00 8.696150161785194399e-01 5.796141506113090536e-01 9.642420339954017594e-01
1.666544000000000025e+00 8.676976133666564062e-01 5.716873114820621993e-01 9.148422215612321828e-01
1.701025000000000009e+00 8.655422328373728602e-01 5.636773544157310800e-01 8.995657522483085922e-01
1.735549999999999926e+00 8.632547340042481254e-01 5.558479478024779263e-01 8.899239258773096184e-01
1.770122999999999891e+00 8.610711098021253118e-01 5.485208629935290903e-01 8.785546104640232778e-01
1.804743999999999904e+00 8.591442251036076616e-01 5.419757371425724113e-01 8.644401672118094959e-01
1.839417000000000080e+00 8.572458265234897956e-01 5.357910762558103501e-01 8.468277398492625174e-01
1.874144000000000032e+00 8.549754485355951505e-01 5.290604793335923484e-01 8.252410598961600341e-01
1.908927000000000040e+00 8.514181043722975906e-01 5.197944491926262955e-01 7.983424118222329779e-01
1.943769000000000080e+00 8.467583091104975423e-01 5.082847075904861622e-01 7.679283780121989311e-01
1.978669999999999929e+00 8.425179619756826277e-01 4.975707753530476674e-01 7.395384655091753467e-01
2.013634000000000146e+00 8.387106338701910691e-01 4.876241719203240899e-01 7.150374115812458964e-01
2.048662999999999901e+00 8.352432541914870390e-01 4.780177515493282403e-01 6.935038179741712661e-01
2.083759999999999835e+00 8.311625559937093621e-01 4.670414569713369213e-01 6.751434176955957156e-01
2.118924999999999947e+00 8.261593721654769684e-01 4.539743453712041243e-01 6.544865361024234662e-01
2.154163000000000050e+00 8.202088365313241480e-01 4.390352980139624051e-01 6.311267668002300546e-01
2.189474000000000142e+00 8.135707360526492904e-01 4.227900128088081244e-01 6.064687811424771535e-01
2.224861000000000200e+00 8.063429395534748023e-01 4.054766849354309310e-01 5.812265701498889880e-01
2.260327000000000197e+00 7.985193165761865774e-01 3.870958533947607694e-01 5.565337568790001965e-01
2.295872999999999831e+00 7.898695602827778828e-01 3.672118769345597555e-01 5.341046651240326515e-01
2.331503000000000103e+00 7.801779820796247433e-01 3.455567045081862632e-01 5.157437672684623831e-01
2.367217000000000127e+00 7.696239470056877030e-01 3.227676845652397986e-01 5.007041655448799533e-01
2.403019000000000016e+00 7.584018064381590207e-01 2.997034262324891896e-01 4.870875093163470337e-01
2.438911000000000051e+00 7.465714821931067613e-01 2.774394968860597332e-01 4.725862257513995801e-01
2.474896000000000207e+00 7.338863519886835718e-01 2.574311390338177019e-01 4.639391202739947540e-01
2.510974000000000039e+00 7.194503857460042839e-01 2.412324977055357034e-01 4.664604406445440055e-01
2.547149000000000107e+00 7.008990212269622377e-01 2.288793601924108134e-01 4.724196082967339616e-01
2.583423999999999943e+00 6.736071854236783674e-01 2.200974904032058088e-01 4.692284699908795820e-01
2.619800000000000129e+00 6.331727311216602816e-01 2.167163159709677156e-01 4.408029107492963949e-01
2.656279000000000057e+00 5.923891492672245240e-01 2.214336526028810870e-01 4.240727677432202802e-01
2.692864000000000146e+00 5.834218385727339973e-01 2.245798410171840898e-01 4.463066743114891821e-01
2.729557999999999929e+00 6.009897637594099340e-01 2.203186636521016761e-01 4.532425925049144433e-01
2.766363000000000127e+00 6.383697195421806914e-01 2.101681733870726376e-01 4.338768235531272333e-01
2.803281000000000134e+00 6.728740612567937207e-01 1.990431228047121470e-01 4.016902498620478212e-01
2.840313999999999783e+00 6.800315576545060692e-01 1.831366707924400039e-01 3.998591623565731501e-01
2.877464999999999939e+00 6.710623659808218067e-01 1.640531147310054783e-01 3.970971646168615643e-01
2.914735999999999994e+00 6.585178235829566296e-01 1.474859024804181795e-01 3.859916462721507124e-01
2.952129999999999921e+00 6.450340579617322989e-01 1.361641636608127703e-01 3.720307409679056154e-01
2.989649000000000001e+00 6.311462553861425517e-01 1.302494790447639994e-01 3.685232096677345526e-01
3.027295000000000069e+00 6.167124472584762929e-01 1.290084774362760534e-01 3.751209072726466864e-01
3.065071000000000101e+00 6.011800474629090951e-01 1.319432989497494046e-01 3.832004003847250817e-01
3.102978999999999932e+00 5.838263206870497601e-01 1.389489413211127400e-01 3.935709754229465562e-01
3.141021999999999981e+00 5.641157833528622767e-01 1.502482012022109403e-01 4.120519678403066766e-01
3.179202000000000083e+00 5.421519738831874768e-01 1.653568046315718465e-01 4.314915113313967376e-01
3.217521000000000075e+00 5.177986202833694263e-01 1.830631549026506821e-01 4.470917310963532509e-01
3.255981999999999932e+00 4.907291882854457610e-01 2.022577394712526122e-01 4.564646794045553735e-01
3.294588000000000072e+00 4.616645952000218434e-01 2.226747098269395431e-01 4.787034870512830165e-01
3.333340999999999887e+00 4.311047115454542666e-01 2.423114399627546989e-01 4.970497213426753880e-01
3.372243000000000102e+00 3.988875628531209916e-01 2.590063414272003040e-01 4.942606879997349933e-01
3.411296999999999802e+00 3.651130590499856443e-01 2.714379091488232087e-01 4.839983831346348908e-01
3.450505000000000155e+00 3.320550452020816778e-01 2.769381279027621767e-01 5.199433851179307009e-01
3.489870999999999945e+00 3.038117491178905505e-01 2.737407977827195360e-01 5.417527710681360187e-01
3.529395000000000060e+00 2.858642480896264049e-01 2.645119994256444063e-01 5.473208424426745378e-01
3.569081999999999866e+00 2.795955437064083782e-01 2.557096505228343974e-01 5.178837995312873810e-01
3.608932999999999947e+00 2.778942334444348128e-01 2.485973933812560266e-01 4.813689207799317638e-01
3.648950999999999834e+00 2.671922888981510535e-01 2.420731806458719659e-01 4.520210847089858319e-01
3.689138999999999946e+00 2.486578535822169811e-01 2.379455367553375833e-01 4.444259655458095426e-01
3.729499000000000120e+00 2.295925875561016516e-01 2.369339555535847908e-01 4.404850793934639297e-01
3.770033999999999885e+00 2.043028143411409481e-01 2.294297196172858100e-01 4.439377814670169009e-01
3.810745999999999967e+00 1.796018191286143095e-01 2.216692062254817797e-01 4.446323219031417251e-01
3.851637999999999895e+00 1.537386641812907295e-01 2.082522153066553583e-01 4.360315319080083629e-01
3.892711999999999950e+00 1.289318608117765441e-01 1.880306636109005114e-01 4.182010076086874473e-01
3.933971999999999802e+00 1.140588590255407209e-01 1.577218316274328347e-01 3.852455888574081722e-01
3.975420000000000176e+00 1.214528400939250824e-01 1.193697898504276211e-01 3.249543298092787413e-01
4.017057999999999574e+00 1.407018025707387210e-01 8.891761432388507747e-02 2.880484809225771214e-01
4.058888999999999747e+00 1.534332506752736081e-01 8.282058195033571713e-02 2.734055738572878091e-01
4.100915999999999784e+00 1.652251476261716867e-01 8.159478281530695154e-02 2.458194633700408194e-01
4.143142000000000102e+00 1.815057410566020546e-01 7.098421069700647235e-02 2.045248025458812902e-01
4.185569000000000095e+00 1.996111488641982012e-01 5.393958974044901766e-02 1.610152723268659380e-01
4.228200000000000180e+00 2.155475601948039222e-01 4.152527494378621675e-02 1.483600690599916339e-01
4.271036999999999750e+00 2.273682068575958726e-01 4.293298066998323809e-02 1.784150793778838395e-01
4.314084000000000252e+00 2.329997226680077804e-01 5.021385759520083369e-02 2.050274852110502977e-01
4.357343000000000188e+00 2.321477818687500416e-01 5.666992059250160890e-02 1.911434296993540505e-01
4.400816999999999979e+00 2.282619860172674098e-01 6.414919706129006138e-02 1.553632976436750412e-01
4.444509000000000043e+00 2.242684856367100910e-01 7.372199880473126465e-02 1.416101750437322171e-01
4.488420999999999772e+00 2.241906234705295375e-01 8.409062260692280744e-02 1.532202413743070923e-01
4.532556999999999725e+00 2.259474249827106151e-01 9.399629525730592017e-02 1.677805704499082673e-01
4.576919000000000182e+00 2.259352040981283394e-01 1.012348425154756260e-01 1.851883915479968501e-01
4.621509999999999785e+00 2.241178467036938349e-01 1.057480895886083738e-01 2.016534704451951598e-01
4.666332999999999842e+00 2.205056768155754798e-01 1.070027268203010695e-01 2.119450468608991001e-01
4.711389999999999745e+00 2.149215916645060009e-01 1.046874889718690943e-01 2.163296462429902534e-01
4.756685000000000052e+00 2.082530613455926549e-01 1.000422550169900726e-01 2.151802375624894959e-01
4.802221000000000295e+00 2.006152143207667049e-01 9.389285515378112401e-02 2.075097525435000423e-01
4.847999999999999865e+00 1.910484582213882176e-01 8.616964346847785783e-02 1.889902539764631573e-01
4.894026000000000209e+00 1.804550628172776616e-01 7.770995442333637759e-02 1.638985376798837157e-01
4.940299999999999692e+00 1.705091248030822237e-01 7.028385473063490652e-02 1.404081207405878384e-01
4.986826999999999899e+00 1.633297796535338187e-01 6.637702130627937125e-02 1.271729167918795866e-01
5.033610000000000362e+00 1.575825788355875723e-01 6.511445279880043180e-02 1.193731529469325009e-01
5.080650000000000333e+00 1.524584045365811047e-01 6.602935803992823760e-02 1.179222027083594998e-01
5.127951999999999622e+00 1.469544553259173880e-01 6.780374696247863653e-02 1.199190096186681653e-01
5.175518000000000285e+00 1.406921177261834521e-01 6.959973344390289751e-02 1.226808518615741112e-01
5.223351000000000077e+00 1.335649890198189471e-01 7.098678307598028925e-02 1.242005954630117370e-01
5.271454999999999558e+00 1.260083736735012339e-01 7.119015060269660855e-02 1.243060573527741269e-01
5.319833000000000034e+00 1.186202245474035077e-01 6.980456304908796983e-02 1.227069843413995942e-01
5.368487000000000009e+00 1.121343138233574926e-01 6.681950167144891373e-02 1.201701120399276540e-01
5.417419999999999902e+00 1.070982849717642821e-01 6.181595008687451598e-02 1.161693354832966651e-01
5.466636000000000273e+00 1.040335076454158708e-01 5.503690818684725539e-02 1.122185707111953562e-01
5.516138999999999903e+00 1.022029712931360745e-01 4.729938655223073218e-02 1.084141754927402390e-01
5.565929999999999822e+00 1.006800347674118717e-01 3.970959534008399600e-02 1.033367949151383497e-01
