1.384271611033156990e+00
1.410186856935749633e+00
1.682631783268885073e+00
1.693559650198044331e+00
1.702224620938548760e+00
1.709253746237793248e+00
1.715021174073467547e+00
1.719771328865648208e+00
1.723674104781229177e+00
1.726853005274437525e+00
1.729400867431681421e+00
1.731389273251738858e+00
1.732874489988574629e+00
1.733901380411031701e+00
1.734506063784241325e+00
1.734717774167385596e+00
1.734560182789892435e+00
1.734052349521133296e+00
1.733209408116476835e+00
1.732043052582311171e+00
1.730561867751903682e+00
1.728771530396505884e+00
1.726674894648735137e+00
1.724271964863252293e+00
1.721559748558743719e+00
1.718531969919814939e+00
1.715178608192050813e+00
1.711485201696649971e+00
1.707431820618005247e+00
1.702991549173462849e+00
1.698128207274524959e+00
1.692792836152008817e+00
1.686918065426079805e+00
1.680408611891587300e+00
1.555250127295741969e+00
1.555707687168021325e+00
1.556061989130946843e+00
1.556314222909089828e+00
1.556465229337578027e+00
1.556515509347903281e+00
